 0.00000000e+00 -5.41372906e+04 
 1.00000000e-03 -5.53306608e+04 
 2.00000000e-03 -5.65504417e+04 
 3.00000000e-03 -5.77972217e+04 
 4.00000000e-03 -5.90716021e+04 
 5.00000000e-03 -6.03741981e+04 
 6.00000000e-03 -6.17056386e+04 
 7.00000000e-03 -6.30665664e+04 
 8.00000000e-03 -6.44576390e+04 
 9.00000000e-03 -6.58795288e+04 
 1.00000000e-02 -6.73329230e+04 
 1.10000000e-02 -6.88185244e+04 
 1.20000000e-02 -7.03370518e+04 
 1.30000000e-02 -7.18892399e+04 
 1.40000000e-02 -7.34758402e+04 
 1.50000000e-02 -7.50976210e+04 
 1.60000000e-02 -7.67553678e+04 
 1.70000000e-02 -7.84498840e+04 
 1.80000000e-02 -8.01819911e+04 
 1.90000000e-02 -8.19525289e+04 
 2.00000000e-02 -8.37623565e+04 
 2.10000000e-02 -8.56123520e+04 
 2.20000000e-02 -8.75034137e+04 
 2.30000000e-02 -8.94364598e+04 
 2.40000000e-02 -9.14124294e+04 
 2.50000000e-02 -9.34322829e+04 
 2.60000000e-02 -9.54970023e+04 
 2.70000000e-02 -9.76075917e+04 
 2.80000000e-02 -9.97650781e+04 
 2.90000000e-02 -1.01970511e+05 
 3.00000000e-02 -1.04224966e+05 
 3.10000000e-02 -1.06529539e+05 
 3.20000000e-02 -1.08885354e+05 
 3.30000000e-02 -1.11293559e+05 
 3.40000000e-02 -1.13755330e+05 
 3.50000000e-02 -1.16271865e+05 
 3.60000000e-02 -1.18844395e+05 
 3.70000000e-02 -1.21474174e+05 
 3.80000000e-02 -1.24162487e+05 
 3.90000000e-02 -1.26910648e+05 
 4.00000000e-02 -1.29720000e+05 
 4.10000000e-02 -1.32591916e+05 
 4.20000000e-02 -1.35527802e+05 
 4.30000000e-02 -1.38529095e+05 
 4.40000000e-02 -1.41597263e+05 
 4.50000000e-02 -1.44733809e+05 
 4.60000000e-02 -1.47940271e+05 
 4.70000000e-02 -1.51218220e+05 
 4.80000000e-02 -1.54569263e+05 
 4.90000000e-02 -1.57995045e+05 
 5.00000000e-02 -1.61497246e+05 
 5.10000000e-02 -1.65077586e+05 
 5.20000000e-02 -1.68737825e+05 
 5.30000000e-02 -1.72479760e+05 
 5.40000000e-02 -1.76305231e+05 
 5.50000000e-02 -1.80216119e+05 
 5.60000000e-02 -1.84214349e+05 
 5.70000000e-02 -1.88301889e+05 
 5.80000000e-02 -1.92480752e+05 
 5.90000000e-02 -1.96752996e+05 
 6.00000000e-02 -2.01120726e+05 
 6.10000000e-02 -2.05586097e+05 
 6.20000000e-02 -2.10151312e+05 
 6.30000000e-02 -2.14818622e+05 
 6.40000000e-02 -2.19590333e+05 
 6.50000000e-02 -2.24468801e+05 
 6.60000000e-02 -2.29456438e+05 
 6.70000000e-02 -2.34555708e+05 
 6.80000000e-02 -2.39769134e+05 
 6.90000000e-02 -2.45099295e+05 
 7.00000000e-02 -2.50548829e+05 
 7.10000000e-02 -2.56120437e+05 
 7.20000000e-02 -2.61816878e+05 
 7.30000000e-02 -2.67640975e+05 
 7.40000000e-02 -2.73595618e+05 
 7.50000000e-02 -2.79683759e+05 
 7.60000000e-02 -2.85908422e+05 
 7.70000000e-02 -2.92272697e+05 
 7.80000000e-02 -2.98779746e+05 
 7.90000000e-02 -3.05432803e+05 
 8.00000000e-02 -3.12235176e+05 
 8.10000000e-02 -3.19190249e+05 
 8.20000000e-02 -3.26301485e+05 
 8.30000000e-02 -3.33572423e+05 
 8.40000000e-02 -3.41006686e+05 
 8.50000000e-02 -3.48607980e+05 
 8.60000000e-02 -3.56380093e+05 
 8.70000000e-02 -3.64326905e+05 
 8.80000000e-02 -3.72452380e+05 
 8.90000000e-02 -3.80760576e+05 
 9.00000000e-02 -3.89255643e+05 
 9.10000000e-02 -3.97941827e+05 
 9.20000000e-02 -4.06823472e+05 
 9.30000000e-02 -4.15905020e+05 
 9.40000000e-02 -4.25191016e+05 
 9.50000000e-02 -4.34686110e+05 
 9.60000000e-02 -4.44395059e+05 
 9.70000000e-02 -4.54322729e+05 
 9.80000000e-02 -4.64474098e+05 
 9.90000000e-02 -4.74854258e+05 
 1.00000000e-01 -4.85468419e+05 
 1.01000000e-01 -4.96321912e+05 
 1.02000000e-01 -5.07420188e+05 
 1.03000000e-01 -5.18768825e+05 
 1.04000000e-01 -5.30373531e+05 
 1.05000000e-01 -5.42240144e+05 
 1.06000000e-01 -5.54374636e+05 
 1.07000000e-01 -5.66783117e+05 
 1.08000000e-01 -5.79471841e+05 
 1.09000000e-01 -5.92447201e+05 
 1.10000000e-01 -6.05715742e+05 
 1.11000000e-01 -6.19284158e+05 
 1.12000000e-01 -6.33159298e+05 
 1.13000000e-01 -6.47348168e+05 
 1.14000000e-01 -6.61857938e+05 
 1.15000000e-01 -6.76695942e+05 
 1.16000000e-01 -6.91869684e+05 
 1.17000000e-01 -7.07386842e+05 
 1.18000000e-01 -7.23255270e+05 
 1.19000000e-01 -7.39483005e+05 
 1.20000000e-01 -7.56078270e+05 
 1.21000000e-01 -7.73049476e+05 
 1.22000000e-01 -7.90405232e+05 
 1.23000000e-01 -8.08154344e+05 
 1.24000000e-01 -8.26305823e+05 
 1.25000000e-01 -8.44868886e+05 
 1.26000000e-01 -8.63852967e+05 
 1.27000000e-01 -8.83267716e+05 
 1.28000000e-01 -9.03123008e+05 
 1.29000000e-01 -9.23428947e+05 
 1.30000000e-01 -9.44195869e+05 
 1.31000000e-01 -9.65434352e+05 
 1.32000000e-01 -9.87155218e+05 
 1.33000000e-01 -1.00936954e+06 
 1.34000000e-01 -1.03208865e+06 
 1.35000000e-01 -1.05532414e+06 
 1.36000000e-01 -1.07908787e+06 
 1.37000000e-01 -1.10339197e+06 
 1.38000000e-01 -1.12824888e+06 
 1.39000000e-01 -1.15367129e+06 
 1.40000000e-01 -1.17967220e+06 
 1.41000000e-01 -1.20626493e+06 
 1.42000000e-01 -1.23346308e+06 
 1.43000000e-01 -1.26128059e+06 
 1.44000000e-01 -1.28973170e+06 
 1.45000000e-01 -1.31883100e+06 
 1.46000000e-01 -1.34859341e+06 
 1.47000000e-01 -1.37903421e+06 
 1.48000000e-01 -1.41016901e+06 
 1.49000000e-01 -1.44201381e+06 
 1.50000000e-01 -1.47458497e+06 
 1.51000000e-01 -1.50789922e+06 
 1.52000000e-01 -1.54197370e+06 
 1.53000000e-01 -1.57682594e+06 
 1.54000000e-01 -1.61247386e+06 
 1.55000000e-01 -1.64893583e+06 
 1.56000000e-01 -1.68623063e+06 
 1.57000000e-01 -1.72437746e+06 
 1.58000000e-01 -1.76339601e+06 
 1.59000000e-01 -1.80330638e+06 
 1.60000000e-01 -1.84412917e+06 
 1.61000000e-01 -1.88588545e+06 
 1.62000000e-01 -1.92859678e+06 
 1.63000000e-01 -1.97228523e+06 
 1.64000000e-01 -2.01697337e+06 
 1.65000000e-01 -2.06268429e+06 
 1.66000000e-01 -2.10944166e+06 
 1.67000000e-01 -2.15726964e+06 
 1.68000000e-01 -2.20619301e+06 
 1.69000000e-01 -2.25623709e+06 
 1.70000000e-01 -2.30742779e+06 
 1.71000000e-01 -2.35979166e+06 
 1.72000000e-01 -2.41335582e+06 
 1.73000000e-01 -2.46814805e+06 
 1.74000000e-01 -2.52419678e+06 
 1.75000000e-01 -2.58153110e+06 
 1.76000000e-01 -2.64018075e+06 
 1.77000000e-01 -2.70017620e+06 
 1.78000000e-01 -2.76154862e+06 
 1.79000000e-01 -2.82432989e+06 
 1.80000000e-01 -2.88855265e+06 
 1.81000000e-01 -2.95425029e+06 
 1.82000000e-01 -3.02145698e+06 
 1.83000000e-01 -3.09020770e+06 
 1.84000000e-01 -3.16053822e+06 
 1.85000000e-01 -3.23248516e+06 
 1.86000000e-01 -3.30608599e+06 
 1.87000000e-01 -3.38137906e+06 
 1.88000000e-01 -3.45840359e+06 
 1.89000000e-01 -3.53719973e+06 
 1.90000000e-01 -3.61780857e+06 
 1.91000000e-01 -3.70027214e+06 
 1.92000000e-01 -3.78463347e+06 
 1.93000000e-01 -3.87093657e+06 
 1.94000000e-01 -3.95922648e+06 
 1.95000000e-01 -4.04954931e+06 
 1.96000000e-01 -4.14195220e+06 
 1.97000000e-01 -4.23648343e+06 
 1.98000000e-01 -4.33319238e+06 
 1.99000000e-01 -4.43212958e+06 
 2.00000000e-01 -4.53334674e+06 
 2.01000000e-01 -4.63689677e+06 
 2.02000000e-01 -4.74283380e+06 
 2.03000000e-01 -4.85121324e+06 
 2.04000000e-01 -4.96209177e+06 
 2.05000000e-01 -5.07552740e+06 
 2.06000000e-01 -5.19157947e+06 
 2.07000000e-01 -5.31030870e+06 
 2.08000000e-01 -5.43177725e+06 
 2.09000000e-01 -5.55604868e+06 
 2.10000000e-01 -5.68318804e+06 
 2.11000000e-01 -5.81326192e+06 
 2.12000000e-01 -5.94633840e+06 
 2.13000000e-01 -6.08248717e+06 
 2.14000000e-01 -6.22177954e+06 
 2.15000000e-01 -6.36428846e+06 
 2.16000000e-01 -6.51008857e+06 
 2.17000000e-01 -6.65925623e+06 
 2.18000000e-01 -6.81186960e+06 
 2.19000000e-01 -6.96800860e+06 
 2.20000000e-01 -7.12775504e+06 
 2.21000000e-01 -7.29119261e+06 
 2.22000000e-01 -7.45840691e+06 
 2.23000000e-01 -7.62948556e+06 
 2.24000000e-01 -7.80451816e+06 
 2.25000000e-01 -7.98359640e+06 
 2.26000000e-01 -8.16681410e+06 
 2.27000000e-01 -8.35426720e+06 
 2.28000000e-01 -8.54605390e+06 
 2.29000000e-01 -8.74227464e+06 
 2.30000000e-01 -8.94303216e+06 
 2.31000000e-01 -9.14843158e+06 
 2.32000000e-01 -9.35858043e+06 
 2.33000000e-01 -9.57358873e+06 
 2.34000000e-01 -9.79356901e+06 
 2.35000000e-01 -1.00186364e+07 
 2.36000000e-01 -1.02489086e+07 
 2.37000000e-01 -1.04845062e+07 
 2.38000000e-01 -1.07255523e+07 
 2.39000000e-01 -1.09721730e+07 
 2.40000000e-01 -1.12244972e+07 
 2.41000000e-01 -1.14826568e+07 
 2.42000000e-01 -1.17467868e+07 
 2.43000000e-01 -1.20170250e+07 
 2.44000000e-01 -1.22935126e+07 
 2.45000000e-01 -1.25763940e+07 
 2.46000000e-01 -1.28658167e+07 
 2.47000000e-01 -1.31619319e+07 
 2.48000000e-01 -1.34648940e+07 
 2.49000000e-01 -1.37748608e+07 
 2.50000000e-01 -1.40919940e+07 
 2.51000000e-01 -1.44164587e+07 
 2.52000000e-01 -1.47484240e+07 
 2.53000000e-01 -1.50880626e+07 
 2.54000000e-01 -1.54355512e+07 
 2.55000000e-01 -1.57910705e+07 
 2.56000000e-01 -1.61548053e+07 
 2.57000000e-01 -1.65269447e+07 
 2.58000000e-01 -1.69076818e+07 
 2.59000000e-01 -1.72972141e+07 
 2.60000000e-01 -1.76957439e+07 
 2.61000000e-01 -1.81034775e+07 
 2.62000000e-01 -1.85206264e+07 
 2.63000000e-01 -1.89474064e+07 
 2.64000000e-01 -1.93840383e+07 
 2.65000000e-01 -1.98307480e+07 
 2.66000000e-01 -2.02877663e+07 
 2.67000000e-01 -2.07553291e+07 
 2.68000000e-01 -2.12336777e+07 
 2.69000000e-01 -2.17230587e+07 
 2.70000000e-01 -2.22237244e+07 
 2.71000000e-01 -2.27359323e+07 
 2.72000000e-01 -2.32599461e+07 
 2.73000000e-01 -2.37960349e+07 
 2.74000000e-01 -2.43444742e+07 
 2.75000000e-01 -2.49055454e+07 
 2.76000000e-01 -2.54795360e+07 
 2.77000000e-01 -2.60667400e+07 
 2.78000000e-01 -2.66674579e+07 
 2.79000000e-01 -2.72819968e+07 
 2.80000000e-01 -2.79106705e+07 
 2.81000000e-01 -2.85537997e+07 
 2.82000000e-01 -2.92117122e+07 
 2.83000000e-01 -2.98847430e+07 
 2.84000000e-01 -3.05732343e+07 
 2.85000000e-01 -3.12775359e+07 
 2.86000000e-01 -3.19980051e+07 
 2.87000000e-01 -3.27350072e+07 
 2.88000000e-01 -3.34889152e+07 
 2.89000000e-01 -3.42601103e+07 
 2.90000000e-01 -3.50489820e+07 
 2.91000000e-01 -3.58559282e+07 
 2.92000000e-01 -3.66813553e+07 
 2.93000000e-01 -3.75256786e+07 
 2.94000000e-01 -3.83893223e+07 
 2.95000000e-01 -3.92727198e+07 
 2.96000000e-01 -4.01763135e+07 
 2.97000000e-01 -4.11005556e+07 
 2.98000000e-01 -4.20459079e+07 
 2.99000000e-01 -4.30128419e+07 
 3.00000000e-01 -4.40018393e+07 
 3.01000000e-01 -4.50133919e+07 
 3.02000000e-01 -4.60480022e+07 
 3.03000000e-01 -4.71061830e+07 
 3.04000000e-01 -4.81884582e+07 
 3.05000000e-01 -4.92953627e+07 
 3.06000000e-01 -5.04274425e+07 
 3.07000000e-01 -5.15852553e+07 
 3.08000000e-01 -5.27693703e+07 
 3.09000000e-01 -5.39803689e+07 
 3.10000000e-01 -5.52188442e+07 
 3.11000000e-01 -5.64854021e+07 
 3.12000000e-01 -5.77806609e+07 
 3.13000000e-01 -5.91052517e+07 
 3.14000000e-01 -6.04598187e+07 
 3.15000000e-01 -6.18450195e+07 
 3.16000000e-01 -6.32615252e+07 
 3.17000000e-01 -6.47100206e+07 
 3.18000000e-01 -6.61912047e+07 
 3.19000000e-01 -6.77057909e+07 
 3.20000000e-01 -6.92545069e+07 
 3.21000000e-01 -7.08380954e+07 
 3.22000000e-01 -7.24573143e+07 
 3.23000000e-01 -7.41129367e+07 
 3.24000000e-01 -7.58057513e+07 
 3.25000000e-01 -7.75365631e+07 
 3.26000000e-01 -7.93061929e+07 
 3.27000000e-01 -8.11154782e+07 
 3.28000000e-01 -8.29652733e+07 
 3.29000000e-01 -8.48564495e+07 
 3.30000000e-01 -8.67898955e+07 
 3.31000000e-01 -8.87665177e+07 
 3.32000000e-01 -9.07872406e+07 
 3.33000000e-01 -9.28530068e+07 
 3.34000000e-01 -9.49647777e+07 
 3.35000000e-01 -9.71235335e+07 
 3.36000000e-01 -9.93302738e+07 
 3.37000000e-01 -1.01586018e+08 
 3.38000000e-01 -1.03891804e+08 
 3.39000000e-01 -1.06248692e+08 
 3.40000000e-01 -1.08657762e+08 
 3.41000000e-01 -1.11120115e+08 
 3.42000000e-01 -1.13636872e+08 
 3.43000000e-01 -1.16209177e+08 
 3.44000000e-01 -1.18838197e+08 
 3.45000000e-01 -1.21525119e+08 
 3.46000000e-01 -1.24271155e+08 
 3.47000000e-01 -1.27077537e+08 
 3.48000000e-01 -1.29945524e+08 
 3.49000000e-01 -1.32876397e+08 
 3.50000000e-01 -1.35871462e+08 
 3.51000000e-01 -1.38932048e+08 
 3.52000000e-01 -1.42059511e+08 
 3.53000000e-01 -1.45255232e+08 
 3.54000000e-01 -1.48520618e+08 
 3.55000000e-01 -1.51857100e+08 
 3.56000000e-01 -1.55266140e+08 
 3.57000000e-01 -1.58749222e+08 
 3.58000000e-01 -1.62307862e+08 
 3.59000000e-01 -1.65943602e+08 
 3.60000000e-01 -1.69658011e+08 
 3.61000000e-01 -1.73452691e+08 
 3.62000000e-01 -1.77329268e+08 
 3.63000000e-01 -1.81289403e+08 
 3.64000000e-01 -1.85334782e+08 
 3.65000000e-01 -1.89467127e+08 
 3.66000000e-01 -1.93688187e+08 
 3.67000000e-01 -1.97999745e+08 
 3.68000000e-01 -2.02403614e+08 
 3.69000000e-01 -2.06901642e+08 
 3.70000000e-01 -2.11495710e+08 
 3.71000000e-01 -2.16187730e+08 
 3.72000000e-01 -2.20979651e+08 
 3.73000000e-01 -2.25873455e+08 
 3.74000000e-01 -2.30871159e+08 
 3.75000000e-01 -2.35974818e+08 
 3.76000000e-01 -2.41186522e+08 
 3.77000000e-01 -2.46508395e+08 
 3.78000000e-01 -2.51942603e+08 
 3.79000000e-01 -2.57491348e+08 
 3.80000000e-01 -2.63156868e+08 
 3.81000000e-01 -2.68941445e+08 
 3.82000000e-01 -2.74847397e+08 
 3.83000000e-01 -2.80877083e+08 
 3.84000000e-01 -2.87032902e+08 
 3.85000000e-01 -2.93317298e+08 
 3.86000000e-01 -2.99732753e+08 
 3.87000000e-01 -3.06281793e+08 
 3.88000000e-01 -3.12966989e+08 
 3.89000000e-01 -3.19790953e+08 
 3.90000000e-01 -3.26756343e+08 
 3.91000000e-01 -3.33865863e+08 
 3.92000000e-01 -3.41122261e+08 
 3.93000000e-01 -3.48528334e+08 
 3.94000000e-01 -3.56086924e+08 
 3.95000000e-01 -3.63800922e+08 
 3.96000000e-01 -3.71673267e+08 
 3.97000000e-01 -3.79706948e+08 
 3.98000000e-01 -3.87905003e+08 
 3.99000000e-01 -3.96270522e+08 
 4.00000000e-01 -4.04806644e+08 
 4.01000000e-01 -4.13516563e+08 
 4.02000000e-01 -4.22403524e+08 
 4.03000000e-01 -4.31470826e+08 
 4.04000000e-01 -4.40721823e+08 
 4.05000000e-01 -4.50159922e+08 
 4.06000000e-01 -4.59788587e+08 
 4.07000000e-01 -4.69611340e+08 
 4.08000000e-01 -4.79631757e+08 
 4.09000000e-01 -4.89853475e+08 
 4.10000000e-01 -5.00280189e+08 
 4.11000000e-01 -5.10915651e+08 
 4.12000000e-01 -5.21763678e+08 
 4.13000000e-01 -5.32828143e+08 
 4.14000000e-01 -5.44112985e+08 
 4.15000000e-01 -5.55622202e+08 
 4.16000000e-01 -5.67359858e+08 
 4.17000000e-01 -5.79330080e+08 
 4.18000000e-01 -5.91537059e+08 
 4.19000000e-01 -6.03985053e+08 
 4.20000000e-01 -6.16678386e+08 
 4.21000000e-01 -6.29621447e+08 
 4.22000000e-01 -6.42818695e+08 
 4.23000000e-01 -6.56274656e+08 
 4.24000000e-01 -6.69993926e+08 
 4.25000000e-01 -6.83981171e+08 
 4.26000000e-01 -6.98241125e+08 
 4.27000000e-01 -7.12778596e+08 
 4.28000000e-01 -7.27598461e+08 
 4.29000000e-01 -7.42705672e+08 
 4.30000000e-01 -7.58105252e+08 
 4.31000000e-01 -7.73802296e+08 
 4.32000000e-01 -7.89801977e+08 
 4.33000000e-01 -8.06109538e+08 
 4.34000000e-01 -8.22730300e+08 
 4.35000000e-01 -8.39669657e+08 
 4.36000000e-01 -8.56933080e+08 
 4.37000000e-01 -8.74526115e+08 
 4.38000000e-01 -8.92454385e+08 
 4.39000000e-01 -9.10723589e+08 
 4.40000000e-01 -9.29339503e+08 
 4.41000000e-01 -9.48307979e+08 
 4.42000000e-01 -9.67634948e+08 
 4.43000000e-01 -9.87326415e+08 
 4.44000000e-01 -1.00738846e+09 
 4.45000000e-01 -1.02782726e+09 
 4.46000000e-01 -1.04864903e+09 
 4.47000000e-01 -1.06986009e+09 
 4.48000000e-01 -1.09146684e+09 
 4.49000000e-01 -1.11347574e+09 
 4.50000000e-01 -1.13589332e+09 
 4.51000000e-01 -1.15872621e+09 
 4.52000000e-01 -1.18198109e+09 
 4.53000000e-01 -1.20566473e+09 
 4.54000000e-01 -1.22978396e+09 
 4.55000000e-01 -1.25434569e+09 
 4.56000000e-01 -1.27935690e+09 
 4.57000000e-01 -1.30482463e+09 
 4.58000000e-01 -1.33075600e+09 
 4.59000000e-01 -1.35715819e+09 
 4.60000000e-01 -1.38403845e+09 
 4.61000000e-01 -1.41140409e+09 
 4.62000000e-01 -1.43926248e+09 
 4.63000000e-01 -1.46762106e+09 
 4.64000000e-01 -1.49648732e+09 
 4.65000000e-01 -1.52586880e+09 
 4.66000000e-01 -1.55577311e+09 
 4.67000000e-01 -1.58620789e+09 
 4.68000000e-01 -1.61718086e+09 
 4.69000000e-01 -1.64869975e+09 
 4.70000000e-01 -1.68077237e+09 
 4.71000000e-01 -1.71340653e+09 
 4.72000000e-01 -1.74661011e+09 
 4.73000000e-01 -1.78039101e+09 
 4.74000000e-01 -1.81475716e+09 
 4.75000000e-01 -1.84971652e+09 
 4.76000000e-01 -1.88527708e+09 
 4.77000000e-01 -1.92144683e+09 
 4.78000000e-01 -1.95823379e+09 
 4.79000000e-01 -1.99564600e+09 
 4.80000000e-01 -2.03369147e+09 
 4.81000000e-01 -2.07237826e+09 
 4.82000000e-01 -2.11171439e+09 
 4.83000000e-01 -2.15170788e+09 
 4.84000000e-01 -2.19236675e+09 
 4.85000000e-01 -2.23369900e+09 
 4.86000000e-01 -2.27571259e+09 
 4.87000000e-01 -2.31841547e+09 
 4.88000000e-01 -2.36181554e+09 
 4.89000000e-01 -2.40592067e+09 
 4.90000000e-01 -2.45073869e+09 
 4.91000000e-01 -2.49627736e+09 
 4.92000000e-01 -2.54254440e+09 
 4.93000000e-01 -2.58954745e+09 
 4.94000000e-01 -2.63729408e+09 
 4.95000000e-01 -2.68579180e+09 
 4.96000000e-01 -2.73504801e+09 
 4.97000000e-01 -2.78507004e+09 
 4.98000000e-01 -2.83586512e+09 
 4.99000000e-01 -2.88744036e+09 
 5.00000000e-01 -2.93980277e+09 
 5.01000000e-01 -2.99295924e+09 
 5.02000000e-01 -3.04691653e+09 
 5.03000000e-01 -3.10168127e+09 
 5.04000000e-01 -3.15725996e+09 
 5.05000000e-01 -3.21365892e+09 
 5.06000000e-01 -3.27088434e+09 
 5.07000000e-01 -3.32894225e+09 
 5.08000000e-01 -3.38783849e+09 
 5.09000000e-01 -3.44757875e+09 
 5.10000000e-01 -3.50816850e+09 
 5.11000000e-01 -3.56961305e+09 
 5.12000000e-01 -3.63191749e+09 
 5.13000000e-01 -3.69508671e+09 
 5.14000000e-01 -3.75912539e+09 
 5.15000000e-01 -3.82403799e+09 
 5.16000000e-01 -3.88982872e+09 
 5.17000000e-01 -3.95650158e+09 
 5.18000000e-01 -4.02406031e+09 
 5.19000000e-01 -4.09250842e+09 
 5.20000000e-01 -4.16184914e+09 
 5.21000000e-01 -4.23208546e+09 
 5.22000000e-01 -4.30322009e+09 
 5.23000000e-01 -4.37525546e+09 
 5.24000000e-01 -4.44819374e+09 
 5.25000000e-01 -4.52203678e+09 
 5.26000000e-01 -4.59678616e+09 
 5.27000000e-01 -4.67244317e+09 
 5.28000000e-01 -4.74900877e+09 
 5.29000000e-01 -4.82648364e+09 
 5.30000000e-01 -4.90486811e+09 
 5.31000000e-01 -4.98416224e+09 
 5.32000000e-01 -5.06436573e+09 
 5.33000000e-01 -5.14547796e+09 
 5.34000000e-01 -5.22749800e+09 
 5.35000000e-01 -5.31042456e+09 
 5.36000000e-01 -5.39425604e+09 
 5.37000000e-01 -5.47899048e+09 
 5.38000000e-01 -5.56462558e+09 
 5.39000000e-01 -5.65115870e+09 
 5.40000000e-01 -5.73858687e+09 
 5.41000000e-01 -5.82690674e+09 
 5.42000000e-01 -5.91611463e+09 
 5.43000000e-01 -6.00620650e+09 
 5.44000000e-01 -6.09717798e+09 
 5.45000000e-01 -6.18902433e+09 
 5.46000000e-01 -6.28174045e+09 
 5.47000000e-01 -6.37532090e+09 
 5.48000000e-01 -6.46975991e+09 
 5.49000000e-01 -6.56505133e+09 
 5.50000000e-01 -6.66118868e+09 
 5.51000000e-01 -6.75816511e+09 
 5.52000000e-01 -6.85597347e+09 
 5.53000000e-01 -6.95460622e+09 
 5.54000000e-01 -7.05405551e+09 
 5.55000000e-01 -7.15431316e+09 
 5.56000000e-01 -7.25537063e+09 
 5.57000000e-01 -7.35721907e+09 
 5.58000000e-01 -7.45984930e+09 
 5.59000000e-01 -7.56325184e+09 
 5.60000000e-01 -7.66741686e+09 
 5.61000000e-01 -7.77233424e+09 
 5.62000000e-01 -7.87799356e+09 
 5.63000000e-01 -7.98438408e+09 
 5.64000000e-01 -8.09149479e+09 
 5.65000000e-01 -8.19931439e+09 
 5.66000000e-01 -8.30783128e+09 
 5.67000000e-01 -8.41703361e+09 
 5.68000000e-01 -8.52690924e+09 
 5.69000000e-01 -8.63744579e+09 
 5.70000000e-01 -8.74863062e+09 
 5.71000000e-01 -8.86045084e+09 
 5.72000000e-01 -8.97289334e+09 
 5.73000000e-01 -9.08594477e+09 
 5.74000000e-01 -9.19959156e+09 
 5.75000000e-01 -9.31381993e+09 
 5.76000000e-01 -9.42861590e+09 
 5.77000000e-01 -9.54396529e+09 
 5.78000000e-01 -9.65985374e+09 
 5.79000000e-01 -9.77626671e+09 
 5.80000000e-01 -9.89318951e+09 
 5.81000000e-01 -1.00106073e+10 
 5.82000000e-01 -1.01285049e+10 
 5.83000000e-01 -1.02468674e+10 
 5.84000000e-01 -1.03656795e+10 
 5.85000000e-01 -1.04849256e+10 
 5.86000000e-01 -1.06045903e+10 
 5.87000000e-01 -1.07246581e+10 
 5.88000000e-01 -1.08451132e+10 
 5.89000000e-01 -1.09659398e+10 
 5.90000000e-01 -1.10871221e+10 
 5.91000000e-01 -1.12086442e+10 
 5.92000000e-01 -1.13304901e+10 
 5.93000000e-01 -1.14526437e+10 
 5.94000000e-01 -1.15750892e+10 
 5.95000000e-01 -1.16978104e+10 
 5.96000000e-01 -1.18207912e+10 
 5.97000000e-01 -1.19440156e+10 
 5.98000000e-01 -1.20674674e+10 
 5.99000000e-01 -1.21911307e+10 
 6.00000000e-01 -1.23149894e+10 
 6.01000000e-01 -1.24390274e+10 
 6.02000000e-01 -1.25632289e+10 
 6.03000000e-01 -1.26875779e+10 
 6.04000000e-01 -1.28120586e+10 
 6.05000000e-01 -1.29366551e+10 
 6.06000000e-01 -1.30613518e+10 
 6.07000000e-01 -1.31861329e+10 
 6.08000000e-01 -1.33109831e+10 
 6.09000000e-01 -1.34358868e+10 
 6.10000000e-01 -1.35608287e+10 
 6.11000000e-01 -1.36857936e+10 
 6.12000000e-01 -1.38107664e+10 
 6.13000000e-01 -1.39357320e+10 
 6.14000000e-01 -1.40606757e+10 
 6.15000000e-01 -1.41855827e+10 
 6.16000000e-01 -1.43104386e+10 
 6.17000000e-01 -1.44352288e+10 
 6.18000000e-01 -1.45599391e+10 
 6.19000000e-01 -1.46845555e+10 
 6.20000000e-01 -1.48090641e+10 
 6.21000000e-01 -1.49334510e+10 
 6.22000000e-01 -1.50577028e+10 
 6.23000000e-01 -1.51818060e+10 
 6.24000000e-01 -1.53057475e+10 
 6.25000000e-01 -1.54295144e+10 
 6.26000000e-01 -1.55530937e+10 
 6.27000000e-01 -1.56764728e+10 
 6.28000000e-01 -1.57996395e+10 
 6.29000000e-01 -1.59225816e+10 
 6.30000000e-01 -1.60452869e+10 
 6.31000000e-01 -1.61677439e+10 
 6.32000000e-01 -1.62899409e+10 
 6.33000000e-01 -1.64118666e+10 
 6.34000000e-01 -1.65335100e+10 
 6.35000000e-01 -1.66548601e+10 
 6.36000000e-01 -1.67759062e+10 
 6.37000000e-01 -1.68966381e+10 
 6.38000000e-01 -1.70170454e+10 
 6.39000000e-01 -1.71371183e+10 
 6.40000000e-01 -1.72568469e+10 
 6.41000000e-01 -1.73762218e+10 
 6.42000000e-01 -1.74952336e+10 
 6.43000000e-01 -1.76138735e+10 
 6.44000000e-01 -1.77321325e+10 
 6.45000000e-01 -1.78500020e+10 
 6.46000000e-01 -1.79674738e+10 
 6.47000000e-01 -1.80845398e+10 
 6.48000000e-01 -1.82011920e+10 
 6.49000000e-01 -1.83174228e+10 
 6.50000000e-01 -1.84332248e+10 
 6.51000000e-01 -1.85485909e+10 
 6.52000000e-01 -1.86635140e+10 
 6.53000000e-01 -1.87779875e+10 
 6.54000000e-01 -1.88920049e+10 
 6.55000000e-01 -1.90055599e+10 
 6.56000000e-01 -1.91186464e+10 
 6.57000000e-01 -1.92312587e+10 
 6.58000000e-01 -1.93433911e+10 
 6.59000000e-01 -1.94550383e+10 
 6.60000000e-01 -1.95661951e+10 
 6.61000000e-01 -1.96768566e+10 
 6.62000000e-01 -1.97870180e+10 
 6.63000000e-01 -1.98966748e+10 
 6.64000000e-01 -2.00058226e+10 
 6.65000000e-01 -2.01144575e+10 
 6.66000000e-01 -2.02225754e+10 
 6.67000000e-01 -2.03301727e+10 
 6.68000000e-01 -2.04372459e+10 
 6.69000000e-01 -2.05437916e+10 
 6.70000000e-01 -2.06498068e+10 
 6.71000000e-01 -2.07552885e+10 
 6.72000000e-01 -2.08602340e+10 
 6.73000000e-01 -2.09646407e+10 
 6.74000000e-01 -2.10685063e+10 
 6.75000000e-01 -2.11718285e+10 
 6.76000000e-01 -2.12746054e+10 
 6.77000000e-01 -2.13768351e+10 
 6.78000000e-01 -2.14785159e+10 
 6.79000000e-01 -2.15796463e+10 
 6.80000000e-01 -2.16802249e+10 
 6.81000000e-01 -2.17802506e+10 
 6.82000000e-01 -2.18797224e+10 
 6.83000000e-01 -2.19786393e+10 
 6.84000000e-01 -2.20770007e+10 
 6.85000000e-01 -2.21748059e+10 
 6.86000000e-01 -2.22720545e+10 
 6.87000000e-01 -2.23687462e+10 
 6.88000000e-01 -2.24648808e+10 
 6.89000000e-01 -2.25604584e+10 
 6.90000000e-01 -2.26554790e+10 
 6.91000000e-01 -2.27499429e+10 
 6.92000000e-01 -2.28438504e+10 
 6.93000000e-01 -2.29372020e+10 
 6.94000000e-01 -2.30299982e+10 
 6.95000000e-01 -2.31222399e+10 
 6.96000000e-01 -2.32139277e+10 
 6.97000000e-01 -2.33050627e+10 
 6.98000000e-01 -2.33956459e+10 
 6.99000000e-01 -2.34856785e+10 
 7.00000000e-01 -2.35751616e+10 
 7.01000000e-01 -2.36640965e+10 
 7.02000000e-01 -2.37524848e+10 
 7.03000000e-01 -2.38403280e+10 
 7.04000000e-01 -2.39276276e+10 
 7.05000000e-01 -2.40143854e+10 
 7.06000000e-01 -2.41006030e+10 
 7.07000000e-01 -2.41862825e+10 
 7.08000000e-01 -2.42714256e+10 
 7.09000000e-01 -2.43560344e+10 
 7.10000000e-01 -2.44401111e+10 
 7.11000000e-01 -2.45236576e+10 
 7.12000000e-01 -2.46066763e+10 
 7.13000000e-01 -2.46891694e+10 
 7.14000000e-01 -2.47711392e+10 
 7.15000000e-01 -2.48525882e+10 
 7.16000000e-01 -2.49335187e+10 
 7.17000000e-01 -2.50139333e+10 
 7.18000000e-01 -2.50938346e+10 
 7.19000000e-01 -2.51732250e+10 
 7.20000000e-01 -2.52521074e+10 
 7.21000000e-01 -2.53304843e+10 
 7.22000000e-01 -2.54083585e+10 
 7.23000000e-01 -2.54857328e+10 
 7.24000000e-01 -2.55626100e+10 
 7.25000000e-01 -2.56389929e+10 
 7.26000000e-01 -2.57148844e+10 
 7.27000000e-01 -2.57902875e+10 
 7.28000000e-01 -2.58652050e+10 
 7.29000000e-01 -2.59396400e+10 
 7.30000000e-01 -2.60135954e+10 
 7.31000000e-01 -2.60870742e+10 
 7.32000000e-01 -2.61600796e+10 
 7.33000000e-01 -2.62326145e+10 
 7.34000000e-01 -2.63046821e+10 
 7.35000000e-01 -2.63762854e+10 
 7.36000000e-01 -2.64474276e+10 
 7.37000000e-01 -2.65181118e+10 
 7.38000000e-01 -2.65883411e+10 
 7.39000000e-01 -2.66581187e+10 
 7.40000000e-01 -2.67274478e+10 
 7.41000000e-01 -2.67963315e+10 
 7.42000000e-01 -2.68647730e+10 
 7.43000000e-01 -2.69327755e+10 
 7.44000000e-01 -2.70003423e+10 
 7.45000000e-01 -2.70674764e+10 
 7.46000000e-01 -2.71341811e+10 
 7.47000000e-01 -2.72004596e+10 
 7.48000000e-01 -2.72663150e+10 
 7.49000000e-01 -2.73317507e+10 
 7.50000000e-01 -2.73967697e+10 
 7.51000000e-01 -2.74613753e+10 
 7.52000000e-01 -2.75255706e+10 
 7.53000000e-01 -2.75893589e+10 
 7.54000000e-01 -2.76527433e+10 
 7.55000000e-01 -2.77157270e+10 
 7.56000000e-01 -2.77783131e+10 
 7.57000000e-01 -2.78405048e+10 
 7.58000000e-01 -2.79023053e+10 
 7.59000000e-01 -2.79637176e+10 
 7.60000000e-01 -2.80247449e+10 
 7.61000000e-01 -2.80853903e+10 
 7.62000000e-01 -2.81456569e+10 
 7.63000000e-01 -2.82055478e+10 
 7.64000000e-01 -2.82650660e+10 
 7.65000000e-01 -2.83242147e+10 
 7.66000000e-01 -2.83829968e+10 
 7.67000000e-01 -2.84414153e+10 
 7.68000000e-01 -2.84994734e+10 
 7.69000000e-01 -2.85571739e+10 
 7.70000000e-01 -2.86145198e+10 
 7.71000000e-01 -2.86715142e+10 
 7.72000000e-01 -2.87281599e+10 
 7.73000000e-01 -2.87844599e+10 
 7.74000000e-01 -2.88404170e+10 
 7.75000000e-01 -2.88960342e+10 
 7.76000000e-01 -2.89513143e+10 
 7.77000000e-01 -2.90062602e+10 
 7.78000000e-01 -2.90608747e+10 
 7.79000000e-01 -2.91151605e+10 
 7.80000000e-01 -2.91691205e+10 
 7.81000000e-01 -2.92227575e+10 
 7.82000000e-01 -2.92760741e+10 
 7.83000000e-01 -2.93290732e+10 
 7.84000000e-01 -2.93817573e+10 
 7.85000000e-01 -2.94341292e+10 
 7.86000000e-01 -2.94861915e+10 
 7.87000000e-01 -2.95379469e+10 
 7.88000000e-01 -2.95893979e+10 
 7.89000000e-01 -2.96405472e+10 
 7.90000000e-01 -2.96913973e+10 
 7.91000000e-01 -2.97419508e+10 
 7.92000000e-01 -2.97922101e+10 
 7.93000000e-01 -2.98421778e+10 
 7.94000000e-01 -2.98918564e+10 
 7.95000000e-01 -2.99412482e+10 
 7.96000000e-01 -2.99903558e+10 
 7.97000000e-01 -3.00391815e+10 
 7.98000000e-01 -3.00877277e+10 
 7.99000000e-01 -3.01359967e+10 
 8.00000000e-01 -3.01839910e+10 
 8.01000000e-01 -3.02317127e+10 
 8.02000000e-01 -3.02791643e+10 
 8.03000000e-01 -3.03263479e+10 
 8.04000000e-01 -3.03732658e+10 
 8.05000000e-01 -3.04199203e+10 
 8.06000000e-01 -3.04663134e+10 
 8.07000000e-01 -3.05124475e+10 
 8.08000000e-01 -3.05583246e+10 
 8.09000000e-01 -3.06039468e+10 
 8.10000000e-01 -3.06493164e+10 
 8.11000000e-01 -3.06944353e+10 
 8.12000000e-01 -3.07393056e+10 
 8.13000000e-01 -3.07839293e+10 
 8.14000000e-01 -3.08283085e+10 
 8.15000000e-01 -3.08724452e+10 
 8.16000000e-01 -3.09163413e+10 
 8.17000000e-01 -3.09599988e+10 
 8.18000000e-01 -3.10034196e+10 
 8.19000000e-01 -3.10466056e+10 
 8.20000000e-01 -3.10895588e+10 
 8.21000000e-01 -3.11322810e+10 
 8.22000000e-01 -3.11747740e+10 
 8.23000000e-01 -3.12170396e+10 
 8.24000000e-01 -3.12590796e+10 
 8.25000000e-01 -3.13008958e+10 
 8.26000000e-01 -3.13424899e+10 
 8.27000000e-01 -3.13838637e+10 
 8.28000000e-01 -3.14250188e+10 
 8.29000000e-01 -3.14659571e+10 
 8.30000000e-01 -3.15066801e+10 
 8.31000000e-01 -3.15471895e+10 
 8.32000000e-01 -3.15874870e+10 
 8.33000000e-01 -3.16275741e+10 
 8.34000000e-01 -3.16674525e+10 
 8.35000000e-01 -3.17071237e+10 
 8.36000000e-01 -3.17465894e+10 
 8.37000000e-01 -3.17858509e+10 
 8.38000000e-01 -3.18249099e+10 
 8.39000000e-01 -3.18637678e+10 
 8.40000000e-01 -3.19024261e+10 
 8.41000000e-01 -3.19408864e+10 
 8.42000000e-01 -3.19791499e+10 
 8.43000000e-01 -3.20172183e+10 
 8.44000000e-01 -3.20550928e+10 
 8.45000000e-01 -3.20927749e+10 
 8.46000000e-01 -3.21302659e+10 
 8.47000000e-01 -3.21675672e+10 
 8.48000000e-01 -3.22046802e+10 
 8.49000000e-01 -3.22416062e+10 
 8.50000000e-01 -3.22783464e+10 
 8.51000000e-01 -3.23149021e+10 
 8.52000000e-01 -3.23512748e+10 
 8.53000000e-01 -3.23874655e+10 
 8.54000000e-01 -3.24234755e+10 
 8.55000000e-01 -3.24593061e+10 
 8.56000000e-01 -3.24949586e+10 
 8.57000000e-01 -3.25304339e+10 
 8.58000000e-01 -3.25657335e+10 
 8.59000000e-01 -3.26008583e+10 
 8.60000000e-01 -3.26358097e+10 
 8.61000000e-01 -3.26705886e+10 
 8.62000000e-01 -3.27051963e+10 
 8.63000000e-01 -3.27396339e+10 
 8.64000000e-01 -3.27739024e+10 
 8.65000000e-01 -3.28080028e+10 
 8.66000000e-01 -3.28419364e+10 
 8.67000000e-01 -3.28757041e+10 
 8.68000000e-01 -3.29093070e+10 
 8.69000000e-01 -3.29427461e+10 
 8.70000000e-01 -3.29760225e+10 
 8.71000000e-01 -3.30091370e+10 
 8.72000000e-01 -3.30420907e+10 
 8.73000000e-01 -3.30748847e+10 
 8.74000000e-01 -3.31075197e+10 
 8.75000000e-01 -3.31399969e+10 
 8.76000000e-01 -3.31723171e+10 
 8.77000000e-01 -3.32044813e+10 
 8.78000000e-01 -3.32364903e+10 
 8.79000000e-01 -3.32683451e+10 
 8.80000000e-01 -3.33000466e+10 
 8.81000000e-01 -3.33315956e+10 
 8.82000000e-01 -3.33629931e+10 
 8.83000000e-01 -3.33942398e+10 
 8.84000000e-01 -3.34253367e+10 
 8.85000000e-01 -3.34562846e+10 
 8.86000000e-01 -3.34870842e+10 
 8.87000000e-01 -3.35177364e+10 
 8.88000000e-01 -3.35482421e+10 
 8.89000000e-01 -3.35786020e+10 
 8.90000000e-01 -3.36088169e+10 
 8.91000000e-01 -3.36388875e+10 
 8.92000000e-01 -3.36688147e+10 
 8.93000000e-01 -3.36985992e+10 
 8.94000000e-01 -3.37282418e+10 
 8.95000000e-01 -3.37577431e+10 
 8.96000000e-01 -3.37871040e+10 
 8.97000000e-01 -3.38163251e+10 
 8.98000000e-01 -3.38454072e+10 
 8.99000000e-01 -3.38743510e+10 
 9.00000000e-01 -3.39031570e+10 
 9.01000000e-01 -3.39318262e+10 
 9.02000000e-01 -3.39603591e+10 
 9.03000000e-01 -3.39887563e+10 
 9.04000000e-01 -3.40170186e+10 
 9.05000000e-01 -3.40451467e+10 
 9.06000000e-01 -3.40731411e+10 
 9.07000000e-01 -3.41010024e+10 
 9.08000000e-01 -3.41287315e+10 
 9.09000000e-01 -3.41563287e+10 
 9.10000000e-01 -3.41837949e+10 
 9.11000000e-01 -3.42111305e+10 
 9.12000000e-01 -3.42383363e+10 
 9.13000000e-01 -3.42654127e+10 
 9.14000000e-01 -3.42923604e+10 
 9.15000000e-01 -3.43191799e+10 
 9.16000000e-01 -3.43458719e+10 
 9.17000000e-01 -3.43724369e+10 
 9.18000000e-01 -3.43988754e+10 
 9.19000000e-01 -3.44251881e+10 
 9.20000000e-01 -3.44513755e+10 
 9.21000000e-01 -3.44774380e+10 
 9.22000000e-01 -3.45033764e+10 
 9.23000000e-01 -3.45291910e+10 
 9.24000000e-01 -3.45548824e+10 
 9.25000000e-01 -3.45804512e+10 
 9.26000000e-01 -3.46058978e+10 
 9.27000000e-01 -3.46312228e+10 
 9.28000000e-01 -3.46564267e+10 
 9.29000000e-01 -3.46815100e+10 
 9.30000000e-01 -3.47064731e+10 
 9.31000000e-01 -3.47313165e+10 
 9.32000000e-01 -3.47560408e+10 
 9.33000000e-01 -3.47806464e+10 
 9.34000000e-01 -3.48051338e+10 
 9.35000000e-01 -3.48295035e+10 
 9.36000000e-01 -3.48537559e+10 
 9.37000000e-01 -3.48778914e+10 
 9.38000000e-01 -3.49019106e+10 
 9.39000000e-01 -3.49258139e+10 
 9.40000000e-01 -3.49496017e+10 
 9.41000000e-01 -3.49732745e+10 
 9.42000000e-01 -3.49968328e+10 
 9.43000000e-01 -3.50202768e+10 
 9.44000000e-01 -3.50436072e+10 
 9.45000000e-01 -3.50668242e+10 
 9.46000000e-01 -3.50899284e+10 
 9.47000000e-01 -3.51129201e+10 
 9.48000000e-01 -3.51357997e+10 
 9.49000000e-01 -3.51585677e+10 
 9.50000000e-01 -3.51812245e+10 
 9.51000000e-01 -3.52037705e+10 
 9.52000000e-01 -3.52262060e+10 
 9.53000000e-01 -3.52485315e+10 
 9.54000000e-01 -3.52707473e+10 
 9.55000000e-01 -3.52928539e+10 
 9.56000000e-01 -3.53148516e+10 
 9.57000000e-01 -3.53367408e+10 
 9.58000000e-01 -3.53585219e+10 
 9.59000000e-01 -3.53801953e+10 
 9.60000000e-01 -3.54017612e+10 
 9.61000000e-01 -3.54232202e+10 
 9.62000000e-01 -3.54445726e+10 
 9.63000000e-01 -3.54658187e+10 
 9.64000000e-01 -3.54869588e+10 
 9.65000000e-01 -3.55079934e+10 
 9.66000000e-01 -3.55289228e+10 
 9.67000000e-01 -3.55497474e+10 
 9.68000000e-01 -3.55704674e+10 
 9.69000000e-01 -3.55910833e+10 
 9.70000000e-01 -3.56115954e+10 
 9.71000000e-01 -3.56320040e+10 
 9.72000000e-01 -3.56523095e+10 
 9.73000000e-01 -3.56725121e+10 
 9.74000000e-01 -3.56926123e+10 
 9.75000000e-01 -3.57126104e+10 
 9.76000000e-01 -3.57325066e+10 
 9.77000000e-01 -3.57523014e+10 
 9.78000000e-01 -3.57719950e+10 
 9.79000000e-01 -3.57915877e+10 
 9.80000000e-01 -3.58110800e+10 
 9.81000000e-01 -3.58304720e+10 
 9.82000000e-01 -3.58497641e+10 
 9.83000000e-01 -3.58689567e+10 
 9.84000000e-01 -3.58880500e+10 
 9.85000000e-01 -3.59070443e+10 
 9.86000000e-01 -3.59259400e+10 
 9.87000000e-01 -3.59447373e+10 
 9.88000000e-01 -3.59634365e+10 
 9.89000000e-01 -3.59820381e+10 
 9.90000000e-01 -3.60005421e+10 
 9.91000000e-01 -3.60189491e+10 
 9.92000000e-01 -3.60372591e+10 
 9.93000000e-01 -3.60554726e+10 
 9.94000000e-01 -3.60735899e+10 
 9.95000000e-01 -3.60916111e+10 
 9.96000000e-01 -3.61095366e+10 
 9.97000000e-01 -3.61273668e+10 
 9.98000000e-01 -3.61451018e+10 
 9.99000000e-01 -3.61627420e+10 
 1.00000000e+00 -3.61802876e+10 
 1.00100000e+00 -3.61977389e+10 
 1.00200000e+00 -3.62150963e+10 
 1.00300000e+00 -3.62323599e+10 
 1.00400000e+00 -3.62495300e+10 
 1.00500000e+00 -3.62666070e+10 
 1.00600000e+00 -3.62835911e+10 
 1.00700000e+00 -3.63004825e+10 
 1.00800000e+00 -3.63172816e+10 
 1.00900000e+00 -3.63339886e+10 
 1.01000000e+00 -3.63506038e+10 
 1.01100000e+00 -3.63671274e+10 
 1.01200000e+00 -3.63835597e+10 
 1.01300000e+00 -3.63999010e+10 
 1.01400000e+00 -3.64161515e+10 
 1.01500000e+00 -3.64323115e+10 
 1.01600000e+00 -3.64483812e+10 
 1.01700000e+00 -3.64643610e+10 
 1.01800000e+00 -3.64802510e+10 
 1.01900000e+00 -3.64960516e+10 
 1.02000000e+00 -3.65117629e+10 
 1.02100000e+00 -3.65273852e+10 
 1.02200000e+00 -3.65429189e+10 
 1.02300000e+00 -3.65583640e+10 
 1.02400000e+00 -3.65737210e+10 
 1.02500000e+00 -3.65889900e+10 
 1.02600000e+00 -3.66041713e+10 
 1.02700000e+00 -3.66192651e+10 
 1.02800000e+00 -3.66342716e+10 
 1.02900000e+00 -3.66491912e+10 
 1.03000000e+00 -3.66640241e+10 
 1.03100000e+00 -3.66787705e+10 
 1.03200000e+00 -3.66934306e+10 
 1.03300000e+00 -3.67080047e+10 
 1.03400000e+00 -3.67224930e+10 
 1.03500000e+00 -3.67368959e+10 
 1.03600000e+00 -3.67512134e+10 
 1.03700000e+00 -3.67654459e+10 
 1.03800000e+00 -3.67795936e+10 
 1.03900000e+00 -3.67936567e+10 
 1.04000000e+00 -3.68076354e+10 
 1.04100000e+00 -3.68215301e+10 
 1.04200000e+00 -3.68353409e+10 
 1.04300000e+00 -3.68490680e+10 
 1.04400000e+00 -3.68627117e+10 
 1.04500000e+00 -3.68762723e+10 
 1.04600000e+00 -3.68897499e+10 
 1.04700000e+00 -3.69031448e+10 
 1.04800000e+00 -3.69164572e+10 
 1.04900000e+00 -3.69296873e+10 
 1.05000000e+00 -3.69428355e+10 
 1.05100000e+00 -3.69559018e+10 
 1.05200000e+00 -3.69688865e+10 
 1.05300000e+00 -3.69817899e+10 
 1.05400000e+00 -3.69946121e+10 
 1.05500000e+00 -3.70073535e+10 
 1.05600000e+00 -3.70200142e+10 
 1.05700000e+00 -3.70325944e+10 
 1.05800000e+00 -3.70450943e+10 
 1.05900000e+00 -3.70575143e+10 
 1.06000000e+00 -3.70698544e+10 
 1.06100000e+00 -3.70821150e+10 
 1.06200000e+00 -3.70942962e+10 
 1.06300000e+00 -3.71063983e+10 
 1.06400000e+00 -3.71184215e+10 
 1.06500000e+00 -3.71303659e+10 
 1.06600000e+00 -3.71422319e+10 
 1.06700000e+00 -3.71540196e+10 
 1.06800000e+00 -3.71657293e+10 
 1.06900000e+00 -3.71773611e+10 
 1.07000000e+00 -3.71889153e+10 
 1.07100000e+00 -3.72003920e+10 
 1.07200000e+00 -3.72117916e+10 
 1.07300000e+00 -3.72231142e+10 
 1.07400000e+00 -3.72343600e+10 
 1.07500000e+00 -3.72455293e+10 
 1.07600000e+00 -3.72566222e+10 
 1.07700000e+00 -3.72676389e+10 
 1.07800000e+00 -3.72785797e+10 
 1.07900000e+00 -3.72894448e+10 
 1.08000000e+00 -3.73002344e+10 
 1.08100000e+00 -3.73109487e+10 
 1.08200000e+00 -3.73215879e+10 
 1.08300000e+00 -3.73321522e+10 
 1.08400000e+00 -3.73426418e+10 
 1.08500000e+00 -3.73530569e+10 
 1.08600000e+00 -3.73633977e+10 
 1.08700000e+00 -3.73736645e+10 
 1.08800000e+00 -3.73838574e+10 
 1.08900000e+00 -3.73939766e+10 
 1.09000000e+00 -3.74040224e+10 
 1.09100000e+00 -3.74139949e+10 
 1.09200000e+00 -3.74238944e+10 
 1.09300000e+00 -3.74337210e+10 
 1.09400000e+00 -3.74434750e+10 
 1.09500000e+00 -3.74531565e+10 
 1.09600000e+00 -3.74627658e+10 
 1.09700000e+00 -3.74723030e+10 
 1.09800000e+00 -3.74817684e+10 
 1.09900000e+00 -3.74911621e+10 
 1.10000000e+00 -3.75004844e+10 
 1.10100000e+00 -3.75097354e+10 
 1.10200000e+00 -3.75189154e+10 
 1.10300000e+00 -3.75280244e+10 
 1.10400000e+00 -3.75370629e+10 
 1.10500000e+00 -3.75460308e+10 
 1.10600000e+00 -3.75549285e+10 
 1.10700000e+00 -3.75637561e+10 
 1.10800000e+00 -3.75725139e+10 
 1.10900000e+00 -3.75812019e+10 
 1.11000000e+00 -3.75898204e+10 
 1.11100000e+00 -3.75983697e+10 
 1.11200000e+00 -3.76068498e+10 
 1.11300000e+00 -3.76152610e+10 
 1.11400000e+00 -3.76236035e+10 
 1.11500000e+00 -3.76318774e+10 
 1.11600000e+00 -3.76400830e+10 
 1.11700000e+00 -3.76482205e+10 
 1.11800000e+00 -3.76562900e+10 
 1.11900000e+00 -3.76642917e+10 
 1.12000000e+00 -3.76722258e+10 
 1.12100000e+00 -3.76800926e+10 
 1.12200000e+00 -3.76878921e+10 
 1.12300000e+00 -3.76956246e+10 
 1.12400000e+00 -3.77032903e+10 
 1.12500000e+00 -3.77108893e+10 
 1.12600000e+00 -3.77184219e+10 
 1.12700000e+00 -3.77258882e+10 
 1.12800000e+00 -3.77332884e+10 
 1.12900000e+00 -3.77406228e+10 
 1.13000000e+00 -3.77478914e+10 
 1.13100000e+00 -3.77550944e+10 
 1.13200000e+00 -3.77622322e+10 
 1.13300000e+00 -3.77693047e+10 
 1.13400000e+00 -3.77763123e+10 
 1.13500000e+00 -3.77832551e+10 
 1.13600000e+00 -3.77901333e+10 
 1.13700000e+00 -3.77969470e+10 
 1.13800000e+00 -3.78036965e+10 
 1.13900000e+00 -3.78103819e+10 
 1.14000000e+00 -3.78170034e+10 
 1.14100000e+00 -3.78235612e+10 
 1.14200000e+00 -3.78300555e+10 
 1.14300000e+00 -3.78364864e+10 
 1.14400000e+00 -3.78428541e+10 
 1.14500000e+00 -3.78491589e+10 
 1.14600000e+00 -3.78554008e+10 
 1.14700000e+00 -3.78615801e+10 
 1.14800000e+00 -3.78676969e+10 
 1.14900000e+00 -3.78737515e+10 
 1.15000000e+00 -3.78797439e+10 
 1.15100000e+00 -3.78856744e+10 
 1.15200000e+00 -3.78915432e+10 
 1.15300000e+00 -3.78973503e+10 
 1.15400000e+00 -3.79030961e+10 
 1.15500000e+00 -3.79087806e+10 
 1.15600000e+00 -3.79144041e+10 
 1.15700000e+00 -3.79199666e+10 
 1.15800000e+00 -3.79254685e+10 
 1.15900000e+00 -3.79309098e+10 
 1.16000000e+00 -3.79362908e+10 
 1.16100000e+00 -3.79416115e+10 
 1.16200000e+00 -3.79468723e+10 
 1.16300000e+00 -3.79520731e+10 
 1.16400000e+00 -3.79572143e+10 
 1.16500000e+00 -3.79622960e+10 
 1.16600000e+00 -3.79673183e+10 
 1.16700000e+00 -3.79722815e+10 
 1.16800000e+00 -3.79771857e+10 
 1.16900000e+00 -3.79820310e+10 
 1.17000000e+00 -3.79868176e+10 
 1.17100000e+00 -3.79915458e+10 
 1.17200000e+00 -3.79962156e+10 
 1.17300000e+00 -3.80008272e+10 
 1.17400000e+00 -3.80053809e+10 
 1.17500000e+00 -3.80098767e+10 
 1.17600000e+00 -3.80143148e+10 
 1.17700000e+00 -3.80186955e+10 
 1.17800000e+00 -3.80230187e+10 
 1.17900000e+00 -3.80272849e+10 
 1.18000000e+00 -3.80314940e+10 
 1.18100000e+00 -3.80356462e+10 
 1.18200000e+00 -3.80397418e+10 
 1.18300000e+00 -3.80437809e+10 
 1.18400000e+00 -3.80477636e+10 
 1.18500000e+00 -3.80516901e+10 
 1.18600000e+00 -3.80555605e+10 
 1.18700000e+00 -3.80593751e+10 
 1.18800000e+00 -3.80631340e+10 
 1.18900000e+00 -3.80668373e+10 
 1.19000000e+00 -3.80704853e+10 
 1.19100000e+00 -3.80740780e+10 
 1.19200000e+00 -3.80776156e+10 
 1.19300000e+00 -3.80810983e+10 
 1.19400000e+00 -3.80845262e+10 
 1.19500000e+00 -3.80878996e+10 
 1.19600000e+00 -3.80912185e+10 
 1.19700000e+00 -3.80944831e+10 
 1.19800000e+00 -3.80976936e+10 
 1.19900000e+00 -3.81008501e+10 
 1.20000000e+00 -3.81039528e+10 
 1.20100000e+00 -3.81070018e+10 
 1.20200000e+00 -3.81099973e+10 
 1.20300000e+00 -3.81129395e+10 
 1.20400000e+00 -3.81158285e+10 
 1.20500000e+00 -3.81186644e+10 
 1.20600000e+00 -3.81214475e+10 
 1.20700000e+00 -3.81241778e+10 
 1.20800000e+00 -3.81268555e+10 
 1.20900000e+00 -3.81294808e+10 
 1.21000000e+00 -3.81320538e+10 
 1.21100000e+00 -3.81345747e+10 
 1.21200000e+00 -3.81370436e+10 
 1.21300000e+00 -3.81394606e+10 
 1.21400000e+00 -3.81418260e+10 
 1.21500000e+00 -3.81441399e+10 
 1.21600000e+00 -3.81464024e+10 
 1.21700000e+00 -3.81486136e+10 
 1.21800000e+00 -3.81507738e+10 
 1.21900000e+00 -3.81528830e+10 
 1.22000000e+00 -3.81549415e+10 
 1.22100000e+00 -3.81569493e+10 
 1.22200000e+00 -3.81589066e+10 
 1.22300000e+00 -3.81608136e+10 
 1.22400000e+00 -3.81626704e+10 
 1.22500000e+00 -3.81644771e+10 
 1.22600000e+00 -3.81662339e+10 
 1.22700000e+00 -3.81679410e+10 
 1.22800000e+00 -3.81695984e+10 
 1.22900000e+00 -3.81712064e+10 
 1.23000000e+00 -3.81727650e+10 
 1.23100000e+00 -3.81742745e+10 
 1.23200000e+00 -3.81757349e+10 
 1.23300000e+00 -3.81771464e+10 
 1.23400000e+00 -3.81785091e+10 
 1.23500000e+00 -3.81798232e+10 
 1.23600000e+00 -3.81810889e+10 
 1.23700000e+00 -3.81823062e+10 
 1.23800000e+00 -3.81834753e+10 
 1.23900000e+00 -3.81845964e+10 
 1.24000000e+00 -3.81856695e+10 
 1.24100000e+00 -3.81866949e+10 
 1.24200000e+00 -3.81876726e+10 
 1.24300000e+00 -3.81886028e+10 
 1.24400000e+00 -3.81894857e+10 
 1.24500000e+00 -3.81903214e+10 
 1.24600000e+00 -3.81911099e+10 
 1.24700000e+00 -3.81918515e+10 
 1.24800000e+00 -3.81925464e+10 
 1.24900000e+00 -3.81931945e+10 
 1.25000000e+00 -3.81937961e+10 
 1.25100000e+00 -3.81943512e+10 
 1.25200000e+00 -3.81948602e+10 
 1.25300000e+00 -3.81953229e+10 
 1.25400000e+00 -3.81957397e+10 
 1.25500000e+00 -3.81961106e+10 
 1.25600000e+00 -3.81964358e+10 
 1.25700000e+00 -3.81967154e+10 
 1.25800000e+00 -3.81969495e+10 
 1.25900000e+00 -3.81971382e+10 
 1.26000000e+00 -3.81972818e+10 
 1.26100000e+00 -3.81973803e+10 
 1.26200000e+00 -3.81974338e+10 
 1.26300000e+00 -3.81974426e+10 
 1.26400000e+00 -3.81974066e+10 
 1.26500000e+00 -3.81973261e+10 
 1.26600000e+00 -3.81972012e+10 
 1.26700000e+00 -3.81970320e+10 
 1.26800000e+00 -3.81968186e+10 
 1.26900000e+00 -3.81965612e+10 
 1.27000000e+00 -3.81962599e+10 
 1.27100000e+00 -3.81959148e+10 
 1.27200000e+00 -3.81955261e+10 
 1.27300000e+00 -3.81950938e+10 
 1.27400000e+00 -3.81946181e+10 
 1.27500000e+00 -3.81940992e+10 
 1.27600000e+00 -3.81935371e+10 
 1.27700000e+00 -3.81929319e+10 
 1.27800000e+00 -3.81922839e+10 
 1.27900000e+00 -3.81915931e+10 
 1.28000000e+00 -3.81908596e+10 
 1.28100000e+00 -3.81900837e+10 
 1.28200000e+00 -3.81892653e+10 
 1.28300000e+00 -3.81884046e+10 
 1.28400000e+00 -3.81875018e+10 
 1.28500000e+00 -3.81865569e+10 
 1.28600000e+00 -3.81855702e+10 
 1.28700000e+00 -3.81845416e+10 
 1.28800000e+00 -3.81834714e+10 
 1.28900000e+00 -3.81823596e+10 
 1.29000000e+00 -3.81812064e+10 
 1.29100000e+00 -3.81800118e+10 
 1.29200000e+00 -3.81787761e+10 
 1.29300000e+00 -3.81774993e+10 
 1.29400000e+00 -3.81761815e+10 
 1.29500000e+00 -3.81748229e+10 
 1.29600000e+00 -3.81734236e+10 
 1.29700000e+00 -3.81719837e+10 
 1.29800000e+00 -3.81705033e+10 
 1.29900000e+00 -3.81689826e+10 
 1.30000000e+00 -3.81674216e+10 
 1.30100000e+00 -3.81658204e+10 
 1.30200000e+00 -3.81641792e+10 
 1.30300000e+00 -3.81624982e+10 
 1.30400000e+00 -3.81607773e+10 
 1.30500000e+00 -3.81590168e+10 
 1.30600000e+00 -3.81572167e+10 
 1.30700000e+00 -3.81553771e+10 
 1.30800000e+00 -3.81534983e+10 
 1.30900000e+00 -3.81515802e+10 
 1.31000000e+00 -3.81496230e+10 
 1.31100000e+00 -3.81476268e+10 
 1.31200000e+00 -3.81455917e+10 
 1.31300000e+00 -3.81435178e+10 
 1.31400000e+00 -3.81414053e+10 
 1.31500000e+00 -3.81392542e+10 
 1.31600000e+00 -3.81370647e+10 
 1.31700000e+00 -3.81348369e+10 
 1.31800000e+00 -3.81325708e+10 
 1.31900000e+00 -3.81302667e+10 
 1.32000000e+00 -3.81279245e+10 
 1.32100000e+00 -3.81255444e+10 
 1.32200000e+00 -3.81231266e+10 
 1.32300000e+00 -3.81206711e+10 
 1.32400000e+00 -3.81181780e+10 
 1.32500000e+00 -3.81156474e+10 
 1.32600000e+00 -3.81130795e+10 
 1.32700000e+00 -3.81104744e+10 
 1.32800000e+00 -3.81078321e+10 
 1.32900000e+00 -3.81051527e+10 
 1.33000000e+00 -3.81024364e+10 
 1.33100000e+00 -3.80996833e+10 
 1.33200000e+00 -3.80968935e+10 
 1.33300000e+00 -3.80940671e+10 
 1.33400000e+00 -3.80912041e+10 
 1.33500000e+00 -3.80883048e+10 
 1.33600000e+00 -3.80853691e+10 
 1.33700000e+00 -3.80823972e+10 
 1.33800000e+00 -3.80793892e+10 
 1.33900000e+00 -3.80763452e+10 
 1.34000000e+00 -3.80732654e+10 
 1.34100000e+00 -3.80701497e+10 
 1.34200000e+00 -3.80669983e+10 
 1.34300000e+00 -3.80638113e+10 
 1.34400000e+00 -3.80605889e+10 
 1.34500000e+00 -3.80573310e+10 
 1.34600000e+00 -3.80540379e+10 
 1.34700000e+00 -3.80507095e+10 
 1.34800000e+00 -3.80473460e+10 
 1.34900000e+00 -3.80439476e+10 
 1.35000000e+00 -3.80405142e+10 
 1.35100000e+00 -3.80370461e+10 
 1.35200000e+00 -3.80335432e+10 
 1.35300000e+00 -3.80300058e+10 
 1.35400000e+00 -3.80264338e+10 
 1.35500000e+00 -3.80228274e+10 
 1.35600000e+00 -3.80191867e+10 
 1.35700000e+00 -3.80155117e+10 
 1.35800000e+00 -3.80118027e+10 
 1.35900000e+00 -3.80080596e+10 
 1.36000000e+00 -3.80042825e+10 
 1.36100000e+00 -3.80004716e+10 
 1.36200000e+00 -3.79966270e+10 
 1.36300000e+00 -3.79927487e+10 
 1.36400000e+00 -3.79888369e+10 
 1.36500000e+00 -3.79848916e+10 
 1.36600000e+00 -3.79809129e+10 
 1.36700000e+00 -3.79769009e+10 
 1.36800000e+00 -3.79728557e+10 
 1.36900000e+00 -3.79687774e+10 
 1.37000000e+00 -3.79646661e+10 
 1.37100000e+00 -3.79605219e+10 
 1.37200000e+00 -3.79563449e+10 
 1.37300000e+00 -3.79521351e+10 
 1.37400000e+00 -3.79478927e+10 
 1.37500000e+00 -3.79436178e+10 
 1.37600000e+00 -3.79393103e+10 
 1.37700000e+00 -3.79349705e+10 
 1.37800000e+00 -3.79305984e+10 
 1.37900000e+00 -3.79261941e+10 
 1.38000000e+00 -3.79217576e+10 
 1.38100000e+00 -3.79172892e+10 
 1.38200000e+00 -3.79127888e+10 
 1.38300000e+00 -3.79082565e+10 
 1.38400000e+00 -3.79036925e+10 
 1.38500000e+00 -3.78990968e+10 
 1.38600000e+00 -3.78944695e+10 
 1.38700000e+00 -3.78898107e+10 
 1.38800000e+00 -3.78851205e+10 
 1.38900000e+00 -3.78803990e+10 
 1.39000000e+00 -3.78756462e+10 
 1.39100000e+00 -3.78708622e+10 
 1.39200000e+00 -3.78660471e+10 
 1.39300000e+00 -3.78612010e+10 
 1.39400000e+00 -3.78563241e+10 
 1.39500000e+00 -3.78514162e+10 
 1.39600000e+00 -3.78464777e+10 
 1.39700000e+00 -3.78415084e+10 
 1.39800000e+00 -3.78365086e+10 
 1.39900000e+00 -3.78314783e+10 
 1.40000000e+00 -3.78264175e+10 
 1.40100000e+00 -3.78213264e+10 
 1.40200000e+00 -3.78162051e+10 
 1.40300000e+00 -3.78110535e+10 
 1.40400000e+00 -3.78058719e+10 
 1.40500000e+00 -3.78006602e+10 
 1.40600000e+00 -3.77954186e+10 
 1.40700000e+00 -3.77901471e+10 
 1.40800000e+00 -3.77848459e+10 
 1.40900000e+00 -3.77795149e+10 
 1.41000000e+00 -3.77741544e+10 
 1.41100000e+00 -3.77687642e+10 
 1.41200000e+00 -3.77633446e+10 
 1.41300000e+00 -3.77578956e+10 
 1.41400000e+00 -3.77524173e+10 
 1.41500000e+00 -3.77469098e+10 
 1.41600000e+00 -3.77413730e+10 
 1.41700000e+00 -3.77358072e+10 
 1.41800000e+00 -3.77302124e+10 
 1.41900000e+00 -3.77245887e+10 
 1.42000000e+00 -3.77189360e+10 
 1.42100000e+00 -3.77132546e+10 
 1.42200000e+00 -3.77075445e+10 
 1.42300000e+00 -3.77018058e+10 
 1.42400000e+00 -3.76960385e+10 
 1.42500000e+00 -3.76902427e+10 
 1.42600000e+00 -3.76844185e+10 
 1.42700000e+00 -3.76785659e+10 
 1.42800000e+00 -3.76726851e+10 
 1.42900000e+00 -3.76667760e+10 
 1.43000000e+00 -3.76608389e+10 
 1.43100000e+00 -3.76548737e+10 
 1.43200000e+00 -3.76488805e+10 
 1.43300000e+00 -3.76428594e+10 
 1.43400000e+00 -3.76368104e+10 
 1.43500000e+00 -3.76307337e+10 
 1.43600000e+00 -3.76246293e+10 
 1.43700000e+00 -3.76184973e+10 
 1.43800000e+00 -3.76123377e+10 
 1.43900000e+00 -3.76061506e+10 
 1.44000000e+00 -3.75999361e+10 
 1.44100000e+00 -3.75936942e+10 
 1.44200000e+00 -3.75874251e+10 
 1.44300000e+00 -3.75811287e+10 
 1.44400000e+00 -3.75748052e+10 
 1.44500000e+00 -3.75684546e+10 
 1.44600000e+00 -3.75620770e+10 
 1.44700000e+00 -3.75556724e+10 
 1.44800000e+00 -3.75492410e+10 
 1.44900000e+00 -3.75427828e+10 
 1.45000000e+00 -3.75362978e+10 
 1.45100000e+00 -3.75297861e+10 
 1.45200000e+00 -3.75232479e+10 
 1.45300000e+00 -3.75166830e+10 
 1.45400000e+00 -3.75100917e+10 
 1.45500000e+00 -3.75034740e+10 
 1.45600000e+00 -3.74968299e+10 
 1.45700000e+00 -3.74901596e+10 
 1.45800000e+00 -3.74834630e+10 
 1.45900000e+00 -3.74767402e+10 
 1.46000000e+00 -3.74699914e+10 
 1.46100000e+00 -3.74632165e+10 
 1.46200000e+00 -3.74564156e+10 
 1.46300000e+00 -3.74495888e+10 
 1.46400000e+00 -3.74427362e+10 
 1.46500000e+00 -3.74358578e+10 
 1.46600000e+00 -3.74289537e+10 
 1.46700000e+00 -3.74220239e+10 
 1.46800000e+00 -3.74150684e+10 
 1.46900000e+00 -3.74080875e+10 
 1.47000000e+00 -3.74010811e+10 
 1.47100000e+00 -3.73940492e+10 
 1.47200000e+00 -3.73869920e+10 
 1.47300000e+00 -3.73799095e+10 
 1.47400000e+00 -3.73728018e+10 
 1.47500000e+00 -3.73656688e+10 
 1.47600000e+00 -3.73585108e+10 
 1.47700000e+00 -3.73513277e+10 
 1.47800000e+00 -3.73441195e+10 
 1.47900000e+00 -3.73368865e+10 
 1.48000000e+00 -3.73296285e+10 
 1.48100000e+00 -3.73223457e+10 
 1.48200000e+00 -3.73150381e+10 
 1.48300000e+00 -3.73077058e+10 
 1.48400000e+00 -3.73003489e+10 
 1.48500000e+00 -3.72929673e+10 
 1.48600000e+00 -3.72855612e+10 
 1.48700000e+00 -3.72781306e+10 
 1.48800000e+00 -3.72706756e+10 
 1.48900000e+00 -3.72631961e+10 
 1.49000000e+00 -3.72556924e+10 
 1.49100000e+00 -3.72481643e+10 
 1.49200000e+00 -3.72406121e+10 
 1.49300000e+00 -3.72330357e+10 
 1.49400000e+00 -3.72254352e+10 
 1.49500000e+00 -3.72178106e+10 
 1.49600000e+00 -3.72101620e+10 
 1.49700000e+00 -3.72024895e+10 
 1.49800000e+00 -3.71947931e+10 
 1.49900000e+00 -3.71870728e+10 
 1.50000000e+00 -3.71793287e+10 
 1.50100000e+00 -3.71715609e+10 
 1.50200000e+00 -3.71637694e+10 
 1.50300000e+00 -3.71559543e+10 
 1.50400000e+00 -3.71481156e+10 
 1.50500000e+00 -3.71402534e+10 
 1.50600000e+00 -3.71323676e+10 
 1.50700000e+00 -3.71244585e+10 
 1.50800000e+00 -3.71165260e+10 
 1.50900000e+00 -3.71085701e+10 
 1.51000000e+00 -3.71005909e+10 
 1.51100000e+00 -3.70925886e+10 
 1.51200000e+00 -3.70845630e+10 
 1.51300000e+00 -3.70765143e+10 
 1.51400000e+00 -3.70684425e+10 
 1.51500000e+00 -3.70603477e+10 
 1.51600000e+00 -3.70522299e+10 
 1.51700000e+00 -3.70440891e+10 
 1.51800000e+00 -3.70359255e+10 
 1.51900000e+00 -3.70277390e+10 
 1.52000000e+00 -3.70195297e+10 
 1.52100000e+00 -3.70112977e+10 
 1.52200000e+00 -3.70030430e+10 
 1.52300000e+00 -3.69947656e+10 
 1.52400000e+00 -3.69864656e+10 
 1.52500000e+00 -3.69781430e+10 
 1.52600000e+00 -3.69697979e+10 
 1.52700000e+00 -3.69614304e+10 
 1.52800000e+00 -3.69530404e+10 
 1.52900000e+00 -3.69446280e+10 
 1.53000000e+00 -3.69361933e+10 
 1.53100000e+00 -3.69277363e+10 
 1.53200000e+00 -3.69192571e+10 
 1.53300000e+00 -3.69107556e+10 
 1.53400000e+00 -3.69022320e+10 
 1.53500000e+00 -3.68936863e+10 
 1.53600000e+00 -3.68851185e+10 
 1.53700000e+00 -3.68765286e+10 
 1.53800000e+00 -3.68679168e+10 
 1.53900000e+00 -3.68592830e+10 
 1.54000000e+00 -3.68506274e+10 
 1.54100000e+00 -3.68419498e+10 
 1.54200000e+00 -3.68332505e+10 
 1.54300000e+00 -3.68245294e+10 
 1.54400000e+00 -3.68157865e+10 
 1.54500000e+00 -3.68070219e+10 
 1.54600000e+00 -3.67982357e+10 
 1.54700000e+00 -3.67894279e+10 
 1.54800000e+00 -3.67805985e+10 
 1.54900000e+00 -3.67717476e+10 
 1.55000000e+00 -3.67628752e+10 
 1.55100000e+00 -3.67539813e+10 
 1.55200000e+00 -3.67450660e+10 
 1.55300000e+00 -3.67361293e+10 
 1.55400000e+00 -3.67271713e+10 
 1.55500000e+00 -3.67181920e+10 
 1.55600000e+00 -3.67091915e+10 
 1.55700000e+00 -3.67001697e+10 
 1.55800000e+00 -3.66911268e+10 
 1.55900000e+00 -3.66820627e+10 
 1.56000000e+00 -3.66729775e+10 
 1.56100000e+00 -3.66638712e+10 
 1.56200000e+00 -3.66547439e+10 
 1.56300000e+00 -3.66455956e+10 
 1.56400000e+00 -3.66364264e+10 
 1.56500000e+00 -3.66272362e+10 
 1.56600000e+00 -3.66180252e+10 
 1.56700000e+00 -3.66087933e+10 
 1.56800000e+00 -3.65995406e+10 
 1.56900000e+00 -3.65902671e+10 
 1.57000000e+00 -3.65809729e+10 
 1.57100000e+00 -3.65716579e+10 
 1.57200000e+00 -3.65623223e+10 
 1.57300000e+00 -3.65529661e+10 
 1.57400000e+00 -3.65435893e+10 
 1.57500000e+00 -3.65341919e+10 
 1.57600000e+00 -3.65247739e+10 
 1.57700000e+00 -3.65153355e+10 
 1.57800000e+00 -3.65058766e+10 
 1.57900000e+00 -3.64963972e+10 
 1.58000000e+00 -3.64868975e+10 
 1.58100000e+00 -3.64773774e+10 
 1.58200000e+00 -3.64678370e+10 
 1.58300000e+00 -3.64582762e+10 
 1.58400000e+00 -3.64486952e+10 
 1.58500000e+00 -3.64390940e+10 
 1.58600000e+00 -3.64294725e+10 
 1.58700000e+00 -3.64198309e+10 
 1.58800000e+00 -3.64101692e+10 
 1.58900000e+00 -3.64004873e+10 
 1.59000000e+00 -3.63907853e+10 
 1.59100000e+00 -3.63810634e+10 
 1.59200000e+00 -3.63713213e+10 
 1.59300000e+00 -3.63615593e+10 
 1.59400000e+00 -3.63517774e+10 
 1.59500000e+00 -3.63419755e+10 
 1.59600000e+00 -3.63321537e+10 
 1.59700000e+00 -3.63223121e+10 
 1.59800000e+00 -3.63124506e+10 
 1.59900000e+00 -3.63025693e+10 
 1.60000000e+00 -3.62926682e+10 
 1.60100000e+00 -3.62827474e+10 
 1.60200000e+00 -3.62728068e+10 
 1.60300000e+00 -3.62628466e+10 
 1.60400000e+00 -3.62528667e+10 
 1.60500000e+00 -3.62428671e+10 
 1.60600000e+00 -3.62328479e+10 
 1.60700000e+00 -3.62228092e+10 
 1.60800000e+00 -3.62127509e+10 
 1.60900000e+00 -3.62026731e+10 
 1.61000000e+00 -3.61925757e+10 
 1.61100000e+00 -3.61824589e+10 
 1.61200000e+00 -3.61723227e+10 
 1.61300000e+00 -3.61621670e+10 
 1.61400000e+00 -3.61519919e+10 
 1.61500000e+00 -3.61417974e+10 
 1.61600000e+00 -3.61315836e+10 
 1.61700000e+00 -3.61213505e+10 
 1.61800000e+00 -3.61110981e+10 
 1.61900000e+00 -3.61008264e+10 
 1.62000000e+00 -3.60905355e+10 
 1.62100000e+00 -3.60802254e+10 
 1.62200000e+00 -3.60698960e+10 
 1.62300000e+00 -3.60595475e+10 
 1.62400000e+00 -3.60491799e+10 
 1.62500000e+00 -3.60387931e+10 
 1.62600000e+00 -3.60283872e+10 
 1.62700000e+00 -3.60179623e+10 
 1.62800000e+00 -3.60075182e+10 
 1.62900000e+00 -3.59970552e+10 
 1.63000000e+00 -3.59865732e+10 
 1.63100000e+00 -3.59760721e+10 
 1.63200000e+00 -3.59655522e+10 
 1.63300000e+00 -3.59550132e+10 
 1.63400000e+00 -3.59444554e+10 
 1.63500000e+00 -3.59338787e+10 
 1.63600000e+00 -3.59232830e+10 
 1.63700000e+00 -3.59126686e+10 
 1.63800000e+00 -3.59020353e+10 
 1.63900000e+00 -3.58913832e+10 
 1.64000000e+00 -3.58807123e+10 
 1.64100000e+00 -3.58700227e+10 
 1.64200000e+00 -3.58593143e+10 
 1.64300000e+00 -3.58485872e+10 
 1.64400000e+00 -3.58378414e+10 
 1.64500000e+00 -3.58270769e+10 
 1.64600000e+00 -3.58162937e+10 
 1.64700000e+00 -3.58054919e+10 
 1.64800000e+00 -3.57946715e+10 
 1.64900000e+00 -3.57838324e+10 
 1.65000000e+00 -3.57729748e+10 
 1.65100000e+00 -3.57620986e+10 
 1.65200000e+00 -3.57512039e+10 
 1.65300000e+00 -3.57402906e+10 
 1.65400000e+00 -3.57293588e+10 
 1.65500000e+00 -3.57184086e+10 
 1.65600000e+00 -3.57074398e+10 
 1.65700000e+00 -3.56964527e+10 
 1.65800000e+00 -3.56854470e+10 
 1.65900000e+00 -3.56744230e+10 
 1.66000000e+00 -3.56633805e+10 
 1.66100000e+00 -3.56523197e+10 
 1.66200000e+00 -3.56412405e+10 
 1.66300000e+00 -3.56301430e+10 
 1.66400000e+00 -3.56190271e+10 
 1.66500000e+00 -3.56078929e+10 
 1.66600000e+00 -3.55967404e+10 
 1.66700000e+00 -3.55855696e+10 
 1.66800000e+00 -3.55743806e+10 
 1.66900000e+00 -3.55631733e+10 
 1.67000000e+00 -3.55519478e+10 
 1.67100000e+00 -3.55407041e+10 
 1.67200000e+00 -3.55294421e+10 
 1.67300000e+00 -3.55181620e+10 
 1.67400000e+00 -3.55068637e+10 
 1.67500000e+00 -3.54955473e+10 
 1.67600000e+00 -3.54842127e+10 
 1.67700000e+00 -3.54728600e+10 
 1.67800000e+00 -3.54614891e+10 
 1.67900000e+00 -3.54501002e+10 
 1.68000000e+00 -3.54386932e+10 
 1.68100000e+00 -3.54272682e+10 
 1.68200000e+00 -3.54158250e+10 
 1.68300000e+00 -3.54043639e+10 
 1.68400000e+00 -3.53928847e+10 
 1.68500000e+00 -3.53813875e+10 
 1.68600000e+00 -3.53698723e+10 
 1.68700000e+00 -3.53583391e+10 
 1.68800000e+00 -3.53467880e+10 
 1.68900000e+00 -3.53352189e+10 
 1.69000000e+00 -3.53236318e+10 
 1.69100000e+00 -3.53120268e+10 
 1.69200000e+00 -3.53004039e+10 
 1.69300000e+00 -3.52887631e+10 
 1.69400000e+00 -3.52771044e+10 
 1.69500000e+00 -3.52654279e+10 
 1.69600000e+00 -3.52537334e+10 
 1.69700000e+00 -3.52420211e+10 
 1.69800000e+00 -3.52302910e+10 
 1.69900000e+00 -3.52185430e+10 
 1.70000000e+00 -3.52067772e+10 
 1.70100000e+00 -3.51949936e+10 
 1.70200000e+00 -3.51831922e+10 
 1.70300000e+00 -3.51713730e+10 
 1.70400000e+00 -3.51595360e+10 
 1.70500000e+00 -3.51476812e+10 
 1.70600000e+00 -3.51358088e+10 
 1.70700000e+00 -3.51239185e+10 
 1.70800000e+00 -3.51120106e+10 
 1.70900000e+00 -3.51000849e+10 
 1.71000000e+00 -3.50881415e+10 
 1.71100000e+00 -3.50761804e+10 
 1.71200000e+00 -3.50642016e+10 
 1.71300000e+00 -3.50522051e+10 
 1.71400000e+00 -3.50401910e+10 
 1.71500000e+00 -3.50281592e+10 
 1.71600000e+00 -3.50161097e+10 
 1.71700000e+00 -3.50040427e+10 
 1.71800000e+00 -3.49919579e+10 
 1.71900000e+00 -3.49798556e+10 
 1.72000000e+00 -3.49677356e+10 
 1.72100000e+00 -3.49555981e+10 
 1.72200000e+00 -3.49434429e+10 
 1.72300000e+00 -3.49312702e+10 
 1.72400000e+00 -3.49190799e+10 
 1.72500000e+00 -3.49068720e+10 
 1.72600000e+00 -3.48946466e+10 
 1.72700000e+00 -3.48824036e+10 
 1.72800000e+00 -3.48701431e+10 
 1.72900000e+00 -3.48578650e+10 
 1.73000000e+00 -3.48455694e+10 
 1.73100000e+00 -3.48332564e+10 
 1.73200000e+00 -3.48209257e+10 
 1.73300000e+00 -3.48085776e+10 
 1.73400000e+00 -3.47962121e+10 
 1.73500000e+00 -3.47838290e+10 
 1.73600000e+00 -3.47714284e+10 
 1.73700000e+00 -3.47590104e+10 
 1.73800000e+00 -3.47465749e+10 
 1.73900000e+00 -3.47341220e+10 
 1.74000000e+00 -3.47216516e+10 
 1.74100000e+00 -3.47091638e+10 
 1.74200000e+00 -3.46966585e+10 
 1.74300000e+00 -3.46841359e+10 
 1.74400000e+00 -3.46715958e+10 
 1.74500000e+00 -3.46590383e+10 
 1.74600000e+00 -3.46464634e+10 
 1.74700000e+00 -3.46338711e+10 
 1.74800000e+00 -3.46212614e+10 
 1.74900000e+00 -3.46086343e+10 
 1.75000000e+00 -3.45959899e+10 
 1.75100000e+00 -3.45833281e+10 
 1.75200000e+00 -3.45706489e+10 
 1.75300000e+00 -3.45579524e+10 
 1.75400000e+00 -3.45452385e+10 
 1.75500000e+00 -3.45325073e+10 
 1.75600000e+00 -3.45197587e+10 
 1.75700000e+00 -3.45069929e+10 
 1.75800000e+00 -3.44942097e+10 
 1.75900000e+00 -3.44814091e+10 
 1.76000000e+00 -3.44685913e+10 
 1.76100000e+00 -3.44557562e+10 
 1.76200000e+00 -3.44429038e+10 
 1.76300000e+00 -3.44300340e+10 
 1.76400000e+00 -3.44171470e+10 
 1.76500000e+00 -3.44042427e+10 
 1.76600000e+00 -3.43913212e+10 
 1.76700000e+00 -3.43783823e+10 
 1.76800000e+00 -3.43654262e+10 
 1.76900000e+00 -3.43524529e+10 
 1.77000000e+00 -3.43394623e+10 
 1.77100000e+00 -3.43264544e+10 
 1.77200000e+00 -3.43134293e+10 
 1.77300000e+00 -3.43003870e+10 
 1.77400000e+00 -3.42873274e+10 
 1.77500000e+00 -3.42742507e+10 
 1.77600000e+00 -3.42611567e+10 
 1.77700000e+00 -3.42480455e+10 
 1.77800000e+00 -3.42349170e+10 
 1.77900000e+00 -3.42217714e+10 
 1.78000000e+00 -3.42086086e+10 
 1.78100000e+00 -3.41954286e+10 
 1.78200000e+00 -3.41822314e+10 
 1.78300000e+00 -3.41690170e+10 
 1.78400000e+00 -3.41557855e+10 
 1.78500000e+00 -3.41425368e+10 
 1.78600000e+00 -3.41292709e+10 
 1.78700000e+00 -3.41159879e+10 
 1.78800000e+00 -3.41026877e+10 
 1.78900000e+00 -3.40893704e+10 
 1.79000000e+00 -3.40760359e+10 
 1.79100000e+00 -3.40626843e+10 
 1.79200000e+00 -3.40493155e+10 
 1.79300000e+00 -3.40359296e+10 
 1.79400000e+00 -3.40225266e+10 
 1.79500000e+00 -3.40091065e+10 
 1.79600000e+00 -3.39956693e+10 
 1.79700000e+00 -3.39822150e+10 
 1.79800000e+00 -3.39687436e+10 
 1.79900000e+00 -3.39552550e+10 
 1.80000000e+00 -3.39417494e+10 
