 0.00000000e+00 -3.69767698e+04 
 1.00000000e-03 -3.77337891e+04 
 2.00000000e-03 -3.85063763e+04 
 3.00000000e-03 -3.92948537e+04 
 4.00000000e-03 -4.00995506e+04 
 5.00000000e-03 -4.09208027e+04 
 6.00000000e-03 -4.17589532e+04 
 7.00000000e-03 -4.26143522e+04 
 8.00000000e-03 -4.34873571e+04 
 9.00000000e-03 -4.43783329e+04 
 1.00000000e-02 -4.52876523e+04 
 1.10000000e-02 -4.62156957e+04 
 1.20000000e-02 -4.71628513e+04 
 1.30000000e-02 -4.81295157e+04 
 1.40000000e-02 -4.91160936e+04 
 1.50000000e-02 -5.01229984e+04 
 1.60000000e-02 -5.11506520e+04 
 1.70000000e-02 -5.21994850e+04 
 1.80000000e-02 -5.32699374e+04 
 1.90000000e-02 -5.43624582e+04 
 2.00000000e-02 -5.54775057e+04 
 2.10000000e-02 -5.66155480e+04 
 2.20000000e-02 -5.77770630e+04 
 2.30000000e-02 -5.89625385e+04 
 2.40000000e-02 -6.01724728e+04 
 2.50000000e-02 -6.14073744e+04 
 2.60000000e-02 -6.26677625e+04 
 2.70000000e-02 -6.39541673e+04 
 2.80000000e-02 -6.52671303e+04 
 2.90000000e-02 -6.66072039e+04 
 3.00000000e-02 -6.79749526e+04 
 3.10000000e-02 -6.93709524e+04 
 3.20000000e-02 -7.07957918e+04 
 3.30000000e-02 -7.22500713e+04 
 3.40000000e-02 -7.37344042e+04 
 3.50000000e-02 -7.52494168e+04 
 3.60000000e-02 -7.67957484e+04 
 3.70000000e-02 -7.83740518e+04 
 3.80000000e-02 -7.99849936e+04 
 3.90000000e-02 -8.16292545e+04 
 4.00000000e-02 -8.33075294e+04 
 4.10000000e-02 -8.50205279e+04 
 4.20000000e-02 -8.67689747e+04 
 4.30000000e-02 -8.85536094e+04 
 4.40000000e-02 -9.03751877e+04 
 4.50000000e-02 -9.22344808e+04 
 4.60000000e-02 -9.41322764e+04 
 4.70000000e-02 -9.60693788e+04 
 4.80000000e-02 -9.80466093e+04 
 4.90000000e-02 -1.00064806e+05 
 5.00000000e-02 -1.02124826e+05 
 5.10000000e-02 -1.04227544e+05 
 5.20000000e-02 -1.06373851e+05 
 5.30000000e-02 -1.08564661e+05 
 5.40000000e-02 -1.10800904e+05 
 5.50000000e-02 -1.13083530e+05 
 5.60000000e-02 -1.15413511e+05 
 5.70000000e-02 -1.17791837e+05 
 5.80000000e-02 -1.20219522e+05 
 5.90000000e-02 -1.22697598e+05 
 6.00000000e-02 -1.25227122e+05 
 6.10000000e-02 -1.27809172e+05 
 6.20000000e-02 -1.30444848e+05 
 6.30000000e-02 -1.33135275e+05 
 6.40000000e-02 -1.35881600e+05 
 6.50000000e-02 -1.38684996e+05 
 6.60000000e-02 -1.41546659e+05 
 6.70000000e-02 -1.44467814e+05 
 6.80000000e-02 -1.47449707e+05 
 6.90000000e-02 -1.50493614e+05 
 7.00000000e-02 -1.53600838e+05 
 7.10000000e-02 -1.56772707e+05 
 7.20000000e-02 -1.60010579e+05 
 7.30000000e-02 -1.63315842e+05 
 7.40000000e-02 -1.66689911e+05 
 7.50000000e-02 -1.70134234e+05 
 7.60000000e-02 -1.73650286e+05 
 7.70000000e-02 -1.77239577e+05 
 7.80000000e-02 -1.80903646e+05 
 7.90000000e-02 -1.84644068e+05 
 8.00000000e-02 -1.88462449e+05 
 8.10000000e-02 -1.92360430e+05 
 8.20000000e-02 -1.96339686e+05 
 8.30000000e-02 -2.00401930e+05 
 8.40000000e-02 -2.04548910e+05 
 8.50000000e-02 -2.08782410e+05 
 8.60000000e-02 -2.13104254e+05 
 8.70000000e-02 -2.17516305e+05 
 8.80000000e-02 -2.22020463e+05 
 8.90000000e-02 -2.26618672e+05 
 9.00000000e-02 -2.31312916e+05 
 9.10000000e-02 -2.36105220e+05 
 9.20000000e-02 -2.40997654e+05 
 9.30000000e-02 -2.45992331e+05 
 9.40000000e-02 -2.51091411e+05 
 9.50000000e-02 -2.56297098e+05 
 9.60000000e-02 -2.61611644e+05 
 9.70000000e-02 -2.67037349e+05 
 9.80000000e-02 -2.72576562e+05 
 9.90000000e-02 -2.78231682e+05 
 1.00000000e-01 -2.84005160e+05 
 1.01000000e-01 -2.89899500e+05 
 1.02000000e-01 -2.95917258e+05 
 1.03000000e-01 -3.02061045e+05 
 1.04000000e-01 -3.08333528e+05 
 1.05000000e-01 -3.14737431e+05 
 1.06000000e-01 -3.21275538e+05 
 1.07000000e-01 -3.27950691e+05 
 1.08000000e-01 -3.34765792e+05 
 1.09000000e-01 -3.41723807e+05 
 1.10000000e-01 -3.48827764e+05 
 1.11000000e-01 -3.56080758e+05 
 1.12000000e-01 -3.63485948e+05 
 1.13000000e-01 -3.71046563e+05 
 1.14000000e-01 -3.78765899e+05 
 1.15000000e-01 -3.86647325e+05 
 1.16000000e-01 -3.94694280e+05 
 1.17000000e-01 -4.02910278e+05 
 1.18000000e-01 -4.11298909e+05 
 1.19000000e-01 -4.19863839e+05 
 1.20000000e-01 -4.28608813e+05 
 1.21000000e-01 -4.37537657e+05 
 1.22000000e-01 -4.46654279e+05 
 1.23000000e-01 -4.55962670e+05 
 1.24000000e-01 -4.65466909e+05 
 1.25000000e-01 -4.75171161e+05 
 1.26000000e-01 -4.85079680e+05 
 1.27000000e-01 -4.95196813e+05 
 1.28000000e-01 -5.05527000e+05 
 1.29000000e-01 -5.16074776e+05 
 1.30000000e-01 -5.26844775e+05 
 1.31000000e-01 -5.37841729e+05 
 1.32000000e-01 -5.49070473e+05 
 1.33000000e-01 -5.60535946e+05 
 1.34000000e-01 -5.72243193e+05 
 1.35000000e-01 -5.84197369e+05 
 1.36000000e-01 -5.96403737e+05 
 1.37000000e-01 -6.08867678e+05 
 1.38000000e-01 -6.21594684e+05 
 1.39000000e-01 -6.34590369e+05 
 1.40000000e-01 -6.47860467e+05 
 1.41000000e-01 -6.61410836e+05 
 1.42000000e-01 -6.75247459e+05 
 1.43000000e-01 -6.89376450e+05 
 1.44000000e-01 -7.03804054e+05 
 1.45000000e-01 -7.18536650e+05 
 1.46000000e-01 -7.33580757e+05 
 1.47000000e-01 -7.48943031e+05 
 1.48000000e-01 -7.64630276e+05 
 1.49000000e-01 -7.80649440e+05 
 1.50000000e-01 -7.97007623e+05 
 1.51000000e-01 -8.13712077e+05 
 1.52000000e-01 -8.30770210e+05 
 1.53000000e-01 -8.48189594e+05 
 1.54000000e-01 -8.65977959e+05 
 1.55000000e-01 -8.84143207e+05 
 1.56000000e-01 -9.02693408e+05 
 1.57000000e-01 -9.21636808e+05 
 1.58000000e-01 -9.40981831e+05 
 1.59000000e-01 -9.60737083e+05 
 1.60000000e-01 -9.80911355e+05 
 1.61000000e-01 -1.00151363e+06 
 1.62000000e-01 -1.02255309e+06 
 1.63000000e-01 -1.04403910e+06 
 1.64000000e-01 -1.06598124e+06 
 1.65000000e-01 -1.08838930e+06 
 1.66000000e-01 -1.11127329e+06 
 1.67000000e-01 -1.13464340e+06 
 1.68000000e-01 -1.15851007e+06 
 1.69000000e-01 -1.18288398e+06 
 1.70000000e-01 -1.20777600e+06 
 1.71000000e-01 -1.23319727e+06 
 1.72000000e-01 -1.25915916e+06 
 1.73000000e-01 -1.28567328e+06 
 1.74000000e-01 -1.31275150e+06 
 1.75000000e-01 -1.34040593e+06 
 1.76000000e-01 -1.36864898e+06 
 1.77000000e-01 -1.39749330e+06 
 1.78000000e-01 -1.42695180e+06 
 1.79000000e-01 -1.45703771e+06 
 1.80000000e-01 -1.48776453e+06 
 1.81000000e-01 -1.51914602e+06 
 1.82000000e-01 -1.55119630e+06 
 1.83000000e-01 -1.58392974e+06 
 1.84000000e-01 -1.61736106e+06 
 1.85000000e-01 -1.65150528e+06 
 1.86000000e-01 -1.68637774e+06 
 1.87000000e-01 -1.72199413e+06 
 1.88000000e-01 -1.75837047e+06 
 1.89000000e-01 -1.79552314e+06 
 1.90000000e-01 -1.83346885e+06 
 1.91000000e-01 -1.87222469e+06 
 1.92000000e-01 -1.91180812e+06 
 1.93000000e-01 -1.95223698e+06 
 1.94000000e-01 -1.99352948e+06 
 1.95000000e-01 -2.03570426e+06 
 1.96000000e-01 -2.07878032e+06 
 1.97000000e-01 -2.12277710e+06 
 1.98000000e-01 -2.16771447e+06 
 1.99000000e-01 -2.21361269e+06 
 2.00000000e-01 -2.26049250e+06 
 2.01000000e-01 -2.30837508e+06 
 2.02000000e-01 -2.35728205e+06 
 2.03000000e-01 -2.40723552e+06 
 2.04000000e-01 -2.45825807e+06 
 2.05000000e-01 -2.51037277e+06 
 2.06000000e-01 -2.56360320e+06 
 2.07000000e-01 -2.61797342e+06 
 2.08000000e-01 -2.67350805e+06 
 2.09000000e-01 -2.73023223e+06 
 2.10000000e-01 -2.78817162e+06 
 2.11000000e-01 -2.84735247e+06 
 2.12000000e-01 -2.90780159e+06 
 2.13000000e-01 -2.96954635e+06 
 2.14000000e-01 -3.03261474e+06 
 2.15000000e-01 -3.09703534e+06 
 2.16000000e-01 -3.16283735e+06 
 2.17000000e-01 -3.23005060e+06 
 2.18000000e-01 -3.29870558e+06 
 2.19000000e-01 -3.36883342e+06 
 2.20000000e-01 -3.44046593e+06 
 2.21000000e-01 -3.51363561e+06 
 2.22000000e-01 -3.58837568e+06 
 2.23000000e-01 -3.66472003e+06 
 2.24000000e-01 -3.74270334e+06 
 2.25000000e-01 -3.82236100e+06 
 2.26000000e-01 -3.90372917e+06 
 2.27000000e-01 -3.98684480e+06 
 2.28000000e-01 -4.07174565e+06 
 2.29000000e-01 -4.15847026e+06 
 2.30000000e-01 -4.24705802e+06 
 2.31000000e-01 -4.33754919e+06 
 2.32000000e-01 -4.42998487e+06 
 2.33000000e-01 -4.52440705e+06 
 2.34000000e-01 -4.62085863e+06 
 2.35000000e-01 -4.71938343e+06 
 2.36000000e-01 -4.82002624e+06 
 2.37000000e-01 -4.92283276e+06 
 2.38000000e-01 -5.02784974e+06 
 2.39000000e-01 -5.13512487e+06 
 2.40000000e-01 -5.24470692e+06 
 2.41000000e-01 -5.35664567e+06 
 2.42000000e-01 -5.47099200e+06 
 2.43000000e-01 -5.58779786e+06 
 2.44000000e-01 -5.70711633e+06 
 2.45000000e-01 -5.82900162e+06 
 2.46000000e-01 -5.95350910e+06 
 2.47000000e-01 -6.08069535e+06 
 2.48000000e-01 -6.21061814e+06 
 2.49000000e-01 -6.34333647e+06 
 2.50000000e-01 -6.47891065e+06 
 2.51000000e-01 -6.61740222e+06 
 2.52000000e-01 -6.75887408e+06 
 2.53000000e-01 -6.90339046e+06 
 2.54000000e-01 -7.05101697e+06 
 2.55000000e-01 -7.20182061e+06 
 2.56000000e-01 -7.35586981e+06 
 2.57000000e-01 -7.51323449e+06 
 2.58000000e-01 -7.67398601e+06 
 2.59000000e-01 -7.83819730e+06 
 2.60000000e-01 -8.00594281e+06 
 2.61000000e-01 -8.17729860e+06 
 2.62000000e-01 -8.35234232e+06 
 2.63000000e-01 -8.53115331e+06 
 2.64000000e-01 -8.71381256e+06 
 2.65000000e-01 -8.90040279e+06 
 2.66000000e-01 -9.09100849e+06 
 2.67000000e-01 -9.28571593e+06 
 2.68000000e-01 -9.48461320e+06 
 2.69000000e-01 -9.68779027e+06 
 2.70000000e-01 -9.89533902e+06 
 2.71000000e-01 -1.01073532e+07 
 2.72000000e-01 -1.03239288e+07 
 2.73000000e-01 -1.05451634e+07 
 2.74000000e-01 -1.07711569e+07 
 2.75000000e-01 -1.10020115e+07 
 2.76000000e-01 -1.12378311e+07 
 2.77000000e-01 -1.14787222e+07 
 2.78000000e-01 -1.17247933e+07 
 2.79000000e-01 -1.19761552e+07 
 2.80000000e-01 -1.22329212e+07 
 2.81000000e-01 -1.24952067e+07 
 2.82000000e-01 -1.27631297e+07 
 2.83000000e-01 -1.30368108e+07 
 2.84000000e-01 -1.33163727e+07 
 2.85000000e-01 -1.36019412e+07 
 2.86000000e-01 -1.38936442e+07 
 2.87000000e-01 -1.41916128e+07 
 2.88000000e-01 -1.44959803e+07 
 2.89000000e-01 -1.48068831e+07 
 2.90000000e-01 -1.51244605e+07 
 2.91000000e-01 -1.54488544e+07 
 2.92000000e-01 -1.57802100e+07 
 2.93000000e-01 -1.61186751e+07 
 2.94000000e-01 -1.64644009e+07 
 2.95000000e-01 -1.68175417e+07 
 2.96000000e-01 -1.71782547e+07 
 2.97000000e-01 -1.75467007e+07 
 2.98000000e-01 -1.79230436e+07 
 2.99000000e-01 -1.83074507e+07 
 3.00000000e-01 -1.87000929e+07 
 3.01000000e-01 -1.91011445e+07 
 3.02000000e-01 -1.95107832e+07 
 3.03000000e-01 -1.99291907e+07 
 3.04000000e-01 -2.03565521e+07 
 3.05000000e-01 -2.07930566e+07 
 3.06000000e-01 -2.12388969e+07 
 3.07000000e-01 -2.16942699e+07 
 3.08000000e-01 -2.21593765e+07 
 3.09000000e-01 -2.26344215e+07 
 3.10000000e-01 -2.31196141e+07 
 3.11000000e-01 -2.36151676e+07 
 3.12000000e-01 -2.41212995e+07 
 3.13000000e-01 -2.46382321e+07 
 3.14000000e-01 -2.51661918e+07 
 3.15000000e-01 -2.57054097e+07 
 3.16000000e-01 -2.62561217e+07 
 3.17000000e-01 -2.68185682e+07 
 3.18000000e-01 -2.73929946e+07 
 3.19000000e-01 -2.79796512e+07 
 3.20000000e-01 -2.85787933e+07 
 3.21000000e-01 -2.91906813e+07 
 3.22000000e-01 -2.98155809e+07 
 3.23000000e-01 -3.04537628e+07 
 3.24000000e-01 -3.11055034e+07 
 3.25000000e-01 -3.17710846e+07 
 3.26000000e-01 -3.24507937e+07 
 3.27000000e-01 -3.31449238e+07 
 3.28000000e-01 -3.38537738e+07 
 3.29000000e-01 -3.45776485e+07 
 3.30000000e-01 -3.53168587e+07 
 3.31000000e-01 -3.60717214e+07 
 3.32000000e-01 -3.68425597e+07 
 3.33000000e-01 -3.76297032e+07 
 3.34000000e-01 -3.84334879e+07 
 3.35000000e-01 -3.92542562e+07 
 3.36000000e-01 -4.00923574e+07 
 3.37000000e-01 -4.09481477e+07 
 3.38000000e-01 -4.18219899e+07 
 3.39000000e-01 -4.27142542e+07 
 3.40000000e-01 -4.36253177e+07 
 3.41000000e-01 -4.45555649e+07 
 3.42000000e-01 -4.55053879e+07 
 3.43000000e-01 -4.64751862e+07 
 3.44000000e-01 -4.74653669e+07 
 3.45000000e-01 -4.84763452e+07 
 3.46000000e-01 -4.95085441e+07 
 3.47000000e-01 -5.05623947e+07 
 3.48000000e-01 -5.16383363e+07 
 3.49000000e-01 -5.27368167e+07 
 3.50000000e-01 -5.38582923e+07 
 3.51000000e-01 -5.50032280e+07 
 3.52000000e-01 -5.61720976e+07 
 3.53000000e-01 -5.73653839e+07 
 3.54000000e-01 -5.85835789e+07 
 3.55000000e-01 -5.98271836e+07 
 3.56000000e-01 -6.10967088e+07 
 3.57000000e-01 -6.23926748e+07 
 3.58000000e-01 -6.37156115e+07 
 3.59000000e-01 -6.50660589e+07 
 3.60000000e-01 -6.64445671e+07 
 3.61000000e-01 -6.78516964e+07 
 3.62000000e-01 -6.92880177e+07 
 3.63000000e-01 -7.07541122e+07 
 3.64000000e-01 -7.22505722e+07 
 3.65000000e-01 -7.37780009e+07 
 3.66000000e-01 -7.53370125e+07 
 3.67000000e-01 -7.69282328e+07 
 3.68000000e-01 -7.85522988e+07 
 3.69000000e-01 -8.02098597e+07 
 3.70000000e-01 -8.19015761e+07 
 3.71000000e-01 -8.36281211e+07 
 3.72000000e-01 -8.53901798e+07 
 3.73000000e-01 -8.71884501e+07 
 3.74000000e-01 -8.90236425e+07 
 3.75000000e-01 -9.08964803e+07 
 3.76000000e-01 -9.28077001e+07 
 3.77000000e-01 -9.47580519e+07 
 3.78000000e-01 -9.67482990e+07 
 3.79000000e-01 -9.87792189e+07 
 3.80000000e-01 -1.00851603e+08 
 3.81000000e-01 -1.02966256e+08 
 3.82000000e-01 -1.05123999e+08 
 3.83000000e-01 -1.07325666e+08 
 3.84000000e-01 -1.09572107e+08 
 3.85000000e-01 -1.11864186e+08 
 3.86000000e-01 -1.14202785e+08 
 3.87000000e-01 -1.16588799e+08 
 3.88000000e-01 -1.19023140e+08 
 3.89000000e-01 -1.21506735e+08 
 3.90000000e-01 -1.24040531e+08 
 3.91000000e-01 -1.26625487e+08 
 3.92000000e-01 -1.29262583e+08 
 3.93000000e-01 -1.31952813e+08 
 3.94000000e-01 -1.34697191e+08 
 3.95000000e-01 -1.37496748e+08 
 3.96000000e-01 -1.40352533e+08 
 3.97000000e-01 -1.43265613e+08 
 3.98000000e-01 -1.46237075e+08 
 3.99000000e-01 -1.49268023e+08 
 4.00000000e-01 -1.52359582e+08 
 4.01000000e-01 -1.55512895e+08 
 4.02000000e-01 -1.58729128e+08 
 4.03000000e-01 -1.62009464e+08 
 4.04000000e-01 -1.65355108e+08 
 4.05000000e-01 -1.68767286e+08 
 4.06000000e-01 -1.72247243e+08 
 4.07000000e-01 -1.75796250e+08 
 4.08000000e-01 -1.79415596e+08 
 4.09000000e-01 -1.83106594e+08 
 4.10000000e-01 -1.86870579e+08 
 4.11000000e-01 -1.90708909e+08 
 4.12000000e-01 -1.94622967e+08 
 4.13000000e-01 -1.98614156e+08 
 4.14000000e-01 -2.02683907e+08 
 4.15000000e-01 -2.06833673e+08 
 4.16000000e-01 -2.11064934e+08 
 4.17000000e-01 -2.15379192e+08 
 4.18000000e-01 -2.19777978e+08 
 4.19000000e-01 -2.24262847e+08 
 4.20000000e-01 -2.28835381e+08 
 4.21000000e-01 -2.33497189e+08 
 4.22000000e-01 -2.38249908e+08 
 4.23000000e-01 -2.43095201e+08 
 4.24000000e-01 -2.48034761e+08 
 4.25000000e-01 -2.53070308e+08 
 4.26000000e-01 -2.58203592e+08 
 4.27000000e-01 -2.63436392e+08 
 4.28000000e-01 -2.68770517e+08 
 4.29000000e-01 -2.74207807e+08 
 4.30000000e-01 -2.79750133e+08 
 4.31000000e-01 -2.85399395e+08 
 4.32000000e-01 -2.91157528e+08 
 4.33000000e-01 -2.97026496e+08 
 4.34000000e-01 -3.03008300e+08 
 4.35000000e-01 -3.09104969e+08 
 4.36000000e-01 -3.15318570e+08 
 4.37000000e-01 -3.21651203e+08 
 4.38000000e-01 -3.28105001e+08 
 4.39000000e-01 -3.34682134e+08 
 4.40000000e-01 -3.41384807e+08 
 4.41000000e-01 -3.48215262e+08 
 4.42000000e-01 -3.55175777e+08 
 4.43000000e-01 -3.62268667e+08 
 4.44000000e-01 -3.69496285e+08 
 4.45000000e-01 -3.76861022e+08 
 4.46000000e-01 -3.84365309e+08 
 4.47000000e-01 -3.92011614e+08 
 4.48000000e-01 -3.99802446e+08 
 4.49000000e-01 -4.07740355e+08 
 4.50000000e-01 -4.15827929e+08 
 4.51000000e-01 -4.24067802e+08 
 4.52000000e-01 -4.32462644e+08 
 4.53000000e-01 -4.41015172e+08 
 4.54000000e-01 -4.49728143e+08 
 4.55000000e-01 -4.58604358e+08 
 4.56000000e-01 -4.67646661e+08 
 4.57000000e-01 -4.76857941e+08 
 4.58000000e-01 -4.86241132e+08 
 4.59000000e-01 -4.95799211e+08 
 4.60000000e-01 -5.05535202e+08 
 4.61000000e-01 -5.15452175e+08 
 4.62000000e-01 -5.25553244e+08 
 4.63000000e-01 -5.35841574e+08 
 4.64000000e-01 -5.46320372e+08 
 4.65000000e-01 -5.56992896e+08 
 4.66000000e-01 -5.67862450e+08 
 4.67000000e-01 -5.78932387e+08 
 4.68000000e-01 -5.90206107e+08 
 4.69000000e-01 -6.01687059e+08 
 4.70000000e-01 -6.13378743e+08 
 4.71000000e-01 -6.25284704e+08 
 4.72000000e-01 -6.37408541e+08 
 4.73000000e-01 -6.49753898e+08 
 4.74000000e-01 -6.62324472e+08 
 4.75000000e-01 -6.75124008e+08 
 4.76000000e-01 -6.88156301e+08 
 4.77000000e-01 -7.01425195e+08 
 4.78000000e-01 -7.14934586e+08 
 4.79000000e-01 -7.28688418e+08 
 4.80000000e-01 -7.42690685e+08 
 4.81000000e-01 -7.56945431e+08 
 4.82000000e-01 -7.71456749e+08 
 4.83000000e-01 -7.86228782e+08 
 4.84000000e-01 -8.01265720e+08 
 4.85000000e-01 -8.16571803e+08 
 4.86000000e-01 -8.32151320e+08 
 4.87000000e-01 -8.48008607e+08 
 4.88000000e-01 -8.64148046e+08 
 4.89000000e-01 -8.80574069e+08 
 4.90000000e-01 -8.97291151e+08 
 4.91000000e-01 -9.14303815e+08 
 4.92000000e-01 -9.31616627e+08 
 4.93000000e-01 -9.49234199e+08 
 4.94000000e-01 -9.67161184e+08 
 4.95000000e-01 -9.85402280e+08 
 4.96000000e-01 -1.00396222e+09 
 4.97000000e-01 -1.02284580e+09 
 4.98000000e-01 -1.04205781e+09 
 4.99000000e-01 -1.06160312e+09 
 5.00000000e-01 -1.08148663e+09 
 5.01000000e-01 -1.10171326e+09 
 5.02000000e-01 -1.12228796e+09 
 5.03000000e-01 -1.14321574e+09 
 5.04000000e-01 -1.16450162e+09 
 5.05000000e-01 -1.18615065e+09 
 5.06000000e-01 -1.20816791e+09 
 5.07000000e-01 -1.23055851e+09 
 5.08000000e-01 -1.25332758e+09 
 5.09000000e-01 -1.27648027e+09 
 5.10000000e-01 -1.30002175e+09 
 5.11000000e-01 -1.32395721e+09 
 5.12000000e-01 -1.34829184e+09 
 5.13000000e-01 -1.37303088e+09 
 5.14000000e-01 -1.39817953e+09 
 5.15000000e-01 -1.42374304e+09 
 5.16000000e-01 -1.44972664e+09 
 5.17000000e-01 -1.47613558e+09 
 5.18000000e-01 -1.50297508e+09 
 5.19000000e-01 -1.53025039e+09 
 5.20000000e-01 -1.55796673e+09 
 5.21000000e-01 -1.58612933e+09 
 5.22000000e-01 -1.61474339e+09 
 5.23000000e-01 -1.64381410e+09 
 5.24000000e-01 -1.67334664e+09 
 5.25000000e-01 -1.70334614e+09 
 5.26000000e-01 -1.73381774e+09 
 5.27000000e-01 -1.76476653e+09 
 5.28000000e-01 -1.79619757e+09 
 5.29000000e-01 -1.82811588e+09 
 5.30000000e-01 -1.86052645e+09 
 5.31000000e-01 -1.89343420e+09 
 5.32000000e-01 -1.92684404e+09 
 5.33000000e-01 -1.96076081e+09 
 5.34000000e-01 -1.99518927e+09 
 5.35000000e-01 -2.03013416e+09 
 5.36000000e-01 -2.06560013e+09 
 5.37000000e-01 -2.10159177e+09 
 5.38000000e-01 -2.13811361e+09 
 5.39000000e-01 -2.17517007e+09 
 5.40000000e-01 -2.21276553e+09 
 5.41000000e-01 -2.25090425e+09 
 5.42000000e-01 -2.28959043e+09 
 5.43000000e-01 -2.32882816e+09 
 5.44000000e-01 -2.36862144e+09 
 5.45000000e-01 -2.40897416e+09 
 5.46000000e-01 -2.44989010e+09 
 5.47000000e-01 -2.49137296e+09 
 5.48000000e-01 -2.53342629e+09 
 5.49000000e-01 -2.57605354e+09 
 5.50000000e-01 -2.61925804e+09 
 5.51000000e-01 -2.66304298e+09 
 5.52000000e-01 -2.70741143e+09 
 5.53000000e-01 -2.75236632e+09 
 5.54000000e-01 -2.79791044e+09 
 5.55000000e-01 -2.84404645e+09 
 5.56000000e-01 -2.89077686e+09 
 5.57000000e-01 -2.93810401e+09 
 5.58000000e-01 -2.98603010e+09 
 5.59000000e-01 -3.03455718e+09 
 5.60000000e-01 -3.08368713e+09 
 5.61000000e-01 -3.13342167e+09 
 5.62000000e-01 -3.18376235e+09 
 5.63000000e-01 -3.23471053e+09 
 5.64000000e-01 -3.28626744e+09 
 5.65000000e-01 -3.33843409e+09 
 5.66000000e-01 -3.39121133e+09 
 5.67000000e-01 -3.44459982e+09 
 5.68000000e-01 -3.49860004e+09 
 5.69000000e-01 -3.55321228e+09 
 5.70000000e-01 -3.60843664e+09 
 5.71000000e-01 -3.66427301e+09 
 5.72000000e-01 -3.72072112e+09 
 5.73000000e-01 -3.77778048e+09 
 5.74000000e-01 -3.83545039e+09 
 5.75000000e-01 -3.89372997e+09 
 5.76000000e-01 -3.95261815e+09 
 5.77000000e-01 -4.01211361e+09 
 5.78000000e-01 -4.07221488e+09 
 5.79000000e-01 -4.13292024e+09 
 5.80000000e-01 -4.19422779e+09 
 5.81000000e-01 -4.25613543e+09 
 5.82000000e-01 -4.31864082e+09 
 5.83000000e-01 -4.38174144e+09 
 5.84000000e-01 -4.44543455e+09 
 5.85000000e-01 -4.50971722e+09 
 5.86000000e-01 -4.57458628e+09 
 5.87000000e-01 -4.64003839e+09 
 5.88000000e-01 -4.70606998e+09 
 5.89000000e-01 -4.77267729e+09 
 5.90000000e-01 -4.83985633e+09 
 5.91000000e-01 -4.90760294e+09 
 5.92000000e-01 -4.97591275e+09 
 5.93000000e-01 -5.04478116e+09 
 5.94000000e-01 -5.11420341e+09 
 5.95000000e-01 -5.18417453e+09 
 5.96000000e-01 -5.25468935e+09 
 5.97000000e-01 -5.32574250e+09 
 5.98000000e-01 -5.39732846e+09 
 5.99000000e-01 -5.46944147e+09 
 6.00000000e-01 -5.54207562e+09 
 6.01000000e-01 -5.61522481e+09 
 6.02000000e-01 -5.68888276e+09 
 6.03000000e-01 -5.76304301e+09 
 6.04000000e-01 -5.83769895e+09 
 6.05000000e-01 -5.91284376e+09 
 6.06000000e-01 -5.98847051e+09 
 6.07000000e-01 -6.06457206e+09 
 6.08000000e-01 -6.14114113e+09 
 6.09000000e-01 -6.21817031e+09 
 6.10000000e-01 -6.29565201e+09 
 6.11000000e-01 -6.37357850e+09 
 6.12000000e-01 -6.45194193e+09 
 6.13000000e-01 -6.53073429e+09 
 6.14000000e-01 -6.60994746e+09 
 6.15000000e-01 -6.68957317e+09 
 6.16000000e-01 -6.76960306e+09 
 6.17000000e-01 -6.85002862e+09 
 6.18000000e-01 -6.93084125e+09 
 6.19000000e-01 -7.01203224e+09 
 6.20000000e-01 -7.09359277e+09 
 6.21000000e-01 -7.17551392e+09 
 6.22000000e-01 -7.25778670e+09 
 6.23000000e-01 -7.34040202e+09 
 6.24000000e-01 -7.42335069e+09 
 6.25000000e-01 -7.50662349e+09 
 6.26000000e-01 -7.59021108e+09 
 6.27000000e-01 -7.67410409e+09 
 6.28000000e-01 -7.75829308e+09 
 6.29000000e-01 -7.84276854e+09 
 6.30000000e-01 -7.92752093e+09 
 6.31000000e-01 -8.01254066e+09 
 6.32000000e-01 -8.09781810e+09 
 6.33000000e-01 -8.18334359e+09 
 6.34000000e-01 -8.26910744e+09 
 6.35000000e-01 -8.35509993e+09 
 6.36000000e-01 -8.44131133e+09 
 6.37000000e-01 -8.52773191e+09 
 6.38000000e-01 -8.61435190e+09 
 6.39000000e-01 -8.70116156e+09 
 6.40000000e-01 -8.78815114e+09 
 6.41000000e-01 -8.87531090e+09 
 6.42000000e-01 -8.96263111e+09 
 6.43000000e-01 -9.05010205e+09 
 6.44000000e-01 -9.13771404e+09 
 6.45000000e-01 -9.22545743e+09 
 6.46000000e-01 -9.31332257e+09 
 6.47000000e-01 -9.40129987e+09 
 6.48000000e-01 -9.48937979e+09 
 6.49000000e-01 -9.57755282e+09 
 6.50000000e-01 -9.66580950e+09 
 6.51000000e-01 -9.75414043e+09 
 6.52000000e-01 -9.84253627e+09 
 6.53000000e-01 -9.93098772e+09 
 6.54000000e-01 -1.00194856e+10 
 6.55000000e-01 -1.01080207e+10 
 6.56000000e-01 -1.01965840e+10 
 6.57000000e-01 -1.02851665e+10 
 6.58000000e-01 -1.03737593e+10 
 6.59000000e-01 -1.04623534e+10 
 6.60000000e-01 -1.05509403e+10 
 6.61000000e-01 -1.06395113e+10 
 6.62000000e-01 -1.07280577e+10 
 6.63000000e-01 -1.08165711e+10 
 6.64000000e-01 -1.09050432e+10 
 6.65000000e-01 -1.09934656e+10 
 6.66000000e-01 -1.10818303e+10 
 6.67000000e-01 -1.11701291e+10 
 6.68000000e-01 -1.12583542e+10 
 6.69000000e-01 -1.13464976e+10 
 6.70000000e-01 -1.14345518e+10 
 6.71000000e-01 -1.15225089e+10 
 6.72000000e-01 -1.16103617e+10 
 6.73000000e-01 -1.16981027e+10 
 6.74000000e-01 -1.17857247e+10 
 6.75000000e-01 -1.18732205e+10 
 6.76000000e-01 -1.19605831e+10 
 6.77000000e-01 -1.20478058e+10 
 6.78000000e-01 -1.21348816e+10 
 6.79000000e-01 -1.22218041e+10 
 6.80000000e-01 -1.23085666e+10 
 6.81000000e-01 -1.23951629e+10 
 6.82000000e-01 -1.24815867e+10 
 6.83000000e-01 -1.25678319e+10 
 6.84000000e-01 -1.26538926e+10 
 6.85000000e-01 -1.27397628e+10 
 6.86000000e-01 -1.28254369e+10 
 6.87000000e-01 -1.29109094e+10 
 6.88000000e-01 -1.29961747e+10 
 6.89000000e-01 -1.30812275e+10 
 6.90000000e-01 -1.31660628e+10 
 6.91000000e-01 -1.32506753e+10 
 6.92000000e-01 -1.33350603e+10 
 6.93000000e-01 -1.34192129e+10 
 6.94000000e-01 -1.35031286e+10 
 6.95000000e-01 -1.35868027e+10 
 6.96000000e-01 -1.36702308e+10 
 6.97000000e-01 -1.37534089e+10 
 6.98000000e-01 -1.38363326e+10 
 6.99000000e-01 -1.39189980e+10 
 7.00000000e-01 -1.40014013e+10 
 7.01000000e-01 -1.40835387e+10 
 7.02000000e-01 -1.41654066e+10 
 7.03000000e-01 -1.42470015e+10 
 7.04000000e-01 -1.43283201e+10 
 7.05000000e-01 -1.44093590e+10 
 7.06000000e-01 -1.44901153e+10 
 7.07000000e-01 -1.45705858e+10 
 7.08000000e-01 -1.46507678e+10 
 7.09000000e-01 -1.47306584e+10 
 7.10000000e-01 -1.48102551e+10 
 7.11000000e-01 -1.48895553e+10 
 7.12000000e-01 -1.49685566e+10 
 7.13000000e-01 -1.50472567e+10 
 7.14000000e-01 -1.51256534e+10 
 7.15000000e-01 -1.52037447e+10 
 7.16000000e-01 -1.52815286e+10 
 7.17000000e-01 -1.53590033e+10 
 7.18000000e-01 -1.54361670e+10 
 7.19000000e-01 -1.55130181e+10 
 7.20000000e-01 -1.55895550e+10 
 7.21000000e-01 -1.56657763e+10 
 7.22000000e-01 -1.57416807e+10 
 7.23000000e-01 -1.58172669e+10 
 7.24000000e-01 -1.58925338e+10 
 7.25000000e-01 -1.59674803e+10 
 7.26000000e-01 -1.60421056e+10 
 7.27000000e-01 -1.61164086e+10 
 7.28000000e-01 -1.61903888e+10 
 7.29000000e-01 -1.62640453e+10 
 7.30000000e-01 -1.63373775e+10 
 7.31000000e-01 -1.64103851e+10 
 7.32000000e-01 -1.64830675e+10 
 7.33000000e-01 -1.65554243e+10 
 7.34000000e-01 -1.66274554e+10 
 7.35000000e-01 -1.66991605e+10 
 7.36000000e-01 -1.67705396e+10 
 7.37000000e-01 -1.68415925e+10 
 7.38000000e-01 -1.69123193e+10 
 7.39000000e-01 -1.69827201e+10 
 7.40000000e-01 -1.70527950e+10 
 7.41000000e-01 -1.71225444e+10 
 7.42000000e-01 -1.71919685e+10 
 7.43000000e-01 -1.72610677e+10 
 7.44000000e-01 -1.73298423e+10 
 7.45000000e-01 -1.73982930e+10 
 7.46000000e-01 -1.74664202e+10 
 7.47000000e-01 -1.75342246e+10 
 7.48000000e-01 -1.76017068e+10 
 7.49000000e-01 -1.76688676e+10 
 7.50000000e-01 -1.77357076e+10 
 7.51000000e-01 -1.78022277e+10 
 7.52000000e-01 -1.78684289e+10 
 7.53000000e-01 -1.79343119e+10 
 7.54000000e-01 -1.79998779e+10 
 7.55000000e-01 -1.80651277e+10 
 7.56000000e-01 -1.81300624e+10 
 7.57000000e-01 -1.81946832e+10 
 7.58000000e-01 -1.82589911e+10 
 7.59000000e-01 -1.83229873e+10 
 7.60000000e-01 -1.83866731e+10 
 7.61000000e-01 -1.84500496e+10 
 7.62000000e-01 -1.85131183e+10 
 7.63000000e-01 -1.85758803e+10 
 7.64000000e-01 -1.86383370e+10 
 7.65000000e-01 -1.87004898e+10 
 7.66000000e-01 -1.87623402e+10 
 7.67000000e-01 -1.88238895e+10 
 7.68000000e-01 -1.88851391e+10 
 7.69000000e-01 -1.89460907e+10 
 7.70000000e-01 -1.90067457e+10 
 7.71000000e-01 -1.90671057e+10 
 7.72000000e-01 -1.91271721e+10 
 7.73000000e-01 -1.91869466e+10 
 7.74000000e-01 -1.92464308e+10 
 7.75000000e-01 -1.93056263e+10 
 7.76000000e-01 -1.93645347e+10 
 7.77000000e-01 -1.94231577e+10 
 7.78000000e-01 -1.94814970e+10 
 7.79000000e-01 -1.95395542e+10 
 7.80000000e-01 -1.95973310e+10 
 7.81000000e-01 -1.96548292e+10 
 7.82000000e-01 -1.97120504e+10 
 7.83000000e-01 -1.97689965e+10 
 7.84000000e-01 -1.98256691e+10 
 7.85000000e-01 -1.98820699e+10 
 7.86000000e-01 -1.99382009e+10 
 7.87000000e-01 -1.99940637e+10 
 7.88000000e-01 -2.00496601e+10 
 7.89000000e-01 -2.01049918e+10 
 7.90000000e-01 -2.01600608e+10 
 7.91000000e-01 -2.02148687e+10 
 7.92000000e-01 -2.02694173e+10 
 7.93000000e-01 -2.03237086e+10 
 7.94000000e-01 -2.03777441e+10 
 7.95000000e-01 -2.04315259e+10 
 7.96000000e-01 -2.04850556e+10 
 7.97000000e-01 -2.05383351e+10 
 7.98000000e-01 -2.05913661e+10 
 7.99000000e-01 -2.06441505e+10 
 8.00000000e-01 -2.06966901e+10 
 8.01000000e-01 -2.07489867e+10 
 8.02000000e-01 -2.08010420e+10 
 8.03000000e-01 -2.08528579e+10 
 8.04000000e-01 -2.09044361e+10 
 8.05000000e-01 -2.09557785e+10 
 8.06000000e-01 -2.10068868e+10 
 8.07000000e-01 -2.10577629e+10 
 8.08000000e-01 -2.11084083e+10 
 8.09000000e-01 -2.11588251e+10 
 8.10000000e-01 -2.12090148e+10 
 8.11000000e-01 -2.12589793e+10 
 8.12000000e-01 -2.13087202e+10 
 8.13000000e-01 -2.13582394e+10 
 8.14000000e-01 -2.14075386e+10 
 8.15000000e-01 -2.14566194e+10 
 8.16000000e-01 -2.15054837e+10 
 8.17000000e-01 -2.15541330e+10 
 8.18000000e-01 -2.16025692e+10 
 8.19000000e-01 -2.16507938e+10 
 8.20000000e-01 -2.16988087e+10 
 8.21000000e-01 -2.17466155e+10 
 8.22000000e-01 -2.17942157e+10 
 8.23000000e-01 -2.18416111e+10 
 8.24000000e-01 -2.18888032e+10 
 8.25000000e-01 -2.19357938e+10 
 8.26000000e-01 -2.19825843e+10 
 8.27000000e-01 -2.20291765e+10 
 8.28000000e-01 -2.20755719e+10 
 8.29000000e-01 -2.21217720e+10 
 8.30000000e-01 -2.21677785e+10 
 8.31000000e-01 -2.22135929e+10 
 8.32000000e-01 -2.22592168e+10 
 8.33000000e-01 -2.23046517e+10 
 8.34000000e-01 -2.23498990e+10 
 8.35000000e-01 -2.23949604e+10 
 8.36000000e-01 -2.24398373e+10 
 8.37000000e-01 -2.24845311e+10 
 8.38000000e-01 -2.25290435e+10 
 8.39000000e-01 -2.25733757e+10 
 8.40000000e-01 -2.26175293e+10 
 8.41000000e-01 -2.26615057e+10 
 8.42000000e-01 -2.27053063e+10 
 8.43000000e-01 -2.27489325e+10 
 8.44000000e-01 -2.27923857e+10 
 8.45000000e-01 -2.28356672e+10 
 8.46000000e-01 -2.28787785e+10 
 8.47000000e-01 -2.29217209e+10 
 8.48000000e-01 -2.29644957e+10 
 8.49000000e-01 -2.30071043e+10 
 8.50000000e-01 -2.30495480e+10 
 8.51000000e-01 -2.30918279e+10 
 8.52000000e-01 -2.31339456e+10 
 8.53000000e-01 -2.31759021e+10 
 8.54000000e-01 -2.32176988e+10 
 8.55000000e-01 -2.32593370e+10 
 8.56000000e-01 -2.33008177e+10 
 8.57000000e-01 -2.33421423e+10 
 8.58000000e-01 -2.33833120e+10 
 8.59000000e-01 -2.34243280e+10 
 8.60000000e-01 -2.34651913e+10 
 8.61000000e-01 -2.35059033e+10 
 8.62000000e-01 -2.35464650e+10 
 8.63000000e-01 -2.35868775e+10 
 8.64000000e-01 -2.36271421e+10 
 8.65000000e-01 -2.36672598e+10 
 8.66000000e-01 -2.37072317e+10 
 8.67000000e-01 -2.37470589e+10 
 8.68000000e-01 -2.37867424e+10 
 8.69000000e-01 -2.38262834e+10 
 8.70000000e-01 -2.38656828e+10 
 8.71000000e-01 -2.39049418e+10 
 8.72000000e-01 -2.39440612e+10 
 8.73000000e-01 -2.39830422e+10 
 8.74000000e-01 -2.40218858e+10 
 8.75000000e-01 -2.40605928e+10 
 8.76000000e-01 -2.40991643e+10 
 8.77000000e-01 -2.41376013e+10 
 8.78000000e-01 -2.41759046e+10 
 8.79000000e-01 -2.42140753e+10 
 8.80000000e-01 -2.42521142e+10 
 8.81000000e-01 -2.42900223e+10 
 8.82000000e-01 -2.43278004e+10 
 8.83000000e-01 -2.43654494e+10 
 8.84000000e-01 -2.44029703e+10 
 8.85000000e-01 -2.44403638e+10 
 8.86000000e-01 -2.44776309e+10 
 8.87000000e-01 -2.45147723e+10 
 8.88000000e-01 -2.45517890e+10 
 8.89000000e-01 -2.45886816e+10 
 8.90000000e-01 -2.46254511e+10 
 8.91000000e-01 -2.46620981e+10 
 8.92000000e-01 -2.46986236e+10 
 8.93000000e-01 -2.47350283e+10 
 8.94000000e-01 -2.47713129e+10 
 8.95000000e-01 -2.48074782e+10 
 8.96000000e-01 -2.48435249e+10 
 8.97000000e-01 -2.48794538e+10 
 8.98000000e-01 -2.49152656e+10 
 8.99000000e-01 -2.49509610e+10 
 9.00000000e-01 -2.49865407e+10 
 9.01000000e-01 -2.50220054e+10 
 9.02000000e-01 -2.50573557e+10 
 9.03000000e-01 -2.50925924e+10 
 9.04000000e-01 -2.51277162e+10 
 9.05000000e-01 -2.51627276e+10 
 9.06000000e-01 -2.51976272e+10 
 9.07000000e-01 -2.52324159e+10 
 9.08000000e-01 -2.52670941e+10 
 9.09000000e-01 -2.53016625e+10 
 9.10000000e-01 -2.53361216e+10 
 9.11000000e-01 -2.53704722e+10 
 9.12000000e-01 -2.54047147e+10 
 9.13000000e-01 -2.54388498e+10 
 9.14000000e-01 -2.54728780e+10 
 9.15000000e-01 -2.55067999e+10 
 9.16000000e-01 -2.55406161e+10 
 9.17000000e-01 -2.55743270e+10 
 9.18000000e-01 -2.56079333e+10 
 9.19000000e-01 -2.56414354e+10 
 9.20000000e-01 -2.56748339e+10 
 9.21000000e-01 -2.57081293e+10 
 9.22000000e-01 -2.57413221e+10 
 9.23000000e-01 -2.57744128e+10 
 9.24000000e-01 -2.58074019e+10 
 9.25000000e-01 -2.58402899e+10 
 9.26000000e-01 -2.58730772e+10 
 9.27000000e-01 -2.59057644e+10 
 9.28000000e-01 -2.59383518e+10 
 9.29000000e-01 -2.59708400e+10 
 9.30000000e-01 -2.60032293e+10 
 9.31000000e-01 -2.60355203e+10 
 9.32000000e-01 -2.60677133e+10 
 9.33000000e-01 -2.60998089e+10 
 9.34000000e-01 -2.61318073e+10 
 9.35000000e-01 -2.61637091e+10 
 9.36000000e-01 -2.61955146e+10 
 9.37000000e-01 -2.62272242e+10 
 9.38000000e-01 -2.62588384e+10 
 9.39000000e-01 -2.62903574e+10 
 9.40000000e-01 -2.63217818e+10 
 9.41000000e-01 -2.63531119e+10 
 9.42000000e-01 -2.63843480e+10 
 9.43000000e-01 -2.64154905e+10 
 9.44000000e-01 -2.64465398e+10 
 9.45000000e-01 -2.64774962e+10 
 9.46000000e-01 -2.65083601e+10 
 9.47000000e-01 -2.65391318e+10 
 9.48000000e-01 -2.65698116e+10 
 9.49000000e-01 -2.66004000e+10 
 9.50000000e-01 -2.66308972e+10 
 9.51000000e-01 -2.66613035e+10 
 9.52000000e-01 -2.66916193e+10 
 9.53000000e-01 -2.67218448e+10 
 9.54000000e-01 -2.67519804e+10 
 9.55000000e-01 -2.67820264e+10 
 9.56000000e-01 -2.68119830e+10 
 9.57000000e-01 -2.68418507e+10 
 9.58000000e-01 -2.68716295e+10 
 9.59000000e-01 -2.69013200e+10 
 9.60000000e-01 -2.69309222e+10 
 9.61000000e-01 -2.69604365e+10 
 9.62000000e-01 -2.69898632e+10 
 9.63000000e-01 -2.70192026e+10 
 9.64000000e-01 -2.70484548e+10 
 9.65000000e-01 -2.70776202e+10 
 9.66000000e-01 -2.71066990e+10 
 9.67000000e-01 -2.71356914e+10 
 9.68000000e-01 -2.71645977e+10 
 9.69000000e-01 -2.71934182e+10 
 9.70000000e-01 -2.72221531e+10 
 9.71000000e-01 -2.72508026e+10 
 9.72000000e-01 -2.72793669e+10 
 9.73000000e-01 -2.73078464e+10 
 9.74000000e-01 -2.73362411e+10 
 9.75000000e-01 -2.73645513e+10 
 9.76000000e-01 -2.73927773e+10 
 9.77000000e-01 -2.74209193e+10 
 9.78000000e-01 -2.74489774e+10 
 9.79000000e-01 -2.74769519e+10 
 9.80000000e-01 -2.75048430e+10 
 9.81000000e-01 -2.75326509e+10 
 9.82000000e-01 -2.75603757e+10 
 9.83000000e-01 -2.75880178e+10 
 9.84000000e-01 -2.76155772e+10 
 9.85000000e-01 -2.76430542e+10 
 9.86000000e-01 -2.76704489e+10 
 9.87000000e-01 -2.76977616e+10 
 9.88000000e-01 -2.77249923e+10 
 9.89000000e-01 -2.77521414e+10 
 9.90000000e-01 -2.77792090e+10 
 9.91000000e-01 -2.78061952e+10 
 9.92000000e-01 -2.78331002e+10 
 9.93000000e-01 -2.78599242e+10 
 9.94000000e-01 -2.78866674e+10 
 9.95000000e-01 -2.79133299e+10 
 9.96000000e-01 -2.79399119e+10 
 9.97000000e-01 -2.79664135e+10 
 9.98000000e-01 -2.79928350e+10 
 9.99000000e-01 -2.80191764e+10 
 1.00000000e+00 -2.80454379e+10 
 1.00100000e+00 -2.80716196e+10 
 1.00200000e+00 -2.80977218e+10 
 1.00300000e+00 -2.81237446e+10 
 1.00400000e+00 -2.81496880e+10 
 1.00500000e+00 -2.81755524e+10 
 1.00600000e+00 -2.82013377e+10 
 1.00700000e+00 -2.82270441e+10 
 1.00800000e+00 -2.82526719e+10 
 1.00900000e+00 -2.82782210e+10 
 1.01000000e+00 -2.83036917e+10 
 1.01100000e+00 -2.83290840e+10 
 1.01200000e+00 -2.83543982e+10 
 1.01300000e+00 -2.83796343e+10 
 1.01400000e+00 -2.84047925e+10 
 1.01500000e+00 -2.84298729e+10 
 1.01600000e+00 -2.84548756e+10 
 1.01700000e+00 -2.84798008e+10 
 1.01800000e+00 -2.85046485e+10 
 1.01900000e+00 -2.85294189e+10 
 1.02000000e+00 -2.85541122e+10 
 1.02100000e+00 -2.85787283e+10 
 1.02200000e+00 -2.86032676e+10 
 1.02300000e+00 -2.86277300e+10 
 1.02400000e+00 -2.86521156e+10 
 1.02500000e+00 -2.86764247e+10 
 1.02600000e+00 -2.87006573e+10 
 1.02700000e+00 -2.87248135e+10 
 1.02800000e+00 -2.87488934e+10 
 1.02900000e+00 -2.87728972e+10 
 1.03000000e+00 -2.87968249e+10 
 1.03100000e+00 -2.88206766e+10 
 1.03200000e+00 -2.88444526e+10 
 1.03300000e+00 -2.88681528e+10 
 1.03400000e+00 -2.88917774e+10 
 1.03500000e+00 -2.89153264e+10 
 1.03600000e+00 -2.89388000e+10 
 1.03700000e+00 -2.89621983e+10 
 1.03800000e+00 -2.89855214e+10 
 1.03900000e+00 -2.90087694e+10 
 1.04000000e+00 -2.90319424e+10 
 1.04100000e+00 -2.90550404e+10 
 1.04200000e+00 -2.90780636e+10 
 1.04300000e+00 -2.91010121e+10 
 1.04400000e+00 -2.91238860e+10 
 1.04500000e+00 -2.91466853e+10 
 1.04600000e+00 -2.91694102e+10 
 1.04700000e+00 -2.91920608e+10 
 1.04800000e+00 -2.92146371e+10 
 1.04900000e+00 -2.92371392e+10 
 1.05000000e+00 -2.92595673e+10 
 1.05100000e+00 -2.92819214e+10 
 1.05200000e+00 -2.93042017e+10 
 1.05300000e+00 -2.93264081e+10 
 1.05400000e+00 -2.93485409e+10 
 1.05500000e+00 -2.93706000e+10 
 1.05600000e+00 -2.93925856e+10 
 1.05700000e+00 -2.94144978e+10 
 1.05800000e+00 -2.94363367e+10 
 1.05900000e+00 -2.94581023e+10 
 1.06000000e+00 -2.94797947e+10 
 1.06100000e+00 -2.95014141e+10 
 1.06200000e+00 -2.95229605e+10 
 1.06300000e+00 -2.95444339e+10 
 1.06400000e+00 -2.95658346e+10 
 1.06500000e+00 -2.95871625e+10 
 1.06600000e+00 -2.96084177e+10 
 1.06700000e+00 -2.96296005e+10 
 1.06800000e+00 -2.96507107e+10 
 1.06900000e+00 -2.96717485e+10 
 1.07000000e+00 -2.96927141e+10 
 1.07100000e+00 -2.97136074e+10 
 1.07200000e+00 -2.97344285e+10 
 1.07300000e+00 -2.97551777e+10 
 1.07400000e+00 -2.97758548e+10 
 1.07500000e+00 -2.97964601e+10 
 1.07600000e+00 -2.98169935e+10 
 1.07700000e+00 -2.98374552e+10 
 1.07800000e+00 -2.98578453e+10 
 1.07900000e+00 -2.98781638e+10 
 1.08000000e+00 -2.98984109e+10 
 1.08100000e+00 -2.99185866e+10 
 1.08200000e+00 -2.99386909e+10 
 1.08300000e+00 -2.99587240e+10 
 1.08400000e+00 -2.99786860e+10 
 1.08500000e+00 -2.99985769e+10 
 1.08600000e+00 -3.00183968e+10 
 1.08700000e+00 -3.00381458e+10 
 1.08800000e+00 -3.00578240e+10 
 1.08900000e+00 -3.00774314e+10 
 1.09000000e+00 -3.00969682e+10 
 1.09100000e+00 -3.01164344e+10 
 1.09200000e+00 -3.01358301e+10 
 1.09300000e+00 -3.01551554e+10 
 1.09400000e+00 -3.01744104e+10 
 1.09500000e+00 -3.01935951e+10 
 1.09600000e+00 -3.02127096e+10 
 1.09700000e+00 -3.02317540e+10 
 1.09800000e+00 -3.02507284e+10 
 1.09900000e+00 -3.02696329e+10 
 1.10000000e+00 -3.02884675e+10 
 1.10100000e+00 -3.03072324e+10 
 1.10200000e+00 -3.03259275e+10 
 1.10300000e+00 -3.03445531e+10 
 1.10400000e+00 -3.03631091e+10 
 1.10500000e+00 -3.03815957e+10 
 1.10600000e+00 -3.04000129e+10 
 1.10700000e+00 -3.04183608e+10 
 1.10800000e+00 -3.04366396e+10 
 1.10900000e+00 -3.04548492e+10 
 1.11000000e+00 -3.04729897e+10 
 1.11100000e+00 -3.04910613e+10 
 1.11200000e+00 -3.05090640e+10 
 1.11300000e+00 -3.05269979e+10 
 1.11400000e+00 -3.05448631e+10 
 1.11500000e+00 -3.05626597e+10 
 1.11600000e+00 -3.05803877e+10 
 1.11700000e+00 -3.05980472e+10 
 1.11800000e+00 -3.06156383e+10 
 1.11900000e+00 -3.06331611e+10 
 1.12000000e+00 -3.06506157e+10 
 1.12100000e+00 -3.06680021e+10 
 1.12200000e+00 -3.06853205e+10 
 1.12300000e+00 -3.07025709e+10 
 1.12400000e+00 -3.07197534e+10 
 1.12500000e+00 -3.07368680e+10 
 1.12600000e+00 -3.07539150e+10 
 1.12700000e+00 -3.07708942e+10 
 1.12800000e+00 -3.07878059e+10 
 1.12900000e+00 -3.08046501e+10 
 1.13000000e+00 -3.08214269e+10 
 1.13100000e+00 -3.08381364e+10 
 1.13200000e+00 -3.08547786e+10 
 1.13300000e+00 -3.08713537e+10 
 1.13400000e+00 -3.08878617e+10 
 1.13500000e+00 -3.09043027e+10 
 1.13600000e+00 -3.09206768e+10 
 1.13700000e+00 -3.09369841e+10 
 1.13800000e+00 -3.09532246e+10 
 1.13900000e+00 -3.09693985e+10 
 1.14000000e+00 -3.09855058e+10 
 1.14100000e+00 -3.10015466e+10 
 1.14200000e+00 -3.10175210e+10 
 1.14300000e+00 -3.10334290e+10 
 1.14400000e+00 -3.10492709e+10 
 1.14500000e+00 -3.10650465e+10 
 1.14600000e+00 -3.10807561e+10 
 1.14700000e+00 -3.10963998e+10 
 1.14800000e+00 -3.11119775e+10 
 1.14900000e+00 -3.11274894e+10 
 1.15000000e+00 -3.11429356e+10 
 1.15100000e+00 -3.11583162e+10 
 1.15200000e+00 -3.11736311e+10 
 1.15300000e+00 -3.11888806e+10 
 1.15400000e+00 -3.12040648e+10 
 1.15500000e+00 -3.12191836e+10 
 1.15600000e+00 -3.12342372e+10 
 1.15700000e+00 -3.12492257e+10 
 1.15800000e+00 -3.12641491e+10 
 1.15900000e+00 -3.12790076e+10 
 1.16000000e+00 -3.12938012e+10 
 1.16100000e+00 -3.13085301e+10 
 1.16200000e+00 -3.13231942e+10 
 1.16300000e+00 -3.13377937e+10 
 1.16400000e+00 -3.13523287e+10 
 1.16500000e+00 -3.13667993e+10 
 1.16600000e+00 -3.13812055e+10 
 1.16700000e+00 -3.13955475e+10 
 1.16800000e+00 -3.14098252e+10 
 1.16900000e+00 -3.14240390e+10 
 1.17000000e+00 -3.14381887e+10 
 1.17100000e+00 -3.14522745e+10 
 1.17200000e+00 -3.14662964e+10 
 1.17300000e+00 -3.14802547e+10 
 1.17400000e+00 -3.14941493e+10 
 1.17500000e+00 -3.15079803e+10 
 1.17600000e+00 -3.15217479e+10 
 1.17700000e+00 -3.15354521e+10 
 1.17800000e+00 -3.15490930e+10 
 1.17900000e+00 -3.15626707e+10 
 1.18000000e+00 -3.15761853e+10 
 1.18100000e+00 -3.15896369e+10 
 1.18200000e+00 -3.16030256e+10 
 1.18300000e+00 -3.16163514e+10 
 1.18400000e+00 -3.16296144e+10 
 1.18500000e+00 -3.16428148e+10 
 1.18600000e+00 -3.16559526e+10 
 1.18700000e+00 -3.16690279e+10 
 1.18800000e+00 -3.16820409e+10 
 1.18900000e+00 -3.16949915e+10 
 1.19000000e+00 -3.17078799e+10 
 1.19100000e+00 -3.17207062e+10 
 1.19200000e+00 -3.17334705e+10 
 1.19300000e+00 -3.17461728e+10 
 1.19400000e+00 -3.17588133e+10 
 1.19500000e+00 -3.17713920e+10 
 1.19600000e+00 -3.17839091e+10 
 1.19700000e+00 -3.17963645e+10 
 1.19800000e+00 -3.18087585e+10 
 1.19900000e+00 -3.18210911e+10 
 1.20000000e+00 -3.18333624e+10 
 1.20100000e+00 -3.18455725e+10 
 1.20200000e+00 -3.18577214e+10 
 1.20300000e+00 -3.18698094e+10 
 1.20400000e+00 -3.18818364e+10 
 1.20500000e+00 -3.18938025e+10 
 1.20600000e+00 -3.19057079e+10 
 1.20700000e+00 -3.19175526e+10 
 1.20800000e+00 -3.19293368e+10 
 1.20900000e+00 -3.19410605e+10 
 1.21000000e+00 -3.19527238e+10 
 1.21100000e+00 -3.19643268e+10 
 1.21200000e+00 -3.19758696e+10 
 1.21300000e+00 -3.19873523e+10 
 1.21400000e+00 -3.19987750e+10 
 1.21500000e+00 -3.20101377e+10 
 1.21600000e+00 -3.20214407e+10 
 1.21700000e+00 -3.20326839e+10 
 1.21800000e+00 -3.20438674e+10 
 1.21900000e+00 -3.20549914e+10 
 1.22000000e+00 -3.20660560e+10 
 1.22100000e+00 -3.20770612e+10 
 1.22200000e+00 -3.20880071e+10 
 1.22300000e+00 -3.20988938e+10 
 1.22400000e+00 -3.21097215e+10 
 1.22500000e+00 -3.21204901e+10 
 1.22600000e+00 -3.21311999e+10 
 1.22700000e+00 -3.21418508e+10 
 1.22800000e+00 -3.21524431e+10 
 1.22900000e+00 -3.21629767e+10 
 1.23000000e+00 -3.21734518e+10 
 1.23100000e+00 -3.21838685e+10 
 1.23200000e+00 -3.21942269e+10 
 1.23300000e+00 -3.22045270e+10 
 1.23400000e+00 -3.22147689e+10 
 1.23500000e+00 -3.22249528e+10 
 1.23600000e+00 -3.22350788e+10 
 1.23700000e+00 -3.22451468e+10 
 1.23800000e+00 -3.22551571e+10 
 1.23900000e+00 -3.22651097e+10 
 1.24000000e+00 -3.22750048e+10 
 1.24100000e+00 -3.22848423e+10 
 1.24200000e+00 -3.22946225e+10 
 1.24300000e+00 -3.23043453e+10 
 1.24400000e+00 -3.23140110e+10 
 1.24500000e+00 -3.23236195e+10 
 1.24600000e+00 -3.23331710e+10 
 1.24700000e+00 -3.23426656e+10 
 1.24800000e+00 -3.23521034e+10 
 1.24900000e+00 -3.23614844e+10 
 1.25000000e+00 -3.23708087e+10 
 1.25100000e+00 -3.23800766e+10 
 1.25200000e+00 -3.23892880e+10 
 1.25300000e+00 -3.23984430e+10 
 1.25400000e+00 -3.24075417e+10 
 1.25500000e+00 -3.24165843e+10 
 1.25600000e+00 -3.24255708e+10 
 1.25700000e+00 -3.24345013e+10 
 1.25800000e+00 -3.24433760e+10 
 1.25900000e+00 -3.24521948e+10 
 1.26000000e+00 -3.24609579e+10 
 1.26100000e+00 -3.24696655e+10 
 1.26200000e+00 -3.24783175e+10 
 1.26300000e+00 -3.24869141e+10 
 1.26400000e+00 -3.24954554e+10 
 1.26500000e+00 -3.25039415e+10 
 1.26600000e+00 -3.25123724e+10 
 1.26700000e+00 -3.25207483e+10 
 1.26800000e+00 -3.25290693e+10 
 1.26900000e+00 -3.25373354e+10 
 1.27000000e+00 -3.25455467e+10 
 1.27100000e+00 -3.25537034e+10 
 1.27200000e+00 -3.25618055e+10 
 1.27300000e+00 -3.25698532e+10 
 1.27400000e+00 -3.25778465e+10 
 1.27500000e+00 -3.25857854e+10 
 1.27600000e+00 -3.25936702e+10 
 1.27700000e+00 -3.26015009e+10 
 1.27800000e+00 -3.26092776e+10 
 1.27900000e+00 -3.26170004e+10 
 1.28000000e+00 -3.26246694e+10 
 1.28100000e+00 -3.26322847e+10 
 1.28200000e+00 -3.26398463e+10 
 1.28300000e+00 -3.26473544e+10 
 1.28400000e+00 -3.26548091e+10 
 1.28500000e+00 -3.26622104e+10 
 1.28600000e+00 -3.26695585e+10 
 1.28700000e+00 -3.26768534e+10 
 1.28800000e+00 -3.26840953e+10 
 1.28900000e+00 -3.26912841e+10 
 1.29000000e+00 -3.26984202e+10 
 1.29100000e+00 -3.27055034e+10 
 1.29200000e+00 -3.27125339e+10 
 1.29300000e+00 -3.27195119e+10 
 1.29400000e+00 -3.27264373e+10 
 1.29500000e+00 -3.27333104e+10 
 1.29600000e+00 -3.27401311e+10 
 1.29700000e+00 -3.27468996e+10 
 1.29800000e+00 -3.27536160e+10 
 1.29900000e+00 -3.27602803e+10 
 1.30000000e+00 -3.27668927e+10 
 1.30100000e+00 -3.27734533e+10 
 1.30200000e+00 -3.27799621e+10 
 1.30300000e+00 -3.27864192e+10 
 1.30400000e+00 -3.27928247e+10 
 1.30500000e+00 -3.27991788e+10 
 1.30600000e+00 -3.28054815e+10 
 1.30700000e+00 -3.28117329e+10 
 1.30800000e+00 -3.28179332e+10 
 1.30900000e+00 -3.28240823e+10 
 1.31000000e+00 -3.28301803e+10 
 1.31100000e+00 -3.28362275e+10 
 1.31200000e+00 -3.28422238e+10 
 1.31300000e+00 -3.28481694e+10 
 1.31400000e+00 -3.28540644e+10 
 1.31500000e+00 -3.28599088e+10 
 1.31600000e+00 -3.28657027e+10 
 1.31700000e+00 -3.28714463e+10 
 1.31800000e+00 -3.28771396e+10 
 1.31900000e+00 -3.28827827e+10 
 1.32000000e+00 -3.28883757e+10 
 1.32100000e+00 -3.28939187e+10 
 1.32200000e+00 -3.28994118e+10 
 1.32300000e+00 -3.29048550e+10 
 1.32400000e+00 -3.29102486e+10 
 1.32500000e+00 -3.29155924e+10 
 1.32600000e+00 -3.29208868e+10 
 1.32700000e+00 -3.29261317e+10 
 1.32800000e+00 -3.29313272e+10 
 1.32900000e+00 -3.29364735e+10 
 1.33000000e+00 -3.29415705e+10 
 1.33100000e+00 -3.29466185e+10 
 1.33200000e+00 -3.29516174e+10 
 1.33300000e+00 -3.29565675e+10 
 1.33400000e+00 -3.29614687e+10 
 1.33500000e+00 -3.29663212e+10 
 1.33600000e+00 -3.29711251e+10 
 1.33700000e+00 -3.29758804e+10 
 1.33800000e+00 -3.29805872e+10 
 1.33900000e+00 -3.29852456e+10 
 1.34000000e+00 -3.29898558e+10 
 1.34100000e+00 -3.29944178e+10 
 1.34200000e+00 -3.29989317e+10 
 1.34300000e+00 -3.30033975e+10 
 1.34400000e+00 -3.30078154e+10 
 1.34500000e+00 -3.30121855e+10 
 1.34600000e+00 -3.30165078e+10 
 1.34700000e+00 -3.30207825e+10 
 1.34800000e+00 -3.30250096e+10 
 1.34900000e+00 -3.30291892e+10 
 1.35000000e+00 -3.30333214e+10 
 1.35100000e+00 -3.30374063e+10 
 1.35200000e+00 -3.30414440e+10 
 1.35300000e+00 -3.30454346e+10 
 1.35400000e+00 -3.30493781e+10 
 1.35500000e+00 -3.30532747e+10 
 1.35600000e+00 -3.30571243e+10 
 1.35700000e+00 -3.30609272e+10 
 1.35800000e+00 -3.30646835e+10 
 1.35900000e+00 -3.30683931e+10 
 1.36000000e+00 -3.30720561e+10 
 1.36100000e+00 -3.30756728e+10 
 1.36200000e+00 -3.30792431e+10 
 1.36300000e+00 -3.30827671e+10 
 1.36400000e+00 -3.30862450e+10 
 1.36500000e+00 -3.30896768e+10 
 1.36600000e+00 -3.30930626e+10 
 1.36700000e+00 -3.30964024e+10 
 1.36800000e+00 -3.30996965e+10 
 1.36900000e+00 -3.31029448e+10 
 1.37000000e+00 -3.31061474e+10 
 1.37100000e+00 -3.31093045e+10 
 1.37200000e+00 -3.31124161e+10 
 1.37300000e+00 -3.31154822e+10 
 1.37400000e+00 -3.31185031e+10 
 1.37500000e+00 -3.31214787e+10 
 1.37600000e+00 -3.31244092e+10 
 1.37700000e+00 -3.31272947e+10 
 1.37800000e+00 -3.31301351e+10 
 1.37900000e+00 -3.31329307e+10 
 1.38000000e+00 -3.31356814e+10 
 1.38100000e+00 -3.31383874e+10 
 1.38200000e+00 -3.31410488e+10 
 1.38300000e+00 -3.31436657e+10 
 1.38400000e+00 -3.31462380e+10 
 1.38500000e+00 -3.31487660e+10 
 1.38600000e+00 -3.31512497e+10 
 1.38700000e+00 -3.31536891e+10 
 1.38800000e+00 -3.31560844e+10 
 1.38900000e+00 -3.31584356e+10 
 1.39000000e+00 -3.31607429e+10 
 1.39100000e+00 -3.31630063e+10 
 1.39200000e+00 -3.31652259e+10 
 1.39300000e+00 -3.31674017e+10 
 1.39400000e+00 -3.31695339e+10 
 1.39500000e+00 -3.31716225e+10 
 1.39600000e+00 -3.31736677e+10 
 1.39700000e+00 -3.31756694e+10 
 1.39800000e+00 -3.31776279e+10 
 1.39900000e+00 -3.31795431e+10 
 1.40000000e+00 -3.31814151e+10 
 1.40100000e+00 -3.31832441e+10 
 1.40200000e+00 -3.31850300e+10 
 1.40300000e+00 -3.31867731e+10 
 1.40400000e+00 -3.31884733e+10 
 1.40500000e+00 -3.31901308e+10 
 1.40600000e+00 -3.31917456e+10 
 1.40700000e+00 -3.31933178e+10 
 1.40800000e+00 -3.31948475e+10 
 1.40900000e+00 -3.31963348e+10 
 1.41000000e+00 -3.31977797e+10 
 1.41100000e+00 -3.31991823e+10 
 1.41200000e+00 -3.32005427e+10 
 1.41300000e+00 -3.32018611e+10 
 1.41400000e+00 -3.32031373e+10 
 1.41500000e+00 -3.32043717e+10 
 1.41600000e+00 -3.32055641e+10 
 1.41700000e+00 -3.32067147e+10 
 1.41800000e+00 -3.32078237e+10 
 1.41900000e+00 -3.32088909e+10 
 1.42000000e+00 -3.32099166e+10 
 1.42100000e+00 -3.32109008e+10 
 1.42200000e+00 -3.32118436e+10 
 1.42300000e+00 -3.32127451e+10 
 1.42400000e+00 -3.32136053e+10 
 1.42500000e+00 -3.32144243e+10 
 1.42600000e+00 -3.32152022e+10 
 1.42700000e+00 -3.32159391e+10 
 1.42800000e+00 -3.32166350e+10 
 1.42900000e+00 -3.32172901e+10 
 1.43000000e+00 -3.32179043e+10 
 1.43100000e+00 -3.32184778e+10 
 1.43200000e+00 -3.32190107e+10 
 1.43300000e+00 -3.32195030e+10 
 1.43400000e+00 -3.32199548e+10 
 1.43500000e+00 -3.32203662e+10 
 1.43600000e+00 -3.32207372e+10 
 1.43700000e+00 -3.32210679e+10 
 1.43800000e+00 -3.32213585e+10 
 1.43900000e+00 -3.32216089e+10 
 1.44000000e+00 -3.32218193e+10 
 1.44100000e+00 -3.32219897e+10 
 1.44200000e+00 -3.32221201e+10 
 1.44300000e+00 -3.32222108e+10 
 1.44400000e+00 -3.32222617e+10 
 1.44500000e+00 -3.32222729e+10 
 1.44600000e+00 -3.32222445e+10 
 1.44700000e+00 -3.32221766e+10 
 1.44800000e+00 -3.32220692e+10 
 1.44900000e+00 -3.32219224e+10 
 1.45000000e+00 -3.32217363e+10 
 1.45100000e+00 -3.32215109e+10 
 1.45200000e+00 -3.32212464e+10 
 1.45300000e+00 -3.32209427e+10 
 1.45400000e+00 -3.32206001e+10 
 1.45500000e+00 -3.32202184e+10 
 1.45600000e+00 -3.32197979e+10 
 1.45700000e+00 -3.32193385e+10 
 1.45800000e+00 -3.32188404e+10 
 1.45900000e+00 -3.32183037e+10 
 1.46000000e+00 -3.32177283e+10 
 1.46100000e+00 -3.32171144e+10 
 1.46200000e+00 -3.32164620e+10 
 1.46300000e+00 -3.32157712e+10 
 1.46400000e+00 -3.32150421e+10 
 1.46500000e+00 -3.32142747e+10 
 1.46600000e+00 -3.32134691e+10 
 1.46700000e+00 -3.32126254e+10 
 1.46800000e+00 -3.32117437e+10 
 1.46900000e+00 -3.32108240e+10 
 1.47000000e+00 -3.32098663e+10 
 1.47100000e+00 -3.32088709e+10 
 1.47200000e+00 -3.32078376e+10 
 1.47300000e+00 -3.32067666e+10 
 1.47400000e+00 -3.32056580e+10 
 1.47500000e+00 -3.32045118e+10 
 1.47600000e+00 -3.32033281e+10 
 1.47700000e+00 -3.32021070e+10 
 1.47800000e+00 -3.32008485e+10 
 1.47900000e+00 -3.31995526e+10 
 1.48000000e+00 -3.31982196e+10 
 1.48100000e+00 -3.31968493e+10 
 1.48200000e+00 -3.31954420e+10 
 1.48300000e+00 -3.31939976e+10 
 1.48400000e+00 -3.31925163e+10 
 1.48500000e+00 -3.31909980e+10 
 1.48600000e+00 -3.31894429e+10 
 1.48700000e+00 -3.31878510e+10 
 1.48800000e+00 -3.31862223e+10 
 1.48900000e+00 -3.31845571e+10 
 1.49000000e+00 -3.31828552e+10 
 1.49100000e+00 -3.31811169e+10 
 1.49200000e+00 -3.31793420e+10 
 1.49300000e+00 -3.31775308e+10 
 1.49400000e+00 -3.31756832e+10 
 1.49500000e+00 -3.31737994e+10 
 1.49600000e+00 -3.31718794e+10 
 1.49700000e+00 -3.31699232e+10 
 1.49800000e+00 -3.31679310e+10 
 1.49900000e+00 -3.31659027e+10 
 1.50000000e+00 -3.31638385e+10 
 1.50100000e+00 -3.31617384e+10 
 1.50200000e+00 -3.31596025e+10 
 1.50300000e+00 -3.31574308e+10 
 1.50400000e+00 -3.31552234e+10 
 1.50500000e+00 -3.31529804e+10 
 1.50600000e+00 -3.31507018e+10 
 1.50700000e+00 -3.31483877e+10 
 1.50800000e+00 -3.31460381e+10 
 1.50900000e+00 -3.31436531e+10 
 1.51000000e+00 -3.31412328e+10 
 1.51100000e+00 -3.31387772e+10 
 1.51200000e+00 -3.31362864e+10 
 1.51300000e+00 -3.31337604e+10 
 1.51400000e+00 -3.31311993e+10 
 1.51500000e+00 -3.31286032e+10 
 1.51600000e+00 -3.31259721e+10 
 1.51700000e+00 -3.31233061e+10 
 1.51800000e+00 -3.31206053e+10 
 1.51900000e+00 -3.31178696e+10 
 1.52000000e+00 -3.31150992e+10 
 1.52100000e+00 -3.31122941e+10 
 1.52200000e+00 -3.31094544e+10 
 1.52300000e+00 -3.31065801e+10 
 1.52400000e+00 -3.31036714e+10 
 1.52500000e+00 -3.31007281e+10 
 1.52600000e+00 -3.30977505e+10 
 1.52700000e+00 -3.30947385e+10 
 1.52800000e+00 -3.30916923e+10 
 1.52900000e+00 -3.30886118e+10 
 1.53000000e+00 -3.30854971e+10 
 1.53100000e+00 -3.30823484e+10 
 1.53200000e+00 -3.30791656e+10 
 1.53300000e+00 -3.30759488e+10 
 1.53400000e+00 -3.30726980e+10 
 1.53500000e+00 -3.30694134e+10 
 1.53600000e+00 -3.30660949e+10 
 1.53700000e+00 -3.30627426e+10 
 1.53800000e+00 -3.30593567e+10 
 1.53900000e+00 -3.30559370e+10 
 1.54000000e+00 -3.30524838e+10 
 1.54100000e+00 -3.30489970e+10 
 1.54200000e+00 -3.30454766e+10 
 1.54300000e+00 -3.30419229e+10 
 1.54400000e+00 -3.30383357e+10 
 1.54500000e+00 -3.30347152e+10 
 1.54600000e+00 -3.30310614e+10 
 1.54700000e+00 -3.30273744e+10 
 1.54800000e+00 -3.30236541e+10 
 1.54900000e+00 -3.30199008e+10 
 1.55000000e+00 -3.30161144e+10 
 1.55100000e+00 -3.30122949e+10 
 1.55200000e+00 -3.30084425e+10 
 1.55300000e+00 -3.30045571e+10 
 1.55400000e+00 -3.30006389e+10 
 1.55500000e+00 -3.29966878e+10 
 1.55600000e+00 -3.29927040e+10 
 1.55700000e+00 -3.29886875e+10 
 1.55800000e+00 -3.29846383e+10 
 1.55900000e+00 -3.29805565e+10 
 1.56000000e+00 -3.29764421e+10 
 1.56100000e+00 -3.29722952e+10 
 1.56200000e+00 -3.29681158e+10 
 1.56300000e+00 -3.29639041e+10 
 1.56400000e+00 -3.29596599e+10 
 1.56500000e+00 -3.29553835e+10 
 1.56600000e+00 -3.29510748e+10 
 1.56700000e+00 -3.29467338e+10 
 1.56800000e+00 -3.29423607e+10 
 1.56900000e+00 -3.29379555e+10 
 1.57000000e+00 -3.29335182e+10 
 1.57100000e+00 -3.29290488e+10 
 1.57200000e+00 -3.29245475e+10 
 1.57300000e+00 -3.29200143e+10 
 1.57400000e+00 -3.29154492e+10 
 1.57500000e+00 -3.29108523e+10 
 1.57600000e+00 -3.29062235e+10 
 1.57700000e+00 -3.29015631e+10 
 1.57800000e+00 -3.28968709e+10 
 1.57900000e+00 -3.28921471e+10 
 1.58000000e+00 -3.28873917e+10 
 1.58100000e+00 -3.28826048e+10 
 1.58200000e+00 -3.28777863e+10 
 1.58300000e+00 -3.28729364e+10 
 1.58400000e+00 -3.28680551e+10 
 1.58500000e+00 -3.28631424e+10 
 1.58600000e+00 -3.28581984e+10 
 1.58700000e+00 -3.28532230e+10 
 1.58800000e+00 -3.28482165e+10 
 1.58900000e+00 -3.28431788e+10 
 1.59000000e+00 -3.28381099e+10 
 1.59100000e+00 -3.28330099e+10 
 1.59200000e+00 -3.28278789e+10 
 1.59300000e+00 -3.28227169e+10 
 1.59400000e+00 -3.28175239e+10 
 1.59500000e+00 -3.28122999e+10 
 1.59600000e+00 -3.28070451e+10 
 1.59700000e+00 -3.28017595e+10 
 1.59800000e+00 -3.27964430e+10 
 1.59900000e+00 -3.27910958e+10 
 1.60000000e+00 -3.27857179e+10 
 1.60100000e+00 -3.27803093e+10 
 1.60200000e+00 -3.27748701e+10 
 1.60300000e+00 -3.27694003e+10 
 1.60400000e+00 -3.27638999e+10 
 1.60500000e+00 -3.27583691e+10 
 1.60600000e+00 -3.27528078e+10 
 1.60700000e+00 -3.27472160e+10 
 1.60800000e+00 -3.27415939e+10 
 1.60900000e+00 -3.27359415e+10 
 1.61000000e+00 -3.27302587e+10 
 1.61100000e+00 -3.27245457e+10 
 1.61200000e+00 -3.27188025e+10 
 1.61300000e+00 -3.27130291e+10 
 1.61400000e+00 -3.27072256e+10 
 1.61500000e+00 -3.27013920e+10 
 1.61600000e+00 -3.26955283e+10 
 1.61700000e+00 -3.26896346e+10 
 1.61800000e+00 -3.26837109e+10 
 1.61900000e+00 -3.26777572e+10 
 1.62000000e+00 -3.26717737e+10 
 1.62100000e+00 -3.26657603e+10 
 1.62200000e+00 -3.26597171e+10 
 1.62300000e+00 -3.26536441e+10 
 1.62400000e+00 -3.26475413e+10 
 1.62500000e+00 -3.26414088e+10 
 1.62600000e+00 -3.26352466e+10 
 1.62700000e+00 -3.26290549e+10 
 1.62800000e+00 -3.26228335e+10 
 1.62900000e+00 -3.26165825e+10 
 1.63000000e+00 -3.26103020e+10 
 1.63100000e+00 -3.26039920e+10 
 1.63200000e+00 -3.25976526e+10 
 1.63300000e+00 -3.25912837e+10 
 1.63400000e+00 -3.25848855e+10 
 1.63500000e+00 -3.25784579e+10 
 1.63600000e+00 -3.25720010e+10 
 1.63700000e+00 -3.25655148e+10 
 1.63800000e+00 -3.25589994e+10 
 1.63900000e+00 -3.25524547e+10 
 1.64000000e+00 -3.25458809e+10 
 1.64100000e+00 -3.25392780e+10 
 1.64200000e+00 -3.25326459e+10 
 1.64300000e+00 -3.25259848e+10 
 1.64400000e+00 -3.25192947e+10 
 1.64500000e+00 -3.25125755e+10 
 1.64600000e+00 -3.25058274e+10 
 1.64700000e+00 -3.24990503e+10 
 1.64800000e+00 -3.24922444e+10 
 1.64900000e+00 -3.24854095e+10 
 1.65000000e+00 -3.24785459e+10 
 1.65100000e+00 -3.24716534e+10 
 1.65200000e+00 -3.24647322e+10 
 1.65300000e+00 -3.24577822e+10 
 1.65400000e+00 -3.24508035e+10 
 1.65500000e+00 -3.24437962e+10 
 1.65600000e+00 -3.24367602e+10 
 1.65700000e+00 -3.24296956e+10 
 1.65800000e+00 -3.24226024e+10 
 1.65900000e+00 -3.24154807e+10 
 1.66000000e+00 -3.24083304e+10 
 1.66100000e+00 -3.24011517e+10 
 1.66200000e+00 -3.23939445e+10 
 1.66300000e+00 -3.23867089e+10 
 1.66400000e+00 -3.23794449e+10 
 1.66500000e+00 -3.23721526e+10 
 1.66600000e+00 -3.23648319e+10 
 1.66700000e+00 -3.23574829e+10 
 1.66800000e+00 -3.23501056e+10 
 1.66900000e+00 -3.23427001e+10 
 1.67000000e+00 -3.23352663e+10 
 1.67100000e+00 -3.23278044e+10 
 1.67200000e+00 -3.23203143e+10 
 1.67300000e+00 -3.23127961e+10 
 1.67400000e+00 -3.23052498e+10 
 1.67500000e+00 -3.22976755e+10 
 1.67600000e+00 -3.22900731e+10 
 1.67700000e+00 -3.22824426e+10 
 1.67800000e+00 -3.22747842e+10 
 1.67900000e+00 -3.22670978e+10 
 1.68000000e+00 -3.22593835e+10 
 1.68100000e+00 -3.22516413e+10 
 1.68200000e+00 -3.22438712e+10 
 1.68300000e+00 -3.22360733e+10 
 1.68400000e+00 -3.22282475e+10 
 1.68500000e+00 -3.22203940e+10 
 1.68600000e+00 -3.22125127e+10 
 1.68700000e+00 -3.22046036e+10 
 1.68800000e+00 -3.21966668e+10 
 1.68900000e+00 -3.21887024e+10 
 1.69000000e+00 -3.21807103e+10 
 1.69100000e+00 -3.21726905e+10 
 1.69200000e+00 -3.21646431e+10 
 1.69300000e+00 -3.21565681e+10 
 1.69400000e+00 -3.21484656e+10 
 1.69500000e+00 -3.21403356e+10 
 1.69600000e+00 -3.21321780e+10 
 1.69700000e+00 -3.21239929e+10 
 1.69800000e+00 -3.21157804e+10 
 1.69900000e+00 -3.21075405e+10 
 1.70000000e+00 -3.20992731e+10 
 1.70100000e+00 -3.20909783e+10 
 1.70200000e+00 -3.20826562e+10 
 1.70300000e+00 -3.20743068e+10 
 1.70400000e+00 -3.20659300e+10 
 1.70500000e+00 -3.20575259e+10 
 1.70600000e+00 -3.20490946e+10 
 1.70700000e+00 -3.20406360e+10 
 1.70800000e+00 -3.20321502e+10 
 1.70900000e+00 -3.20236372e+10 
 1.71000000e+00 -3.20150970e+10 
 1.71100000e+00 -3.20065297e+10 
 1.71200000e+00 -3.19979352e+10 
 1.71300000e+00 -3.19893137e+10 
 1.71400000e+00 -3.19806650e+10 
 1.71500000e+00 -3.19719893e+10 
 1.71600000e+00 -3.19632865e+10 
 1.71700000e+00 -3.19545567e+10 
 1.71800000e+00 -3.19458000e+10 
 1.71900000e+00 -3.19370162e+10 
 1.72000000e+00 -3.19282055e+10 
 1.72100000e+00 -3.19193679e+10 
 1.72200000e+00 -3.19105033e+10 
 1.72300000e+00 -3.19016119e+10 
 1.72400000e+00 -3.18926935e+10 
 1.72500000e+00 -3.18837484e+10 
 1.72600000e+00 -3.18747764e+10 
 1.72700000e+00 -3.18657776e+10 
 1.72800000e+00 -3.18567520e+10 
 1.72900000e+00 -3.18476996e+10 
 1.73000000e+00 -3.18386205e+10 
 1.73100000e+00 -3.18295147e+10 
 1.73200000e+00 -3.18203821e+10 
 1.73300000e+00 -3.18112229e+10 
 1.73400000e+00 -3.18020370e+10 
 1.73500000e+00 -3.17928245e+10 
 1.73600000e+00 -3.17835853e+10 
 1.73700000e+00 -3.17743195e+10 
 1.73800000e+00 -3.17650271e+10 
 1.73900000e+00 -3.17557082e+10 
 1.74000000e+00 -3.17463627e+10 
 1.74100000e+00 -3.17369907e+10 
 1.74200000e+00 -3.17275921e+10 
 1.74300000e+00 -3.17181671e+10 
 1.74400000e+00 -3.17087156e+10 
 1.74500000e+00 -3.16992376e+10 
 1.74600000e+00 -3.16897332e+10 
 1.74700000e+00 -3.16802023e+10 
 1.74800000e+00 -3.16706451e+10 
 1.74900000e+00 -3.16610614e+10 
 1.75000000e+00 -3.16514514e+10 
 1.75100000e+00 -3.16418151e+10 
 1.75200000e+00 -3.16321524e+10 
 1.75300000e+00 -3.16224634e+10 
 1.75400000e+00 -3.16127481e+10 
 1.75500000e+00 -3.16030065e+10 
 1.75600000e+00 -3.15932386e+10 
 1.75700000e+00 -3.15834445e+10 
 1.75800000e+00 -3.15736242e+10 
 1.75900000e+00 -3.15637776e+10 
 1.76000000e+00 -3.15539049e+10 
 1.76100000e+00 -3.15440060e+10 
 1.76200000e+00 -3.15340809e+10 
 1.76300000e+00 -3.15241296e+10 
 1.76400000e+00 -3.15141523e+10 
 1.76500000e+00 -3.15041488e+10 
 1.76600000e+00 -3.14941192e+10 
 1.76700000e+00 -3.14840636e+10 
 1.76800000e+00 -3.14739818e+10 
 1.76900000e+00 -3.14638740e+10 
 1.77000000e+00 -3.14537402e+10 
 1.77100000e+00 -3.14435804e+10 
 1.77200000e+00 -3.14333946e+10 
 1.77300000e+00 -3.14231827e+10 
 1.77400000e+00 -3.14129449e+10 
 1.77500000e+00 -3.14026812e+10 
 1.77600000e+00 -3.13923915e+10 
 1.77700000e+00 -3.13820759e+10 
 1.77800000e+00 -3.13717344e+10 
 1.77900000e+00 -3.13613669e+10 
 1.78000000e+00 -3.13509736e+10 
 1.78100000e+00 -3.13405545e+10 
 1.78200000e+00 -3.13301095e+10 
 1.78300000e+00 -3.13196386e+10 
 1.78400000e+00 -3.13091420e+10 
 1.78500000e+00 -3.12986195e+10 
 1.78600000e+00 -3.12880712e+10 
 1.78700000e+00 -3.12774972e+10 
 1.78800000e+00 -3.12668974e+10 
 1.78900000e+00 -3.12562718e+10 
 1.79000000e+00 -3.12456205e+10 
 1.79100000e+00 -3.12349435e+10 
 1.79200000e+00 -3.12242408e+10 
 1.79300000e+00 -3.12135125e+10 
 1.79400000e+00 -3.12027584e+10 
 1.79500000e+00 -3.11919787e+10 
 1.79600000e+00 -3.11811733e+10 
 1.79700000e+00 -3.11703423e+10 
 1.79800000e+00 -3.11594857e+10 
 1.79900000e+00 -3.11486035e+10 
 1.80000000e+00 -3.11376956e+10 
