 0.00000000e+00  3.75140507e-09 
 1.00000000e-03  3.84738077e-09 
 2.00000000e-03  3.94580938e-09 
 3.00000000e-03  4.04675351e-09 
 4.00000000e-03  4.15027733e-09 
 5.00000000e-03  4.25644668e-09 
 6.00000000e-03  4.36532904e-09 
 7.00000000e-03  4.47699364e-09 
 8.00000000e-03  4.59151144e-09 
 9.00000000e-03  4.70895523e-09 
 1.00000000e-02  4.82939965e-09 
 1.10000000e-02  4.95292123e-09 
 1.20000000e-02  5.07959845e-09 
 1.30000000e-02  5.20951179e-09 
 1.40000000e-02  5.34274376e-09 
 1.50000000e-02  5.47937900e-09 
 1.60000000e-02  5.61950428e-09 
 1.70000000e-02  5.76320858e-09 
 1.80000000e-02  5.91058313e-09 
 1.90000000e-02  6.06172152e-09 
 2.00000000e-02  6.21671967e-09 
 2.10000000e-02  6.37567596e-09 
 2.20000000e-02  6.53869129e-09 
 2.30000000e-02  6.70586908e-09 
 2.40000000e-02  6.87731541e-09 
 2.50000000e-02  7.05313906e-09 
 2.60000000e-02  7.23345154e-09 
 2.70000000e-02  7.41836723e-09 
 2.80000000e-02  7.60800339e-09 
 2.90000000e-02  7.80248026e-09 
 3.00000000e-02  8.00192114e-09 
 3.10000000e-02  8.20645247e-09 
 3.20000000e-02  8.41620387e-09 
 3.30000000e-02  8.63130829e-09 
 3.40000000e-02  8.85190201e-09 
 3.50000000e-02  9.07812480e-09 
 3.60000000e-02  9.31011998e-09 
 3.70000000e-02  9.54803447e-09 
 3.80000000e-02  9.79201896e-09 
 3.90000000e-02  1.00422279e-08 
 4.00000000e-02  1.02988198e-08 
 4.10000000e-02  1.05619570e-08 
 4.20000000e-02  1.08318060e-08 
 4.30000000e-02  1.11085376e-08 
 4.40000000e-02  1.13923270e-08 
 4.50000000e-02  1.16833536e-08 
 4.60000000e-02  1.19818016e-08 
 4.70000000e-02  1.22878596e-08 
 4.80000000e-02  1.26017212e-08 
 4.90000000e-02  1.29235848e-08 
 5.00000000e-02  1.32536539e-08 
 5.10000000e-02  1.35921370e-08 
 5.20000000e-02  1.39392481e-08 
 5.30000000e-02  1.42952064e-08 
 5.40000000e-02  1.46602368e-08 
 5.50000000e-02  1.50345699e-08 
 5.60000000e-02  1.54184419e-08 
 5.70000000e-02  1.58120952e-08 
 5.80000000e-02  1.62157783e-08 
 5.90000000e-02  1.66297460e-08 
 6.00000000e-02  1.70542594e-08 
 6.10000000e-02  1.74895863e-08 
 6.20000000e-02  1.79360014e-08 
 6.30000000e-02  1.83937861e-08 
 6.40000000e-02  1.88632290e-08 
 6.50000000e-02  1.93446260e-08 
 6.60000000e-02  1.98382806e-08 
 6.70000000e-02  2.03445037e-08 
 6.80000000e-02  2.08636143e-08 
 6.90000000e-02  2.13959393e-08 
 7.00000000e-02  2.19418138e-08 
 7.10000000e-02  2.25015815e-08 
 7.20000000e-02  2.30755948e-08 
 7.30000000e-02  2.36642149e-08 
 7.40000000e-02  2.42678120e-08 
 7.50000000e-02  2.48867658e-08 
 7.60000000e-02  2.55214655e-08 
 7.70000000e-02  2.61723101e-08 
 7.80000000e-02  2.68397087e-08 
 7.90000000e-02  2.75240807e-08 
 8.00000000e-02  2.82258561e-08 
 8.10000000e-02  2.89454755e-08 
 8.20000000e-02  2.96833909e-08 
 8.30000000e-02  3.04400655e-08 
 8.40000000e-02  3.12159742e-08 
 8.50000000e-02  3.20116037e-08 
 8.60000000e-02  3.28274533e-08 
 8.70000000e-02  3.36640344e-08 
 8.80000000e-02  3.45218716e-08 
 8.90000000e-02  3.54015026e-08 
 9.00000000e-02  3.63034785e-08 
 9.10000000e-02  3.72283644e-08 
 9.20000000e-02  3.81767394e-08 
 9.30000000e-02  3.91491974e-08 
 9.40000000e-02  4.01463469e-08 
 9.50000000e-02  4.11688118e-08 
 9.60000000e-02  4.22172319e-08 
 9.70000000e-02  4.32922626e-08 
 9.80000000e-02  4.43945761e-08 
 9.90000000e-02  4.55248612e-08 
 1.00000000e-01  4.66838241e-08 
 1.01000000e-01  4.78721887e-08 
 1.02000000e-01  4.90906969e-08 
 1.03000000e-01  5.03401094e-08 
 1.04000000e-01  5.16212056e-08 
 1.05000000e-01  5.29347848e-08 
 1.06000000e-01  5.42816660e-08 
 1.07000000e-01  5.56626888e-08 
 1.08000000e-01  5.70787137e-08 
 1.09000000e-01  5.85306230e-08 
 1.10000000e-01  6.00193206e-08 
 1.11000000e-01  6.15457333e-08 
 1.12000000e-01  6.31108109e-08 
 1.13000000e-01  6.47155270e-08 
 1.14000000e-01  6.63608795e-08 
 1.15000000e-01  6.80478910e-08 
 1.16000000e-01  6.97776099e-08 
 1.17000000e-01  7.15511105e-08 
 1.18000000e-01  7.33694939e-08 
 1.19000000e-01  7.52338887e-08 
 1.20000000e-01  7.71454517e-08 
 1.21000000e-01  7.91053683e-08 
 1.22000000e-01  8.11148534e-08 
 1.23000000e-01  8.31751524e-08 
 1.24000000e-01  8.52875413e-08 
 1.25000000e-01  8.74533281e-08 
 1.26000000e-01  8.96738532e-08 
 1.27000000e-01  9.19504903e-08 
 1.28000000e-01  9.42846471e-08 
 1.29000000e-01  9.66777665e-08 
 1.30000000e-01  9.91313269e-08 
 1.31000000e-01  1.01646844e-07 
 1.32000000e-01  1.04225869e-07 
 1.33000000e-01  1.06869996e-07 
 1.34000000e-01  1.09580853e-07 
 1.35000000e-01  1.12360112e-07 
 1.36000000e-01  1.15209486e-07 
 1.37000000e-01  1.18130728e-07 
 1.38000000e-01  1.21125639e-07 
 1.39000000e-01  1.24196059e-07 
 1.40000000e-01  1.27343878e-07 
 1.41000000e-01  1.30571030e-07 
 1.42000000e-01  1.33879497e-07 
 1.43000000e-01  1.37271312e-07 
 1.44000000e-01  1.40748555e-07 
 1.45000000e-01  1.44313360e-07 
 1.46000000e-01  1.47967912e-07 
 1.47000000e-01  1.51714451e-07 
 1.48000000e-01  1.55555270e-07 
 1.49000000e-01  1.59492721e-07 
 1.50000000e-01  1.63529212e-07 
 1.51000000e-01  1.67667212e-07 
 1.52000000e-01  1.71909249e-07 
 1.53000000e-01  1.76257913e-07 
 1.54000000e-01  1.80715859e-07 
 1.55000000e-01  1.85285807e-07 
 1.56000000e-01  1.89970542e-07 
 1.57000000e-01  1.94772918e-07 
 1.58000000e-01  1.99695861e-07 
 1.59000000e-01  2.04742365e-07 
 1.60000000e-01  2.09915500e-07 
 1.61000000e-01  2.15218411e-07 
 1.62000000e-01  2.20654318e-07 
 1.63000000e-01  2.26226521e-07 
 1.64000000e-01  2.31938401e-07 
 1.65000000e-01  2.37793420e-07 
 1.66000000e-01  2.43795125e-07 
 1.67000000e-01  2.49947151e-07 
 1.68000000e-01  2.56253220e-07 
 1.69000000e-01  2.62717144e-07 
 1.70000000e-01  2.69342830e-07 
 1.71000000e-01  2.76134278e-07 
 1.72000000e-01  2.83095585e-07 
 1.73000000e-01  2.90230950e-07 
 1.74000000e-01  2.97544671e-07 
 1.75000000e-01  3.05041152e-07 
 1.76000000e-01  3.12724903e-07 
 1.77000000e-01  3.20600545e-07 
 1.78000000e-01  3.28672808e-07 
 1.79000000e-01  3.36946538e-07 
 1.80000000e-01  3.45426699e-07 
 1.81000000e-01  3.54118373e-07 
 1.82000000e-01  3.63026766e-07 
 1.83000000e-01  3.72157210e-07 
 1.84000000e-01  3.81515165e-07 
 1.85000000e-01  3.91106222e-07 
 1.86000000e-01  4.00936107e-07 
 1.87000000e-01  4.11010684e-07 
 1.88000000e-01  4.21335959e-07 
 1.89000000e-01  4.31918080e-07 
 1.90000000e-01  4.42763345e-07 
 1.91000000e-01  4.53878201e-07 
 1.92000000e-01  4.65269252e-07 
 1.93000000e-01  4.76943257e-07 
 1.94000000e-01  4.88907142e-07 
 1.95000000e-01  5.01167992e-07 
 1.96000000e-01  5.13733067e-07 
 1.97000000e-01  5.26609798e-07 
 1.98000000e-01  5.39805793e-07 
 1.99000000e-01  5.53328842e-07 
 2.00000000e-01  5.67186922e-07 
 2.01000000e-01  5.81388198e-07 
 2.02000000e-01  5.95941031e-07 
 2.03000000e-01  6.10853979e-07 
 2.04000000e-01  6.26135804e-07 
 2.05000000e-01  6.41795477e-07 
 2.06000000e-01  6.57842181e-07 
 2.07000000e-01  6.74285317e-07 
 2.08000000e-01  6.91134507e-07 
 2.09000000e-01  7.08399603e-07 
 2.10000000e-01  7.26090689e-07 
 2.11000000e-01  7.44218087e-07 
 2.12000000e-01  7.62792363e-07 
 2.13000000e-01  7.81824331e-07 
 2.14000000e-01  8.01325062e-07 
 2.15000000e-01  8.21305884e-07 
 2.16000000e-01  8.41778397e-07 
 2.17000000e-01  8.62754467e-07 
 2.18000000e-01  8.84246244e-07 
 2.19000000e-01  9.06266161e-07 
 2.20000000e-01  9.28826941e-07 
 2.21000000e-01  9.51941607e-07 
 2.22000000e-01  9.75623486e-07 
 2.23000000e-01  9.99886216e-07 
 2.24000000e-01  1.02474375e-06 
 2.25000000e-01  1.05021038e-06 
 2.26000000e-01  1.07630072e-06 
 2.27000000e-01  1.10302971e-06 
 2.28000000e-01  1.13041267e-06 
 2.29000000e-01  1.15846525e-06 
 2.30000000e-01  1.18720349e-06 
 2.31000000e-01  1.21664376e-06 
 2.32000000e-01  1.24680285e-06 
 2.33000000e-01  1.27769792e-06 
 2.34000000e-01  1.30934653e-06 
 2.35000000e-01  1.34176664e-06 
 2.36000000e-01  1.37497664e-06 
 2.37000000e-01  1.40899533e-06 
 2.38000000e-01  1.44384195e-06 
 2.39000000e-01  1.47953617e-06 
 2.40000000e-01  1.51609814e-06 
 2.41000000e-01  1.55354845e-06 
 2.42000000e-01  1.59190816e-06 
 2.43000000e-01  1.63119883e-06 
 2.44000000e-01  1.67144250e-06 
 2.45000000e-01  1.71266173e-06 
 2.46000000e-01  1.75487957e-06 
 2.47000000e-01  1.79811963e-06 
 2.48000000e-01  1.84240603e-06 
 2.49000000e-01  1.88776345e-06 
 2.50000000e-01  1.93421713e-06 
 2.51000000e-01  1.98179289e-06 
 2.52000000e-01  2.03051713e-06 
 2.53000000e-01  2.08041686e-06 
 2.54000000e-01  2.13151970e-06 
 2.55000000e-01  2.18385387e-06 
 2.56000000e-01  2.23744826e-06 
 2.57000000e-01  2.29233241e-06 
 2.58000000e-01  2.34853652e-06 
 2.59000000e-01  2.40609145e-06 
 2.60000000e-01  2.46502881e-06 
 2.61000000e-01  2.52538086e-06 
 2.62000000e-01  2.58718064e-06 
 2.63000000e-01  2.65046189e-06 
 2.64000000e-01  2.71525914e-06 
 2.65000000e-01  2.78160766e-06 
 2.66000000e-01  2.84954355e-06 
 2.67000000e-01  2.91910370e-06 
 2.68000000e-01  2.99032581e-06 
 2.69000000e-01  3.06324845e-06 
 2.70000000e-01  3.13791103e-06 
 2.71000000e-01  3.21435385e-06 
 2.72000000e-01  3.29261811e-06 
 2.73000000e-01  3.37274592e-06 
 2.74000000e-01  3.45478033e-06 
 2.75000000e-01  3.53876534e-06 
 2.76000000e-01  3.62474595e-06 
 2.77000000e-01  3.71276814e-06 
 2.78000000e-01  3.80287889e-06 
 2.79000000e-01  3.89512627e-06 
 2.80000000e-01  3.98955937e-06 
 2.81000000e-01  4.08622839e-06 
 2.82000000e-01  4.18518463e-06 
 2.83000000e-01  4.28648051e-06 
 2.84000000e-01  4.39016964e-06 
 2.85000000e-01  4.49630678e-06 
 2.86000000e-01  4.60494790e-06 
 2.87000000e-01  4.71615023e-06 
 2.88000000e-01  4.82997222e-06 
 2.89000000e-01  4.94647362e-06 
 2.90000000e-01  5.06571551e-06 
 2.91000000e-01  5.18776029e-06 
 2.92000000e-01  5.31267172e-06 
 2.93000000e-01  5.44051498e-06 
 2.94000000e-01  5.57135667e-06 
 2.95000000e-01  5.70526484e-06 
 2.96000000e-01  5.84230904e-06 
 2.97000000e-01  5.98256032e-06 
 2.98000000e-01  6.12609131e-06 
 2.99000000e-01  6.27297621e-06 
 3.00000000e-01  6.42329084e-06 
 3.01000000e-01  6.57711268e-06 
 3.02000000e-01  6.73452088e-06 
 3.03000000e-01  6.89559635e-06 
 3.04000000e-01  7.06042173e-06 
 3.05000000e-01  7.22908148e-06 
 3.06000000e-01  7.40166188e-06 
 3.07000000e-01  7.57825111e-06 
 3.08000000e-01  7.75893924e-06 
 3.09000000e-01  7.94381833e-06 
 3.10000000e-01  8.13298242e-06 
 3.11000000e-01  8.32652760e-06 
 3.12000000e-01  8.52455204e-06 
 3.13000000e-01  8.72715605e-06 
 3.14000000e-01  8.93444213e-06 
 3.15000000e-01  9.14651497e-06 
 3.16000000e-01  9.36348158e-06 
 3.17000000e-01  9.58545125e-06 
 3.18000000e-01  9.81253566e-06 
 3.19000000e-01  1.00448489e-05 
 3.20000000e-01  1.02825076e-05 
 3.21000000e-01  1.05256309e-05 
 3.22000000e-01  1.07743403e-05 
 3.23000000e-01  1.10287604e-05 
 3.24000000e-01  1.12890180e-05 
 3.25000000e-01  1.15552430e-05 
 3.26000000e-01  1.18275681e-05 
 3.27000000e-01  1.21061286e-05 
 3.28000000e-01  1.23910630e-05 
 3.29000000e-01  1.26825128e-05 
 3.30000000e-01  1.29806224e-05 
 3.31000000e-01  1.32855396e-05 
 3.32000000e-01  1.35974151e-05 
 3.33000000e-01  1.39164030e-05 
 3.34000000e-01  1.42426609e-05 
 3.35000000e-01  1.45763497e-05 
 3.36000000e-01  1.49176338e-05 
 3.37000000e-01  1.52666811e-05 
 3.38000000e-01  1.56236632e-05 
 3.39000000e-01  1.59887557e-05 
 3.40000000e-01  1.63621375e-05 
 3.41000000e-01  1.67439919e-05 
 3.42000000e-01  1.71345060e-05 
 3.43000000e-01  1.75338708e-05 
 3.44000000e-01  1.79422817e-05 
 3.45000000e-01  1.83599384e-05 
 3.46000000e-01  1.87870447e-05 
 3.47000000e-01  1.92238090e-05 
 3.48000000e-01  1.96704444e-05 
 3.49000000e-01  2.01271684e-05 
 3.50000000e-01  2.05942034e-05 
 3.51000000e-01  2.10717766e-05 
 3.52000000e-01  2.15601202e-05 
 3.53000000e-01  2.20594715e-05 
 3.54000000e-01  2.25700729e-05 
 3.55000000e-01  2.30921723e-05 
 3.56000000e-01  2.36260228e-05 
 3.57000000e-01  2.41718831e-05 
 3.58000000e-01  2.47300178e-05 
 3.59000000e-01  2.53006971e-05 
 3.60000000e-01  2.58841970e-05 
 3.61000000e-01  2.64807998e-05 
 3.62000000e-01  2.70907939e-05 
 3.63000000e-01  2.77144739e-05 
 3.64000000e-01  2.83521411e-05 
 3.65000000e-01  2.90041033e-05 
 3.66000000e-01  2.96706750e-05 
 3.67000000e-01  3.03521776e-05 
 3.68000000e-01  3.10489396e-05 
 3.69000000e-01  3.17612968e-05 
 3.70000000e-01  3.24895922e-05 
 3.71000000e-01  3.32341763e-05 
 3.72000000e-01  3.39954075e-05 
 3.73000000e-01  3.47736518e-05 
 3.74000000e-01  3.55692833e-05 
 3.75000000e-01  3.63826845e-05 
 3.76000000e-01  3.72142459e-05 
 3.77000000e-01  3.80643668e-05 
 3.78000000e-01  3.89334551e-05 
 3.79000000e-01  3.98219277e-05 
 3.80000000e-01  4.07302105e-05 
 3.81000000e-01  4.16587387e-05 
 3.82000000e-01  4.26079569e-05 
 3.83000000e-01  4.35783197e-05 
 3.84000000e-01  4.45702910e-05 
 3.85000000e-01  4.55843453e-05 
 3.86000000e-01  4.66209670e-05 
 3.87000000e-01  4.76806511e-05 
 3.88000000e-01  4.87639033e-05 
 3.89000000e-01  4.98712402e-05 
 3.90000000e-01  5.10031894e-05 
 3.91000000e-01  5.21602899e-05 
 3.92000000e-01  5.33430922e-05 
 3.93000000e-01  5.45521585e-05 
 3.94000000e-01  5.57880631e-05 
 3.95000000e-01  5.70513923e-05 
 3.96000000e-01  5.83427450e-05 
 3.97000000e-01  5.96627326e-05 
 3.98000000e-01  6.10119794e-05 
 3.99000000e-01  6.23911228e-05 
 4.00000000e-01  6.38008136e-05 
 4.01000000e-01  6.52417160e-05 
 4.02000000e-01  6.67145080e-05 
 4.03000000e-01  6.82198818e-05 
 4.04000000e-01  6.97585435e-05 
 4.05000000e-01  7.13312139e-05 
 4.06000000e-01  7.29386284e-05 
 4.07000000e-01  7.45815375e-05 
 4.08000000e-01  7.62607065e-05 
 4.09000000e-01  7.79769163e-05 
 4.10000000e-01  7.97309633e-05 
 4.11000000e-01  8.15236599e-05 
 4.12000000e-01  8.33558342e-05 
 4.13000000e-01  8.52283308e-05 
 4.14000000e-01  8.71420106e-05 
 4.15000000e-01  8.90977513e-05 
 4.16000000e-01  9.10964474e-05 
 4.17000000e-01  9.31390103e-05 
 4.18000000e-01  9.52263689e-05 
 4.19000000e-01  9.73594694e-05 
 4.20000000e-01  9.95392758e-05 
 4.21000000e-01  1.01766770e-04 
 4.22000000e-01  1.04042950e-04 
 4.23000000e-01  1.06368836e-04 
 4.24000000e-01  1.08745463e-04 
 4.25000000e-01  1.11173885e-04 
 4.26000000e-01  1.13655175e-04 
 4.27000000e-01  1.16190426e-04 
 4.28000000e-01  1.18780747e-04 
 4.29000000e-01  1.21427268e-04 
 4.30000000e-01  1.24131138e-04 
 4.31000000e-01  1.26893524e-04 
 4.32000000e-01  1.29715613e-04 
 4.33000000e-01  1.32598610e-04 
 4.34000000e-01  1.35543740e-04 
 4.35000000e-01  1.38552249e-04 
 4.36000000e-01  1.41625399e-04 
 4.37000000e-01  1.44764473e-04 
 4.38000000e-01  1.47970773e-04 
 4.39000000e-01  1.51245622e-04 
 4.40000000e-01  1.54590358e-04 
 4.41000000e-01  1.58006342e-04 
 4.42000000e-01  1.61494951e-04 
 4.43000000e-01  1.65057584e-04 
 4.44000000e-01  1.68695655e-04 
 4.45000000e-01  1.72410600e-04 
 4.46000000e-01  1.76203870e-04 
 4.47000000e-01  1.80076937e-04 
 4.48000000e-01  1.84031290e-04 
 4.49000000e-01  1.88068433e-04 
 4.50000000e-01  1.92189892e-04 
 4.51000000e-01  1.96397206e-04 
 4.52000000e-01  2.00691934e-04 
 4.53000000e-01  2.05075647e-04 
 4.54000000e-01  2.09549936e-04 
 4.55000000e-01  2.14116406e-04 
 4.56000000e-01  2.18776675e-04 
 4.57000000e-01  2.23532380e-04 
 4.58000000e-01  2.28385167e-04 
 4.59000000e-01  2.33336700e-04 
 4.60000000e-01  2.38388651e-04 
 4.61000000e-01  2.43542709e-04 
 4.62000000e-01  2.48800572e-04 
 4.63000000e-01  2.54163949e-04 
 4.64000000e-01  2.59634560e-04 
 4.65000000e-01  2.65214134e-04 
 4.66000000e-01  2.70904408e-04 
 4.67000000e-01  2.76707129e-04 
 4.68000000e-01  2.82624049e-04 
 4.69000000e-01  2.88656926e-04 
 4.70000000e-01  2.94807525e-04 
 4.71000000e-01  3.01077614e-04 
 4.72000000e-01  3.07468964e-04 
 4.73000000e-01  3.13983349e-04 
 4.74000000e-01  3.20622544e-04 
 4.75000000e-01  3.27388323e-04 
 4.76000000e-01  3.34282461e-04 
 4.77000000e-01  3.41306729e-04 
 4.78000000e-01  3.48462896e-04 
 4.79000000e-01  3.55752725e-04 
 4.80000000e-01  3.63177973e-04 
 4.81000000e-01  3.70740391e-04 
 4.82000000e-01  3.78441722e-04 
 4.83000000e-01  3.86283697e-04 
 4.84000000e-01  3.94268037e-04 
 4.85000000e-01  4.02396450e-04 
 4.86000000e-01  4.10670630e-04 
 4.87000000e-01  4.19092255e-04 
 4.88000000e-01  4.27662988e-04 
 4.89000000e-01  4.36384470e-04 
 4.90000000e-01  4.45258324e-04 
 4.91000000e-01  4.54286151e-04 
 4.92000000e-01  4.63469529e-04 
 4.93000000e-01  4.72810010e-04 
 4.94000000e-01  4.82309120e-04 
 4.95000000e-01  4.91968357e-04 
 4.96000000e-01  5.01789189e-04 
 4.97000000e-01  5.11773053e-04 
 4.98000000e-01  5.21921352e-04 
 4.99000000e-01  5.32235455e-04 
 5.00000000e-01  5.42716693e-04 
 5.01000000e-01  5.53366362e-04 
 5.02000000e-01  5.64185713e-04 
 5.03000000e-01  5.75175960e-04 
 5.04000000e-01  5.86338271e-04 
 5.05000000e-01  5.97673771e-04 
 5.06000000e-01  6.09183535e-04 
 5.07000000e-01  6.20868593e-04 
 5.08000000e-01  6.32729923e-04 
 5.09000000e-01  6.44768453e-04 
 5.10000000e-01  6.56985054e-04 
 5.11000000e-01  6.69380547e-04 
 5.12000000e-01  6.81955692e-04 
 5.13000000e-01  6.94711193e-04 
 5.14000000e-01  7.07647693e-04 
 5.15000000e-01  7.20765777e-04 
 5.16000000e-01  7.34065962e-04 
 5.17000000e-01  7.47548704e-04 
 5.18000000e-01  7.61214394e-04 
 5.19000000e-01  7.75063354e-04 
 5.20000000e-01  7.89095838e-04 
 5.21000000e-01  8.03312032e-04 
 5.22000000e-01  8.17712047e-04 
 5.23000000e-01  8.32295927e-04 
 5.24000000e-01  8.47063638e-04 
 5.25000000e-01  8.62015075e-04 
 5.26000000e-01  8.77150056e-04 
 5.27000000e-01  8.92468321e-04 
 5.28000000e-01  9.07969536e-04 
 5.29000000e-01  9.23653285e-04 
 5.30000000e-01  9.39519075e-04 
 5.31000000e-01  9.55566333e-04 
 5.32000000e-01  9.71794404e-04 
 5.33000000e-01  9.88202554e-04 
 5.34000000e-01  1.00478996e-03 
 5.35000000e-01  1.02155574e-03 
 5.36000000e-01  1.03849889e-03 
 5.37000000e-01  1.05561836e-03 
 5.38000000e-01  1.07291300e-03 
 5.39000000e-01  1.09038157e-03 
 5.40000000e-01  1.10802276e-03 
 5.41000000e-01  1.12583517e-03 
 5.42000000e-01  1.14381733e-03 
 5.43000000e-01  1.16196766e-03 
 5.44000000e-01  1.18028452e-03 
 5.45000000e-01  1.19876617e-03 
 5.46000000e-01  1.21741081e-03 
 5.47000000e-01  1.23621654e-03 
 5.48000000e-01  1.25518138e-03 
 5.49000000e-01  1.27430327e-03 
 5.50000000e-01  1.29358008e-03 
 5.51000000e-01  1.31300960e-03 
 5.52000000e-01  1.33258952e-03 
 5.53000000e-01  1.35231748e-03 
 5.54000000e-01  1.37219103e-03 
 5.55000000e-01  1.39220764e-03 
 5.56000000e-01  1.41236472e-03 
 5.57000000e-01  1.43265960e-03 
 5.58000000e-01  1.45308954e-03 
 5.59000000e-01  1.47365172e-03 
 5.60000000e-01  1.49434328e-03 
 5.61000000e-01  1.51516125e-03 
 5.62000000e-01  1.53610264e-03 
 5.63000000e-01  1.55716437e-03 
 5.64000000e-01  1.57834330e-03 
 5.65000000e-01  1.59963624e-03 
 5.66000000e-01  1.62103992e-03 
 5.67000000e-01  1.64255105e-03 
 5.68000000e-01  1.66416626e-03 
 5.69000000e-01  1.68588213e-03 
 5.70000000e-01  1.70769519e-03 
 5.71000000e-01  1.72960194e-03 
 5.72000000e-01  1.75159881e-03 
 5.73000000e-01  1.77368221e-03 
 5.74000000e-01  1.79584848e-03 
 5.75000000e-01  1.81809395e-03 
 5.76000000e-01  1.84041490e-03 
 5.77000000e-01  1.86280758e-03 
 5.78000000e-01  1.88526820e-03 
 5.79000000e-01  1.90779295e-03 
 5.80000000e-01  1.93037799e-03 
 5.81000000e-01  1.95301946e-03 
 5.82000000e-01  1.97571348e-03 
 5.83000000e-01  1.99845613e-03 
 5.84000000e-01  2.02124350e-03 
 5.85000000e-01  2.04407165e-03 
 5.86000000e-01  2.06693664e-03 
 5.87000000e-01  2.08983451e-03 
 5.88000000e-01  2.11276129e-03 
 5.89000000e-01  2.13571303e-03 
 5.90000000e-01  2.15868575e-03 
 5.91000000e-01  2.18167549e-03 
 5.92000000e-01  2.20467827e-03 
 5.93000000e-01  2.22769015e-03 
 5.94000000e-01  2.25070718e-03 
 5.95000000e-01  2.27372540e-03 
 5.96000000e-01  2.29674090e-03 
 5.97000000e-01  2.31974977e-03 
 5.98000000e-01  2.34274811e-03 
 5.99000000e-01  2.36573205e-03 
 6.00000000e-01  2.38869773e-03 
 6.01000000e-01  2.41164134e-03 
 6.02000000e-01  2.43455906e-03 
 6.03000000e-01  2.45744713e-03 
 6.04000000e-01  2.48030181e-03 
 6.05000000e-01  2.50311938e-03 
 6.06000000e-01  2.52589617e-03 
 6.07000000e-01  2.54862856e-03 
 6.08000000e-01  2.57131292e-03 
 6.09000000e-01  2.59394572e-03 
 6.10000000e-01  2.61652343e-03 
 6.11000000e-01  2.63904258e-03 
 6.12000000e-01  2.66149974e-03 
 6.13000000e-01  2.68389154e-03 
 6.14000000e-01  2.70621464e-03 
 6.15000000e-01  2.72846577e-03 
 6.16000000e-01  2.75064168e-03 
 6.17000000e-01  2.77273922e-03 
 6.18000000e-01  2.79475524e-03 
 6.19000000e-01  2.81668669e-03 
 6.20000000e-01  2.83853056e-03 
 6.21000000e-01  2.86028390e-03 
 6.22000000e-01  2.88194380e-03 
 6.23000000e-01  2.90350744e-03 
 6.24000000e-01  2.92497205e-03 
 6.25000000e-01  2.94633490e-03 
 6.26000000e-01  2.96759336e-03 
 6.27000000e-01  2.98874483e-03 
 6.28000000e-01  3.00978680e-03 
 6.29000000e-01  3.03071679e-03 
 6.30000000e-01  3.05153243e-03 
 6.31000000e-01  3.07223138e-03 
 6.32000000e-01  3.09281137e-03 
 6.33000000e-01  3.11327022e-03 
 6.34000000e-01  3.13360578e-03 
 6.35000000e-01  3.15381601e-03 
 6.36000000e-01  3.17389889e-03 
 6.37000000e-01  3.19385251e-03 
 6.38000000e-01  3.21367499e-03 
 6.39000000e-01  3.23336455e-03 
 6.40000000e-01  3.25291944e-03 
 6.41000000e-01  3.27233802e-03 
 6.42000000e-01  3.29161869e-03 
 6.43000000e-01  3.31075991e-03 
 6.44000000e-01  3.32976023e-03 
 6.45000000e-01  3.34861824e-03 
 6.46000000e-01  3.36733263e-03 
 6.47000000e-01  3.38590212e-03 
 6.48000000e-01  3.40432552e-03 
 6.49000000e-01  3.42260168e-03 
 6.50000000e-01  3.44072954e-03 
 6.51000000e-01  3.45870810e-03 
 6.52000000e-01  3.47653640e-03 
 6.53000000e-01  3.49421356e-03 
 6.54000000e-01  3.51173878e-03 
 6.55000000e-01  3.52911127e-03 
 6.56000000e-01  3.54633035e-03 
 6.57000000e-01  3.56339538e-03 
 6.58000000e-01  3.58030578e-03 
 6.59000000e-01  3.59706102e-03 
 6.60000000e-01  3.61366064e-03 
 6.61000000e-01  3.63010424e-03 
 6.62000000e-01  3.64639146e-03 
 6.63000000e-01  3.66252199e-03 
 6.64000000e-01  3.67849561e-03 
 6.65000000e-01  3.69431212e-03 
 6.66000000e-01  3.70997138e-03 
 6.67000000e-01  3.72547329e-03 
 6.68000000e-01  3.74081784e-03 
 6.69000000e-01  3.75600502e-03 
 6.70000000e-01  3.77103490e-03 
 6.71000000e-01  3.78590758e-03 
 6.72000000e-01  3.80062322e-03 
 6.73000000e-01  3.81518202e-03 
 6.74000000e-01  3.82958422e-03 
 6.75000000e-01  3.84383011e-03 
 6.76000000e-01  3.85792001e-03 
 6.77000000e-01  3.87185430e-03 
 6.78000000e-01  3.88563339e-03 
 6.79000000e-01  3.89925771e-03 
 6.80000000e-01  3.91272777e-03 
 6.81000000e-01  3.92604409e-03 
 6.82000000e-01  3.93920721e-03 
 6.83000000e-01  3.95221775e-03 
 6.84000000e-01  3.96507633e-03 
 6.85000000e-01  3.97778360e-03 
 6.86000000e-01  3.99034028e-03 
 6.87000000e-01  4.00274706e-03 
 6.88000000e-01  4.01500473e-03 
 6.89000000e-01  4.02711404e-03 
 6.90000000e-01  4.03907583e-03 
 6.91000000e-01  4.05089092e-03 
 6.92000000e-01  4.06256017e-03 
 6.93000000e-01  4.07408449e-03 
 6.94000000e-01  4.08546477e-03 
 6.95000000e-01  4.09670196e-03 
 6.96000000e-01  4.10779702e-03 
 6.97000000e-01  4.11875091e-03 
 6.98000000e-01  4.12956465e-03 
 6.99000000e-01  4.14023925e-03 
 7.00000000e-01  4.15077574e-03 
 7.01000000e-01  4.16117519e-03 
 7.02000000e-01  4.17143866e-03 
 7.03000000e-01  4.18156724e-03 
 7.04000000e-01  4.19156203e-03 
 7.05000000e-01  4.20142415e-03 
 7.06000000e-01  4.21115473e-03 
 7.07000000e-01  4.22075490e-03 
 7.08000000e-01  4.23022583e-03 
 7.09000000e-01  4.23956869e-03 
 7.10000000e-01  4.24878463e-03 
 7.11000000e-01  4.25787486e-03 
 7.12000000e-01  4.26684055e-03 
 7.13000000e-01  4.27568293e-03 
 7.14000000e-01  4.28440318e-03 
 7.15000000e-01  4.29300254e-03 
 7.16000000e-01  4.30148222e-03 
 7.17000000e-01  4.30984345e-03 
 7.18000000e-01  4.31808746e-03 
 7.19000000e-01  4.32621549e-03 
 7.20000000e-01  4.33422877e-03 
 7.21000000e-01  4.34212856e-03 
 7.22000000e-01  4.34991609e-03 
 7.23000000e-01  4.35759262e-03 
 7.24000000e-01  4.36515938e-03 
 7.25000000e-01  4.37261764e-03 
 7.26000000e-01  4.37996864e-03 
 7.27000000e-01  4.38721363e-03 
 7.28000000e-01  4.39435386e-03 
 7.29000000e-01  4.40139057e-03 
 7.30000000e-01  4.40832501e-03 
 7.31000000e-01  4.41515843e-03 
 7.32000000e-01  4.42189207e-03 
 7.33000000e-01  4.42852716e-03 
 7.34000000e-01  4.43506494e-03 
 7.35000000e-01  4.44150664e-03 
 7.36000000e-01  4.44785349e-03 
 7.37000000e-01  4.45410672e-03 
 7.38000000e-01  4.46026752e-03 
 7.39000000e-01  4.46633714e-03 
 7.40000000e-01  4.47231676e-03 
 7.41000000e-01  4.47820759e-03 
 7.42000000e-01  4.48401082e-03 
 7.43000000e-01  4.48972765e-03 
 7.44000000e-01  4.49535926e-03 
 7.45000000e-01  4.50090683e-03 
 7.46000000e-01  4.50637151e-03 
 7.47000000e-01  4.51175448e-03 
 7.48000000e-01  4.51705688e-03 
 7.49000000e-01  4.52227987e-03 
 7.50000000e-01  4.52742458e-03 
 7.51000000e-01  4.53249214e-03 
 7.52000000e-01  4.53748367e-03 
 7.53000000e-01  4.54240028e-03 
 7.54000000e-01  4.54724308e-03 
 7.55000000e-01  4.55201316e-03 
 7.56000000e-01  4.55671161e-03 
 7.57000000e-01  4.56133951e-03 
 7.58000000e-01  4.56589791e-03 
 7.59000000e-01  4.57038789e-03 
 7.60000000e-01  4.57481048e-03 
 7.61000000e-01  4.57916673e-03 
 7.62000000e-01  4.58345766e-03 
 7.63000000e-01  4.58768430e-03 
 7.64000000e-01  4.59184764e-03 
 7.65000000e-01  4.59594870e-03 
 7.66000000e-01  4.59998846e-03 
 7.67000000e-01  4.60396789e-03 
 7.68000000e-01  4.60788797e-03 
 7.69000000e-01  4.61174965e-03 
 7.70000000e-01  4.61555389e-03 
 7.71000000e-01  4.61930161e-03 
 7.72000000e-01  4.62299374e-03 
 7.73000000e-01  4.62663120e-03 
 7.74000000e-01  4.63021490e-03 
 7.75000000e-01  4.63374573e-03 
 7.76000000e-01  4.63722457e-03 
 7.77000000e-01  4.64065231e-03 
 7.78000000e-01  4.64402979e-03 
 7.79000000e-01  4.64735788e-03 
 7.80000000e-01  4.65063742e-03 
 7.81000000e-01  4.65386925e-03 
 7.82000000e-01  4.65705417e-03 
 7.83000000e-01  4.66019300e-03 
 7.84000000e-01  4.66328655e-03 
 7.85000000e-01  4.66633561e-03 
 7.86000000e-01  4.66934094e-03 
 7.87000000e-01  4.67230333e-03 
 7.88000000e-01  4.67522354e-03 
 7.89000000e-01  4.67810230e-03 
 7.90000000e-01  4.68094037e-03 
 7.91000000e-01  4.68373846e-03 
 7.92000000e-01  4.68649730e-03 
 7.93000000e-01  4.68921760e-03 
 7.94000000e-01  4.69190005e-03 
 7.95000000e-01  4.69454534e-03 
 7.96000000e-01  4.69715416e-03 
 7.97000000e-01  4.69972716e-03 
 7.98000000e-01  4.70226501e-03 
 7.99000000e-01  4.70476836e-03 
 8.00000000e-01  4.70723784e-03 
 8.01000000e-01  4.70967410e-03 
 8.02000000e-01  4.71207774e-03 
 8.03000000e-01  4.71444938e-03 
 8.04000000e-01  4.71678961e-03 
 8.05000000e-01  4.71909905e-03 
 8.06000000e-01  4.72137825e-03 
 8.07000000e-01  4.72362781e-03 
 8.08000000e-01  4.72584828e-03 
 8.09000000e-01  4.72804022e-03 
 8.10000000e-01  4.73020418e-03 
 8.11000000e-01  4.73234070e-03 
 8.12000000e-01  4.73445030e-03 
 8.13000000e-01  4.73653351e-03 
 8.14000000e-01  4.73859084e-03 
 8.15000000e-01  4.74062279e-03 
 8.16000000e-01  4.74262986e-03 
 8.17000000e-01  4.74461254e-03 
 8.18000000e-01  4.74657131e-03 
 8.19000000e-01  4.74850661e-03 
 8.20000000e-01  4.75041875e-03 
 8.21000000e-01  4.75230836e-03 
 8.22000000e-01  4.75417590e-03 
 8.23000000e-01  4.75602180e-03 
 8.24000000e-01  4.75784649e-03 
 8.25000000e-01  4.75965041e-03 
 8.26000000e-01  4.76143396e-03 
 8.27000000e-01  4.76319755e-03 
 8.28000000e-01  4.76494159e-03 
 8.29000000e-01  4.76666648e-03 
 8.30000000e-01  4.76837259e-03 
 8.31000000e-01  4.77006032e-03 
 8.32000000e-01  4.77173003e-03 
 8.33000000e-01  4.77338210e-03 
 8.34000000e-01  4.77501687e-03 
 8.35000000e-01  4.77663472e-03 
 8.36000000e-01  4.77823597e-03 
 8.37000000e-01  4.77982098e-03 
 8.38000000e-01  4.78139008e-03 
 8.39000000e-01  4.78294359e-03 
 8.40000000e-01  4.78448184e-03 
 8.41000000e-01  4.78600514e-03 
 8.42000000e-01  4.78751381e-03 
 8.43000000e-01  4.78900814e-03 
 8.44000000e-01  4.79048843e-03 
 8.45000000e-01  4.79195497e-03 
 8.46000000e-01  4.79340806e-03 
 8.47000000e-01  4.79484796e-03 
 8.48000000e-01  4.79627496e-03 
 8.49000000e-01  4.79768933e-03 
 8.50000000e-01  4.79909132e-03 
 8.51000000e-01  4.80048119e-03 
 8.52000000e-01  4.80185921e-03 
 8.53000000e-01  4.80322561e-03 
 8.54000000e-01  4.80458065e-03 
 8.55000000e-01  4.80592455e-03 
 8.56000000e-01  4.80725755e-03 
 8.57000000e-01  4.80857988e-03 
 8.58000000e-01  4.80989177e-03 
 8.59000000e-01  4.81119342e-03 
 8.60000000e-01  4.81248506e-03 
 8.61000000e-01  4.81376689e-03 
 8.62000000e-01  4.81503912e-03 
 8.63000000e-01  4.81630196e-03 
 8.64000000e-01  4.81755559e-03 
 8.65000000e-01  4.81880020e-03 
 8.66000000e-01  4.82003599e-03 
 8.67000000e-01  4.82126314e-03 
 8.68000000e-01  4.82248183e-03 
 8.69000000e-01  4.82369224e-03 
 8.70000000e-01  4.82489453e-03 
 8.71000000e-01  4.82608887e-03 
 8.72000000e-01  4.82727543e-03 
 8.73000000e-01  4.82845437e-03 
 8.74000000e-01  4.82962584e-03 
 8.75000000e-01  4.83079000e-03 
 8.76000000e-01  4.83194700e-03 
 8.77000000e-01  4.83309698e-03 
 8.78000000e-01  4.83424008e-03 
 8.79000000e-01  4.83537645e-03 
 8.80000000e-01  4.83650622e-03 
 8.81000000e-01  4.83762952e-03 
 8.82000000e-01  4.83874648e-03 
 8.83000000e-01  4.83985723e-03 
 8.84000000e-01  4.84096189e-03 
 8.85000000e-01  4.84206059e-03 
 8.86000000e-01  4.84315343e-03 
 8.87000000e-01  4.84424054e-03 
 8.88000000e-01  4.84532202e-03 
 8.89000000e-01  4.84639798e-03 
 8.90000000e-01  4.84746853e-03 
 8.91000000e-01  4.84853378e-03 
 8.92000000e-01  4.84959382e-03 
 8.93000000e-01  4.85064875e-03 
 8.94000000e-01  4.85169867e-03 
 8.95000000e-01  4.85274366e-03 
 8.96000000e-01  4.85378383e-03 
 8.97000000e-01  4.85481926e-03 
 8.98000000e-01  4.85585002e-03 
 8.99000000e-01  4.85687622e-03 
 9.00000000e-01  4.85789793e-03 
 9.01000000e-01  4.85891522e-03 
 9.02000000e-01  4.85992818e-03 
 9.03000000e-01  4.86093687e-03 
 9.04000000e-01  4.86194138e-03 
 9.05000000e-01  4.86294177e-03 
 9.06000000e-01  4.86393811e-03 
 9.07000000e-01  4.86493047e-03 
 9.08000000e-01  4.86591891e-03 
 9.09000000e-01  4.86690350e-03 
 9.10000000e-01  4.86788429e-03 
 9.11000000e-01  4.86886134e-03 
 9.12000000e-01  4.86983472e-03 
 9.13000000e-01  4.87080448e-03 
 9.14000000e-01  4.87177066e-03 
 9.15000000e-01  4.87273333e-03 
 9.16000000e-01  4.87369253e-03 
 9.17000000e-01  4.87464832e-03 
 9.18000000e-01  4.87560074e-03 
 9.19000000e-01  4.87654983e-03 
 9.20000000e-01  4.87749565e-03 
 9.21000000e-01  4.87843822e-03 
 9.22000000e-01  4.87937761e-03 
 9.23000000e-01  4.88031384e-03 
 9.24000000e-01  4.88124695e-03 
 9.25000000e-01  4.88217698e-03 
 9.26000000e-01  4.88310397e-03 
 9.27000000e-01  4.88402796e-03 
 9.28000000e-01  4.88494897e-03 
 9.29000000e-01  4.88586704e-03 
 9.30000000e-01  4.88678219e-03 
 9.31000000e-01  4.88769447e-03 
 9.32000000e-01  4.88860390e-03 
 9.33000000e-01  4.88951050e-03 
 9.34000000e-01  4.89041430e-03 
 9.35000000e-01  4.89131534e-03 
 9.36000000e-01  4.89221362e-03 
 9.37000000e-01  4.89310918e-03 
 9.38000000e-01  4.89400204e-03 
 9.39000000e-01  4.89489223e-03 
 9.40000000e-01  4.89577975e-03 
 9.41000000e-01  4.89666463e-03 
 9.42000000e-01  4.89754690e-03 
 9.43000000e-01  4.89842656e-03 
 9.44000000e-01  4.89930363e-03 
 9.45000000e-01  4.90017814e-03 
 9.46000000e-01  4.90105009e-03 
 9.47000000e-01  4.90191951e-03 
 9.48000000e-01  4.90278640e-03 
 9.49000000e-01  4.90365078e-03 
 9.50000000e-01  4.90451266e-03 
 9.51000000e-01  4.90537205e-03 
 9.52000000e-01  4.90622897e-03 
 9.53000000e-01  4.90708342e-03 
 9.54000000e-01  4.90793541e-03 
 9.55000000e-01  4.90878496e-03 
 9.56000000e-01  4.90963207e-03 
 9.57000000e-01  4.91047675e-03 
 9.58000000e-01  4.91131900e-03 
 9.59000000e-01  4.91215884e-03 
 9.60000000e-01  4.91299626e-03 
 9.61000000e-01  4.91383128e-03 
 9.62000000e-01  4.91466390e-03 
 9.63000000e-01  4.91549413e-03 
 9.64000000e-01  4.91632196e-03 
 9.65000000e-01  4.91714741e-03 
 9.66000000e-01  4.91797047e-03 
 9.67000000e-01  4.91879115e-03 
 9.68000000e-01  4.91960945e-03 
 9.69000000e-01  4.92042537e-03 
 9.70000000e-01  4.92123891e-03 
 9.71000000e-01  4.92205008e-03 
 9.72000000e-01  4.92285888e-03 
 9.73000000e-01  4.92366530e-03 
 9.74000000e-01  4.92446934e-03 
 9.75000000e-01  4.92527101e-03 
 9.76000000e-01  4.92607030e-03 
 9.77000000e-01  4.92686722e-03 
 9.78000000e-01  4.92766175e-03 
 9.79000000e-01  4.92845391e-03 
 9.80000000e-01  4.92924368e-03 
 9.81000000e-01  4.93003107e-03 
 9.82000000e-01  4.93081607e-03 
 9.83000000e-01  4.93159868e-03 
 9.84000000e-01  4.93237890e-03 
 9.85000000e-01  4.93315672e-03 
 9.86000000e-01  4.93393214e-03 
 9.87000000e-01  4.93470515e-03 
 9.88000000e-01  4.93547576e-03 
 9.89000000e-01  4.93624395e-03 
 9.90000000e-01  4.93700973e-03 
 9.91000000e-01  4.93777308e-03 
 9.92000000e-01  4.93853401e-03 
 9.93000000e-01  4.93929251e-03 
 9.94000000e-01  4.94004857e-03 
 9.95000000e-01  4.94080218e-03 
 9.96000000e-01  4.94155335e-03 
 9.97000000e-01  4.94230207e-03 
 9.98000000e-01  4.94304832e-03 
 9.99000000e-01  4.94379211e-03 
 1.00000000e+00  4.94453343e-03 
 1.00100000e+00  4.94527227e-03 
 1.00200000e+00  4.94600863e-03 
 1.00300000e+00  4.94674250e-03 
 1.00400000e+00  4.94747387e-03 
 1.00500000e+00  4.94820274e-03 
 1.00600000e+00  4.94892909e-03 
 1.00700000e+00  4.94965294e-03 
 1.00800000e+00  4.95037425e-03 
 1.00900000e+00  4.95109304e-03 
 1.01000000e+00  4.95180929e-03 
 1.01100000e+00  4.95252299e-03 
 1.01200000e+00  4.95323415e-03 
 1.01300000e+00  4.95394274e-03 
 1.01400000e+00  4.95464877e-03 
 1.01500000e+00  4.95535223e-03 
 1.01600000e+00  4.95605310e-03 
 1.01700000e+00  4.95675139e-03 
 1.01800000e+00  4.95744708e-03 
 1.01900000e+00  4.95814017e-03 
 1.02000000e+00  4.95883065e-03 
 1.02100000e+00  4.95951852e-03 
 1.02200000e+00  4.96020375e-03 
 1.02300000e+00  4.96088636e-03 
 1.02400000e+00  4.96156633e-03 
 1.02500000e+00  4.96224365e-03 
 1.02600000e+00  4.96291831e-03 
 1.02700000e+00  4.96359032e-03 
 1.02800000e+00  4.96425965e-03 
 1.02900000e+00  4.96492631e-03 
 1.03000000e+00  4.96559028e-03 
 1.03100000e+00  4.96625156e-03 
 1.03200000e+00  4.96691015e-03 
 1.03300000e+00  4.96756603e-03 
 1.03400000e+00  4.96821919e-03 
 1.03500000e+00  4.96886963e-03 
 1.03600000e+00  4.96951735e-03 
 1.03700000e+00  4.97016233e-03 
 1.03800000e+00  4.97080457e-03 
 1.03900000e+00  4.97144406e-03 
 1.04000000e+00  4.97208079e-03 
 1.04100000e+00  4.97271476e-03 
 1.04200000e+00  4.97334596e-03 
 1.04300000e+00  4.97397438e-03 
 1.04400000e+00  4.97460002e-03 
 1.04500000e+00  4.97522287e-03 
 1.04600000e+00  4.97584292e-03 
 1.04700000e+00  4.97646016e-03 
 1.04800000e+00  4.97707459e-03 
 1.04900000e+00  4.97768621e-03 
 1.05000000e+00  4.97829500e-03 
 1.05100000e+00  4.97890095e-03 
 1.05200000e+00  4.97950407e-03 
 1.05300000e+00  4.98010435e-03 
 1.05400000e+00  4.98070178e-03 
 1.05500000e+00  4.98129635e-03 
 1.05600000e+00  4.98188806e-03 
 1.05700000e+00  4.98247689e-03 
 1.05800000e+00  4.98306286e-03 
 1.05900000e+00  4.98364594e-03 
 1.06000000e+00  4.98422614e-03 
 1.06100000e+00  4.98480344e-03 
 1.06200000e+00  4.98537785e-03 
 1.06300000e+00  4.98594935e-03 
 1.06400000e+00  4.98651794e-03 
 1.06500000e+00  4.98708361e-03 
 1.06600000e+00  4.98764637e-03 
 1.06700000e+00  4.98820620e-03 
 1.06800000e+00  4.98876310e-03 
 1.06900000e+00  4.98931706e-03 
 1.07000000e+00  4.98986808e-03 
 1.07100000e+00  4.99041616e-03 
 1.07200000e+00  4.99096128e-03 
 1.07300000e+00  4.99150345e-03 
 1.07400000e+00  4.99204265e-03 
 1.07500000e+00  4.99257889e-03 
 1.07600000e+00  4.99311216e-03 
 1.07700000e+00  4.99364246e-03 
 1.07800000e+00  4.99416977e-03 
 1.07900000e+00  4.99469410e-03 
 1.08000000e+00  4.99521545e-03 
 1.08100000e+00  4.99573380e-03 
 1.08200000e+00  4.99624915e-03 
 1.08300000e+00  4.99676150e-03 
 1.08400000e+00  4.99727085e-03 
 1.08500000e+00  4.99777720e-03 
 1.08600000e+00  4.99828052e-03 
 1.08700000e+00  4.99878084e-03 
 1.08800000e+00  4.99927813e-03 
 1.08900000e+00  4.99977240e-03 
 1.09000000e+00  5.00026365e-03 
 1.09100000e+00  5.00075187e-03 
 1.09200000e+00  5.00123705e-03 
 1.09300000e+00  5.00171920e-03 
 1.09400000e+00  5.00219831e-03 
 1.09500000e+00  5.00267438e-03 
 1.09600000e+00  5.00314740e-03 
 1.09700000e+00  5.00361737e-03 
 1.09800000e+00  5.00408430e-03 
 1.09900000e+00  5.00454817e-03 
 1.10000000e+00  5.00500899e-03 
 1.10100000e+00  5.00546675e-03 
 1.10200000e+00  5.00592144e-03 
 1.10300000e+00  5.00637308e-03 
 1.10400000e+00  5.00682165e-03 
 1.10500000e+00  5.00726716e-03 
 1.10600000e+00  5.00770959e-03 
 1.10700000e+00  5.00814896e-03 
 1.10800000e+00  5.00858525e-03 
 1.10900000e+00  5.00901847e-03 
 1.11000000e+00  5.00944861e-03 
 1.11100000e+00  5.00987568e-03 
 1.11200000e+00  5.01029966e-03 
 1.11300000e+00  5.01072057e-03 
 1.11400000e+00  5.01113839e-03 
 1.11500000e+00  5.01155314e-03 
 1.11600000e+00  5.01196479e-03 
 1.11700000e+00  5.01237336e-03 
 1.11800000e+00  5.01277885e-03 
 1.11900000e+00  5.01318125e-03 
 1.12000000e+00  5.01358056e-03 
 1.12100000e+00  5.01397678e-03 
 1.12200000e+00  5.01436991e-03 
 1.12300000e+00  5.01475995e-03 
 1.12400000e+00  5.01514690e-03 
 1.12500000e+00  5.01553076e-03 
 1.12600000e+00  5.01591152e-03 
 1.12700000e+00  5.01628920e-03 
 1.12800000e+00  5.01666378e-03 
 1.12900000e+00  5.01703528e-03 
 1.13000000e+00  5.01740368e-03 
 1.13100000e+00  5.01776898e-03 
 1.13200000e+00  5.01813120e-03 
 1.13300000e+00  5.01849032e-03 
 1.13400000e+00  5.01884635e-03 
 1.13500000e+00  5.01919929e-03 
 1.13600000e+00  5.01954914e-03 
 1.13700000e+00  5.01989590e-03 
 1.13800000e+00  5.02023957e-03 
 1.13900000e+00  5.02058015e-03 
 1.14000000e+00  5.02091764e-03 
 1.14100000e+00  5.02125204e-03 
 1.14200000e+00  5.02158336e-03 
 1.14300000e+00  5.02191158e-03 
 1.14400000e+00  5.02223673e-03 
 1.14500000e+00  5.02255879e-03 
 1.14600000e+00  5.02287776e-03 
 1.14700000e+00  5.02319366e-03 
 1.14800000e+00  5.02350647e-03 
 1.14900000e+00  5.02381621e-03 
 1.15000000e+00  5.02412286e-03 
 1.15100000e+00  5.02442644e-03 
 1.15200000e+00  5.02472695e-03 
 1.15300000e+00  5.02502438e-03 
 1.15400000e+00  5.02531873e-03 
 1.15500000e+00  5.02561002e-03 
 1.15600000e+00  5.02589824e-03 
 1.15700000e+00  5.02618340e-03 
 1.15800000e+00  5.02646548e-03 
 1.15900000e+00  5.02674451e-03 
 1.16000000e+00  5.02702047e-03 
 1.16100000e+00  5.02729338e-03 
 1.16200000e+00  5.02756323e-03 
 1.16300000e+00  5.02783002e-03 
 1.16400000e+00  5.02809376e-03 
 1.16500000e+00  5.02835446e-03 
 1.16600000e+00  5.02861210e-03 
 1.16700000e+00  5.02886670e-03 
 1.16800000e+00  5.02911825e-03 
 1.16900000e+00  5.02936677e-03 
 1.17000000e+00  5.02961225e-03 
 1.17100000e+00  5.02985469e-03 
 1.17200000e+00  5.03009410e-03 
 1.17300000e+00  5.03033048e-03 
 1.17400000e+00  5.03056383e-03 
 1.17500000e+00  5.03079416e-03 
 1.17600000e+00  5.03102147e-03 
 1.17700000e+00  5.03124576e-03 
 1.17800000e+00  5.03146704e-03 
 1.17900000e+00  5.03168530e-03 
 1.18000000e+00  5.03190055e-03 
 1.18100000e+00  5.03211280e-03 
 1.18200000e+00  5.03232204e-03 
 1.18300000e+00  5.03252829e-03 
 1.18400000e+00  5.03273154e-03 
 1.18500000e+00  5.03293179e-03 
 1.18600000e+00  5.03312906e-03 
 1.18700000e+00  5.03332333e-03 
 1.18800000e+00  5.03351463e-03 
 1.18900000e+00  5.03370295e-03 
 1.19000000e+00  5.03388829e-03 
 1.19100000e+00  5.03407066e-03 
 1.19200000e+00  5.03425006e-03 
 1.19300000e+00  5.03442650e-03 
 1.19400000e+00  5.03459997e-03 
 1.19500000e+00  5.03477049e-03 
 1.19600000e+00  5.03493805e-03 
 1.19700000e+00  5.03510267e-03 
 1.19800000e+00  5.03526433e-03 
 1.19900000e+00  5.03542306e-03 
 1.20000000e+00  5.03557885e-03 
 1.20100000e+00  5.03573170e-03 
 1.20200000e+00  5.03588163e-03 
 1.20300000e+00  5.03602863e-03 
 1.20400000e+00  5.03617270e-03 
 1.20500000e+00  5.03631386e-03 
 1.20600000e+00  5.03645211e-03 
 1.20700000e+00  5.03658744e-03 
 1.20800000e+00  5.03671987e-03 
 1.20900000e+00  5.03684941e-03 
 1.21000000e+00  5.03697604e-03 
 1.21100000e+00  5.03709978e-03 
 1.21200000e+00  5.03722064e-03 
 1.21300000e+00  5.03733861e-03 
 1.21400000e+00  5.03745370e-03 
 1.21500000e+00  5.03756592e-03 
 1.21600000e+00  5.03767527e-03 
 1.21700000e+00  5.03778175e-03 
 1.21800000e+00  5.03788537e-03 
 1.21900000e+00  5.03798614e-03 
 1.22000000e+00  5.03808405e-03 
 1.22100000e+00  5.03817912e-03 
 1.22200000e+00  5.03827134e-03 
 1.22300000e+00  5.03836073e-03 
 1.22400000e+00  5.03844729e-03 
 1.22500000e+00  5.03853101e-03 
 1.22600000e+00  5.03861192e-03 
 1.22700000e+00  5.03869000e-03 
 1.22800000e+00  5.03876527e-03 
 1.22900000e+00  5.03883774e-03 
 1.23000000e+00  5.03890740e-03 
 1.23100000e+00  5.03897426e-03 
 1.23200000e+00  5.03903832e-03 
 1.23300000e+00  5.03909960e-03 
 1.23400000e+00  5.03915809e-03 
 1.23500000e+00  5.03921381e-03 
 1.23600000e+00  5.03926675e-03 
 1.23700000e+00  5.03931692e-03 
 1.23800000e+00  5.03936433e-03 
 1.23900000e+00  5.03940898e-03 
 1.24000000e+00  5.03945087e-03 
 1.24100000e+00  5.03949002e-03 
 1.24200000e+00  5.03952642e-03 
 1.24300000e+00  5.03956008e-03 
 1.24400000e+00  5.03959101e-03 
 1.24500000e+00  5.03961922e-03 
 1.24600000e+00  5.03964470e-03 
 1.24700000e+00  5.03966746e-03 
 1.24800000e+00  5.03968751e-03 
 1.24900000e+00  5.03970486e-03 
 1.25000000e+00  5.03971950e-03 
 1.25100000e+00  5.03973144e-03 
 1.25200000e+00  5.03974070e-03 
 1.25300000e+00  5.03974727e-03 
 1.25400000e+00  5.03975116e-03 
 1.25500000e+00  5.03975237e-03 
 1.25600000e+00  5.03975092e-03 
 1.25700000e+00  5.03974680e-03 
 1.25800000e+00  5.03974002e-03 
 1.25900000e+00  5.03973058e-03 
 1.26000000e+00  5.03971850e-03 
 1.26100000e+00  5.03970378e-03 
 1.26200000e+00  5.03968642e-03 
 1.26300000e+00  5.03966643e-03 
 1.26400000e+00  5.03964382e-03 
 1.26500000e+00  5.03961858e-03 
 1.26600000e+00  5.03959073e-03 
 1.26700000e+00  5.03956026e-03 
 1.26800000e+00  5.03952720e-03 
 1.26900000e+00  5.03949153e-03 
 1.27000000e+00  5.03945327e-03 
 1.27100000e+00  5.03941243e-03 
 1.27200000e+00  5.03936900e-03 
 1.27300000e+00  5.03932300e-03 
 1.27400000e+00  5.03927443e-03 
 1.27500000e+00  5.03922329e-03 
 1.27600000e+00  5.03916959e-03 
 1.27700000e+00  5.03911334e-03 
 1.27800000e+00  5.03905454e-03 
 1.27900000e+00  5.03899319e-03 
 1.28000000e+00  5.03892931e-03 
 1.28100000e+00  5.03886290e-03 
 1.28200000e+00  5.03879397e-03 
 1.28300000e+00  5.03872251e-03 
 1.28400000e+00  5.03864854e-03 
 1.28500000e+00  5.03857206e-03 
 1.28600000e+00  5.03849308e-03 
 1.28700000e+00  5.03841160e-03 
 1.28800000e+00  5.03832762e-03 
 1.28900000e+00  5.03824116e-03 
 1.29000000e+00  5.03815223e-03 
 1.29100000e+00  5.03806081e-03 
 1.29200000e+00  5.03796693e-03 
 1.29300000e+00  5.03787059e-03 
 1.29400000e+00  5.03777178e-03 
 1.29500000e+00  5.03767053e-03 
 1.29600000e+00  5.03756683e-03 
 1.29700000e+00  5.03746069e-03 
 1.29800000e+00  5.03735211e-03 
 1.29900000e+00  5.03724111e-03 
 1.30000000e+00  5.03712768e-03 
 1.30100000e+00  5.03701183e-03 
 1.30200000e+00  5.03689357e-03 
 1.30300000e+00  5.03677291e-03 
 1.30400000e+00  5.03664985e-03 
 1.30500000e+00  5.03652439e-03 
 1.30600000e+00  5.03639654e-03 
 1.30700000e+00  5.03626631e-03 
 1.30800000e+00  5.03613370e-03 
 1.30900000e+00  5.03599872e-03 
 1.31000000e+00  5.03586137e-03 
 1.31100000e+00  5.03572167e-03 
 1.31200000e+00  5.03557961e-03 
 1.31300000e+00  5.03543520e-03 
 1.31400000e+00  5.03528844e-03 
 1.31500000e+00  5.03513935e-03 
 1.31600000e+00  5.03498793e-03 
 1.31700000e+00  5.03483418e-03 
 1.31800000e+00  5.03467812e-03 
 1.31900000e+00  5.03451973e-03 
 1.32000000e+00  5.03435904e-03 
 1.32100000e+00  5.03419605e-03 
 1.32200000e+00  5.03403076e-03 
 1.32300000e+00  5.03386317e-03 
 1.32400000e+00  5.03369330e-03 
 1.32500000e+00  5.03352116e-03 
 1.32600000e+00  5.03334673e-03 
 1.32700000e+00  5.03317004e-03 
 1.32800000e+00  5.03299108e-03 
 1.32900000e+00  5.03280987e-03 
 1.33000000e+00  5.03262641e-03 
 1.33100000e+00  5.03244069e-03 
 1.33200000e+00  5.03225274e-03 
 1.33300000e+00  5.03206256e-03 
 1.33400000e+00  5.03187014e-03 
 1.33500000e+00  5.03167550e-03 
 1.33600000e+00  5.03147865e-03 
 1.33700000e+00  5.03127958e-03 
 1.33800000e+00  5.03107831e-03 
 1.33900000e+00  5.03087483e-03 
 1.34000000e+00  5.03066916e-03 
 1.34100000e+00  5.03046130e-03 
 1.34200000e+00  5.03025126e-03 
 1.34300000e+00  5.03003904e-03 
 1.34400000e+00  5.02982465e-03 
 1.34500000e+00  5.02960809e-03 
 1.34600000e+00  5.02938937e-03 
 1.34700000e+00  5.02916849e-03 
 1.34800000e+00  5.02894546e-03 
 1.34900000e+00  5.02872029e-03 
 1.35000000e+00  5.02849298e-03 
 1.35100000e+00  5.02826354e-03 
 1.35200000e+00  5.02803197e-03 
 1.35300000e+00  5.02779827e-03 
 1.35400000e+00  5.02756246e-03 
 1.35500000e+00  5.02732454e-03 
 1.35600000e+00  5.02708452e-03 
 1.35700000e+00  5.02684239e-03 
 1.35800000e+00  5.02659817e-03 
 1.35900000e+00  5.02635186e-03 
 1.36000000e+00  5.02610347e-03 
 1.36100000e+00  5.02585300e-03 
 1.36200000e+00  5.02560046e-03 
 1.36300000e+00  5.02534585e-03 
 1.36400000e+00  5.02508918e-03 
 1.36500000e+00  5.02483046e-03 
 1.36600000e+00  5.02456968e-03 
 1.36700000e+00  5.02430686e-03 
 1.36800000e+00  5.02404200e-03 
 1.36900000e+00  5.02377511e-03 
 1.37000000e+00  5.02350619e-03 
 1.37100000e+00  5.02323525e-03 
 1.37200000e+00  5.02296228e-03 
 1.37300000e+00  5.02268731e-03 
 1.37400000e+00  5.02241033e-03 
 1.37500000e+00  5.02213135e-03 
 1.37600000e+00  5.02185037e-03 
 1.37700000e+00  5.02156740e-03 
 1.37800000e+00  5.02128245e-03 
 1.37900000e+00  5.02099552e-03 
 1.38000000e+00  5.02070661e-03 
 1.38100000e+00  5.02041573e-03 
 1.38200000e+00  5.02012289e-03 
 1.38300000e+00  5.01982810e-03 
 1.38400000e+00  5.01953135e-03 
 1.38500000e+00  5.01923265e-03 
 1.38600000e+00  5.01893201e-03 
 1.38700000e+00  5.01862943e-03 
 1.38800000e+00  5.01832492e-03 
 1.38900000e+00  5.01801848e-03 
 1.39000000e+00  5.01771013e-03 
 1.39100000e+00  5.01739985e-03 
 1.39200000e+00  5.01708767e-03 
 1.39300000e+00  5.01677358e-03 
 1.39400000e+00  5.01645759e-03 
 1.39500000e+00  5.01613971e-03 
 1.39600000e+00  5.01581993e-03 
 1.39700000e+00  5.01549828e-03 
 1.39800000e+00  5.01517474e-03 
 1.39900000e+00  5.01484933e-03 
 1.40000000e+00  5.01452205e-03 
 1.40100000e+00  5.01419290e-03 
 1.40200000e+00  5.01386190e-03 
 1.40300000e+00  5.01352904e-03 
 1.40400000e+00  5.01319433e-03 
 1.40500000e+00  5.01285779e-03 
 1.40600000e+00  5.01251940e-03 
 1.40700000e+00  5.01217918e-03 
 1.40800000e+00  5.01183713e-03 
 1.40900000e+00  5.01149326e-03 
 1.41000000e+00  5.01114757e-03 
 1.41100000e+00  5.01080007e-03 
 1.41200000e+00  5.01045076e-03 
 1.41300000e+00  5.01009965e-03 
 1.41400000e+00  5.00974674e-03 
 1.41500000e+00  5.00939204e-03 
 1.41600000e+00  5.00903555e-03 
 1.41700000e+00  5.00867728e-03 
 1.41800000e+00  5.00831723e-03 
 1.41900000e+00  5.00795540e-03 
 1.42000000e+00  5.00759181e-03 
 1.42100000e+00  5.00722646e-03 
 1.42200000e+00  5.00685935e-03 
 1.42300000e+00  5.00649048e-03 
 1.42400000e+00  5.00611987e-03 
 1.42500000e+00  5.00574752e-03 
 1.42600000e+00  5.00537342e-03 
 1.42700000e+00  5.00499760e-03 
 1.42800000e+00  5.00462004e-03 
 1.42900000e+00  5.00424076e-03 
 1.43000000e+00  5.00385977e-03 
 1.43100000e+00  5.00347705e-03 
 1.43200000e+00  5.00309263e-03 
 1.43300000e+00  5.00270651e-03 
 1.43400000e+00  5.00231868e-03 
 1.43500000e+00  5.00192917e-03 
 1.43600000e+00  5.00153796e-03 
 1.43700000e+00  5.00114506e-03 
 1.43800000e+00  5.00075049e-03 
 1.43900000e+00  5.00035424e-03 
 1.44000000e+00  4.99995632e-03 
 1.44100000e+00  4.99955673e-03 
 1.44200000e+00  4.99915548e-03 
 1.44300000e+00  4.99875258e-03 
 1.44400000e+00  4.99834802e-03 
 1.44500000e+00  4.99794182e-03 
 1.44600000e+00  4.99753397e-03 
 1.44700000e+00  4.99712448e-03 
 1.44800000e+00  4.99671336e-03 
 1.44900000e+00  4.99630062e-03 
 1.45000000e+00  4.99588625e-03 
 1.45100000e+00  4.99547025e-03 
 1.45200000e+00  4.99505265e-03 
 1.45300000e+00  4.99463343e-03 
 1.45400000e+00  4.99421261e-03 
 1.45500000e+00  4.99379019e-03 
 1.45600000e+00  4.99336617e-03 
 1.45700000e+00  4.99294055e-03 
 1.45800000e+00  4.99251335e-03 
 1.45900000e+00  4.99208457e-03 
 1.46000000e+00  4.99165421e-03 
 1.46100000e+00  4.99122227e-03 
 1.46200000e+00  4.99078877e-03 
 1.46300000e+00  4.99035370e-03 
 1.46400000e+00  4.98991706e-03 
 1.46500000e+00  4.98947888e-03 
 1.46600000e+00  4.98903914e-03 
 1.46700000e+00  4.98859785e-03 
 1.46800000e+00  4.98815502e-03 
 1.46900000e+00  4.98771065e-03 
 1.47000000e+00  4.98726475e-03 
 1.47100000e+00  4.98681732e-03 
 1.47200000e+00  4.98636836e-03 
 1.47300000e+00  4.98591788e-03 
 1.47400000e+00  4.98546588e-03 
 1.47500000e+00  4.98501237e-03 
 1.47600000e+00  4.98455736e-03 
 1.47700000e+00  4.98410084e-03 
 1.47800000e+00  4.98364282e-03 
 1.47900000e+00  4.98318330e-03 
 1.48000000e+00  4.98272229e-03 
 1.48100000e+00  4.98225980e-03 
 1.48200000e+00  4.98179582e-03 
 1.48300000e+00  4.98133037e-03 
 1.48400000e+00  4.98086344e-03 
 1.48500000e+00  4.98039504e-03 
 1.48600000e+00  4.97992518e-03 
 1.48700000e+00  4.97945386e-03 
 1.48800000e+00  4.97898107e-03 
 1.48900000e+00  4.97850684e-03 
 1.49000000e+00  4.97803115e-03 
 1.49100000e+00  4.97755402e-03 
 1.49200000e+00  4.97707545e-03 
 1.49300000e+00  4.97659545e-03 
 1.49400000e+00  4.97611401e-03 
 1.49500000e+00  4.97563114e-03 
 1.49600000e+00  4.97514685e-03 
 1.49700000e+00  4.97466114e-03 
 1.49800000e+00  4.97417401e-03 
 1.49900000e+00  4.97368547e-03 
 1.50000000e+00  4.97319552e-03 
 1.50100000e+00  4.97270416e-03 
 1.50200000e+00  4.97221141e-03 
 1.50300000e+00  4.97171726e-03 
 1.50400000e+00  4.97122172e-03 
 1.50500000e+00  4.97072479e-03 
 1.50600000e+00  4.97022648e-03 
 1.50700000e+00  4.96972679e-03 
 1.50800000e+00  4.96922572e-03 
 1.50900000e+00  4.96872327e-03 
 1.51000000e+00  4.96821946e-03 
 1.51100000e+00  4.96771429e-03 
 1.51200000e+00  4.96720775e-03 
 1.51300000e+00  4.96669986e-03 
 1.51400000e+00  4.96619061e-03 
 1.51500000e+00  4.96568002e-03 
 1.51600000e+00  4.96516808e-03 
 1.51700000e+00  4.96465480e-03 
 1.51800000e+00  4.96414018e-03 
 1.51900000e+00  4.96362423e-03 
 1.52000000e+00  4.96310695e-03 
 1.52100000e+00  4.96258834e-03 
 1.52200000e+00  4.96206841e-03 
 1.52300000e+00  4.96154716e-03 
 1.52400000e+00  4.96102460e-03 
 1.52500000e+00  4.96050072e-03 
 1.52600000e+00  4.95997554e-03 
 1.52700000e+00  4.95944906e-03 
 1.52800000e+00  4.95892127e-03 
 1.52900000e+00  4.95839219e-03 
 1.53000000e+00  4.95786182e-03 
 1.53100000e+00  4.95733016e-03 
 1.53200000e+00  4.95679721e-03 
 1.53300000e+00  4.95626298e-03 
 1.53400000e+00  4.95572747e-03 
 1.53500000e+00  4.95519069e-03 
 1.53600000e+00  4.95465264e-03 
 1.53700000e+00  4.95411332e-03 
 1.53800000e+00  4.95357274e-03 
 1.53900000e+00  4.95303090e-03 
 1.54000000e+00  4.95248780e-03 
 1.54100000e+00  4.95194345e-03 
 1.54200000e+00  4.95139785e-03 
 1.54300000e+00  4.95085101e-03 
 1.54400000e+00  4.95030292e-03 
 1.54500000e+00  4.94975359e-03 
 1.54600000e+00  4.94920303e-03 
 1.54700000e+00  4.94865124e-03 
 1.54800000e+00  4.94809822e-03 
 1.54900000e+00  4.94754398e-03 
 1.55000000e+00  4.94698852e-03 
 1.55100000e+00  4.94643183e-03 
 1.55200000e+00  4.94587394e-03 
 1.55300000e+00  4.94531483e-03 
 1.55400000e+00  4.94475452e-03 
 1.55500000e+00  4.94419300e-03 
 1.55600000e+00  4.94363028e-03 
 1.55700000e+00  4.94306637e-03 
 1.55800000e+00  4.94250126e-03 
 1.55900000e+00  4.94193496e-03 
 1.56000000e+00  4.94136747e-03 
 1.56100000e+00  4.94079880e-03 
 1.56200000e+00  4.94022895e-03 
 1.56300000e+00  4.93965793e-03 
 1.56400000e+00  4.93908573e-03 
 1.56500000e+00  4.93851236e-03 
 1.56600000e+00  4.93793782e-03 
 1.56700000e+00  4.93736212e-03 
 1.56800000e+00  4.93678526e-03 
 1.56900000e+00  4.93620724e-03 
 1.57000000e+00  4.93562807e-03 
 1.57100000e+00  4.93504775e-03 
 1.57200000e+00  4.93446628e-03 
 1.57300000e+00  4.93388366e-03 
 1.57400000e+00  4.93329991e-03 
 1.57500000e+00  4.93271502e-03 
 1.57600000e+00  4.93212899e-03 
 1.57700000e+00  4.93154183e-03 
 1.57800000e+00  4.93095354e-03 
 1.57900000e+00  4.93036413e-03 
 1.58000000e+00  4.92977360e-03 
 1.58100000e+00  4.92918195e-03 
 1.58200000e+00  4.92858918e-03 
 1.58300000e+00  4.92799530e-03 
 1.58400000e+00  4.92740031e-03 
 1.58500000e+00  4.92680422e-03 
 1.58600000e+00  4.92620702e-03 
 1.58700000e+00  4.92560872e-03 
 1.58800000e+00  4.92500932e-03 
 1.58900000e+00  4.92440883e-03 
 1.59000000e+00  4.92380725e-03 
 1.59100000e+00  4.92320458e-03 
 1.59200000e+00  4.92260083e-03 
 1.59300000e+00  4.92199600e-03 
 1.59400000e+00  4.92139008e-03 
 1.59500000e+00  4.92078309e-03 
 1.59600000e+00  4.92017503e-03 
 1.59700000e+00  4.91956590e-03 
 1.59800000e+00  4.91895570e-03 
 1.59900000e+00  4.91834444e-03 
 1.60000000e+00  4.91773212e-03 
 1.60100000e+00  4.91711874e-03 
 1.60200000e+00  4.91650430e-03 
 1.60300000e+00  4.91588881e-03 
 1.60400000e+00  4.91527227e-03 
 1.60500000e+00  4.91465469e-03 
 1.60600000e+00  4.91403606e-03 
 1.60700000e+00  4.91341639e-03 
 1.60800000e+00  4.91279569e-03 
 1.60900000e+00  4.91217395e-03 
 1.61000000e+00  4.91155118e-03 
 1.61100000e+00  4.91092738e-03 
 1.61200000e+00  4.91030255e-03 
 1.61300000e+00  4.90967670e-03 
 1.61400000e+00  4.90904983e-03 
 1.61500000e+00  4.90842194e-03 
 1.61600000e+00  4.90779303e-03 
 1.61700000e+00  4.90716312e-03 
 1.61800000e+00  4.90653219e-03 
 1.61900000e+00  4.90590026e-03 
 1.62000000e+00  4.90526732e-03 
 1.62100000e+00  4.90463339e-03 
 1.62200000e+00  4.90399845e-03 
 1.62300000e+00  4.90336252e-03 
 1.62400000e+00  4.90272559e-03 
 1.62500000e+00  4.90208768e-03 
 1.62600000e+00  4.90144878e-03 
 1.62700000e+00  4.90080889e-03 
 1.62800000e+00  4.90016802e-03 
 1.62900000e+00  4.89952617e-03 
 1.63000000e+00  4.89888335e-03 
 1.63100000e+00  4.89823955e-03 
 1.63200000e+00  4.89759478e-03 
 1.63300000e+00  4.89694904e-03 
 1.63400000e+00  4.89630234e-03 
 1.63500000e+00  4.89565467e-03 
 1.63600000e+00  4.89500604e-03 
 1.63700000e+00  4.89435645e-03 
 1.63800000e+00  4.89370590e-03 
 1.63900000e+00  4.89305441e-03 
 1.64000000e+00  4.89240196e-03 
 1.64100000e+00  4.89174856e-03 
 1.64200000e+00  4.89109422e-03 
 1.64300000e+00  4.89043894e-03 
 1.64400000e+00  4.88978271e-03 
 1.64500000e+00  4.88912555e-03 
 1.64600000e+00  4.88846745e-03 
 1.64700000e+00  4.88780842e-03 
 1.64800000e+00  4.88714846e-03 
 1.64900000e+00  4.88648757e-03 
 1.65000000e+00  4.88582576e-03 
 1.65100000e+00  4.88516302e-03 
 1.65200000e+00  4.88449936e-03 
 1.65300000e+00  4.88383479e-03 
 1.65400000e+00  4.88316930e-03 
 1.65500000e+00  4.88250289e-03 
 1.65600000e+00  4.88183558e-03 
 1.65700000e+00  4.88116736e-03 
 1.65800000e+00  4.88049823e-03 
 1.65900000e+00  4.87982820e-03 
 1.66000000e+00  4.87915727e-03 
 1.66100000e+00  4.87848544e-03 
 1.66200000e+00  4.87781271e-03 
 1.66300000e+00  4.87713909e-03 
 1.66400000e+00  4.87646458e-03 
 1.66500000e+00  4.87578918e-03 
 1.66600000e+00  4.87511289e-03 
 1.66700000e+00  4.87443572e-03 
 1.66800000e+00  4.87375767e-03 
 1.66900000e+00  4.87307874e-03 
 1.67000000e+00  4.87239893e-03 
 1.67100000e+00  4.87171824e-03 
 1.67200000e+00  4.87103668e-03 
 1.67300000e+00  4.87035426e-03 
 1.67400000e+00  4.86967096e-03 
 1.67500000e+00  4.86898680e-03 
 1.67600000e+00  4.86830177e-03 
 1.67700000e+00  4.86761589e-03 
 1.67800000e+00  4.86692914e-03 
 1.67900000e+00  4.86624154e-03 
 1.68000000e+00  4.86555308e-03 
 1.68100000e+00  4.86486377e-03 
 1.68200000e+00  4.86417362e-03 
 1.68300000e+00  4.86348261e-03 
 1.68400000e+00  4.86279076e-03 
 1.68500000e+00  4.86209806e-03 
 1.68600000e+00  4.86140452e-03 
 1.68700000e+00  4.86071015e-03 
 1.68800000e+00  4.86001494e-03 
 1.68900000e+00  4.85931889e-03 
 1.69000000e+00  4.85862201e-03 
 1.69100000e+00  4.85792430e-03 
 1.69200000e+00  4.85722576e-03 
 1.69300000e+00  4.85652640e-03 
 1.69400000e+00  4.85582621e-03 
 1.69500000e+00  4.85512520e-03 
 1.69600000e+00  4.85442337e-03 
 1.69700000e+00  4.85372072e-03 
 1.69800000e+00  4.85301726e-03 
 1.69900000e+00  4.85231298e-03 
 1.70000000e+00  4.85160790e-03 
 1.70100000e+00  4.85090200e-03 
 1.70200000e+00  4.85019529e-03 
 1.70300000e+00  4.84948779e-03 
 1.70400000e+00  4.84877947e-03 
 1.70500000e+00  4.84807036e-03 
 1.70600000e+00  4.84736045e-03 
 1.70700000e+00  4.84664974e-03 
 1.70800000e+00  4.84593824e-03 
 1.70900000e+00  4.84522594e-03 
 1.71000000e+00  4.84451285e-03 
 1.71100000e+00  4.84379898e-03 
 1.71200000e+00  4.84308431e-03 
 1.71300000e+00  4.84236887e-03 
 1.71400000e+00  4.84165264e-03 
 1.71500000e+00  4.84093562e-03 
 1.71600000e+00  4.84021783e-03 
 1.71700000e+00  4.83949927e-03 
 1.71800000e+00  4.83877992e-03 
 1.71900000e+00  4.83805981e-03 
 1.72000000e+00  4.83733892e-03 
 1.72100000e+00  4.83661726e-03 
 1.72200000e+00  4.83589484e-03 
 1.72300000e+00  4.83517165e-03 
 1.72400000e+00  4.83444770e-03 
 1.72500000e+00  4.83372299e-03 
 1.72600000e+00  4.83299751e-03 
 1.72700000e+00  4.83227128e-03 
 1.72800000e+00  4.83154430e-03 
 1.72900000e+00  4.83081655e-03 
 1.73000000e+00  4.83008806e-03 
 1.73100000e+00  4.82935882e-03 
 1.73200000e+00  4.82862883e-03 
 1.73300000e+00  4.82789809e-03 
 1.73400000e+00  4.82716661e-03 
 1.73500000e+00  4.82643438e-03 
 1.73600000e+00  4.82570141e-03 
 1.73700000e+00  4.82496771e-03 
 1.73800000e+00  4.82423326e-03 
 1.73900000e+00  4.82349808e-03 
 1.74000000e+00  4.82276217e-03 
 1.74100000e+00  4.82202553e-03 
 1.74200000e+00  4.82128815e-03 
 1.74300000e+00  4.82055005e-03 
 1.74400000e+00  4.81981122e-03 
 1.74500000e+00  4.81907166e-03 
 1.74600000e+00  4.81833138e-03 
 1.74700000e+00  4.81759038e-03 
 1.74800000e+00  4.81684867e-03 
 1.74900000e+00  4.81610623e-03 
 1.75000000e+00  4.81536307e-03 
 1.75100000e+00  4.81461921e-03 
 1.75200000e+00  4.81387463e-03 
 1.75300000e+00  4.81312933e-03 
 1.75400000e+00  4.81238333e-03 
 1.75500000e+00  4.81163662e-03 
 1.75600000e+00  4.81088921e-03 
 1.75700000e+00  4.81014109e-03 
 1.75800000e+00  4.80939227e-03 
 1.75900000e+00  4.80864275e-03 
 1.76000000e+00  4.80789253e-03 
 1.76100000e+00  4.80714161e-03 
 1.76200000e+00  4.80638999e-03 
 1.76300000e+00  4.80563769e-03 
 1.76400000e+00  4.80488468e-03 
 1.76500000e+00  4.80413099e-03 
 1.76600000e+00  4.80337661e-03 
 1.76700000e+00  4.80262154e-03 
 1.76800000e+00  4.80186579e-03 
 1.76900000e+00  4.80110935e-03 
 1.77000000e+00  4.80035222e-03 
 1.77100000e+00  4.79959442e-03 
 1.77200000e+00  4.79883594e-03 
 1.77300000e+00  4.79807678e-03 
 1.77400000e+00  4.79731694e-03 
 1.77500000e+00  4.79655642e-03 
 1.77600000e+00  4.79579524e-03 
 1.77700000e+00  4.79503338e-03 
 1.77800000e+00  4.79427085e-03 
 1.77900000e+00  4.79350766e-03 
 1.78000000e+00  4.79274379e-03 
 1.78100000e+00  4.79197926e-03 
 1.78200000e+00  4.79121407e-03 
 1.78300000e+00  4.79044821e-03 
 1.78400000e+00  4.78968170e-03 
 1.78500000e+00  4.78891452e-03 
 1.78600000e+00  4.78814669e-03 
 1.78700000e+00  4.78737820e-03 
 1.78800000e+00  4.78660905e-03 
 1.78900000e+00  4.78583925e-03 
 1.79000000e+00  4.78506880e-03 
 1.79100000e+00  4.78429770e-03 
 1.79200000e+00  4.78352595e-03 
 1.79300000e+00  4.78275355e-03 
 1.79400000e+00  4.78198051e-03 
 1.79500000e+00  4.78120682e-03 
 1.79600000e+00  4.78043249e-03 
 1.79700000e+00  4.77965751e-03 
 1.79800000e+00  4.77888190e-03 
 1.79900000e+00  4.77810565e-03 
 1.80000000e+00  4.77732876e-03 
