 0.00000000e+00  3.00620552e-10 
 1.00000000e-03  3.07935640e-10 
 2.00000000e-03  3.15428668e-10 
 3.00000000e-03  3.23103960e-10 
 4.00000000e-03  3.30965949e-10 
 5.00000000e-03  3.39019172e-10 
 6.00000000e-03  3.47268280e-10 
 7.00000000e-03  3.55718033e-10 
 8.00000000e-03  3.64373311e-10 
 9.00000000e-03  3.73239108e-10 
 1.00000000e-02  3.82320543e-10 
 1.10000000e-02  3.91622857e-10 
 1.20000000e-02  4.01151420e-10 
 1.30000000e-02  4.10911730e-10 
 1.40000000e-02  4.20909422e-10 
 1.50000000e-02  4.31150265e-10 
 1.60000000e-02  4.41640168e-10 
 1.70000000e-02  4.52385186e-10 
 1.80000000e-02  4.63391519e-10 
 1.90000000e-02  4.74665518e-10 
 2.00000000e-02  4.86213689e-10 
 2.10000000e-02  4.98042694e-10 
 2.20000000e-02  5.10159359e-10 
 2.30000000e-02  5.22570674e-10 
 2.40000000e-02  5.35283800e-10 
 2.50000000e-02  5.48306072e-10 
 2.60000000e-02  5.61645001e-10 
 2.70000000e-02  5.75308282e-10 
 2.80000000e-02  5.89303796e-10 
 2.90000000e-02  6.03639618e-10 
 3.00000000e-02  6.18324014e-10 
 3.10000000e-02  6.33365456e-10 
 3.20000000e-02  6.48772617e-10 
 3.30000000e-02  6.64554383e-10 
 3.40000000e-02  6.80719856e-10 
 3.50000000e-02  6.97278357e-10 
 3.60000000e-02  7.14239435e-10 
 3.70000000e-02  7.31612869e-10 
 3.80000000e-02  7.49408678e-10 
 3.90000000e-02  7.67637121e-10 
 4.00000000e-02  7.86308707e-10 
 4.10000000e-02  8.05434202e-10 
 4.20000000e-02  8.25024629e-10 
 4.30000000e-02  8.45091283e-10 
 4.40000000e-02  8.65645730e-10 
 4.50000000e-02  8.86699817e-10 
 4.60000000e-02  9.08265679e-10 
 4.70000000e-02  9.30355745e-10 
 4.80000000e-02  9.52982746e-10 
 4.90000000e-02  9.76159721e-10 
 5.00000000e-02  9.99900026e-10 
 5.10000000e-02  1.02421734e-09 
 5.20000000e-02  1.04912567e-09 
 5.30000000e-02  1.07463938e-09 
 5.40000000e-02  1.10077315e-09 
 5.50000000e-02  1.12754205e-09 
 5.60000000e-02  1.15496150e-09 
 5.70000000e-02  1.18304728e-09 
 5.80000000e-02  1.21181559e-09 
 5.90000000e-02  1.24128297e-09 
 6.00000000e-02  1.27146641e-09 
 6.10000000e-02  1.30238330e-09 
 6.20000000e-02  1.33405142e-09 
 6.30000000e-02  1.36648902e-09 
 6.40000000e-02  1.39971477e-09 
 6.50000000e-02  1.43374780e-09 
 6.60000000e-02  1.46860771e-09 
 6.70000000e-02  1.50431457e-09 
 6.80000000e-02  1.54088892e-09 
 6.90000000e-02  1.57835181e-09 
 7.00000000e-02  1.61672482e-09 
 7.10000000e-02  1.65603002e-09 
 7.20000000e-02  1.69629004e-09 
 7.30000000e-02  1.73752803e-09 
 7.40000000e-02  1.77976773e-09 
 7.50000000e-02  1.82303344e-09 
 7.60000000e-02  1.86735005e-09 
 7.70000000e-02  1.91274306e-09 
 7.80000000e-02  1.95923857e-09 
 7.90000000e-02  2.00686333e-09 
 8.00000000e-02  2.05564474e-09 
 8.10000000e-02  2.10561083e-09 
 8.20000000e-02  2.15679035e-09 
 8.30000000e-02  2.20921272e-09 
 8.40000000e-02  2.26290809e-09 
 8.50000000e-02  2.31790733e-09 
 8.60000000e-02  2.37424204e-09 
 8.70000000e-02  2.43194462e-09 
 8.80000000e-02  2.49104823e-09 
 8.90000000e-02  2.55158684e-09 
 9.00000000e-02  2.61359523e-09 
 9.10000000e-02  2.67710905e-09 
 9.20000000e-02  2.74216477e-09 
 9.30000000e-02  2.80879978e-09 
 9.40000000e-02  2.87705236e-09 
 9.50000000e-02  2.94696170e-09 
 9.60000000e-02  3.01856798e-09 
 9.70000000e-02  3.09191230e-09 
 9.80000000e-02  3.16703680e-09 
 9.90000000e-02  3.24398459e-09 
 1.00000000e-01  3.32279987e-09 
 1.01000000e-01  3.40352789e-09 
 1.02000000e-01  3.48621497e-09 
 1.03000000e-01  3.57090859e-09 
 1.04000000e-01  3.65765734e-09 
 1.05000000e-01  3.74651102e-09 
 1.06000000e-01  3.83752061e-09 
 1.07000000e-01  3.93073831e-09 
 1.08000000e-01  4.02621762e-09 
 1.09000000e-01  4.12401329e-09 
 1.10000000e-01  4.22418143e-09 
 1.11000000e-01  4.32677947e-09 
 1.12000000e-01  4.43186625e-09 
 1.13000000e-01  4.53950202e-09 
 1.14000000e-01  4.64974849e-09 
 1.15000000e-01  4.76266887e-09 
 1.16000000e-01  4.87832786e-09 
 1.17000000e-01  4.99679176e-09 
 1.18000000e-01  5.11812845e-09 
 1.19000000e-01  5.24240745e-09 
 1.20000000e-01  5.36969996e-09 
 1.21000000e-01  5.50007890e-09 
 1.22000000e-01  5.63361895e-09 
 1.23000000e-01  5.77039658e-09 
 1.24000000e-01  5.91049010e-09 
 1.25000000e-01  6.05397974e-09 
 1.26000000e-01  6.20094763e-09 
 1.27000000e-01  6.35147790e-09 
 1.28000000e-01  6.50565669e-09 
 1.29000000e-01  6.66357224e-09 
 1.30000000e-01  6.82531489e-09 
 1.31000000e-01  6.99097717e-09 
 1.32000000e-01  7.16065385e-09 
 1.33000000e-01  7.33444197e-09 
 1.34000000e-01  7.51244090e-09 
 1.35000000e-01  7.69475241e-09 
 1.36000000e-01  7.88148073e-09 
 1.37000000e-01  8.07273258e-09 
 1.38000000e-01  8.26861728e-09 
 1.39000000e-01  8.46924674e-09 
 1.40000000e-01  8.67473560e-09 
 1.41000000e-01  8.88520124e-09 
 1.42000000e-01  9.10076386e-09 
 1.43000000e-01  9.32154657e-09 
 1.44000000e-01  9.54767541e-09 
 1.45000000e-01  9.77927949e-09 
 1.46000000e-01  1.00164910e-08 
 1.47000000e-01  1.02594453e-08 
 1.48000000e-01  1.05082810e-08 
 1.49000000e-01  1.07631402e-08 
 1.50000000e-01  1.10241680e-08 
 1.51000000e-01  1.12915135e-08 
 1.52000000e-01  1.15653291e-08 
 1.53000000e-01  1.18457708e-08 
 1.54000000e-01  1.21329985e-08 
 1.55000000e-01  1.24271759e-08 
 1.56000000e-01  1.27284706e-08 
 1.57000000e-01  1.30370543e-08 
 1.58000000e-01  1.33531026e-08 
 1.59000000e-01  1.36767957e-08 
 1.60000000e-01  1.40083177e-08 
 1.61000000e-01  1.43478574e-08 
 1.62000000e-01  1.46956080e-08 
 1.63000000e-01  1.50517675e-08 
 1.64000000e-01  1.54165383e-08 
 1.65000000e-01  1.57901281e-08 
 1.66000000e-01  1.61727492e-08 
 1.67000000e-01  1.65646191e-08 
 1.68000000e-01  1.69659607e-08 
 1.69000000e-01  1.73770020e-08 
 1.70000000e-01  1.77979765e-08 
 1.71000000e-01  1.82291235e-08 
 1.72000000e-01  1.86706876e-08 
 1.73000000e-01  1.91229197e-08 
 1.74000000e-01  1.95860765e-08 
 1.75000000e-01  2.00604208e-08 
 1.76000000e-01  2.05462218e-08 
 1.77000000e-01  2.10437551e-08 
 1.78000000e-01  2.15533028e-08 
 1.79000000e-01  2.20751539e-08 
 1.80000000e-01  2.26096041e-08 
 1.81000000e-01  2.31569564e-08 
 1.82000000e-01  2.37175208e-08 
 1.83000000e-01  2.42916150e-08 
 1.84000000e-01  2.48795640e-08 
 1.85000000e-01  2.54817006e-08 
 1.86000000e-01  2.60983657e-08 
 1.87000000e-01  2.67299083e-08 
 1.88000000e-01  2.73766856e-08 
 1.89000000e-01  2.80390634e-08 
 1.90000000e-01  2.87174161e-08 
 1.91000000e-01  2.94121273e-08 
 1.92000000e-01  3.01235895e-08 
 1.93000000e-01  3.08522046e-08 
 1.94000000e-01  3.15983842e-08 
 1.95000000e-01  3.23625494e-08 
 1.96000000e-01  3.31451318e-08 
 1.97000000e-01  3.39465727e-08 
 1.98000000e-01  3.47673244e-08 
 1.99000000e-01  3.56078496e-08 
 2.00000000e-01  3.64686223e-08 
 2.01000000e-01  3.73501276e-08 
 2.02000000e-01  3.82528621e-08 
 2.03000000e-01  3.91773342e-08 
 2.04000000e-01  4.01240646e-08 
 2.05000000e-01  4.10935860e-08 
 2.06000000e-01  4.20864441e-08 
 2.07000000e-01  4.31031972e-08 
 2.08000000e-01  4.41444173e-08 
 2.09000000e-01  4.52106895e-08 
 2.10000000e-01  4.63026130e-08 
 2.11000000e-01  4.74208013e-08 
 2.12000000e-01  4.85658822e-08 
 2.13000000e-01  4.97384986e-08 
 2.14000000e-01  5.09393084e-08 
 2.15000000e-01  5.21689852e-08 
 2.16000000e-01  5.34282186e-08 
 2.17000000e-01  5.47177145e-08 
 2.18000000e-01  5.60381953e-08 
 2.19000000e-01  5.73904008e-08 
 2.20000000e-01  5.87750879e-08 
 2.21000000e-01  6.01930318e-08 
 2.22000000e-01  6.16450257e-08 
 2.23000000e-01  6.31318816e-08 
 2.24000000e-01  6.46544308e-08 
 2.25000000e-01  6.62135241e-08 
 2.26000000e-01  6.78100323e-08 
 2.27000000e-01  6.94448468e-08 
 2.28000000e-01  7.11188801e-08 
 2.29000000e-01  7.28330662e-08 
 2.30000000e-01  7.45883608e-08 
 2.31000000e-01  7.63857425e-08 
 2.32000000e-01  7.82262126e-08 
 2.33000000e-01  8.01107962e-08 
 2.34000000e-01  8.20405424e-08 
 2.35000000e-01  8.40165250e-08 
 2.36000000e-01  8.60398429e-08 
 2.37000000e-01  8.81116209e-08 
 2.38000000e-01  9.02330103e-08 
 2.39000000e-01  9.24051893e-08 
 2.40000000e-01  9.46293638e-08 
 2.41000000e-01  9.69067679e-08 
 2.42000000e-01  9.92386647e-08 
 2.43000000e-01  1.01626347e-07 
 2.44000000e-01  1.04071137e-07 
 2.45000000e-01  1.06574390e-07 
 2.46000000e-01  1.09137490e-07 
 2.47000000e-01  1.11761857e-07 
 2.48000000e-01  1.14448940e-07 
 2.49000000e-01  1.17200225e-07 
 2.50000000e-01  1.20017232e-07 
 2.51000000e-01  1.22901515e-07 
 2.52000000e-01  1.25854667e-07 
 2.53000000e-01  1.28878316e-07 
 2.54000000e-01  1.31974129e-07 
 2.55000000e-01  1.35143810e-07 
 2.56000000e-01  1.38389106e-07 
 2.57000000e-01  1.41711801e-07 
 2.58000000e-01  1.45113724e-07 
 2.59000000e-01  1.48596743e-07 
 2.60000000e-01  1.52162773e-07 
 2.61000000e-01  1.55813771e-07 
 2.62000000e-01  1.59551739e-07 
 2.63000000e-01  1.63378729e-07 
 2.64000000e-01  1.67296836e-07 
 2.65000000e-01  1.71308206e-07 
 2.66000000e-01  1.75415036e-07 
 2.67000000e-01  1.79619572e-07 
 2.68000000e-01  1.83924111e-07 
 2.69000000e-01  1.88331005e-07 
 2.70000000e-01  1.92842661e-07 
 2.71000000e-01  1.97461539e-07 
 2.72000000e-01  2.02190159e-07 
 2.73000000e-01  2.07031095e-07 
 2.74000000e-01  2.11986985e-07 
 2.75000000e-01  2.17060525e-07 
 2.76000000e-01  2.22254474e-07 
 2.77000000e-01  2.27571653e-07 
 2.78000000e-01  2.33014951e-07 
 2.79000000e-01  2.38587321e-07 
 2.80000000e-01  2.44291783e-07 
 2.81000000e-01  2.50131430e-07 
 2.82000000e-01  2.56109423e-07 
 2.83000000e-01  2.62228997e-07 
 2.84000000e-01  2.68493459e-07 
 2.85000000e-01  2.74906195e-07 
 2.86000000e-01  2.81470667e-07 
 2.87000000e-01  2.88190414e-07 
 2.88000000e-01  2.95069061e-07 
 2.89000000e-01  3.02110311e-07 
 2.90000000e-01  3.09317953e-07 
 2.91000000e-01  3.16695865e-07 
 2.92000000e-01  3.24248009e-07 
 2.93000000e-01  3.31978442e-07 
 2.94000000e-01  3.39891310e-07 
 2.95000000e-01  3.47990854e-07 
 2.96000000e-01  3.56281413e-07 
 2.97000000e-01  3.64767423e-07 
 2.98000000e-01  3.73453421e-07 
 2.99000000e-01  3.82344048e-07 
 3.00000000e-01  3.91444049e-07 
 3.01000000e-01  4.00758278e-07 
 3.02000000e-01  4.10291698e-07 
 3.03000000e-01  4.20049383e-07 
 3.04000000e-01  4.30036525e-07 
 3.05000000e-01  4.40258430e-07 
 3.06000000e-01  4.50720526e-07 
 3.07000000e-01  4.61428364e-07 
 3.08000000e-01  4.72387616e-07 
 3.09000000e-01  4.83604088e-07 
 3.10000000e-01  4.95083712e-07 
 3.11000000e-01  5.06832554e-07 
 3.12000000e-01  5.18856819e-07 
 3.13000000e-01  5.31162850e-07 
 3.14000000e-01  5.43757130e-07 
 3.15000000e-01  5.56646292e-07 
 3.16000000e-01  5.69837113e-07 
 3.17000000e-01  5.83336525e-07 
 3.18000000e-01  5.97151614e-07 
 3.19000000e-01  6.11289623e-07 
 3.20000000e-01  6.25757961e-07 
 3.21000000e-01  6.40564197e-07 
 3.22000000e-01  6.55716072e-07 
 3.23000000e-01  6.71221499e-07 
 3.24000000e-01  6.87088568e-07 
 3.25000000e-01  7.03325547e-07 
 3.26000000e-01  7.19940888e-07 
 3.27000000e-01  7.36943233e-07 
 3.28000000e-01  7.54341414e-07 
 3.29000000e-01  7.72144459e-07 
 3.30000000e-01  7.90361595e-07 
 3.31000000e-01  8.09002256e-07 
 3.32000000e-01  8.28076083e-07 
 3.33000000e-01  8.47592928e-07 
 3.34000000e-01  8.67562864e-07 
 3.35000000e-01  8.87996185e-07 
 3.36000000e-01  9.08903411e-07 
 3.37000000e-01  9.30295294e-07 
 3.38000000e-01  9.52182824e-07 
 3.39000000e-01  9.74577230e-07 
 3.40000000e-01  9.97489989e-07 
 3.41000000e-01  1.02093283e-06 
 3.42000000e-01  1.04491774e-06 
 3.43000000e-01  1.06945697e-06 
 3.44000000e-01  1.09456303e-06 
 3.45000000e-01  1.12024872e-06 
 3.46000000e-01  1.14652710e-06 
 3.47000000e-01  1.17341152e-06 
 3.48000000e-01  1.20091565e-06 
 3.49000000e-01  1.22905341e-06 
 3.50000000e-01  1.25783906e-06 
 3.51000000e-01  1.28728715e-06 
 3.52000000e-01  1.31741256e-06 
 3.53000000e-01  1.34823048e-06 
 3.54000000e-01  1.37975645e-06 
 3.55000000e-01  1.41200631e-06 
 3.56000000e-01  1.44499629e-06 
 3.57000000e-01  1.47874293e-06 
 3.58000000e-01  1.51326315e-06 
 3.59000000e-01  1.54857423e-06 
 3.60000000e-01  1.58469382e-06 
 3.61000000e-01  1.62163996e-06 
 3.62000000e-01  1.65943108e-06 
 3.63000000e-01  1.69808598e-06 
 3.64000000e-01  1.73762389e-06 
 3.65000000e-01  1.77806445e-06 
 3.66000000e-01  1.81942772e-06 
 3.67000000e-01  1.86173418e-06 
 3.68000000e-01  1.90500477e-06 
 3.69000000e-01  1.94926086e-06 
 3.70000000e-01  1.99452428e-06 
 3.71000000e-01  2.04081733e-06 
 3.72000000e-01  2.08816279e-06 
 3.73000000e-01  2.13658393e-06 
 3.74000000e-01  2.18610449e-06 
 3.75000000e-01  2.23674876e-06 
 3.76000000e-01  2.28854150e-06 
 3.77000000e-01  2.34150804e-06 
 3.78000000e-01  2.39567421e-06 
 3.79000000e-01  2.45106641e-06 
 3.80000000e-01  2.50771161e-06 
 3.81000000e-01  2.56563733e-06 
 3.82000000e-01  2.62487168e-06 
 3.83000000e-01  2.68544338e-06 
 3.84000000e-01  2.74738175e-06 
 3.85000000e-01  2.81071671e-06 
 3.86000000e-01  2.87547883e-06 
 3.87000000e-01  2.94169935e-06 
 3.88000000e-01  3.00941012e-06 
 3.89000000e-01  3.07864371e-06 
 3.90000000e-01  3.14943333e-06 
 3.91000000e-01  3.22181294e-06 
 3.92000000e-01  3.29581717e-06 
 3.93000000e-01  3.37148141e-06 
 3.94000000e-01  3.44884178e-06 
 3.95000000e-01  3.52793517e-06 
 3.96000000e-01  3.60879923e-06 
 3.97000000e-01  3.69147241e-06 
 3.98000000e-01  3.77599398e-06 
 3.99000000e-01  3.86240401e-06 
 4.00000000e-01  3.95074342e-06 
 4.01000000e-01  4.04105400e-06 
 4.02000000e-01  4.13337840e-06 
 4.03000000e-01  4.22776018e-06 
 4.04000000e-01  4.32424378e-06 
 4.05000000e-01  4.42287462e-06 
 4.06000000e-01  4.52369903e-06 
 4.07000000e-01  4.62676432e-06 
 4.08000000e-01  4.73211880e-06 
 4.09000000e-01  4.83981177e-06 
 4.10000000e-01  4.94989360e-06 
 4.11000000e-01  5.06241567e-06 
 4.12000000e-01  5.17743044e-06 
 4.13000000e-01  5.29499150e-06 
 4.14000000e-01  5.41515353e-06 
 4.15000000e-01  5.53797235e-06 
 4.16000000e-01  5.66350497e-06 
 4.17000000e-01  5.79180956e-06 
 4.18000000e-01  5.92294553e-06 
 4.19000000e-01  6.05697352e-06 
 4.20000000e-01  6.19395544e-06 
 4.21000000e-01  6.33395448e-06 
 4.22000000e-01  6.47703518e-06 
 4.23000000e-01  6.62326340e-06 
 4.24000000e-01  6.77270639e-06 
 4.25000000e-01  6.92543279e-06 
 4.26000000e-01  7.08151270e-06 
 4.27000000e-01  7.24101765e-06 
 4.28000000e-01  7.40402070e-06 
 4.29000000e-01  7.57059642e-06 
 4.30000000e-01  7.74082093e-06 
 4.31000000e-01  7.91477197e-06 
 4.32000000e-01  8.09252888e-06 
 4.33000000e-01  8.27417268e-06 
 4.34000000e-01  8.45978607e-06 
 4.35000000e-01  8.64945350e-06 
 4.36000000e-01  8.84326116e-06 
 4.37000000e-01  9.04129709e-06 
 4.38000000e-01  9.24365114e-06 
 4.39000000e-01  9.45041505e-06 
 4.40000000e-01  9.66168251e-06 
 4.41000000e-01  9.87754914e-06 
 4.42000000e-01  1.00981126e-05 
 4.43000000e-01  1.03234726e-05 
 4.44000000e-01  1.05537309e-05 
 4.45000000e-01  1.07889915e-05 
 4.46000000e-01  1.10293605e-05 
 4.47000000e-01  1.12749463e-05 
 4.48000000e-01  1.15258595e-05 
 4.49000000e-01  1.17822130e-05 
 4.50000000e-01  1.20441223e-05 
 4.51000000e-01  1.23117052e-05 
 4.52000000e-01  1.25850820e-05 
 4.53000000e-01  1.28643754e-05 
 4.54000000e-01  1.31497109e-05 
 4.55000000e-01  1.34412167e-05 
 4.56000000e-01  1.37390235e-05 
 4.57000000e-01  1.40432648e-05 
 4.58000000e-01  1.43540771e-05 
 4.59000000e-01  1.46715997e-05 
 4.60000000e-01  1.49959749e-05 
 4.61000000e-01  1.53273479e-05 
 4.62000000e-01  1.56658671e-05 
 4.63000000e-01  1.60116840e-05 
 4.64000000e-01  1.63649534e-05 
 4.65000000e-01  1.67258333e-05 
 4.66000000e-01  1.70944851e-05 
 4.67000000e-01  1.74710738e-05 
 4.68000000e-01  1.78557676e-05 
 4.69000000e-01  1.82487385e-05 
 4.70000000e-01  1.86501622e-05 
 4.71000000e-01  1.90602181e-05 
 4.72000000e-01  1.94790893e-05 
 4.73000000e-01  1.99069631e-05 
 4.74000000e-01  2.03440306e-05 
 4.75000000e-01  2.07904870e-05 
 4.76000000e-01  2.12465316e-05 
 4.77000000e-01  2.17123683e-05 
 4.78000000e-01  2.21882051e-05 
 4.79000000e-01  2.26742543e-05 
 4.80000000e-01  2.31707331e-05 
 4.81000000e-01  2.36778633e-05 
 4.82000000e-01  2.41958711e-05 
 4.83000000e-01  2.47249879e-05 
 4.84000000e-01  2.52654500e-05 
 4.85000000e-01  2.58174986e-05 
 4.86000000e-01  2.63813802e-05 
 4.87000000e-01  2.69573466e-05 
 4.88000000e-01  2.75456549e-05 
 4.89000000e-01  2.81465676e-05 
 4.90000000e-01  2.87603531e-05 
 4.91000000e-01  2.93872853e-05 
 4.92000000e-01  3.00276440e-05 
 4.93000000e-01  3.06817150e-05 
 4.94000000e-01  3.13497901e-05 
 4.95000000e-01  3.20321675e-05 
 4.96000000e-01  3.27291515e-05 
 4.97000000e-01  3.34410530e-05 
 4.98000000e-01  3.41681896e-05 
 4.99000000e-01  3.49108854e-05 
 5.00000000e-01  3.56694716e-05 
 5.01000000e-01  3.64442861e-05 
 5.02000000e-01  3.72356742e-05 
 5.03000000e-01  3.80439883e-05 
 5.04000000e-01  3.88695884e-05 
 5.05000000e-01  3.97128419e-05 
 5.06000000e-01  4.05741238e-05 
 5.07000000e-01  4.14538173e-05 
 5.08000000e-01  4.23523131e-05 
 5.09000000e-01  4.32700103e-05 
 5.10000000e-01  4.42073164e-05 
 5.11000000e-01  4.51646471e-05 
 5.12000000e-01  4.61424267e-05 
 5.13000000e-01  4.71410882e-05 
 5.14000000e-01  4.81610737e-05 
 5.15000000e-01  4.92028341e-05 
 5.16000000e-01  5.02668295e-05 
 5.17000000e-01  5.13535295e-05 
 5.18000000e-01  5.24634128e-05 
 5.19000000e-01  5.35969683e-05 
 5.20000000e-01  5.47546942e-05 
 5.21000000e-01  5.59370989e-05 
 5.22000000e-01  5.71447007e-05 
 5.23000000e-01  5.83780285e-05 
 5.24000000e-01  5.96376212e-05 
 5.25000000e-01  6.09240285e-05 
 5.26000000e-01  6.22378107e-05 
 5.27000000e-01  6.35795390e-05 
 5.28000000e-01  6.49497955e-05 
 5.29000000e-01  6.63491736e-05 
 5.30000000e-01  6.77782779e-05 
 5.31000000e-01  6.92377244e-05 
 5.32000000e-01  7.07281406e-05 
 5.33000000e-01  7.22501660e-05 
 5.34000000e-01  7.38044515e-05 
 5.35000000e-01  7.53916604e-05 
 5.36000000e-01  7.70124678e-05 
 5.37000000e-01  7.86675612e-05 
 5.38000000e-01  8.03576402e-05 
 5.39000000e-01  8.20834171e-05 
 5.40000000e-01  8.38456167e-05 
 5.41000000e-01  8.56449764e-05 
 5.42000000e-01  8.74822464e-05 
 5.43000000e-01  8.93581899e-05 
 5.44000000e-01  9.12735828e-05 
 5.45000000e-01  9.32292142e-05 
 5.46000000e-01  9.52258864e-05 
 5.47000000e-01  9.72644148e-05 
 5.48000000e-01  9.93456279e-05 
 5.49000000e-01  1.01470368e-04 
 5.50000000e-01  1.03639490e-04 
 5.51000000e-01  1.05853862e-04 
 5.52000000e-01  1.08114368e-04 
 5.53000000e-01  1.10421902e-04 
 5.54000000e-01  1.12777373e-04 
 5.55000000e-01  1.15181704e-04 
 5.56000000e-01  1.17635832e-04 
 5.57000000e-01  1.20140704e-04 
 5.58000000e-01  1.22697284e-04 
 5.59000000e-01  1.25306549e-04 
 5.60000000e-01  1.27969486e-04 
 5.61000000e-01  1.30687100e-04 
 5.62000000e-01  1.33460406e-04 
 5.63000000e-01  1.36290433e-04 
 5.64000000e-01  1.39178222e-04 
 5.65000000e-01  1.42124828e-04 
 5.66000000e-01  1.45131319e-04 
 5.67000000e-01  1.48198774e-04 
 5.68000000e-01  1.51328287e-04 
 5.69000000e-01  1.54520960e-04 
 5.70000000e-01  1.57777911e-04 
 5.71000000e-01  1.61100268e-04 
 5.72000000e-01  1.64489171e-04 
 5.73000000e-01  1.67945772e-04 
 5.74000000e-01  1.71471231e-04 
 5.75000000e-01  1.75066723e-04 
 5.76000000e-01  1.78733431e-04 
 5.77000000e-01  1.82472548e-04 
 5.78000000e-01  1.86285278e-04 
 5.79000000e-01  1.90172834e-04 
 5.80000000e-01  1.94136438e-04 
 5.81000000e-01  1.98177320e-04 
 5.82000000e-01  2.02296720e-04 
 5.83000000e-01  2.06495885e-04 
 5.84000000e-01  2.10776068e-04 
 5.85000000e-01  2.15138531e-04 
 5.86000000e-01  2.19584541e-04 
 5.87000000e-01  2.24115372e-04 
 5.88000000e-01  2.28732303e-04 
 5.89000000e-01  2.33436617e-04 
 5.90000000e-01  2.38229602e-04 
 5.91000000e-01  2.43112550e-04 
 5.92000000e-01  2.48086755e-04 
 5.93000000e-01  2.53153514e-04 
 5.94000000e-01  2.58314127e-04 
 5.95000000e-01  2.63569891e-04 
 5.96000000e-01  2.68922109e-04 
 5.97000000e-01  2.74372078e-04 
 5.98000000e-01  2.79921099e-04 
 5.99000000e-01  2.85570466e-04 
 6.00000000e-01  2.91321475e-04 
 6.01000000e-01  2.97175416e-04 
 6.02000000e-01  3.03133575e-04 
 6.03000000e-01  3.09197233e-04 
 6.04000000e-01  3.15367666e-04 
 6.05000000e-01  3.21646141e-04 
 6.06000000e-01  3.28033920e-04 
 6.07000000e-01  3.34532254e-04 
 6.08000000e-01  3.41142385e-04 
 6.09000000e-01  3.47865547e-04 
 6.10000000e-01  3.54702958e-04 
 6.11000000e-01  3.61655827e-04 
 6.12000000e-01  3.68725349e-04 
 6.13000000e-01  3.75912704e-04 
 6.14000000e-01  3.83219058e-04 
 6.15000000e-01  3.90645557e-04 
 6.16000000e-01  3.98193335e-04 
 6.17000000e-01  4.05863503e-04 
 6.18000000e-01  4.13657155e-04 
 6.19000000e-01  4.21575363e-04 
 6.20000000e-01  4.29619179e-04 
 6.21000000e-01  4.37789630e-04 
 6.22000000e-01  4.46087723e-04 
 6.23000000e-01  4.54514436e-04 
 6.24000000e-01  4.63070725e-04 
 6.25000000e-01  4.71757516e-04 
 6.26000000e-01  4.80575708e-04 
 6.27000000e-01  4.89526173e-04 
 6.28000000e-01  4.98609750e-04 
 6.29000000e-01  5.07827249e-04 
 6.30000000e-01  5.17179447e-04 
 6.31000000e-01  5.26667087e-04 
 6.32000000e-01  5.36290878e-04 
 6.33000000e-01  5.46051496e-04 
 6.34000000e-01  5.55949577e-04 
 6.35000000e-01  5.65985723e-04 
 6.36000000e-01  5.76160496e-04 
 6.37000000e-01  5.86474418e-04 
 6.38000000e-01  5.96927973e-04 
 6.39000000e-01  6.07521603e-04 
 6.40000000e-01  6.18255706e-04 
 6.41000000e-01  6.29130639e-04 
 6.42000000e-01  6.40146716e-04 
 6.43000000e-01  6.51304205e-04 
 6.44000000e-01  6.62603327e-04 
 6.45000000e-01  6.74044259e-04 
 6.46000000e-01  6.85627129e-04 
 6.47000000e-01  6.97352021e-04 
 6.48000000e-01  7.09218964e-04 
 6.49000000e-01  7.21227944e-04 
 6.50000000e-01  7.33378894e-04 
 6.51000000e-01  7.45671696e-04 
 6.52000000e-01  7.58106182e-04 
 6.53000000e-01  7.70682131e-04 
 6.54000000e-01  7.83399273e-04 
 6.55000000e-01  7.96257281e-04 
 6.56000000e-01  8.09255779e-04 
 6.57000000e-01  8.22394334e-04 
 6.58000000e-01  8.35672460e-04 
 6.59000000e-01  8.49089619e-04 
 6.60000000e-01  8.62645216e-04 
 6.61000000e-01  8.76338602e-04 
 6.62000000e-01  8.90169073e-04 
 6.63000000e-01  9.04135872e-04 
 6.64000000e-01  9.18238182e-04 
 6.65000000e-01  9.32475136e-04 
 6.66000000e-01  9.46845809e-04 
 6.67000000e-01  9.61349221e-04 
 6.68000000e-01  9.75984338e-04 
 6.69000000e-01  9.90750069e-04 
 6.70000000e-01  1.00564527e-03 
 6.71000000e-01  1.02066874e-03 
 6.72000000e-01  1.03581923e-03 
 6.73000000e-01  1.05109543e-03 
 6.74000000e-01  1.06649598e-03 
 6.75000000e-01  1.08201946e-03 
 6.76000000e-01  1.09766441e-03 
 6.77000000e-01  1.11342931e-03 
 6.78000000e-01  1.12931259e-03 
 6.79000000e-01  1.14531262e-03 
 6.80000000e-01  1.16142773e-03 
 6.81000000e-01  1.17765620e-03 
 6.82000000e-01  1.19399625e-03 
 6.83000000e-01  1.21044607e-03 
 6.84000000e-01  1.22700380e-03 
 6.85000000e-01  1.24366750e-03 
 6.86000000e-01  1.26043524e-03 
 6.87000000e-01  1.27730499e-03 
 6.88000000e-01  1.29427471e-03 
 6.89000000e-01  1.31134232e-03 
 6.90000000e-01  1.32850567e-03 
 6.91000000e-01  1.34576259e-03 
 6.92000000e-01  1.36311088e-03 
 6.93000000e-01  1.38054827e-03 
 6.94000000e-01  1.39807248e-03 
 6.95000000e-01  1.41568118e-03 
 6.96000000e-01  1.43337202e-03 
 6.97000000e-01  1.45114260e-03 
 6.98000000e-01  1.46899049e-03 
 6.99000000e-01  1.48691324e-03 
 7.00000000e-01  1.50490836e-03 
 7.01000000e-01  1.52297334e-03 
 7.02000000e-01  1.54110564e-03 
 7.03000000e-01  1.55930269e-03 
 7.04000000e-01  1.57756190e-03 
 7.05000000e-01  1.59588066e-03 
 7.06000000e-01  1.61425634e-03 
 7.07000000e-01  1.63268628e-03 
 7.08000000e-01  1.65116781e-03 
 7.09000000e-01  1.66969825e-03 
 7.10000000e-01  1.68827489e-03 
 7.11000000e-01  1.70689503e-03 
 7.12000000e-01  1.72555592e-03 
 7.13000000e-01  1.74425483e-03 
 7.14000000e-01  1.76298903e-03 
 7.15000000e-01  1.78175574e-03 
 7.16000000e-01  1.80055222e-03 
 7.17000000e-01  1.81937569e-03 
 7.18000000e-01  1.83822340e-03 
 7.19000000e-01  1.85709256e-03 
 7.20000000e-01  1.87598043e-03 
 7.21000000e-01  1.89488421e-03 
 7.22000000e-01  1.91380117e-03 
 7.23000000e-01  1.93272853e-03 
 7.24000000e-01  1.95166354e-03 
 7.25000000e-01  1.97060346e-03 
 7.26000000e-01  1.98954555e-03 
 7.27000000e-01  2.00848709e-03 
 7.28000000e-01  2.02742535e-03 
 7.29000000e-01  2.04635765e-03 
 7.30000000e-01  2.06528130e-03 
 7.31000000e-01  2.08419362e-03 
 7.32000000e-01  2.10309196e-03 
 7.33000000e-01  2.12197368e-03 
 7.34000000e-01  2.14083617e-03 
 7.35000000e-01  2.15967684e-03 
 7.36000000e-01  2.17849311e-03 
 7.37000000e-01  2.19728243e-03 
 7.38000000e-01  2.21604228e-03 
 7.39000000e-01  2.23477015e-03 
 7.40000000e-01  2.25346358e-03 
 7.41000000e-01  2.27212012e-03 
 7.42000000e-01  2.29073734e-03 
 7.43000000e-01  2.30931287e-03 
 7.44000000e-01  2.32784434e-03 
 7.45000000e-01  2.34632943e-03 
 7.46000000e-01  2.36476585e-03 
 7.47000000e-01  2.38315133e-03 
 7.48000000e-01  2.40148366e-03 
 7.49000000e-01  2.41976062e-03 
 7.50000000e-01  2.43798008e-03 
 7.51000000e-01  2.45613991e-03 
 7.52000000e-01  2.47423802e-03 
 7.53000000e-01  2.49227238e-03 
 7.54000000e-01  2.51024097e-03 
 7.55000000e-01  2.52814182e-03 
 7.56000000e-01  2.54597300e-03 
 7.57000000e-01  2.56373263e-03 
 7.58000000e-01  2.58141885e-03 
 7.59000000e-01  2.59902985e-03 
 7.60000000e-01  2.61656387e-03 
 7.61000000e-01  2.63401917e-03 
 7.62000000e-01  2.65139408e-03 
 7.63000000e-01  2.66868694e-03 
 7.64000000e-01  2.68589615e-03 
 7.65000000e-01  2.70302016e-03 
 7.66000000e-01  2.72005744e-03 
 7.67000000e-01  2.73700653e-03 
 7.68000000e-01  2.75386599e-03 
 7.69000000e-01  2.77063443e-03 
 7.70000000e-01  2.78731051e-03 
 7.71000000e-01  2.80389292e-03 
 7.72000000e-01  2.82038041e-03 
 7.73000000e-01  2.83677176e-03 
 7.74000000e-01  2.85306578e-03 
 7.75000000e-01  2.86926137e-03 
 7.76000000e-01  2.88535741e-03 
 7.77000000e-01  2.90135288e-03 
 7.78000000e-01  2.91724676e-03 
 7.79000000e-01  2.93303810e-03 
 7.80000000e-01  2.94872598e-03 
 7.81000000e-01  2.96430951e-03 
 7.82000000e-01  2.97978786e-03 
 7.83000000e-01  2.99516025e-03 
 7.84000000e-01  3.01042591e-03 
 7.85000000e-01  3.02558413e-03 
 7.86000000e-01  3.04063424e-03 
 7.87000000e-01  3.05557562e-03 
 7.88000000e-01  3.07040765e-03 
 7.89000000e-01  3.08512979e-03 
 7.90000000e-01  3.09974153e-03 
 7.91000000e-01  3.11424239e-03 
 7.92000000e-01  3.12863193e-03 
 7.93000000e-01  3.14290974e-03 
 7.94000000e-01  3.15707547e-03 
 7.95000000e-01  3.17112877e-03 
 7.96000000e-01  3.18506937e-03 
 7.97000000e-01  3.19889701e-03 
 7.98000000e-01  3.21261145e-03 
 7.99000000e-01  3.22621252e-03 
 8.00000000e-01  3.23970006e-03 
 8.01000000e-01  3.25307394e-03 
 8.02000000e-01  3.26633409e-03 
 8.03000000e-01  3.27948044e-03 
 8.04000000e-01  3.29251297e-03 
 8.05000000e-01  3.30543168e-03 
 8.06000000e-01  3.31823661e-03 
 8.07000000e-01  3.33092784e-03 
 8.08000000e-01  3.34350544e-03 
 8.09000000e-01  3.35596955e-03 
 8.10000000e-01  3.36832032e-03 
 8.11000000e-01  3.38055794e-03 
 8.12000000e-01  3.39268259e-03 
 8.13000000e-01  3.40469452e-03 
 8.14000000e-01  3.41659398e-03 
 8.15000000e-01  3.42838127e-03 
 8.16000000e-01  3.44005667e-03 
 8.17000000e-01  3.45162053e-03 
 8.18000000e-01  3.46307319e-03 
 8.19000000e-01  3.47441502e-03 
 8.20000000e-01  3.48564632e-03 
 8.21000000e-01  3.49676761e-03 
 8.22000000e-01  3.50777934e-03 
 8.23000000e-01  3.51868197e-03 
 8.24000000e-01  3.52947597e-03 
 8.25000000e-01  3.54016185e-03 
 8.26000000e-01  3.55074012e-03 
 8.27000000e-01  3.56121130e-03 
 8.28000000e-01  3.57157596e-03 
 8.29000000e-01  3.58183466e-03 
 8.30000000e-01  3.59198798e-03 
 8.31000000e-01  3.60203652e-03 
 8.32000000e-01  3.61198090e-03 
 8.33000000e-01  3.62182173e-03 
 8.34000000e-01  3.63155966e-03 
 8.35000000e-01  3.64119535e-03 
 8.36000000e-01  3.65072946e-03 
 8.37000000e-01  3.66016267e-03 
 8.38000000e-01  3.66949566e-03 
 8.39000000e-01  3.67872914e-03 
 8.40000000e-01  3.68786383e-03 
 8.41000000e-01  3.69690043e-03 
 8.42000000e-01  3.70583969e-03 
 8.43000000e-01  3.71468234e-03 
 8.44000000e-01  3.72342913e-03 
 8.45000000e-01  3.73208082e-03 
 8.46000000e-01  3.74063816e-03 
 8.47000000e-01  3.74910194e-03 
 8.48000000e-01  3.75747292e-03 
 8.49000000e-01  3.76575190e-03 
 8.50000000e-01  3.77393965e-03 
 8.51000000e-01  3.78203699e-03 
 8.52000000e-01  3.79004470e-03 
 8.53000000e-01  3.79796359e-03 
 8.54000000e-01  3.80579447e-03 
 8.55000000e-01  3.81353816e-03 
 8.56000000e-01  3.82119546e-03 
 8.57000000e-01  3.82876720e-03 
 8.58000000e-01  3.83625420e-03 
 8.59000000e-01  3.84365728e-03 
 8.60000000e-01  3.85097727e-03 
 8.61000000e-01  3.85821499e-03 
 8.62000000e-01  3.86537128e-03 
 8.63000000e-01  3.87244697e-03 
 8.64000000e-01  3.87944288e-03 
 8.65000000e-01  3.88635984e-03 
 8.66000000e-01  3.89319869e-03 
 8.67000000e-01  3.89996026e-03 
 8.68000000e-01  3.90664538e-03 
 8.69000000e-01  3.91325487e-03 
 8.70000000e-01  3.91978957e-03 
 8.71000000e-01  3.92625029e-03 
 8.72000000e-01  3.93263788e-03 
 8.73000000e-01  3.93895314e-03 
 8.74000000e-01  3.94519691e-03 
 8.75000000e-01  3.95137000e-03 
 8.76000000e-01  3.95747323e-03 
 8.77000000e-01  3.96350740e-03 
 8.78000000e-01  3.96947335e-03 
 8.79000000e-01  3.97537186e-03 
 8.80000000e-01  3.98120375e-03 
 8.81000000e-01  3.98696982e-03 
 8.82000000e-01  3.99267086e-03 
 8.83000000e-01  3.99830767e-03 
 8.84000000e-01  4.00388104e-03 
 8.85000000e-01  4.00939175e-03 
 8.86000000e-01  4.01484059e-03 
 8.87000000e-01  4.02022834e-03 
 8.88000000e-01  4.02555575e-03 
 8.89000000e-01  4.03082361e-03 
 8.90000000e-01  4.03603268e-03 
 8.91000000e-01  4.04118370e-03 
 8.92000000e-01  4.04627745e-03 
 8.93000000e-01  4.05131465e-03 
 8.94000000e-01  4.05629606e-03 
 8.95000000e-01  4.06122241e-03 
 8.96000000e-01  4.06609444e-03 
 8.97000000e-01  4.07091286e-03 
 8.98000000e-01  4.07567840e-03 
 8.99000000e-01  4.08039177e-03 
 9.00000000e-01  4.08505368e-03 
 9.01000000e-01  4.08966483e-03 
 9.02000000e-01  4.09422592e-03 
 9.03000000e-01  4.09873764e-03 
 9.04000000e-01  4.10320067e-03 
 9.05000000e-01  4.10761569e-03 
 9.06000000e-01  4.11198337e-03 
 9.07000000e-01  4.11630438e-03 
 9.08000000e-01  4.12057937e-03 
 9.09000000e-01  4.12480900e-03 
 9.10000000e-01  4.12899392e-03 
 9.11000000e-01  4.13313477e-03 
 9.12000000e-01  4.13723217e-03 
 9.13000000e-01  4.14128675e-03 
 9.14000000e-01  4.14529915e-03 
 9.15000000e-01  4.14926996e-03 
 9.16000000e-01  4.15319980e-03 
 9.17000000e-01  4.15708926e-03 
 9.18000000e-01  4.16093895e-03 
 9.19000000e-01  4.16474945e-03 
 9.20000000e-01  4.16852133e-03 
 9.21000000e-01  4.17225519e-03 
 9.22000000e-01  4.17595157e-03 
 9.23000000e-01  4.17961105e-03 
 9.24000000e-01  4.18323418e-03 
 9.25000000e-01  4.18682151e-03 
 9.26000000e-01  4.19037358e-03 
 9.27000000e-01  4.19389092e-03 
 9.28000000e-01  4.19737407e-03 
 9.29000000e-01  4.20082355e-03 
 9.30000000e-01  4.20423986e-03 
 9.31000000e-01  4.20762353e-03 
 9.32000000e-01  4.21097505e-03 
 9.33000000e-01  4.21429492e-03 
 9.34000000e-01  4.21758363e-03 
 9.35000000e-01  4.22084167e-03 
 9.36000000e-01  4.22406951e-03 
 9.37000000e-01  4.22726762e-03 
 9.38000000e-01  4.23043647e-03 
 9.39000000e-01  4.23357652e-03 
 9.40000000e-01  4.23668822e-03 
 9.41000000e-01  4.23977202e-03 
 9.42000000e-01  4.24282835e-03 
 9.43000000e-01  4.24585765e-03 
 9.44000000e-01  4.24886035e-03 
 9.45000000e-01  4.25183687e-03 
 9.46000000e-01  4.25478762e-03 
 9.47000000e-01  4.25771303e-03 
 9.48000000e-01  4.26061348e-03 
 9.49000000e-01  4.26348939e-03 
 9.50000000e-01  4.26634114e-03 
 9.51000000e-01  4.26916912e-03 
 9.52000000e-01  4.27197371e-03 
 9.53000000e-01  4.27475529e-03 
 9.54000000e-01  4.27751422e-03 
 9.55000000e-01  4.28025088e-03 
 9.56000000e-01  4.28296562e-03 
 9.57000000e-01  4.28565879e-03 
 9.58000000e-01  4.28833075e-03 
 9.59000000e-01  4.29098183e-03 
 9.60000000e-01  4.29361237e-03 
 9.61000000e-01  4.29622272e-03 
 9.62000000e-01  4.29881318e-03 
 9.63000000e-01  4.30138409e-03 
 9.64000000e-01  4.30393576e-03 
 9.65000000e-01  4.30646850e-03 
 9.66000000e-01  4.30898263e-03 
 9.67000000e-01  4.31147843e-03 
 9.68000000e-01  4.31395622e-03 
 9.69000000e-01  4.31641628e-03 
 9.70000000e-01  4.31885890e-03 
 9.71000000e-01  4.32128436e-03 
 9.72000000e-01  4.32369294e-03 
 9.73000000e-01  4.32608491e-03 
 9.74000000e-01  4.32846054e-03 
 9.75000000e-01  4.33082010e-03 
 9.76000000e-01  4.33316385e-03 
 9.77000000e-01  4.33549204e-03 
 9.78000000e-01  4.33780492e-03 
 9.79000000e-01  4.34010275e-03 
 9.80000000e-01  4.34238575e-03 
 9.81000000e-01  4.34465417e-03 
 9.82000000e-01  4.34690825e-03 
 9.83000000e-01  4.34914822e-03 
 9.84000000e-01  4.35137429e-03 
 9.85000000e-01  4.35358670e-03 
 9.86000000e-01  4.35578565e-03 
 9.87000000e-01  4.35797137e-03 
 9.88000000e-01  4.36014407e-03 
 9.89000000e-01  4.36230395e-03 
 9.90000000e-01  4.36445121e-03 
 9.91000000e-01  4.36658606e-03 
 9.92000000e-01  4.36870868e-03 
 9.93000000e-01  4.37081928e-03 
 9.94000000e-01  4.37291803e-03 
 9.95000000e-01  4.37500513e-03 
 9.96000000e-01  4.37708075e-03 
 9.97000000e-01  4.37914507e-03 
 9.98000000e-01  4.38119828e-03 
 9.99000000e-01  4.38324053e-03 
 1.00000000e+00  4.38527200e-03 
 1.00100000e+00  4.38729285e-03 
 1.00200000e+00  4.38930324e-03 
 1.00300000e+00  4.39130333e-03 
 1.00400000e+00  4.39329328e-03 
 1.00500000e+00  4.39527324e-03 
 1.00600000e+00  4.39724336e-03 
 1.00700000e+00  4.39920378e-03 
 1.00800000e+00  4.40115466e-03 
 1.00900000e+00  4.40309612e-03 
 1.01000000e+00  4.40502831e-03 
 1.01100000e+00  4.40695136e-03 
 1.01200000e+00  4.40886540e-03 
 1.01300000e+00  4.41077057e-03 
 1.01400000e+00  4.41266699e-03 
 1.01500000e+00  4.41455479e-03 
 1.01600000e+00  4.41643409e-03 
 1.01700000e+00  4.41830500e-03 
 1.01800000e+00  4.42016764e-03 
 1.01900000e+00  4.42202214e-03 
 1.02000000e+00  4.42386859e-03 
 1.02100000e+00  4.42570711e-03 
 1.02200000e+00  4.42753782e-03 
 1.02300000e+00  4.42936080e-03 
 1.02400000e+00  4.43117617e-03 
 1.02500000e+00  4.43298402e-03 
 1.02600000e+00  4.43478446e-03 
 1.02700000e+00  4.43657758e-03 
 1.02800000e+00  4.43836348e-03 
 1.02900000e+00  4.44014224e-03 
 1.03000000e+00  4.44191395e-03 
 1.03100000e+00  4.44367871e-03 
 1.03200000e+00  4.44543661e-03 
 1.03300000e+00  4.44718771e-03 
 1.03400000e+00  4.44893212e-03 
 1.03500000e+00  4.45066990e-03 
 1.03600000e+00  4.45240114e-03 
 1.03700000e+00  4.45412591e-03 
 1.03800000e+00  4.45584429e-03 
 1.03900000e+00  4.45755635e-03 
 1.04000000e+00  4.45926216e-03 
 1.04100000e+00  4.46096179e-03 
 1.04200000e+00  4.46265532e-03 
 1.04300000e+00  4.46434280e-03 
 1.04400000e+00  4.46602430e-03 
 1.04500000e+00  4.46769989e-03 
 1.04600000e+00  4.46936963e-03 
 1.04700000e+00  4.47103357e-03 
 1.04800000e+00  4.47269178e-03 
 1.04900000e+00  4.47434432e-03 
 1.05000000e+00  4.47599123e-03 
 1.05100000e+00  4.47763258e-03 
 1.05200000e+00  4.47926842e-03 
 1.05300000e+00  4.48089880e-03 
 1.05400000e+00  4.48252376e-03 
 1.05500000e+00  4.48414337e-03 
 1.05600000e+00  4.48575766e-03 
 1.05700000e+00  4.48736669e-03 
 1.05800000e+00  4.48897050e-03 
 1.05900000e+00  4.49056913e-03 
 1.06000000e+00  4.49216263e-03 
 1.06100000e+00  4.49375104e-03 
 1.06200000e+00  4.49533440e-03 
 1.06300000e+00  4.49691275e-03 
 1.06400000e+00  4.49848613e-03 
 1.06500000e+00  4.50005457e-03 
 1.06600000e+00  4.50161812e-03 
 1.06700000e+00  4.50317680e-03 
 1.06800000e+00  4.50473066e-03 
 1.06900000e+00  4.50627973e-03 
 1.07000000e+00  4.50782404e-03 
 1.07100000e+00  4.50936361e-03 
 1.07200000e+00  4.51089849e-03 
 1.07300000e+00  4.51242870e-03 
 1.07400000e+00  4.51395428e-03 
 1.07500000e+00  4.51547524e-03 
 1.07600000e+00  4.51699161e-03 
 1.07700000e+00  4.51850343e-03 
 1.07800000e+00  4.52001072e-03 
 1.07900000e+00  4.52151350e-03 
 1.08000000e+00  4.52301180e-03 
 1.08100000e+00  4.52450564e-03 
 1.08200000e+00  4.52599504e-03 
 1.08300000e+00  4.52748003e-03 
 1.08400000e+00  4.52896062e-03 
 1.08500000e+00  4.53043684e-03 
 1.08600000e+00  4.53190871e-03 
 1.08700000e+00  4.53337624e-03 
 1.08800000e+00  4.53483946e-03 
 1.08900000e+00  4.53629838e-03 
 1.09000000e+00  4.53775302e-03 
 1.09100000e+00  4.53920339e-03 
 1.09200000e+00  4.54064952e-03 
 1.09300000e+00  4.54209141e-03 
 1.09400000e+00  4.54352908e-03 
 1.09500000e+00  4.54496255e-03 
 1.09600000e+00  4.54639184e-03 
 1.09700000e+00  4.54781694e-03 
 1.09800000e+00  4.54923788e-03 
 1.09900000e+00  4.55065467e-03 
 1.10000000e+00  4.55206732e-03 
 1.10100000e+00  4.55347584e-03 
 1.10200000e+00  4.55488025e-03 
 1.10300000e+00  4.55628055e-03 
 1.10400000e+00  4.55767675e-03 
 1.10500000e+00  4.55906886e-03 
 1.10600000e+00  4.56045689e-03 
 1.10700000e+00  4.56184086e-03 
 1.10800000e+00  4.56322076e-03 
 1.10900000e+00  4.56459661e-03 
 1.11000000e+00  4.56596842e-03 
 1.11100000e+00  4.56733618e-03 
 1.11200000e+00  4.56869991e-03 
 1.11300000e+00  4.57005962e-03 
 1.11400000e+00  4.57141531e-03 
 1.11500000e+00  4.57276699e-03 
 1.11600000e+00  4.57411465e-03 
 1.11700000e+00  4.57545832e-03 
 1.11800000e+00  4.57679798e-03 
 1.11900000e+00  4.57813366e-03 
 1.12000000e+00  4.57946534e-03 
 1.12100000e+00  4.58079304e-03 
 1.12200000e+00  4.58211676e-03 
 1.12300000e+00  4.58343650e-03 
 1.12400000e+00  4.58475226e-03 
 1.12500000e+00  4.58606406e-03 
 1.12600000e+00  4.58737188e-03 
 1.12700000e+00  4.58867574e-03 
 1.12800000e+00  4.58997564e-03 
 1.12900000e+00  4.59127157e-03 
 1.13000000e+00  4.59256355e-03 
 1.13100000e+00  4.59385157e-03 
 1.13200000e+00  4.59513563e-03 
 1.13300000e+00  4.59641573e-03 
 1.13400000e+00  4.59769189e-03 
 1.13500000e+00  4.59896409e-03 
 1.13600000e+00  4.60023233e-03 
 1.13700000e+00  4.60149663e-03 
 1.13800000e+00  4.60275698e-03 
 1.13900000e+00  4.60401337e-03 
 1.14000000e+00  4.60526581e-03 
 1.14100000e+00  4.60651431e-03 
 1.14200000e+00  4.60775885e-03 
 1.14300000e+00  4.60899944e-03 
 1.14400000e+00  4.61023609e-03 
 1.14500000e+00  4.61146878e-03 
 1.14600000e+00  4.61269752e-03 
 1.14700000e+00  4.61392230e-03 
 1.14800000e+00  4.61514314e-03 
 1.14900000e+00  4.61636002e-03 
 1.15000000e+00  4.61757294e-03 
 1.15100000e+00  4.61878191e-03 
 1.15200000e+00  4.61998692e-03 
 1.15300000e+00  4.62118797e-03 
 1.15400000e+00  4.62238506e-03 
 1.15500000e+00  4.62357819e-03 
 1.15600000e+00  4.62476736e-03 
 1.15700000e+00  4.62595257e-03 
 1.15800000e+00  4.62713381e-03 
 1.15900000e+00  4.62831108e-03 
 1.16000000e+00  4.62948438e-03 
 1.16100000e+00  4.63065371e-03 
 1.16200000e+00  4.63181907e-03 
 1.16300000e+00  4.63298045e-03 
 1.16400000e+00  4.63413786e-03 
 1.16500000e+00  4.63529129e-03 
 1.16600000e+00  4.63644074e-03 
 1.16700000e+00  4.63758621e-03 
 1.16800000e+00  4.63872770e-03 
 1.16900000e+00  4.63986520e-03 
 1.17000000e+00  4.64099871e-03 
 1.17100000e+00  4.64212823e-03 
 1.17200000e+00  4.64325376e-03 
 1.17300000e+00  4.64437529e-03 
 1.17400000e+00  4.64549283e-03 
 1.17500000e+00  4.64660637e-03 
 1.17600000e+00  4.64771591e-03 
 1.17700000e+00  4.64882145e-03 
 1.17800000e+00  4.64992298e-03 
 1.17900000e+00  4.65102050e-03 
 1.18000000e+00  4.65211402e-03 
 1.18100000e+00  4.65320353e-03 
 1.18200000e+00  4.65428902e-03 
 1.18300000e+00  4.65537050e-03 
 1.18400000e+00  4.65644796e-03 
 1.18500000e+00  4.65752140e-03 
 1.18600000e+00  4.65859081e-03 
 1.18700000e+00  4.65965621e-03 
 1.18800000e+00  4.66071758e-03 
 1.18900000e+00  4.66177492e-03 
 1.19000000e+00  4.66282824e-03 
 1.19100000e+00  4.66387752e-03 
 1.19200000e+00  4.66492276e-03 
 1.19300000e+00  4.66596398e-03 
 1.19400000e+00  4.66700115e-03 
 1.19500000e+00  4.66803429e-03 
 1.19600000e+00  4.66906339e-03 
 1.19700000e+00  4.67008844e-03 
 1.19800000e+00  4.67110945e-03 
 1.19900000e+00  4.67212641e-03 
 1.20000000e+00  4.67313933e-03 
 1.20100000e+00  4.67414819e-03 
 1.20200000e+00  4.67515301e-03 
 1.20300000e+00  4.67615377e-03 
 1.20400000e+00  4.67715048e-03 
 1.20500000e+00  4.67814313e-03 
 1.20600000e+00  4.67913173e-03 
 1.20700000e+00  4.68011626e-03 
 1.20800000e+00  4.68109674e-03 
 1.20900000e+00  4.68207316e-03 
 1.21000000e+00  4.68304551e-03 
 1.21100000e+00  4.68401380e-03 
 1.21200000e+00  4.68497803e-03 
 1.21300000e+00  4.68593819e-03 
 1.21400000e+00  4.68689428e-03 
 1.21500000e+00  4.68784631e-03 
 1.21600000e+00  4.68879426e-03 
 1.21700000e+00  4.68973815e-03 
 1.21800000e+00  4.69067796e-03 
 1.21900000e+00  4.69161371e-03 
 1.22000000e+00  4.69254538e-03 
 1.22100000e+00  4.69347298e-03 
 1.22200000e+00  4.69439650e-03 
 1.22300000e+00  4.69531596e-03 
 1.22400000e+00  4.69623133e-03 
 1.22500000e+00  4.69714263e-03 
 1.22600000e+00  4.69804986e-03 
 1.22700000e+00  4.69895301e-03 
 1.22800000e+00  4.69985208e-03 
 1.22900000e+00  4.70074707e-03 
 1.23000000e+00  4.70163799e-03 
 1.23100000e+00  4.70252483e-03 
 1.23200000e+00  4.70340760e-03 
 1.23300000e+00  4.70428629e-03 
 1.23400000e+00  4.70516090e-03 
 1.23500000e+00  4.70603143e-03 
 1.23600000e+00  4.70689788e-03 
 1.23700000e+00  4.70776026e-03 
 1.23800000e+00  4.70861856e-03 
 1.23900000e+00  4.70947279e-03 
 1.24000000e+00  4.71032294e-03 
 1.24100000e+00  4.71116901e-03 
 1.24200000e+00  4.71201101e-03 
 1.24300000e+00  4.71284894e-03 
 1.24400000e+00  4.71368279e-03 
 1.24500000e+00  4.71451256e-03 
 1.24600000e+00  4.71533827e-03 
 1.24700000e+00  4.71615990e-03 
 1.24800000e+00  4.71697746e-03 
 1.24900000e+00  4.71779095e-03 
 1.25000000e+00  4.71860038e-03 
 1.25100000e+00  4.71940573e-03 
 1.25200000e+00  4.72020702e-03 
 1.25300000e+00  4.72100424e-03 
 1.25400000e+00  4.72179740e-03 
 1.25500000e+00  4.72258649e-03 
 1.25600000e+00  4.72337152e-03 
 1.25700000e+00  4.72415249e-03 
 1.25800000e+00  4.72492940e-03 
 1.25900000e+00  4.72570226e-03 
 1.26000000e+00  4.72647105e-03 
 1.26100000e+00  4.72723579e-03 
 1.26200000e+00  4.72799648e-03 
 1.26300000e+00  4.72875312e-03 
 1.26400000e+00  4.72950571e-03 
 1.26500000e+00  4.73025425e-03 
 1.26600000e+00  4.73099874e-03 
 1.26700000e+00  4.73173919e-03 
 1.26800000e+00  4.73247560e-03 
 1.26900000e+00  4.73320797e-03 
 1.27000000e+00  4.73393629e-03 
 1.27100000e+00  4.73466059e-03 
 1.27200000e+00  4.73538085e-03 
 1.27300000e+00  4.73609708e-03 
 1.27400000e+00  4.73680928e-03 
 1.27500000e+00  4.73751745e-03 
 1.27600000e+00  4.73822160e-03 
 1.27700000e+00  4.73892173e-03 
 1.27800000e+00  4.73961784e-03 
 1.27900000e+00  4.74030993e-03 
 1.28000000e+00  4.74099801e-03 
 1.28100000e+00  4.74168208e-03 
 1.28200000e+00  4.74236214e-03 
 1.28300000e+00  4.74303819e-03 
 1.28400000e+00  4.74371024e-03 
 1.28500000e+00  4.74437830e-03 
 1.28600000e+00  4.74504235e-03 
 1.28700000e+00  4.74570241e-03 
 1.28800000e+00  4.74635848e-03 
 1.28900000e+00  4.74701056e-03 
 1.29000000e+00  4.74765866e-03 
 1.29100000e+00  4.74830278e-03 
 1.29200000e+00  4.74894292e-03 
 1.29300000e+00  4.74957908e-03 
 1.29400000e+00  4.75021128e-03 
 1.29500000e+00  4.75083950e-03 
 1.29600000e+00  4.75146376e-03 
 1.29700000e+00  4.75208406e-03 
 1.29800000e+00  4.75270041e-03 
 1.29900000e+00  4.75331279e-03 
 1.30000000e+00  4.75392123e-03 
 1.30100000e+00  4.75452573e-03 
 1.30200000e+00  4.75512628e-03 
 1.30300000e+00  4.75572289e-03 
 1.30400000e+00  4.75631556e-03 
 1.30500000e+00  4.75690431e-03 
 1.30600000e+00  4.75748912e-03 
 1.30700000e+00  4.75807002e-03 
 1.30800000e+00  4.75864699e-03 
 1.30900000e+00  4.75922005e-03 
 1.31000000e+00  4.75978920e-03 
 1.31100000e+00  4.76035444e-03 
 1.31200000e+00  4.76091578e-03 
 1.31300000e+00  4.76147322e-03 
 1.31400000e+00  4.76202677e-03 
 1.31500000e+00  4.76257642e-03 
 1.31600000e+00  4.76312219e-03 
 1.31700000e+00  4.76366408e-03 
 1.31800000e+00  4.76420209e-03 
 1.31900000e+00  4.76473623e-03 
 1.32000000e+00  4.76526650e-03 
 1.32100000e+00  4.76579291e-03 
 1.32200000e+00  4.76631545e-03 
 1.32300000e+00  4.76683415e-03 
 1.32400000e+00  4.76734899e-03 
 1.32500000e+00  4.76785999e-03 
 1.32600000e+00  4.76836715e-03 
 1.32700000e+00  4.76887047e-03 
 1.32800000e+00  4.76936997e-03 
 1.32900000e+00  4.76986563e-03 
 1.33000000e+00  4.77035748e-03 
 1.33100000e+00  4.77084551e-03 
 1.33200000e+00  4.77132973e-03 
 1.33300000e+00  4.77181014e-03 
 1.33400000e+00  4.77228675e-03 
 1.33500000e+00  4.77275957e-03 
 1.33600000e+00  4.77322859e-03 
 1.33700000e+00  4.77369383e-03 
 1.33800000e+00  4.77415528e-03 
 1.33900000e+00  4.77461296e-03 
 1.34000000e+00  4.77506687e-03 
 1.34100000e+00  4.77551702e-03 
 1.34200000e+00  4.77596340e-03 
 1.34300000e+00  4.77640603e-03 
 1.34400000e+00  4.77684491e-03 
 1.34500000e+00  4.77728005e-03 
 1.34600000e+00  4.77771144e-03 
 1.34700000e+00  4.77813911e-03 
 1.34800000e+00  4.77856304e-03 
 1.34900000e+00  4.77898325e-03 
 1.35000000e+00  4.77939975e-03 
 1.35100000e+00  4.77981253e-03 
 1.35200000e+00  4.78022161e-03 
 1.35300000e+00  4.78062698e-03 
 1.35400000e+00  4.78102867e-03 
 1.35500000e+00  4.78142666e-03 
 1.35600000e+00  4.78182096e-03 
 1.35700000e+00  4.78221159e-03 
 1.35800000e+00  4.78259855e-03 
 1.35900000e+00  4.78298184e-03 
 1.36000000e+00  4.78336147e-03 
 1.36100000e+00  4.78373744e-03 
 1.36200000e+00  4.78410977e-03 
 1.36300000e+00  4.78447845e-03 
 1.36400000e+00  4.78484349e-03 
 1.36500000e+00  4.78520490e-03 
 1.36600000e+00  4.78556268e-03 
 1.36700000e+00  4.78591685e-03 
 1.36800000e+00  4.78626739e-03 
 1.36900000e+00  4.78661433e-03 
 1.37000000e+00  4.78695767e-03 
 1.37100000e+00  4.78729741e-03 
 1.37200000e+00  4.78763356e-03 
 1.37300000e+00  4.78796612e-03 
 1.37400000e+00  4.78829511e-03 
 1.37500000e+00  4.78862052e-03 
 1.37600000e+00  4.78894237e-03 
 1.37700000e+00  4.78926065e-03 
 1.37800000e+00  4.78957538e-03 
 1.37900000e+00  4.78988657e-03 
 1.38000000e+00  4.79019421e-03 
 1.38100000e+00  4.79049831e-03 
 1.38200000e+00  4.79079888e-03 
 1.38300000e+00  4.79109593e-03 
 1.38400000e+00  4.79138946e-03 
 1.38500000e+00  4.79167948e-03 
 1.38600000e+00  4.79196600e-03 
 1.38700000e+00  4.79224901e-03 
 1.38800000e+00  4.79252853e-03 
 1.38900000e+00  4.79280457e-03 
 1.39000000e+00  4.79307712e-03 
 1.39100000e+00  4.79334620e-03 
 1.39200000e+00  4.79361181e-03 
 1.39300000e+00  4.79387396e-03 
 1.39400000e+00  4.79413266e-03 
 1.39500000e+00  4.79438790e-03 
 1.39600000e+00  4.79463971e-03 
 1.39700000e+00  4.79488807e-03 
 1.39800000e+00  4.79513301e-03 
 1.39900000e+00  4.79537453e-03 
 1.40000000e+00  4.79561262e-03 
 1.40100000e+00  4.79584731e-03 
 1.40200000e+00  4.79607859e-03 
 1.40300000e+00  4.79630647e-03 
 1.40400000e+00  4.79653096e-03 
 1.40500000e+00  4.79675206e-03 
 1.40600000e+00  4.79696979e-03 
 1.40700000e+00  4.79718415e-03 
 1.40800000e+00  4.79739513e-03 
 1.40900000e+00  4.79760276e-03 
 1.41000000e+00  4.79780704e-03 
 1.41100000e+00  4.79800797e-03 
 1.41200000e+00  4.79820556e-03 
 1.41300000e+00  4.79839981e-03 
 1.41400000e+00  4.79859074e-03 
 1.41500000e+00  4.79877835e-03 
 1.41600000e+00  4.79896264e-03 
 1.41700000e+00  4.79914363e-03 
 1.41800000e+00  4.79932131e-03 
 1.41900000e+00  4.79949570e-03 
 1.42000000e+00  4.79966680e-03 
 1.42100000e+00  4.79983462e-03 
 1.42200000e+00  4.79999917e-03 
 1.42300000e+00  4.80016045e-03 
 1.42400000e+00  4.80031846e-03 
 1.42500000e+00  4.80047322e-03 
 1.42600000e+00  4.80062473e-03 
 1.42700000e+00  4.80077300e-03 
 1.42800000e+00  4.80091804e-03 
 1.42900000e+00  4.80105984e-03 
 1.43000000e+00  4.80119842e-03 
 1.43100000e+00  4.80133379e-03 
 1.43200000e+00  4.80146594e-03 
 1.43300000e+00  4.80159490e-03 
 1.43400000e+00  4.80172065e-03 
 1.43500000e+00  4.80184322e-03 
 1.43600000e+00  4.80196261e-03 
 1.43700000e+00  4.80207881e-03 
 1.43800000e+00  4.80219185e-03 
 1.43900000e+00  4.80230173e-03 
 1.44000000e+00  4.80240845e-03 
 1.44100000e+00  4.80251201e-03 
 1.44200000e+00  4.80261244e-03 
 1.44300000e+00  4.80270972e-03 
 1.44400000e+00  4.80280388e-03 
 1.44500000e+00  4.80289491e-03 
 1.44600000e+00  4.80298283e-03 
 1.44700000e+00  4.80306763e-03 
 1.44800000e+00  4.80314934e-03 
 1.44900000e+00  4.80322794e-03 
 1.45000000e+00  4.80330345e-03 
 1.45100000e+00  4.80337588e-03 
 1.45200000e+00  4.80344523e-03 
 1.45300000e+00  4.80351151e-03 
 1.45400000e+00  4.80357473e-03 
 1.45500000e+00  4.80363488e-03 
 1.45600000e+00  4.80369199e-03 
 1.45700000e+00  4.80374605e-03 
 1.45800000e+00  4.80379707e-03 
 1.45900000e+00  4.80384506e-03 
 1.46000000e+00  4.80389003e-03 
 1.46100000e+00  4.80393198e-03 
 1.46200000e+00  4.80397091e-03 
 1.46300000e+00  4.80400684e-03 
 1.46400000e+00  4.80403977e-03 
 1.46500000e+00  4.80406971e-03 
 1.46600000e+00  4.80409666e-03 
 1.46700000e+00  4.80412064e-03 
 1.46800000e+00  4.80414164e-03 
 1.46900000e+00  4.80415967e-03 
 1.47000000e+00  4.80417475e-03 
 1.47100000e+00  4.80418687e-03 
 1.47200000e+00  4.80419604e-03 
 1.47300000e+00  4.80420228e-03 
 1.47400000e+00  4.80420558e-03 
 1.47500000e+00  4.80420595e-03 
 1.47600000e+00  4.80420341e-03 
 1.47700000e+00  4.80419795e-03 
 1.47800000e+00  4.80418958e-03 
 1.47900000e+00  4.80417831e-03 
 1.48000000e+00  4.80416415e-03 
 1.48100000e+00  4.80414709e-03 
 1.48200000e+00  4.80412716e-03 
 1.48300000e+00  4.80410435e-03 
 1.48400000e+00  4.80407868e-03 
 1.48500000e+00  4.80405014e-03 
 1.48600000e+00  4.80401874e-03 
 1.48700000e+00  4.80398450e-03 
 1.48800000e+00  4.80394741e-03 
 1.48900000e+00  4.80390749e-03 
 1.49000000e+00  4.80386473e-03 
 1.49100000e+00  4.80381915e-03 
 1.49200000e+00  4.80377076e-03 
 1.49300000e+00  4.80371955e-03 
 1.49400000e+00  4.80366554e-03 
 1.49500000e+00  4.80360873e-03 
 1.49600000e+00  4.80354913e-03 
 1.49700000e+00  4.80348675e-03 
 1.49800000e+00  4.80342158e-03 
 1.49900000e+00  4.80335365e-03 
 1.50000000e+00  4.80328294e-03 
 1.50100000e+00  4.80320948e-03 
 1.50200000e+00  4.80313326e-03 
 1.50300000e+00  4.80305430e-03 
 1.50400000e+00  4.80297259e-03 
 1.50500000e+00  4.80288816e-03 
 1.50600000e+00  4.80280099e-03 
 1.50700000e+00  4.80271110e-03 
 1.50800000e+00  4.80261849e-03 
 1.50900000e+00  4.80252318e-03 
 1.51000000e+00  4.80242516e-03 
 1.51100000e+00  4.80232444e-03 
 1.51200000e+00  4.80222104e-03 
 1.51300000e+00  4.80211495e-03 
 1.51400000e+00  4.80200618e-03 
 1.51500000e+00  4.80189474e-03 
 1.51600000e+00  4.80178063e-03 
 1.51700000e+00  4.80166386e-03 
 1.51800000e+00  4.80154444e-03 
 1.51900000e+00  4.80142238e-03 
 1.52000000e+00  4.80129767e-03 
 1.52100000e+00  4.80117033e-03 
 1.52200000e+00  4.80104035e-03 
 1.52300000e+00  4.80090776e-03 
 1.52400000e+00  4.80077255e-03 
 1.52500000e+00  4.80063473e-03 
 1.52600000e+00  4.80049430e-03 
 1.52700000e+00  4.80035128e-03 
 1.52800000e+00  4.80020567e-03 
 1.52900000e+00  4.80005746e-03 
 1.53000000e+00  4.79990668e-03 
 1.53100000e+00  4.79975333e-03 
 1.53200000e+00  4.79959741e-03 
 1.53300000e+00  4.79943892e-03 
 1.53400000e+00  4.79927788e-03 
 1.53500000e+00  4.79911430e-03 
 1.53600000e+00  4.79894816e-03 
 1.53700000e+00  4.79877949e-03 
 1.53800000e+00  4.79860829e-03 
 1.53900000e+00  4.79843456e-03 
 1.54000000e+00  4.79825832e-03 
 1.54100000e+00  4.79807956e-03 
 1.54200000e+00  4.79789829e-03 
 1.54300000e+00  4.79771452e-03 
 1.54400000e+00  4.79752825e-03 
 1.54500000e+00  4.79733950e-03 
 1.54600000e+00  4.79714826e-03 
 1.54700000e+00  4.79695454e-03 
 1.54800000e+00  4.79675835e-03 
 1.54900000e+00  4.79655969e-03 
 1.55000000e+00  4.79635858e-03 
 1.55100000e+00  4.79615501e-03 
 1.55200000e+00  4.79594899e-03 
 1.55300000e+00  4.79574052e-03 
 1.55400000e+00  4.79552962e-03 
 1.55500000e+00  4.79531629e-03 
 1.55600000e+00  4.79510053e-03 
 1.55700000e+00  4.79488236e-03 
 1.55800000e+00  4.79466177e-03 
 1.55900000e+00  4.79443877e-03 
 1.56000000e+00  4.79421337e-03 
 1.56100000e+00  4.79398557e-03 
 1.56200000e+00  4.79375538e-03 
 1.56300000e+00  4.79352281e-03 
 1.56400000e+00  4.79328785e-03 
 1.56500000e+00  4.79305052e-03 
 1.56600000e+00  4.79281083e-03 
 1.56700000e+00  4.79256877e-03 
 1.56800000e+00  4.79232435e-03 
 1.56900000e+00  4.79207759e-03 
 1.57000000e+00  4.79182848e-03 
 1.57100000e+00  4.79157702e-03 
 1.57200000e+00  4.79132324e-03 
 1.57300000e+00  4.79106712e-03 
 1.57400000e+00  4.79080868e-03 
 1.57500000e+00  4.79054793e-03 
 1.57600000e+00  4.79028486e-03 
 1.57700000e+00  4.79001949e-03 
 1.57800000e+00  4.78975181e-03 
 1.57900000e+00  4.78948184e-03 
 1.58000000e+00  4.78920958e-03 
 1.58100000e+00  4.78893503e-03 
 1.58200000e+00  4.78865821e-03 
 1.58300000e+00  4.78837911e-03 
 1.58400000e+00  4.78809775e-03 
 1.58500000e+00  4.78781412e-03 
 1.58600000e+00  4.78752823e-03 
 1.58700000e+00  4.78724009e-03 
 1.58800000e+00  4.78694971e-03 
 1.58900000e+00  4.78665709e-03 
 1.59000000e+00  4.78636223e-03 
 1.59100000e+00  4.78606514e-03 
 1.59200000e+00  4.78576582e-03 
 1.59300000e+00  4.78546429e-03 
 1.59400000e+00  4.78516054e-03 
 1.59500000e+00  4.78485458e-03 
 1.59600000e+00  4.78454642e-03 
 1.59700000e+00  4.78423606e-03 
 1.59800000e+00  4.78392351e-03 
 1.59900000e+00  4.78360877e-03 
 1.60000000e+00  4.78329185e-03 
 1.60100000e+00  4.78297276e-03 
 1.60200000e+00  4.78265149e-03 
 1.60300000e+00  4.78232805e-03 
 1.60400000e+00  4.78200245e-03 
 1.60500000e+00  4.78167470e-03 
 1.60600000e+00  4.78134479e-03 
 1.60700000e+00  4.78101274e-03 
 1.60800000e+00  4.78067855e-03 
 1.60900000e+00  4.78034222e-03 
 1.61000000e+00  4.78000377e-03 
 1.61100000e+00  4.77966318e-03 
 1.61200000e+00  4.77932048e-03 
 1.61300000e+00  4.77897566e-03 
 1.61400000e+00  4.77862874e-03 
 1.61500000e+00  4.77827970e-03 
 1.61600000e+00  4.77792857e-03 
 1.61700000e+00  4.77757535e-03 
 1.61800000e+00  4.77722003e-03 
 1.61900000e+00  4.77686263e-03 
 1.62000000e+00  4.77650315e-03 
 1.62100000e+00  4.77614159e-03 
 1.62200000e+00  4.77577797e-03 
 1.62300000e+00  4.77541228e-03 
 1.62400000e+00  4.77504453e-03 
 1.62500000e+00  4.77467472e-03 
 1.62600000e+00  4.77430287e-03 
 1.62700000e+00  4.77392897e-03 
 1.62800000e+00  4.77355303e-03 
 1.62900000e+00  4.77317506e-03 
 1.63000000e+00  4.77279505e-03 
 1.63100000e+00  4.77241302e-03 
 1.63200000e+00  4.77202897e-03 
 1.63300000e+00  4.77164291e-03 
 1.63400000e+00  4.77125483e-03 
 1.63500000e+00  4.77086475e-03 
 1.63600000e+00  4.77047266e-03 
 1.63700000e+00  4.77007858e-03 
 1.63800000e+00  4.76968251e-03 
 1.63900000e+00  4.76928445e-03 
 1.64000000e+00  4.76888441e-03 
 1.64100000e+00  4.76848240e-03 
 1.64200000e+00  4.76807841e-03 
 1.64300000e+00  4.76767245e-03 
 1.64400000e+00  4.76726453e-03 
 1.64500000e+00  4.76685465e-03 
 1.64600000e+00  4.76644281e-03 
 1.64700000e+00  4.76602903e-03 
 1.64800000e+00  4.76561330e-03 
 1.64900000e+00  4.76519564e-03 
 1.65000000e+00  4.76477603e-03 
 1.65100000e+00  4.76435450e-03 
 1.65200000e+00  4.76393104e-03 
 1.65300000e+00  4.76350566e-03 
 1.65400000e+00  4.76307837e-03 
 1.65500000e+00  4.76264916e-03 
 1.65600000e+00  4.76221804e-03 
 1.65700000e+00  4.76178502e-03 
 1.65800000e+00  4.76135010e-03 
 1.65900000e+00  4.76091329e-03 
 1.66000000e+00  4.76047459e-03 
 1.66100000e+00  4.76003400e-03 
 1.66200000e+00  4.75959154e-03 
 1.66300000e+00  4.75914719e-03 
 1.66400000e+00  4.75870098e-03 
 1.66500000e+00  4.75825290e-03 
 1.66600000e+00  4.75780295e-03 
 1.66700000e+00  4.75735115e-03 
 1.66800000e+00  4.75689749e-03 
 1.66900000e+00  4.75644199e-03 
 1.67000000e+00  4.75598464e-03 
 1.67100000e+00  4.75552545e-03 
 1.67200000e+00  4.75506442e-03 
 1.67300000e+00  4.75460156e-03 
 1.67400000e+00  4.75413687e-03 
 1.67500000e+00  4.75367036e-03 
 1.67600000e+00  4.75320203e-03 
 1.67700000e+00  4.75273188e-03 
 1.67800000e+00  4.75225993e-03 
 1.67900000e+00  4.75178617e-03 
 1.68000000e+00  4.75131060e-03 
 1.68100000e+00  4.75083324e-03 
 1.68200000e+00  4.75035409e-03 
 1.68300000e+00  4.74987314e-03 
 1.68400000e+00  4.74939041e-03 
 1.68500000e+00  4.74890590e-03 
 1.68600000e+00  4.74841962e-03 
 1.68700000e+00  4.74793156e-03 
 1.68800000e+00  4.74744173e-03 
 1.68900000e+00  4.74695014e-03 
 1.69000000e+00  4.74645679e-03 
 1.69100000e+00  4.74596168e-03 
 1.69200000e+00  4.74546483e-03 
 1.69300000e+00  4.74496622e-03 
 1.69400000e+00  4.74446587e-03 
 1.69500000e+00  4.74396378e-03 
 1.69600000e+00  4.74345996e-03 
 1.69700000e+00  4.74295440e-03 
 1.69800000e+00  4.74244712e-03 
 1.69900000e+00  4.74193811e-03 
 1.70000000e+00  4.74142738e-03 
 1.70100000e+00  4.74091494e-03 
 1.70200000e+00  4.74040079e-03 
 1.70300000e+00  4.73988493e-03 
 1.70400000e+00  4.73936737e-03 
 1.70500000e+00  4.73884811e-03 
 1.70600000e+00  4.73832715e-03 
 1.70700000e+00  4.73780450e-03 
 1.70800000e+00  4.73728017e-03 
 1.70900000e+00  4.73675415e-03 
 1.71000000e+00  4.73622645e-03 
 1.71100000e+00  4.73569707e-03 
 1.71200000e+00  4.73516603e-03 
 1.71300000e+00  4.73463331e-03 
 1.71400000e+00  4.73409893e-03 
 1.71500000e+00  4.73356289e-03 
 1.71600000e+00  4.73302520e-03 
 1.71700000e+00  4.73248585e-03 
 1.71800000e+00  4.73194485e-03 
 1.71900000e+00  4.73140221e-03 
 1.72000000e+00  4.73085793e-03 
 1.72100000e+00  4.73031200e-03 
 1.72200000e+00  4.72976445e-03 
 1.72300000e+00  4.72921526e-03 
 1.72400000e+00  4.72866445e-03 
 1.72500000e+00  4.72811202e-03 
 1.72600000e+00  4.72755797e-03 
 1.72700000e+00  4.72700230e-03 
 1.72800000e+00  4.72644502e-03 
 1.72900000e+00  4.72588613e-03 
 1.73000000e+00  4.72532564e-03 
 1.73100000e+00  4.72476355e-03 
 1.73200000e+00  4.72419986e-03 
 1.73300000e+00  4.72363458e-03 
 1.73400000e+00  4.72306771e-03 
 1.73500000e+00  4.72249926e-03 
 1.73600000e+00  4.72192922e-03 
 1.73700000e+00  4.72135760e-03 
 1.73800000e+00  4.72078441e-03 
 1.73900000e+00  4.72020965e-03 
 1.74000000e+00  4.71963331e-03 
 1.74100000e+00  4.71905542e-03 
 1.74200000e+00  4.71847596e-03 
 1.74300000e+00  4.71789495e-03 
 1.74400000e+00  4.71731238e-03 
 1.74500000e+00  4.71672826e-03 
 1.74600000e+00  4.71614260e-03 
 1.74700000e+00  4.71555539e-03 
 1.74800000e+00  4.71496664e-03 
 1.74900000e+00  4.71437635e-03 
 1.75000000e+00  4.71378454e-03 
 1.75100000e+00  4.71319119e-03 
 1.75200000e+00  4.71259632e-03 
 1.75300000e+00  4.71199992e-03 
 1.75400000e+00  4.71140201e-03 
 1.75500000e+00  4.71080257e-03 
 1.75600000e+00  4.71020163e-03 
 1.75700000e+00  4.70959918e-03 
 1.75800000e+00  4.70899522e-03 
 1.75900000e+00  4.70838976e-03 
 1.76000000e+00  4.70778280e-03 
 1.76100000e+00  4.70717435e-03 
 1.76200000e+00  4.70656440e-03 
 1.76300000e+00  4.70595296e-03 
 1.76400000e+00  4.70534004e-03 
 1.76500000e+00  4.70472563e-03 
 1.76600000e+00  4.70410975e-03 
 1.76700000e+00  4.70349239e-03 
 1.76800000e+00  4.70287355e-03 
 1.76900000e+00  4.70225325e-03 
 1.77000000e+00  4.70163148e-03 
 1.77100000e+00  4.70100825e-03 
 1.77200000e+00  4.70038356e-03 
 1.77300000e+00  4.69975741e-03 
 1.77400000e+00  4.69912981e-03 
 1.77500000e+00  4.69850076e-03 
 1.77600000e+00  4.69787026e-03 
 1.77700000e+00  4.69723832e-03 
 1.77800000e+00  4.69660493e-03 
 1.77900000e+00  4.69597011e-03 
 1.78000000e+00  4.69533386e-03 
 1.78100000e+00  4.69469617e-03 
 1.78200000e+00  4.69405706e-03 
 1.78300000e+00  4.69341652e-03 
 1.78400000e+00  4.69277455e-03 
 1.78500000e+00  4.69213117e-03 
 1.78600000e+00  4.69148638e-03 
 1.78700000e+00  4.69084017e-03 
 1.78800000e+00  4.69019255e-03 
 1.78900000e+00  4.68954352e-03 
 1.79000000e+00  4.68889309e-03 
 1.79100000e+00  4.68824126e-03 
 1.79200000e+00  4.68758803e-03 
 1.79300000e+00  4.68693341e-03 
 1.79400000e+00  4.68627739e-03 
 1.79500000e+00  4.68561999e-03 
 1.79600000e+00  4.68496120e-03 
 1.79700000e+00  4.68430103e-03 
 1.79800000e+00  4.68363948e-03 
 1.79900000e+00  4.68297655e-03 
 1.80000000e+00  4.68231225e-03 
