 0.00000000e+00  2.80663252e+01 
 1.00000000e-03  2.80661560e+01 
 2.00000000e-03  2.80659843e+01 
 3.00000000e-03  2.80658102e+01 
 4.00000000e-03  2.80656337e+01 
 5.00000000e-03  2.80654547e+01 
 6.00000000e-03  2.80652731e+01 
 7.00000000e-03  2.80650890e+01 
 8.00000000e-03  2.80649024e+01 
 9.00000000e-03  2.80647130e+01 
 1.00000000e-02  2.80645210e+01 
 1.10000000e-02  2.80643263e+01 
 1.20000000e-02  2.80641289e+01 
 1.30000000e-02  2.80639287e+01 
 1.40000000e-02  2.80637256e+01 
 1.50000000e-02  2.80635197e+01 
 1.60000000e-02  2.80633109e+01 
 1.70000000e-02  2.80630992e+01 
 1.80000000e-02  2.80628844e+01 
 1.90000000e-02  2.80626667e+01 
 2.00000000e-02  2.80624459e+01 
 2.10000000e-02  2.80622219e+01 
 2.20000000e-02  2.80619949e+01 
 2.30000000e-02  2.80617646e+01 
 2.40000000e-02  2.80615310e+01 
 2.50000000e-02  2.80612942e+01 
 2.60000000e-02  2.80610541e+01 
 2.70000000e-02  2.80608106e+01 
 2.80000000e-02  2.80605636e+01 
 2.90000000e-02  2.80603132e+01 
 3.00000000e-02  2.80600592e+01 
 3.10000000e-02  2.80598017e+01 
 3.20000000e-02  2.80595405e+01 
 3.30000000e-02  2.80592757e+01 
 3.40000000e-02  2.80590071e+01 
 3.50000000e-02  2.80587348e+01 
 3.60000000e-02  2.80584586e+01 
 3.70000000e-02  2.80581785e+01 
 3.80000000e-02  2.80578945e+01 
 3.90000000e-02  2.80576065e+01 
 4.00000000e-02  2.80573145e+01 
 4.10000000e-02  2.80570183e+01 
 4.20000000e-02  2.80567180e+01 
 4.30000000e-02  2.80564134e+01 
 4.40000000e-02  2.80561046e+01 
 4.50000000e-02  2.80557914e+01 
 4.60000000e-02  2.80554738e+01 
 4.70000000e-02  2.80551518e+01 
 4.80000000e-02  2.80548252e+01 
 4.90000000e-02  2.80544940e+01 
 5.00000000e-02  2.80541582e+01 
 5.10000000e-02  2.80538177e+01 
 5.20000000e-02  2.80534723e+01 
 5.30000000e-02  2.80531221e+01 
 5.40000000e-02  2.80527670e+01 
 5.50000000e-02  2.80524069e+01 
 5.60000000e-02  2.80520418e+01 
 5.70000000e-02  2.80516715e+01 
 5.80000000e-02  2.80512960e+01 
 5.90000000e-02  2.80509152e+01 
 6.00000000e-02  2.80505291e+01 
 6.10000000e-02  2.80501375e+01 
 6.20000000e-02  2.80497405e+01 
 6.30000000e-02  2.80493379e+01 
 6.40000000e-02  2.80489296e+01 
 6.50000000e-02  2.80485156e+01 
 6.60000000e-02  2.80480957e+01 
 6.70000000e-02  2.80476700e+01 
 6.80000000e-02  2.80472383e+01 
 6.90000000e-02  2.80468006e+01 
 7.00000000e-02  2.80463567e+01 
 7.10000000e-02  2.80459065e+01 
 7.20000000e-02  2.80454501e+01 
 7.30000000e-02  2.80449872e+01 
 7.40000000e-02  2.80445179e+01 
 7.50000000e-02  2.80440419e+01 
 7.60000000e-02  2.80435593e+01 
 7.70000000e-02  2.80430699e+01 
 7.80000000e-02  2.80425737e+01 
 7.90000000e-02  2.80420705e+01 
 8.00000000e-02  2.80415602e+01 
 8.10000000e-02  2.80410428e+01 
 8.20000000e-02  2.80405181e+01 
 8.30000000e-02  2.80399861e+01 
 8.40000000e-02  2.80394466e+01 
 8.50000000e-02  2.80388996e+01 
 8.60000000e-02  2.80383449e+01 
 8.70000000e-02  2.80377824e+01 
 8.80000000e-02  2.80372120e+01 
 8.90000000e-02  2.80366337e+01 
 9.00000000e-02  2.80360472e+01 
 9.10000000e-02  2.80354526e+01 
 9.20000000e-02  2.80348496e+01 
 9.30000000e-02  2.80342381e+01 
 9.40000000e-02  2.80336181e+01 
 9.50000000e-02  2.80329894e+01 
 9.60000000e-02  2.80323520e+01 
 9.70000000e-02  2.80317056e+01 
 9.80000000e-02  2.80310501e+01 
 9.90000000e-02  2.80303855e+01 
 1.00000000e-01  2.80297116e+01 
 1.01000000e-01  2.80290283e+01 
 1.02000000e-01  2.80283354e+01 
 1.03000000e-01  2.80276328e+01 
 1.04000000e-01  2.80269204e+01 
 1.05000000e-01  2.80261981e+01 
 1.06000000e-01  2.80254656e+01 
 1.07000000e-01  2.80247230e+01 
 1.08000000e-01  2.80239699e+01 
 1.09000000e-01  2.80232063e+01 
 1.10000000e-01  2.80224321e+01 
 1.11000000e-01  2.80216470e+01 
 1.12000000e-01  2.80208510e+01 
 1.13000000e-01  2.80200439e+01 
 1.14000000e-01  2.80192255e+01 
 1.15000000e-01  2.80183956e+01 
 1.16000000e-01  2.80175542e+01 
 1.17000000e-01  2.80167011e+01 
 1.18000000e-01  2.80158361e+01 
 1.19000000e-01  2.80149590e+01 
 1.20000000e-01  2.80140697e+01 
 1.21000000e-01  2.80131679e+01 
 1.22000000e-01  2.80122536e+01 
 1.23000000e-01  2.80113266e+01 
 1.24000000e-01  2.80103867e+01 
 1.25000000e-01  2.80094336e+01 
 1.26000000e-01  2.80084673e+01 
 1.27000000e-01  2.80074876e+01 
 1.28000000e-01  2.80064942e+01 
 1.29000000e-01  2.80054869e+01 
 1.30000000e-01  2.80044657e+01 
 1.31000000e-01  2.80034302e+01 
 1.32000000e-01  2.80023804e+01 
 1.33000000e-01  2.80013159e+01 
 1.34000000e-01  2.80002367e+01 
 1.35000000e-01  2.79991424e+01 
 1.36000000e-01  2.79980330e+01 
 1.37000000e-01  2.79969081e+01 
 1.38000000e-01  2.79957676e+01 
 1.39000000e-01  2.79946113e+01 
 1.40000000e-01  2.79934389e+01 
 1.41000000e-01  2.79922502e+01 
 1.42000000e-01  2.79910451e+01 
 1.43000000e-01  2.79898232e+01 
 1.44000000e-01  2.79885844e+01 
 1.45000000e-01  2.79873284e+01 
 1.46000000e-01  2.79860550e+01 
 1.47000000e-01  2.79847640e+01 
 1.48000000e-01  2.79834550e+01 
 1.49000000e-01  2.79821280e+01 
 1.50000000e-01  2.79807825e+01 
 1.51000000e-01  2.79794185e+01 
 1.52000000e-01  2.79780355e+01 
 1.53000000e-01  2.79766335e+01 
 1.54000000e-01  2.79752120e+01 
 1.55000000e-01  2.79737709e+01 
 1.56000000e-01  2.79723099e+01 
 1.57000000e-01  2.79708287e+01 
 1.58000000e-01  2.79693270e+01 
 1.59000000e-01  2.79678046e+01 
 1.60000000e-01  2.79662612e+01 
 1.61000000e-01  2.79646964e+01 
 1.62000000e-01  2.79631101e+01 
 1.63000000e-01  2.79615020e+01 
 1.64000000e-01  2.79598716e+01 
 1.65000000e-01  2.79582188e+01 
 1.66000000e-01  2.79565432e+01 
 1.67000000e-01  2.79548445e+01 
 1.68000000e-01  2.79531225e+01 
 1.69000000e-01  2.79513767e+01 
 1.70000000e-01  2.79496070e+01 
 1.71000000e-01  2.79478129e+01 
 1.72000000e-01  2.79459941e+01 
 1.73000000e-01  2.79441504e+01 
 1.74000000e-01  2.79422813e+01 
 1.75000000e-01  2.79403866e+01 
 1.76000000e-01  2.79384659e+01 
 1.77000000e-01  2.79365188e+01 
 1.78000000e-01  2.79345450e+01 
 1.79000000e-01  2.79325442e+01 
 1.80000000e-01  2.79305159e+01 
 1.81000000e-01  2.79284599e+01 
 1.82000000e-01  2.79263758e+01 
 1.83000000e-01  2.79242631e+01 
 1.84000000e-01  2.79221215e+01 
 1.85000000e-01  2.79199507e+01 
 1.86000000e-01  2.79177502e+01 
 1.87000000e-01  2.79155196e+01 
 1.88000000e-01  2.79132586e+01 
 1.89000000e-01  2.79109668e+01 
 1.90000000e-01  2.79086437e+01 
 1.91000000e-01  2.79062889e+01 
 1.92000000e-01  2.79039020e+01 
 1.93000000e-01  2.79014827e+01 
 1.94000000e-01  2.78990304e+01 
 1.95000000e-01  2.78965448e+01 
 1.96000000e-01  2.78940254e+01 
 1.97000000e-01  2.78914717e+01 
 1.98000000e-01  2.78888834e+01 
 1.99000000e-01  2.78862599e+01 
 2.00000000e-01  2.78836009e+01 
 2.01000000e-01  2.78809058e+01 
 2.02000000e-01  2.78781742e+01 
 2.03000000e-01  2.78754056e+01 
 2.04000000e-01  2.78725996e+01 
 2.05000000e-01  2.78697556e+01 
 2.06000000e-01  2.78668731e+01 
 2.07000000e-01  2.78639517e+01 
 2.08000000e-01  2.78609909e+01 
 2.09000000e-01  2.78579902e+01 
 2.10000000e-01  2.78549490e+01 
 2.11000000e-01  2.78518668e+01 
 2.12000000e-01  2.78487431e+01 
 2.13000000e-01  2.78455775e+01 
 2.14000000e-01  2.78423692e+01 
 2.15000000e-01  2.78391178e+01 
 2.16000000e-01  2.78358228e+01 
 2.17000000e-01  2.78324836e+01 
 2.18000000e-01  2.78290997e+01 
 2.19000000e-01  2.78256704e+01 
 2.20000000e-01  2.78221952e+01 
 2.21000000e-01  2.78186735e+01 
 2.22000000e-01  2.78151047e+01 
 2.23000000e-01  2.78114883e+01 
 2.24000000e-01  2.78078237e+01 
 2.25000000e-01  2.78041102e+01 
 2.26000000e-01  2.78003472e+01 
 2.27000000e-01  2.77965341e+01 
 2.28000000e-01  2.77926703e+01 
 2.29000000e-01  2.77887552e+01 
 2.30000000e-01  2.77847881e+01 
 2.31000000e-01  2.77807684e+01 
 2.32000000e-01  2.77766954e+01 
 2.33000000e-01  2.77725685e+01 
 2.34000000e-01  2.77683870e+01 
 2.35000000e-01  2.77641502e+01 
 2.36000000e-01  2.77598575e+01 
 2.37000000e-01  2.77555082e+01 
 2.38000000e-01  2.77511015e+01 
 2.39000000e-01  2.77466369e+01 
 2.40000000e-01  2.77421135e+01 
 2.41000000e-01  2.77375308e+01 
 2.42000000e-01  2.77328878e+01 
 2.43000000e-01  2.77281841e+01 
 2.44000000e-01  2.77234187e+01 
 2.45000000e-01  2.77185910e+01 
 2.46000000e-01  2.77137001e+01 
 2.47000000e-01  2.77087455e+01 
 2.48000000e-01  2.77037263e+01 
 2.49000000e-01  2.76986417e+01 
 2.50000000e-01  2.76934909e+01 
 2.51000000e-01  2.76882733e+01 
 2.52000000e-01  2.76829879e+01 
 2.53000000e-01  2.76776341e+01 
 2.54000000e-01  2.76722109e+01 
 2.55000000e-01  2.76667177e+01 
 2.56000000e-01  2.76611535e+01 
 2.57000000e-01  2.76555175e+01 
 2.58000000e-01  2.76498090e+01 
 2.59000000e-01  2.76440271e+01 
 2.60000000e-01  2.76381709e+01 
 2.61000000e-01  2.76322396e+01 
 2.62000000e-01  2.76262323e+01 
 2.63000000e-01  2.76201482e+01 
 2.64000000e-01  2.76139864e+01 
 2.65000000e-01  2.76077460e+01 
 2.66000000e-01  2.76014262e+01 
 2.67000000e-01  2.75950260e+01 
 2.68000000e-01  2.75885445e+01 
 2.69000000e-01  2.75819809e+01 
 2.70000000e-01  2.75753343e+01 
 2.71000000e-01  2.75686036e+01 
 2.72000000e-01  2.75617880e+01 
 2.73000000e-01  2.75548866e+01 
 2.74000000e-01  2.75478984e+01 
 2.75000000e-01  2.75408225e+01 
 2.76000000e-01  2.75336579e+01 
 2.77000000e-01  2.75264037e+01 
 2.78000000e-01  2.75190590e+01 
 2.79000000e-01  2.75116226e+01 
 2.80000000e-01  2.75040938e+01 
 2.81000000e-01  2.74964714e+01 
 2.82000000e-01  2.74887546e+01 
 2.83000000e-01  2.74809422e+01 
 2.84000000e-01  2.74730334e+01 
 2.85000000e-01  2.74650272e+01 
 2.86000000e-01  2.74569224e+01 
 2.87000000e-01  2.74487182e+01 
 2.88000000e-01  2.74404135e+01 
 2.89000000e-01  2.74320073e+01 
 2.90000000e-01  2.74234985e+01 
 2.91000000e-01  2.74148861e+01 
 2.92000000e-01  2.74061692e+01 
 2.93000000e-01  2.73973466e+01 
 2.94000000e-01  2.73884173e+01 
 2.95000000e-01  2.73793803e+01 
 2.96000000e-01  2.73702345e+01 
 2.97000000e-01  2.73609789e+01 
 2.98000000e-01  2.73516124e+01 
 2.99000000e-01  2.73421340e+01 
 3.00000000e-01  2.73325426e+01 
 3.01000000e-01  2.73228371e+01 
 3.02000000e-01  2.73130165e+01 
 3.03000000e-01  2.73030797e+01 
 3.04000000e-01  2.72930257e+01 
 3.05000000e-01  2.72828534e+01 
 3.06000000e-01  2.72725616e+01 
 3.07000000e-01  2.72621494e+01 
 3.08000000e-01  2.72516156e+01 
 3.09000000e-01  2.72409593e+01 
 3.10000000e-01  2.72301792e+01 
 3.11000000e-01  2.72192745e+01 
 3.12000000e-01  2.72082438e+01 
 3.13000000e-01  2.71970863e+01 
 3.14000000e-01  2.71858008e+01 
 3.15000000e-01  2.71743863e+01 
 3.16000000e-01  2.71628417e+01 
 3.17000000e-01  2.71511659e+01 
 3.18000000e-01  2.71393580e+01 
 3.19000000e-01  2.71274167e+01 
 3.20000000e-01  2.71153411e+01 
 3.21000000e-01  2.71031301e+01 
 3.22000000e-01  2.70907826e+01 
 3.23000000e-01  2.70782977e+01 
 3.24000000e-01  2.70656743e+01 
 3.25000000e-01  2.70529114e+01 
 3.26000000e-01  2.70400078e+01 
 3.27000000e-01  2.70269627e+01 
 3.28000000e-01  2.70137750e+01 
 3.29000000e-01  2.70004437e+01 
 3.30000000e-01  2.69869677e+01 
 3.31000000e-01  2.69733462e+01 
 3.32000000e-01  2.69595781e+01 
 3.33000000e-01  2.69456625e+01 
 3.34000000e-01  2.69315984e+01 
 3.35000000e-01  2.69173848e+01 
 3.36000000e-01  2.69030208e+01 
 3.37000000e-01  2.68885055e+01 
 3.38000000e-01  2.68738379e+01 
 3.39000000e-01  2.68590172e+01 
 3.40000000e-01  2.68440425e+01 
 3.41000000e-01  2.68289128e+01 
 3.42000000e-01  2.68136273e+01 
 3.43000000e-01  2.67981852e+01 
 3.44000000e-01  2.67825857e+01 
 3.45000000e-01  2.67668278e+01 
 3.46000000e-01  2.67509109e+01 
 3.47000000e-01  2.67348341e+01 
 3.48000000e-01  2.67185967e+01 
 3.49000000e-01  2.67021978e+01 
 3.50000000e-01  2.66856369e+01 
 3.51000000e-01  2.66689131e+01 
 3.52000000e-01  2.66520257e+01 
 3.53000000e-01  2.66349742e+01 
 3.54000000e-01  2.66177579e+01 
 3.55000000e-01  2.66003761e+01 
 3.56000000e-01  2.65828282e+01 
 3.57000000e-01  2.65651136e+01 
 3.58000000e-01  2.65472318e+01 
 3.59000000e-01  2.65291823e+01 
 3.60000000e-01  2.65109646e+01 
 3.61000000e-01  2.64925781e+01 
 3.62000000e-01  2.64740224e+01 
 3.63000000e-01  2.64552971e+01 
 3.64000000e-01  2.64364019e+01 
 3.65000000e-01  2.64173362e+01 
 3.66000000e-01  2.63980998e+01 
 3.67000000e-01  2.63786923e+01 
 3.68000000e-01  2.63591135e+01 
 3.69000000e-01  2.63393632e+01 
 3.70000000e-01  2.63194411e+01 
 3.71000000e-01  2.62993469e+01 
 3.72000000e-01  2.62790807e+01 
 3.73000000e-01  2.62586421e+01 
 3.74000000e-01  2.62380313e+01 
 3.75000000e-01  2.62172480e+01 
 3.76000000e-01  2.61962923e+01 
 3.77000000e-01  2.61751641e+01 
 3.78000000e-01  2.61538636e+01 
 3.79000000e-01  2.61323908e+01 
 3.80000000e-01  2.61107459e+01 
 3.81000000e-01  2.60889290e+01 
 3.82000000e-01  2.60669402e+01 
 3.83000000e-01  2.60447799e+01 
 3.84000000e-01  2.60224483e+01 
 3.85000000e-01  2.59999457e+01 
 3.86000000e-01  2.59772725e+01 
 3.87000000e-01  2.59544290e+01 
 3.88000000e-01  2.59314157e+01 
 3.89000000e-01  2.59082330e+01 
 3.90000000e-01  2.58848815e+01 
 3.91000000e-01  2.58613617e+01 
 3.92000000e-01  2.58376741e+01 
 3.93000000e-01  2.58138194e+01 
 3.94000000e-01  2.57897982e+01 
 3.95000000e-01  2.57656113e+01 
 3.96000000e-01  2.57412594e+01 
 3.97000000e-01  2.57167432e+01 
 3.98000000e-01  2.56920636e+01 
 3.99000000e-01  2.56672215e+01 
 4.00000000e-01  2.56422177e+01 
 4.01000000e-01  2.56170531e+01 
 4.02000000e-01  2.55917288e+01 
 4.03000000e-01  2.55662457e+01 
 4.04000000e-01  2.55406049e+01 
 4.05000000e-01  2.55148074e+01 
 4.06000000e-01  2.54888543e+01 
 4.07000000e-01  2.54627469e+01 
 4.08000000e-01  2.54364863e+01 
 4.09000000e-01  2.54100736e+01 
 4.10000000e-01  2.53835102e+01 
 4.11000000e-01  2.53567973e+01 
 4.12000000e-01  2.53299361e+01 
 4.13000000e-01  2.53029282e+01 
 4.14000000e-01  2.52757747e+01 
 4.15000000e-01  2.52484770e+01 
 4.16000000e-01  2.52210367e+01 
 4.17000000e-01  2.51934551e+01 
 4.18000000e-01  2.51657336e+01 
 4.19000000e-01  2.51378738e+01 
 4.20000000e-01  2.51098771e+01 
 4.21000000e-01  2.50817450e+01 
 4.22000000e-01  2.50534790e+01 
 4.23000000e-01  2.50250807e+01 
 4.24000000e-01  2.49965517e+01 
 4.25000000e-01  2.49678933e+01 
 4.26000000e-01  2.49391073e+01 
 4.27000000e-01  2.49101952e+01 
 4.28000000e-01  2.48811585e+01 
 4.29000000e-01  2.48519988e+01 
 4.30000000e-01  2.48227177e+01 
 4.31000000e-01  2.47933166e+01 
 4.32000000e-01  2.47637972e+01 
 4.33000000e-01  2.47341609e+01 
 4.34000000e-01  2.47044093e+01 
 4.35000000e-01  2.46745439e+01 
 4.36000000e-01  2.46445662e+01 
 4.37000000e-01  2.46144776e+01 
 4.38000000e-01  2.45842795e+01 
 4.39000000e-01  2.45539733e+01 
 4.40000000e-01  2.45235605e+01 
 4.41000000e-01  2.44930423e+01 
 4.42000000e-01  2.44624201e+01 
 4.43000000e-01  2.44316951e+01 
 4.44000000e-01  2.44008684e+01 
 4.45000000e-01  2.43699413e+01 
 4.46000000e-01  2.43389149e+01 
 4.47000000e-01  2.43077903e+01 
 4.48000000e-01  2.42765683e+01 
 4.49000000e-01  2.42452500e+01 
 4.50000000e-01  2.42138362e+01 
 4.51000000e-01  2.41823278e+01 
 4.52000000e-01  2.41507254e+01 
 4.53000000e-01  2.41190297e+01 
 4.54000000e-01  2.40872412e+01 
 4.55000000e-01  2.40553606e+01 
 4.56000000e-01  2.40233881e+01 
 4.57000000e-01  2.39913240e+01 
 4.58000000e-01  2.39591687e+01 
 4.59000000e-01  2.39269223e+01 
 4.60000000e-01  2.38945846e+01 
 4.61000000e-01  2.38621558e+01 
 4.62000000e-01  2.38296356e+01 
 4.63000000e-01  2.37970238e+01 
 4.64000000e-01  2.37643198e+01 
 4.65000000e-01  2.37315233e+01 
 4.66000000e-01  2.36986337e+01 
 4.67000000e-01  2.36656501e+01 
 4.68000000e-01  2.36325717e+01 
 4.69000000e-01  2.35993975e+01 
 4.70000000e-01  2.35661265e+01 
 4.71000000e-01  2.35327573e+01 
 4.72000000e-01  2.34992887e+01 
 4.73000000e-01  2.34657191e+01 
 4.74000000e-01  2.34320469e+01 
 4.75000000e-01  2.33982704e+01 
 4.76000000e-01  2.33643876e+01 
 4.77000000e-01  2.33303967e+01 
 4.78000000e-01  2.32962952e+01 
 4.79000000e-01  2.32620811e+01 
 4.80000000e-01  2.32277519e+01 
 4.81000000e-01  2.31933050e+01 
 4.82000000e-01  2.31587377e+01 
 4.83000000e-01  2.31240472e+01 
 4.84000000e-01  2.30892304e+01 
 4.85000000e-01  2.30542844e+01 
 4.86000000e-01  2.30192059e+01 
 4.87000000e-01  2.29839915e+01 
 4.88000000e-01  2.29486377e+01 
 4.89000000e-01  2.29131410e+01 
 4.90000000e-01  2.28774975e+01 
 4.91000000e-01  2.28417034e+01 
 4.92000000e-01  2.28057547e+01 
 4.93000000e-01  2.27696474e+01 
 4.94000000e-01  2.27333772e+01 
 4.95000000e-01  2.26969397e+01 
 4.96000000e-01  2.26603307e+01 
 4.97000000e-01  2.26235455e+01 
 4.98000000e-01  2.25865795e+01 
 4.99000000e-01  2.25494281e+01 
 5.00000000e-01  2.25120863e+01 
 5.01000000e-01  2.24745494e+01 
 5.02000000e-01  2.24368123e+01 
 5.03000000e-01  2.23988700e+01 
 5.04000000e-01  2.23607175e+01 
 5.05000000e-01  2.23223495e+01 
 5.06000000e-01  2.22837609e+01 
 5.07000000e-01  2.22449463e+01 
 5.08000000e-01  2.22059005e+01 
 5.09000000e-01  2.21666182e+01 
 5.10000000e-01  2.21270939e+01 
 5.11000000e-01  2.20873223e+01 
 5.12000000e-01  2.20472980e+01 
 5.13000000e-01  2.20070156e+01 
 5.14000000e-01  2.19664696e+01 
 5.15000000e-01  2.19256548e+01 
 5.16000000e-01  2.18845656e+01 
 5.17000000e-01  2.18431967e+01 
 5.18000000e-01  2.18015429e+01 
 5.19000000e-01  2.17595988e+01 
 5.20000000e-01  2.17173592e+01 
 5.21000000e-01  2.16748189e+01 
 5.22000000e-01  2.16319727e+01 
 5.23000000e-01  2.15888157e+01 
 5.24000000e-01  2.15453429e+01 
 5.25000000e-01  2.15015493e+01 
 5.26000000e-01  2.14574303e+01 
 5.27000000e-01  2.14129810e+01 
 5.28000000e-01  2.13681969e+01 
 5.29000000e-01  2.13230736e+01 
 5.30000000e-01  2.12776067e+01 
 5.31000000e-01  2.12317920e+01 
 5.32000000e-01  2.11856254e+01 
 5.33000000e-01  2.11391030e+01 
 5.34000000e-01  2.10922210e+01 
 5.35000000e-01  2.10449758e+01 
 5.36000000e-01  2.09973640e+01 
 5.37000000e-01  2.09493822e+01 
 5.38000000e-01  2.09010274e+01 
 5.39000000e-01  2.08522966e+01 
 5.40000000e-01  2.08031871e+01 
 5.41000000e-01  2.07536963e+01 
 5.42000000e-01  2.07038219e+01 
 5.43000000e-01  2.06535617e+01 
 5.44000000e-01  2.06029139e+01 
 5.45000000e-01  2.05518766e+01 
 5.46000000e-01  2.05004483e+01 
 5.47000000e-01  2.04486278e+01 
 5.48000000e-01  2.03964140e+01 
 5.49000000e-01  2.03438060e+01 
 5.50000000e-01  2.02908032e+01 
 5.51000000e-01  2.02374052e+01 
 5.52000000e-01  2.01836118e+01 
 5.53000000e-01  2.01294230e+01 
 5.54000000e-01  2.00748392e+01 
 5.55000000e-01  2.00198610e+01 
 5.56000000e-01  1.99644889e+01 
 5.57000000e-01  1.99087242e+01 
 5.58000000e-01  1.98525679e+01 
 5.59000000e-01  1.97960216e+01 
 5.60000000e-01  1.97390869e+01 
 5.61000000e-01  1.96817659e+01 
 5.62000000e-01  1.96240605e+01 
 5.63000000e-01  1.95659734e+01 
 5.64000000e-01  1.95075070e+01 
 5.65000000e-01  1.94486643e+01 
 5.66000000e-01  1.93894483e+01 
 5.67000000e-01  1.93298623e+01 
 5.68000000e-01  1.92699098e+01 
 5.69000000e-01  1.92095946e+01 
 5.70000000e-01  1.91489207e+01 
 5.71000000e-01  1.90878920e+01 
 5.72000000e-01  1.90265132e+01 
 5.73000000e-01  1.89647886e+01 
 5.74000000e-01  1.89027230e+01 
 5.75000000e-01  1.88403215e+01 
 5.76000000e-01  1.87775891e+01 
 5.77000000e-01  1.87145311e+01 
 5.78000000e-01  1.86511531e+01 
 5.79000000e-01  1.85874607e+01 
 5.80000000e-01  1.85234598e+01 
 5.81000000e-01  1.84591564e+01 
 5.82000000e-01  1.83945566e+01 
 5.83000000e-01  1.83296667e+01 
 5.84000000e-01  1.82644932e+01 
 5.85000000e-01  1.81990427e+01 
 5.86000000e-01  1.81333220e+01 
 5.87000000e-01  1.80673377e+01 
 5.88000000e-01  1.80010970e+01 
 5.89000000e-01  1.79346070e+01 
 5.90000000e-01  1.78678747e+01 
 5.91000000e-01  1.78009076e+01 
 5.92000000e-01  1.77337131e+01 
 5.93000000e-01  1.76662985e+01 
 5.94000000e-01  1.75986716e+01 
 5.95000000e-01  1.75308399e+01 
 5.96000000e-01  1.74628112e+01 
 5.97000000e-01  1.73945932e+01 
 5.98000000e-01  1.73261939e+01 
 5.99000000e-01  1.72576211e+01 
 6.00000000e-01  1.71888828e+01 
 6.01000000e-01  1.71199869e+01 
 6.02000000e-01  1.70509416e+01 
 6.03000000e-01  1.69817548e+01 
 6.04000000e-01  1.69124346e+01 
 6.05000000e-01  1.68429892e+01 
 6.06000000e-01  1.67734267e+01 
 6.07000000e-01  1.67037552e+01 
 6.08000000e-01  1.66339828e+01 
 6.09000000e-01  1.65641176e+01 
 6.10000000e-01  1.64941678e+01 
 6.11000000e-01  1.64241415e+01 
 6.12000000e-01  1.63540466e+01 
 6.13000000e-01  1.62838914e+01 
 6.14000000e-01  1.62136838e+01 
 6.15000000e-01  1.61434319e+01 
 6.16000000e-01  1.60731435e+01 
 6.17000000e-01  1.60028267e+01 
 6.18000000e-01  1.59324892e+01 
 6.19000000e-01  1.58621389e+01 
 6.20000000e-01  1.57917836e+01 
 6.21000000e-01  1.57214311e+01 
 6.22000000e-01  1.56510888e+01 
 6.23000000e-01  1.55807645e+01 
 6.24000000e-01  1.55104656e+01 
 6.25000000e-01  1.54401996e+01 
 6.26000000e-01  1.53699739e+01 
 6.27000000e-01  1.52997958e+01 
 6.28000000e-01  1.52296724e+01 
 6.29000000e-01  1.51596109e+01 
 6.30000000e-01  1.50896184e+01 
 6.31000000e-01  1.50197018e+01 
 6.32000000e-01  1.49498679e+01 
 6.33000000e-01  1.48801236e+01 
 6.34000000e-01  1.48104755e+01 
 6.35000000e-01  1.47409302e+01 
 6.36000000e-01  1.46714941e+01 
 6.37000000e-01  1.46021737e+01 
 6.38000000e-01  1.45329753e+01 
 6.39000000e-01  1.44639049e+01 
 6.40000000e-01  1.43949687e+01 
 6.41000000e-01  1.43261727e+01 
 6.42000000e-01  1.42575226e+01 
 6.43000000e-01  1.41890243e+01 
 6.44000000e-01  1.41206833e+01 
 6.45000000e-01  1.40525052e+01 
 6.46000000e-01  1.39844955e+01 
 6.47000000e-01  1.39166593e+01 
 6.48000000e-01  1.38490020e+01 
 6.49000000e-01  1.37815286e+01 
 6.50000000e-01  1.37142440e+01 
 6.51000000e-01  1.36471531e+01 
 6.52000000e-01  1.35802607e+01 
 6.53000000e-01  1.35135714e+01 
 6.54000000e-01  1.34470896e+01 
 6.55000000e-01  1.33808199e+01 
 6.56000000e-01  1.33147664e+01 
 6.57000000e-01  1.32489334e+01 
 6.58000000e-01  1.31833250e+01 
 6.59000000e-01  1.31179450e+01 
 6.60000000e-01  1.30527974e+01 
 6.61000000e-01  1.29878858e+01 
 6.62000000e-01  1.29232139e+01 
 6.63000000e-01  1.28587852e+01 
 6.64000000e-01  1.27946031e+01 
 6.65000000e-01  1.27306709e+01 
 6.66000000e-01  1.26669918e+01 
 6.67000000e-01  1.26035689e+01 
 6.68000000e-01  1.25404051e+01 
 6.69000000e-01  1.24775034e+01 
 6.70000000e-01  1.24148664e+01 
 6.71000000e-01  1.23524969e+01 
 6.72000000e-01  1.22903975e+01 
 6.73000000e-01  1.22285705e+01 
 6.74000000e-01  1.21670184e+01 
 6.75000000e-01  1.21057435e+01 
 6.76000000e-01  1.20447478e+01 
 6.77000000e-01  1.19840336e+01 
 6.78000000e-01  1.19236027e+01 
 6.79000000e-01  1.18634571e+01 
 6.80000000e-01  1.18035986e+01 
 6.81000000e-01  1.17440288e+01 
 6.82000000e-01  1.16847495e+01 
 6.83000000e-01  1.16257620e+01 
 6.84000000e-01  1.15670680e+01 
 6.85000000e-01  1.15086687e+01 
 6.86000000e-01  1.14505654e+01 
 6.87000000e-01  1.13927593e+01 
 6.88000000e-01  1.13352516e+01 
 6.89000000e-01  1.12780433e+01 
 6.90000000e-01  1.12211353e+01 
 6.91000000e-01  1.11645285e+01 
 6.92000000e-01  1.11082237e+01 
 6.93000000e-01  1.10522217e+01 
 6.94000000e-01  1.09965231e+01 
 6.95000000e-01  1.09411285e+01 
 6.96000000e-01  1.08860385e+01 
 6.97000000e-01  1.08312535e+01 
 6.98000000e-01  1.07767738e+01 
 6.99000000e-01  1.07225998e+01 
 7.00000000e-01  1.06687318e+01 
 7.01000000e-01  1.06151700e+01 
 7.02000000e-01  1.05619144e+01 
 7.03000000e-01  1.05089652e+01 
 7.04000000e-01  1.04563224e+01 
 7.05000000e-01  1.04039859e+01 
 7.06000000e-01  1.03519557e+01 
 7.07000000e-01  1.03002315e+01 
 7.08000000e-01  1.02488133e+01 
 7.09000000e-01  1.01977007e+01 
 7.10000000e-01  1.01468935e+01 
 7.11000000e-01  1.00963912e+01 
 7.12000000e-01  1.00461935e+01 
 7.13000000e-01  9.99629998e+00 
 7.14000000e-01  9.94671008e+00 
 7.15000000e-01  9.89742328e+00 
 7.16000000e-01  9.84843900e+00 
 7.17000000e-01  9.79975663e+00 
 7.18000000e-01  9.75137549e+00 
 7.19000000e-01  9.70329490e+00 
 7.20000000e-01  9.65551411e+00 
 7.21000000e-01  9.60803234e+00 
 7.22000000e-01  9.56084878e+00 
 7.23000000e-01  9.51396258e+00 
 7.24000000e-01  9.46737287e+00 
 7.25000000e-01  9.42107872e+00 
 7.26000000e-01  9.37507919e+00 
 7.27000000e-01  9.32937331e+00 
 7.28000000e-01  9.28396007e+00 
 7.29000000e-01  9.23883844e+00 
 7.30000000e-01  9.19400736e+00 
 7.31000000e-01  9.14946573e+00 
 7.32000000e-01  9.10521244e+00 
 7.33000000e-01  9.06124635e+00 
 7.34000000e-01  9.01756631e+00 
 7.35000000e-01  8.97417113e+00 
 7.36000000e-01  8.93105959e+00 
 7.37000000e-01  8.88823047e+00 
 7.38000000e-01  8.84568253e+00 
 7.39000000e-01  8.80341448e+00 
 7.40000000e-01  8.76142506e+00 
 7.41000000e-01  8.71971294e+00 
 7.42000000e-01  8.67827682e+00 
 7.43000000e-01  8.63711534e+00 
 7.44000000e-01  8.59622717e+00 
 7.45000000e-01  8.55561092e+00 
 7.46000000e-01  8.51526522e+00 
 7.47000000e-01  8.47518867e+00 
 7.48000000e-01  8.43537987e+00 
 7.49000000e-01  8.39583738e+00 
 7.50000000e-01  8.35655979e+00 
 7.51000000e-01  8.31754564e+00 
 7.52000000e-01  8.27879349e+00 
 7.53000000e-01  8.24030186e+00 
 7.54000000e-01  8.20206930e+00 
 7.55000000e-01  8.16409432e+00 
 7.56000000e-01  8.12637544e+00 
 7.57000000e-01  8.08891115e+00 
 7.58000000e-01  8.05169996e+00 
 7.59000000e-01  8.01474037e+00 
 7.60000000e-01  7.97803086e+00 
 7.61000000e-01  7.94156990e+00 
 7.62000000e-01  7.90535599e+00 
 7.63000000e-01  7.86938759e+00 
 7.64000000e-01  7.83366318e+00 
 7.65000000e-01  7.79818122e+00 
 7.66000000e-01  7.76294017e+00 
 7.67000000e-01  7.72793850e+00 
 7.68000000e-01  7.69317467e+00 
 7.69000000e-01  7.65864714e+00 
 7.70000000e-01  7.62435436e+00 
 7.71000000e-01  7.59029479e+00 
 7.72000000e-01  7.55646689e+00 
 7.73000000e-01  7.52286911e+00 
 7.74000000e-01  7.48949991e+00 
 7.75000000e-01  7.45635776e+00 
 7.76000000e-01  7.42344110e+00 
 7.77000000e-01  7.39074840e+00 
 7.78000000e-01  7.35827812e+00 
 7.79000000e-01  7.32602872e+00 
 7.80000000e-01  7.29399868e+00 
 7.81000000e-01  7.26218645e+00 
 7.82000000e-01  7.23059052e+00 
 7.83000000e-01  7.19920935e+00 
 7.84000000e-01  7.16804142e+00 
 7.85000000e-01  7.13708522e+00 
 7.86000000e-01  7.10633923e+00 
 7.87000000e-01  7.07580195e+00 
 7.88000000e-01  7.04547186e+00 
 7.89000000e-01  7.01534746e+00 
 7.90000000e-01  6.98542725e+00 
 7.91000000e-01  6.95570976e+00 
 7.92000000e-01  6.92619348e+00 
 7.93000000e-01  6.89687693e+00 
 7.94000000e-01  6.86775865e+00 
 7.95000000e-01  6.83883716e+00 
 7.96000000e-01  6.81011100e+00 
 7.97000000e-01  6.78157870e+00 
 7.98000000e-01  6.75323882e+00 
 7.99000000e-01  6.72508990e+00 
 8.00000000e-01  6.69713052e+00 
 8.01000000e-01  6.66935923e+00 
 8.02000000e-01  6.64177461e+00 
 8.03000000e-01  6.61437525e+00 
 8.04000000e-01  6.58715972e+00 
 8.05000000e-01  6.56012662e+00 
 8.06000000e-01  6.53327455e+00 
 8.07000000e-01  6.50660213e+00 
 8.08000000e-01  6.48010797e+00 
 8.09000000e-01  6.45379068e+00 
 8.10000000e-01  6.42764891e+00 
 8.11000000e-01  6.40168129e+00 
 8.12000000e-01  6.37588646e+00 
 8.13000000e-01  6.35026309e+00 
 8.14000000e-01  6.32480982e+00 
 8.15000000e-01  6.29952534e+00 
 8.16000000e-01  6.27440832e+00 
 8.17000000e-01  6.24945744e+00 
 8.18000000e-01  6.22467139e+00 
 8.19000000e-01  6.20004885e+00 
 8.20000000e-01  6.17558835e+00 
 8.21000000e-01  6.15128882e+00 
 8.22000000e-01  6.12714898e+00 
 8.23000000e-01  6.10316758e+00 
 8.24000000e-01  6.07934334e+00 
 8.25000000e-01  6.05567503e+00 
 8.26000000e-01  6.03216140e+00 
 8.27000000e-01  6.00880121e+00 
 8.28000000e-01  5.98559325e+00 
 8.29000000e-01  5.96253630e+00 
 8.30000000e-01  5.93962915e+00 
 8.31000000e-01  5.91687061e+00 
 8.32000000e-01  5.89425947e+00 
 8.33000000e-01  5.87179456e+00 
 8.34000000e-01  5.84947471e+00 
 8.35000000e-01  5.82729875e+00 
 8.36000000e-01  5.80526552e+00 
 8.37000000e-01  5.78337388e+00 
 8.38000000e-01  5.76162268e+00 
 8.39000000e-01  5.74001079e+00 
 8.40000000e-01  5.71853709e+00 
 8.41000000e-01  5.69720047e+00 
 8.42000000e-01  5.67599981e+00 
 8.43000000e-01  5.65493402e+00 
 8.44000000e-01  5.63400201e+00 
 8.45000000e-01  5.61320270e+00 
 8.46000000e-01  5.59253502e+00 
 8.47000000e-01  5.57199789e+00 
 8.48000000e-01  5.55159027e+00 
 8.49000000e-01  5.53131111e+00 
 8.50000000e-01  5.51115936e+00 
 8.51000000e-01  5.49113399e+00 
 8.52000000e-01  5.47123398e+00 
 8.53000000e-01  5.45145831e+00 
 8.54000000e-01  5.43180598e+00 
 8.55000000e-01  5.41227599e+00 
 8.56000000e-01  5.39286734e+00 
 8.57000000e-01  5.37357905e+00 
 8.58000000e-01  5.35441015e+00 
 8.59000000e-01  5.33535967e+00 
 8.60000000e-01  5.31642665e+00 
 8.61000000e-01  5.29761013e+00 
 8.62000000e-01  5.27890918e+00 
 8.63000000e-01  5.26032286e+00 
 8.64000000e-01  5.24185023e+00 
 8.65000000e-01  5.22349039e+00 
 8.66000000e-01  5.20524241e+00 
 8.67000000e-01  5.18710539e+00 
 8.68000000e-01  5.16907844e+00 
 8.69000000e-01  5.15116066e+00 
 8.70000000e-01  5.13335117e+00 
 8.71000000e-01  5.11564909e+00 
 8.72000000e-01  5.09805356e+00 
 8.73000000e-01  5.08056372e+00 
 8.74000000e-01  5.06317872e+00 
 8.75000000e-01  5.04589771e+00 
 8.76000000e-01  5.02871984e+00 
 8.77000000e-01  5.01164430e+00 
 8.78000000e-01  4.99467025e+00 
 8.79000000e-01  4.97779688e+00 
 8.80000000e-01  4.96102338e+00 
 8.81000000e-01  4.94434895e+00 
 8.82000000e-01  4.92777279e+00 
 8.83000000e-01  4.91129410e+00 
 8.84000000e-01  4.89491212e+00 
 8.85000000e-01  4.87862607e+00 
 8.86000000e-01  4.86243517e+00 
 8.87000000e-01  4.84633866e+00 
 8.88000000e-01  4.83033579e+00 
 8.89000000e-01  4.81442582e+00 
 8.90000000e-01  4.79860799e+00 
 8.91000000e-01  4.78288158e+00 
 8.92000000e-01  4.76724586e+00 
 8.93000000e-01  4.75170010e+00 
 8.94000000e-01  4.73624358e+00 
 8.95000000e-01  4.72087561e+00 
 8.96000000e-01  4.70559546e+00 
 8.97000000e-01  4.69040246e+00 
 8.98000000e-01  4.67529591e+00 
 8.99000000e-01  4.66027511e+00 
 9.00000000e-01  4.64533941e+00 
 9.01000000e-01  4.63048811e+00 
 9.02000000e-01  4.61572056e+00 
 9.03000000e-01  4.60103610e+00 
 9.04000000e-01  4.58643406e+00 
 9.05000000e-01  4.57191381e+00 
 9.06000000e-01  4.55747470e+00 
 9.07000000e-01  4.54311609e+00 
 9.08000000e-01  4.52883735e+00 
 9.09000000e-01  4.51463786e+00 
 9.10000000e-01  4.50051699e+00 
 9.11000000e-01  4.48647414e+00 
 9.12000000e-01  4.47250868e+00 
 9.13000000e-01  4.45862003e+00 
 9.14000000e-01  4.44480758e+00 
 9.15000000e-01  4.43107073e+00 
 9.16000000e-01  4.41740891e+00 
 9.17000000e-01  4.40382153e+00 
 9.18000000e-01  4.39030801e+00 
 9.19000000e-01  4.37686778e+00 
 9.20000000e-01  4.36350028e+00 
 9.21000000e-01  4.35020494e+00 
 9.22000000e-01  4.33698121e+00 
 9.23000000e-01  4.32382854e+00 
 9.24000000e-01  4.31074638e+00 
 9.25000000e-01  4.29773419e+00 
 9.26000000e-01  4.28479144e+00 
 9.27000000e-01  4.27191759e+00 
 9.28000000e-01  4.25911211e+00 
 9.29000000e-01  4.24637450e+00 
 9.30000000e-01  4.23370422e+00 
 9.31000000e-01  4.22110077e+00 
 9.32000000e-01  4.20856363e+00 
 9.33000000e-01  4.19609232e+00 
 9.34000000e-01  4.18368632e+00 
 9.35000000e-01  4.17134514e+00 
 9.36000000e-01  4.15906830e+00 
 9.37000000e-01  4.14685531e+00 
 9.38000000e-01  4.13470569e+00 
 9.39000000e-01  4.12261896e+00 
 9.40000000e-01  4.11059465e+00 
 9.41000000e-01  4.09863229e+00 
 9.42000000e-01  4.08673143e+00 
 9.43000000e-01  4.07489159e+00 
 9.44000000e-01  4.06311234e+00 
 9.45000000e-01  4.05139320e+00 
 9.46000000e-01  4.03973375e+00 
 9.47000000e-01  4.02813353e+00 
 9.48000000e-01  4.01659211e+00 
 9.49000000e-01  4.00510905e+00 
 9.50000000e-01  3.99368392e+00 
 9.51000000e-01  3.98231630e+00 
 9.52000000e-01  3.97100576e+00 
 9.53000000e-01  3.95975188e+00 
 9.54000000e-01  3.94855425e+00 
 9.55000000e-01  3.93741245e+00 
 9.56000000e-01  3.92632609e+00 
 9.57000000e-01  3.91529474e+00 
 9.58000000e-01  3.90431802e+00 
 9.59000000e-01  3.89339552e+00 
 9.60000000e-01  3.88252685e+00 
 9.61000000e-01  3.87171163e+00 
 9.62000000e-01  3.86094946e+00 
 9.63000000e-01  3.85023997e+00 
 9.64000000e-01  3.83958276e+00 
 9.65000000e-01  3.82897748e+00 
 9.66000000e-01  3.81842374e+00 
 9.67000000e-01  3.80792117e+00 
 9.68000000e-01  3.79746942e+00 
 9.69000000e-01  3.78706811e+00 
 9.70000000e-01  3.77671689e+00 
 9.71000000e-01  3.76641539e+00 
 9.72000000e-01  3.75616328e+00 
 9.73000000e-01  3.74596019e+00 
 9.74000000e-01  3.73580578e+00 
 9.75000000e-01  3.72569972e+00 
 9.76000000e-01  3.71564164e+00 
 9.77000000e-01  3.70563123e+00 
 9.78000000e-01  3.69566814e+00 
 9.79000000e-01  3.68575204e+00 
 9.80000000e-01  3.67588260e+00 
 9.81000000e-01  3.66605950e+00 
 9.82000000e-01  3.65628242e+00 
 9.83000000e-01  3.64655103e+00 
 9.84000000e-01  3.63686502e+00 
 9.85000000e-01  3.62722407e+00 
 9.86000000e-01  3.61762788e+00 
 9.87000000e-01  3.60807612e+00 
 9.88000000e-01  3.59856850e+00 
 9.89000000e-01  3.58910472e+00 
 9.90000000e-01  3.57968447e+00 
 9.91000000e-01  3.57030745e+00 
 9.92000000e-01  3.56097337e+00 
 9.93000000e-01  3.55168193e+00 
 9.94000000e-01  3.54243285e+00 
 9.95000000e-01  3.53322583e+00 
 9.96000000e-01  3.52406060e+00 
 9.97000000e-01  3.51493687e+00 
 9.98000000e-01  3.50585435e+00 
 9.99000000e-01  3.49681278e+00 
 1.00000000e+00  3.48781187e+00 
 1.00100000e+00  3.47885135e+00 
 1.00200000e+00  3.46993095e+00 
 1.00300000e+00  3.46105041e+00 
 1.00400000e+00  3.45220945e+00 
 1.00500000e+00  3.44340782e+00 
 1.00600000e+00  3.43464524e+00 
 1.00700000e+00  3.42592147e+00 
 1.00800000e+00  3.41723624e+00 
 1.00900000e+00  3.40858931e+00 
 1.01000000e+00  3.39998041e+00 
 1.01100000e+00  3.39140930e+00 
 1.01200000e+00  3.38287573e+00 
 1.01300000e+00  3.37437945e+00 
 1.01400000e+00  3.36592022e+00 
 1.01500000e+00  3.35749779e+00 
 1.01600000e+00  3.34911194e+00 
 1.01700000e+00  3.34076241e+00 
 1.01800000e+00  3.33244898e+00 
 1.01900000e+00  3.32417140e+00 
 1.02000000e+00  3.31592946e+00 
 1.02100000e+00  3.30772291e+00 
 1.02200000e+00  3.29955153e+00 
 1.02300000e+00  3.29141509e+00 
 1.02400000e+00  3.28331338e+00 
 1.02500000e+00  3.27524616e+00 
 1.02600000e+00  3.26721322e+00 
 1.02700000e+00  3.25921434e+00 
 1.02800000e+00  3.25124930e+00 
 1.02900000e+00  3.24331789e+00 
 1.03000000e+00  3.23541989e+00 
 1.03100000e+00  3.22755509e+00 
 1.03200000e+00  3.21972329e+00 
 1.03300000e+00  3.21192428e+00 
 1.03400000e+00  3.20415784e+00 
 1.03500000e+00  3.19642378e+00 
 1.03600000e+00  3.18872190e+00 
 1.03700000e+00  3.18105198e+00 
 1.03800000e+00  3.17341384e+00 
 1.03900000e+00  3.16580728e+00 
 1.04000000e+00  3.15823209e+00 
 1.04100000e+00  3.15068809e+00 
 1.04200000e+00  3.14317508e+00 
 1.04300000e+00  3.13569288e+00 
 1.04400000e+00  3.12824128e+00 
 1.04500000e+00  3.12082011e+00 
 1.04600000e+00  3.11342918e+00 
 1.04700000e+00  3.10606829e+00 
 1.04800000e+00  3.09873728e+00 
 1.04900000e+00  3.09143595e+00 
 1.05000000e+00  3.08416413e+00 
 1.05100000e+00  3.07692164e+00 
 1.05200000e+00  3.06970830e+00 
 1.05300000e+00  3.06252393e+00 
 1.05400000e+00  3.05536836e+00 
 1.05500000e+00  3.04824141e+00 
 1.05600000e+00  3.04114292e+00 
 1.05700000e+00  3.03407271e+00 
 1.05800000e+00  3.02703062e+00 
 1.05900000e+00  3.02001647e+00 
 1.06000000e+00  3.01303010e+00 
 1.06100000e+00  3.00607135e+00 
 1.06200000e+00  2.99914004e+00 
 1.06300000e+00  2.99223603e+00 
 1.06400000e+00  2.98535914e+00 
 1.06500000e+00  2.97850922e+00 
 1.06600000e+00  2.97168611e+00 
 1.06700000e+00  2.96488965e+00 
 1.06800000e+00  2.95811968e+00 
 1.06900000e+00  2.95137605e+00 
 1.07000000e+00  2.94465861e+00 
 1.07100000e+00  2.93796721e+00 
 1.07200000e+00  2.93130168e+00 
 1.07300000e+00  2.92466189e+00 
 1.07400000e+00  2.91804769e+00 
 1.07500000e+00  2.91145892e+00 
 1.07600000e+00  2.90489543e+00 
 1.07700000e+00  2.89835709e+00 
 1.07800000e+00  2.89184375e+00 
 1.07900000e+00  2.88535527e+00 
 1.08000000e+00  2.87889150e+00 
 1.08100000e+00  2.87245230e+00 
 1.08200000e+00  2.86603754e+00 
 1.08300000e+00  2.85964707e+00 
 1.08400000e+00  2.85328076e+00 
 1.08500000e+00  2.84693846e+00 
 1.08600000e+00  2.84062005e+00 
 1.08700000e+00  2.83432539e+00 
 1.08800000e+00  2.82805434e+00 
 1.08900000e+00  2.82180678e+00 
 1.09000000e+00  2.81558257e+00 
 1.09100000e+00  2.80938158e+00 
 1.09200000e+00  2.80320368e+00 
 1.09300000e+00  2.79704874e+00 
 1.09400000e+00  2.79091664e+00 
 1.09500000e+00  2.78480724e+00 
 1.09600000e+00  2.77872043e+00 
 1.09700000e+00  2.77265608e+00 
 1.09800000e+00  2.76661406e+00 
 1.09900000e+00  2.76059425e+00 
 1.10000000e+00  2.75459653e+00 
 1.10100000e+00  2.74862078e+00 
 1.10200000e+00  2.74266687e+00 
 1.10300000e+00  2.73673469e+00 
 1.10400000e+00  2.73082413e+00 
 1.10500000e+00  2.72493505e+00 
 1.10600000e+00  2.71906735e+00 
 1.10700000e+00  2.71322091e+00 
 1.10800000e+00  2.70739562e+00 
 1.10900000e+00  2.70159135e+00 
 1.11000000e+00  2.69580801e+00 
 1.11100000e+00  2.69004547e+00 
 1.11200000e+00  2.68430362e+00 
 1.11300000e+00  2.67858235e+00 
 1.11400000e+00  2.67288156e+00 
 1.11500000e+00  2.66720113e+00 
 1.11600000e+00  2.66154096e+00 
 1.11700000e+00  2.65590093e+00 
 1.11800000e+00  2.65028095e+00 
 1.11900000e+00  2.64468090e+00 
 1.12000000e+00  2.63910067e+00 
 1.12100000e+00  2.63354018e+00 
 1.12200000e+00  2.62799930e+00 
 1.12300000e+00  2.62247794e+00 
 1.12400000e+00  2.61697600e+00 
 1.12500000e+00  2.61149337e+00 
 1.12600000e+00  2.60602995e+00 
 1.12700000e+00  2.60058565e+00 
 1.12800000e+00  2.59516036e+00 
 1.12900000e+00  2.58975399e+00 
 1.13000000e+00  2.58436643e+00 
 1.13100000e+00  2.57899759e+00 
 1.13200000e+00  2.57364738e+00 
 1.13300000e+00  2.56831569e+00 
 1.13400000e+00  2.56300243e+00 
 1.13500000e+00  2.55770751e+00 
 1.13600000e+00  2.55243084e+00 
 1.13700000e+00  2.54717231e+00 
 1.13800000e+00  2.54193184e+00 
 1.13900000e+00  2.53670933e+00 
 1.14000000e+00  2.53150470e+00 
 1.14100000e+00  2.52631786e+00 
 1.14200000e+00  2.52114870e+00 
 1.14300000e+00  2.51599715e+00 
 1.14400000e+00  2.51086311e+00 
 1.14500000e+00  2.50574650e+00 
 1.14600000e+00  2.50064723e+00 
 1.14700000e+00  2.49556521e+00 
 1.14800000e+00  2.49050036e+00 
 1.14900000e+00  2.48545258e+00 
 1.15000000e+00  2.48042180e+00 
 1.15100000e+00  2.47540793e+00 
 1.15200000e+00  2.47041088e+00 
 1.15300000e+00  2.46543058e+00 
 1.15400000e+00  2.46046693e+00 
 1.15500000e+00  2.45551986e+00 
 1.15600000e+00  2.45058929e+00 
 1.15700000e+00  2.44567513e+00 
 1.15800000e+00  2.44077730e+00 
 1.15900000e+00  2.43589572e+00 
 1.16000000e+00  2.43103032e+00 
 1.16100000e+00  2.42618101e+00 
 1.16200000e+00  2.42134771e+00 
 1.16300000e+00  2.41653035e+00 
 1.16400000e+00  2.41172885e+00 
 1.16500000e+00  2.40694313e+00 
 1.16600000e+00  2.40217312e+00 
 1.16700000e+00  2.39741874e+00 
 1.16800000e+00  2.39267991e+00 
 1.16900000e+00  2.38795656e+00 
 1.17000000e+00  2.38324861e+00 
 1.17100000e+00  2.37855600e+00 
 1.17200000e+00  2.37387864e+00 
 1.17300000e+00  2.36921647e+00 
 1.17400000e+00  2.36456940e+00 
 1.17500000e+00  2.35993738e+00 
 1.17600000e+00  2.35532032e+00 
 1.17700000e+00  2.35071816e+00 
 1.17800000e+00  2.34613082e+00 
 1.17900000e+00  2.34155824e+00 
 1.18000000e+00  2.33700035e+00 
 1.18100000e+00  2.33245707e+00 
 1.18200000e+00  2.32792833e+00 
 1.18300000e+00  2.32341408e+00 
 1.18400000e+00  2.31891423e+00 
 1.18500000e+00  2.31442873e+00 
 1.18600000e+00  2.30995750e+00 
 1.18700000e+00  2.30550049e+00 
 1.18800000e+00  2.30105761e+00 
 1.18900000e+00  2.29662881e+00 
 1.19000000e+00  2.29221402e+00 
 1.19100000e+00  2.28781318e+00 
 1.19200000e+00  2.28342622e+00 
 1.19300000e+00  2.27905308e+00 
 1.19400000e+00  2.27469368e+00 
 1.19500000e+00  2.27034798e+00 
 1.19600000e+00  2.26601591e+00 
 1.19700000e+00  2.26169740e+00 
 1.19800000e+00  2.25739239e+00 
 1.19900000e+00  2.25310082e+00 
 1.20000000e+00  2.24882263e+00 
 1.20100000e+00  2.24455775e+00 
 1.20200000e+00  2.24030613e+00 
 1.20300000e+00  2.23606771e+00 
 1.20400000e+00  2.23184243e+00 
 1.20500000e+00  2.22763022e+00 
 1.20600000e+00  2.22343102e+00 
 1.20700000e+00  2.21924479e+00 
 1.20800000e+00  2.21507146e+00 
 1.20900000e+00  2.21091096e+00 
 1.21000000e+00  2.20676325e+00 
 1.21100000e+00  2.20262827e+00 
 1.21200000e+00  2.19850596e+00 
 1.21300000e+00  2.19439626e+00 
 1.21400000e+00  2.19029911e+00 
 1.21500000e+00  2.18621446e+00 
 1.21600000e+00  2.18214226e+00 
 1.21700000e+00  2.17808245e+00 
 1.21800000e+00  2.17403497e+00 
 1.21900000e+00  2.16999977e+00 
 1.22000000e+00  2.16597680e+00 
 1.22100000e+00  2.16196599e+00 
 1.22200000e+00  2.15796730e+00 
 1.22300000e+00  2.15398068e+00 
 1.22400000e+00  2.15000606e+00 
 1.22500000e+00  2.14604341e+00 
 1.22600000e+00  2.14209265e+00 
 1.22700000e+00  2.13815375e+00 
 1.22800000e+00  2.13422665e+00 
 1.22900000e+00  2.13031130e+00 
 1.23000000e+00  2.12640765e+00 
 1.23100000e+00  2.12251565e+00 
 1.23200000e+00  2.11863524e+00 
 1.23300000e+00  2.11476638e+00 
 1.23400000e+00  2.11090901e+00 
 1.23500000e+00  2.10706309e+00 
 1.23600000e+00  2.10322857e+00 
 1.23700000e+00  2.09940539e+00 
 1.23800000e+00  2.09559351e+00 
 1.23900000e+00  2.09179289e+00 
 1.24000000e+00  2.08800346e+00 
 1.24100000e+00  2.08422519e+00 
 1.24200000e+00  2.08045802e+00 
 1.24300000e+00  2.07670192e+00 
 1.24400000e+00  2.07295682e+00 
 1.24500000e+00  2.06922269e+00 
 1.24600000e+00  2.06549947e+00 
 1.24700000e+00  2.06178713e+00 
 1.24800000e+00  2.05808561e+00 
 1.24900000e+00  2.05439487e+00 
 1.25000000e+00  2.05071486e+00 
 1.25100000e+00  2.04704554e+00 
 1.25200000e+00  2.04338687e+00 
 1.25300000e+00  2.03973879e+00 
 1.25400000e+00  2.03610127e+00 
 1.25500000e+00  2.03247425e+00 
 1.25600000e+00  2.02885770e+00 
 1.25700000e+00  2.02525157e+00 
 1.25800000e+00  2.02165582e+00 
 1.25900000e+00  2.01807040e+00 
 1.26000000e+00  2.01449528e+00 
 1.26100000e+00  2.01093040e+00 
 1.26200000e+00  2.00737572e+00 
 1.26300000e+00  2.00383122e+00 
 1.26400000e+00  2.00029683e+00 
 1.26500000e+00  1.99677252e+00 
 1.26600000e+00  1.99325824e+00 
 1.26700000e+00  1.98975397e+00 
 1.26800000e+00  1.98625965e+00 
 1.26900000e+00  1.98277524e+00 
 1.27000000e+00  1.97930070e+00 
 1.27100000e+00  1.97583600e+00 
 1.27200000e+00  1.97238109e+00 
 1.27300000e+00  1.96893593e+00 
 1.27400000e+00  1.96550048e+00 
 1.27500000e+00  1.96207471e+00 
 1.27600000e+00  1.95865857e+00 
 1.27700000e+00  1.95525202e+00 
 1.27800000e+00  1.95185502e+00 
 1.27900000e+00  1.94846754e+00 
 1.28000000e+00  1.94508954e+00 
 1.28100000e+00  1.94172098e+00 
 1.28200000e+00  1.93836182e+00 
 1.28300000e+00  1.93501202e+00 
 1.28400000e+00  1.93167155e+00 
 1.28500000e+00  1.92834036e+00 
 1.28600000e+00  1.92501842e+00 
 1.28700000e+00  1.92170570e+00 
 1.28800000e+00  1.91840215e+00 
 1.28900000e+00  1.91510774e+00 
 1.29000000e+00  1.91182243e+00 
 1.29100000e+00  1.90854619e+00 
 1.29200000e+00  1.90527898e+00 
 1.29300000e+00  1.90202076e+00 
 1.29400000e+00  1.89877150e+00 
 1.29500000e+00  1.89553116e+00 
 1.29600000e+00  1.89229971e+00 
 1.29700000e+00  1.88907711e+00 
 1.29800000e+00  1.88586333e+00 
 1.29900000e+00  1.88265833e+00 
 1.30000000e+00  1.87946208e+00 
 1.30100000e+00  1.87627453e+00 
 1.30200000e+00  1.87309567e+00 
 1.30300000e+00  1.86992545e+00 
 1.30400000e+00  1.86676385e+00 
 1.30500000e+00  1.86361081e+00 
 1.30600000e+00  1.86046632e+00 
 1.30700000e+00  1.85733034e+00 
 1.30800000e+00  1.85420284e+00 
 1.30900000e+00  1.85108378e+00 
 1.31000000e+00  1.84797313e+00 
 1.31100000e+00  1.84487086e+00 
 1.31200000e+00  1.84177693e+00 
 1.31300000e+00  1.83869131e+00 
 1.31400000e+00  1.83561397e+00 
 1.31500000e+00  1.83254488e+00 
 1.31600000e+00  1.82948401e+00 
 1.31700000e+00  1.82643132e+00 
 1.31800000e+00  1.82338679e+00 
 1.31900000e+00  1.82035037e+00 
 1.32000000e+00  1.81732205e+00 
 1.32100000e+00  1.81430179e+00 
 1.32200000e+00  1.81128955e+00 
 1.32300000e+00  1.80828531e+00 
 1.32400000e+00  1.80528903e+00 
 1.32500000e+00  1.80230070e+00 
 1.32600000e+00  1.79932026e+00 
 1.32700000e+00  1.79634771e+00 
 1.32800000e+00  1.79338300e+00 
 1.32900000e+00  1.79042610e+00 
 1.33000000e+00  1.78747699e+00 
 1.33100000e+00  1.78453564e+00 
 1.33200000e+00  1.78160202e+00 
 1.33300000e+00  1.77867609e+00 
 1.33400000e+00  1.77575783e+00 
 1.33500000e+00  1.77284721e+00 
 1.33600000e+00  1.76994420e+00 
 1.33700000e+00  1.76704877e+00 
 1.33800000e+00  1.76416090e+00 
 1.33900000e+00  1.76128055e+00 
 1.34000000e+00  1.75840769e+00 
 1.34100000e+00  1.75554231e+00 
 1.34200000e+00  1.75268437e+00 
 1.34300000e+00  1.74983384e+00 
 1.34400000e+00  1.74699069e+00 
 1.34500000e+00  1.74415491e+00 
 1.34600000e+00  1.74132645e+00 
 1.34700000e+00  1.73850529e+00 
 1.34800000e+00  1.73569141e+00 
 1.34900000e+00  1.73288478e+00 
 1.35000000e+00  1.73008537e+00 
 1.35100000e+00  1.72729316e+00 
 1.35200000e+00  1.72450811e+00 
 1.35300000e+00  1.72173021e+00 
 1.35400000e+00  1.71895942e+00 
 1.35500000e+00  1.71619572e+00 
 1.35600000e+00  1.71343908e+00 
 1.35700000e+00  1.71068948e+00 
 1.35800000e+00  1.70794689e+00 
 1.35900000e+00  1.70521128e+00 
 1.36000000e+00  1.70248264e+00 
 1.36100000e+00  1.69976093e+00 
 1.36200000e+00  1.69704613e+00 
 1.36300000e+00  1.69433821e+00 
 1.36400000e+00  1.69163715e+00 
 1.36500000e+00  1.68894292e+00 
 1.36600000e+00  1.68625550e+00 
 1.36700000e+00  1.68357486e+00 
 1.36800000e+00  1.68090099e+00 
 1.36900000e+00  1.67823384e+00 
 1.37000000e+00  1.67557341e+00 
 1.37100000e+00  1.67291966e+00 
 1.37200000e+00  1.67027258e+00 
 1.37300000e+00  1.66763213e+00 
 1.37400000e+00  1.66499829e+00 
 1.37500000e+00  1.66237104e+00 
 1.37600000e+00  1.65975036e+00 
 1.37700000e+00  1.65713622e+00 
 1.37800000e+00  1.65452860e+00 
 1.37900000e+00  1.65192748e+00 
 1.38000000e+00  1.64933282e+00 
 1.38100000e+00  1.64674462e+00 
 1.38200000e+00  1.64416284e+00 
 1.38300000e+00  1.64158746e+00 
 1.38400000e+00  1.63901846e+00 
 1.38500000e+00  1.63645582e+00 
 1.38600000e+00  1.63389952e+00 
 1.38700000e+00  1.63134952e+00 
 1.38800000e+00  1.62880582e+00 
 1.38900000e+00  1.62626838e+00 
 1.39000000e+00  1.62373718e+00 
 1.39100000e+00  1.62121221e+00 
 1.39200000e+00  1.61869344e+00 
 1.39300000e+00  1.61618084e+00 
 1.39400000e+00  1.61367441e+00 
 1.39500000e+00  1.61117410e+00 
 1.39600000e+00  1.60867992e+00 
 1.39700000e+00  1.60619182e+00 
 1.39800000e+00  1.60370979e+00 
 1.39900000e+00  1.60123381e+00 
 1.40000000e+00  1.59876386e+00 
 1.40100000e+00  1.59629992e+00 
 1.40200000e+00  1.59384196e+00 
 1.40300000e+00  1.59138996e+00 
 1.40400000e+00  1.58894391e+00 
 1.40500000e+00  1.58650379e+00 
 1.40600000e+00  1.58406956e+00 
 1.40700000e+00  1.58164122e+00 
 1.40800000e+00  1.57921873e+00 
 1.40900000e+00  1.57680209e+00 
 1.41000000e+00  1.57439127e+00 
 1.41100000e+00  1.57198625e+00 
 1.41200000e+00  1.56958701e+00 
 1.41300000e+00  1.56719352e+00 
 1.41400000e+00  1.56480578e+00 
 1.41500000e+00  1.56242376e+00 
 1.41600000e+00  1.56004744e+00 
 1.41700000e+00  1.55767680e+00 
 1.41800000e+00  1.55531182e+00 
 1.41900000e+00  1.55295249e+00 
 1.42000000e+00  1.55059877e+00 
 1.42100000e+00  1.54825066e+00 
 1.42200000e+00  1.54590813e+00 
 1.42300000e+00  1.54357117e+00 
 1.42400000e+00  1.54123975e+00 
 1.42500000e+00  1.53891386e+00 
 1.42600000e+00  1.53659348e+00 
 1.42700000e+00  1.53427859e+00 
 1.42800000e+00  1.53196916e+00 
 1.42900000e+00  1.52966519e+00 
 1.43000000e+00  1.52736665e+00 
 1.43100000e+00  1.52507353e+00 
 1.43200000e+00  1.52278580e+00 
 1.43300000e+00  1.52050345e+00 
 1.43400000e+00  1.51822646e+00 
 1.43500000e+00  1.51595481e+00 
 1.43600000e+00  1.51368848e+00 
 1.43700000e+00  1.51142746e+00 
 1.43800000e+00  1.50917172e+00 
 1.43900000e+00  1.50692126e+00 
 1.44000000e+00  1.50467605e+00 
 1.44100000e+00  1.50243607e+00 
 1.44200000e+00  1.50020130e+00 
 1.44300000e+00  1.49797174e+00 
 1.44400000e+00  1.49574736e+00 
 1.44500000e+00  1.49352814e+00 
 1.44600000e+00  1.49131407e+00 
 1.44700000e+00  1.48910512e+00 
 1.44800000e+00  1.48690129e+00 
 1.44900000e+00  1.48470256e+00 
 1.45000000e+00  1.48250890e+00 
 1.45100000e+00  1.48032031e+00 
 1.45200000e+00  1.47813676e+00 
 1.45300000e+00  1.47595823e+00 
 1.45400000e+00  1.47378472e+00 
 1.45500000e+00  1.47161620e+00 
 1.45600000e+00  1.46945266e+00 
 1.45700000e+00  1.46729408e+00 
 1.45800000e+00  1.46514045e+00 
 1.45900000e+00  1.46299174e+00 
 1.46000000e+00  1.46084794e+00 
 1.46100000e+00  1.45870904e+00 
 1.46200000e+00  1.45657503e+00 
 1.46300000e+00  1.45444587e+00 
 1.46400000e+00  1.45232156e+00 
 1.46500000e+00  1.45020208e+00 
 1.46600000e+00  1.44808742e+00 
 1.46700000e+00  1.44597756e+00 
 1.46800000e+00  1.44387248e+00 
 1.46900000e+00  1.44177217e+00 
 1.47000000e+00  1.43967662e+00 
 1.47100000e+00  1.43758580e+00 
 1.47200000e+00  1.43549970e+00 
 1.47300000e+00  1.43341831e+00 
 1.47400000e+00  1.43134161e+00 
 1.47500000e+00  1.42926958e+00 
 1.47600000e+00  1.42720221e+00 
 1.47700000e+00  1.42513949e+00 
 1.47800000e+00  1.42308140e+00 
 1.47900000e+00  1.42102793e+00 
 1.48000000e+00  1.41897905e+00 
 1.48100000e+00  1.41693476e+00 
 1.48200000e+00  1.41489504e+00 
 1.48300000e+00  1.41285988e+00 
 1.48400000e+00  1.41082925e+00 
 1.48500000e+00  1.40880316e+00 
 1.48600000e+00  1.40678157e+00 
 1.48700000e+00  1.40476448e+00 
 1.48800000e+00  1.40275187e+00 
 1.48900000e+00  1.40074373e+00 
 1.49000000e+00  1.39874005e+00 
 1.49100000e+00  1.39674080e+00 
 1.49200000e+00  1.39474598e+00 
 1.49300000e+00  1.39275556e+00 
 1.49400000e+00  1.39076955e+00 
 1.49500000e+00  1.38878792e+00 
 1.49600000e+00  1.38681065e+00 
 1.49700000e+00  1.38483774e+00 
 1.49800000e+00  1.38286917e+00 
 1.49900000e+00  1.38090493e+00 
 1.50000000e+00  1.37894500e+00 
 1.50100000e+00  1.37698937e+00 
 1.50200000e+00  1.37503802e+00 
 1.50300000e+00  1.37309095e+00 
 1.50400000e+00  1.37114814e+00 
 1.50500000e+00  1.36920956e+00 
 1.50600000e+00  1.36727523e+00 
 1.50700000e+00  1.36534510e+00 
 1.50800000e+00  1.36341919e+00 
 1.50900000e+00  1.36149746e+00 
 1.51000000e+00  1.35957991e+00 
 1.51100000e+00  1.35766653e+00 
 1.51200000e+00  1.35575730e+00 
 1.51300000e+00  1.35385220e+00 
 1.51400000e+00  1.35195123e+00 
 1.51500000e+00  1.35005438e+00 
 1.51600000e+00  1.34816162e+00 
 1.51700000e+00  1.34627295e+00 
 1.51800000e+00  1.34438836e+00 
 1.51900000e+00  1.34250782e+00 
 1.52000000e+00  1.34063134e+00 
 1.52100000e+00  1.33875888e+00 
 1.52200000e+00  1.33689046e+00 
 1.52300000e+00  1.33502604e+00 
 1.52400000e+00  1.33316562e+00 
 1.52500000e+00  1.33130918e+00 
 1.52600000e+00  1.32945672e+00 
 1.52700000e+00  1.32760822e+00 
 1.52800000e+00  1.32576367e+00 
 1.52900000e+00  1.32392305e+00 
 1.53000000e+00  1.32208635e+00 
 1.53100000e+00  1.32025357e+00 
 1.53200000e+00  1.31842469e+00 
 1.53300000e+00  1.31659969e+00 
 1.53400000e+00  1.31477857e+00 
 1.53500000e+00  1.31296131e+00 
 1.53600000e+00  1.31114791e+00 
 1.53700000e+00  1.30933834e+00 
 1.53800000e+00  1.30753260e+00 
 1.53900000e+00  1.30573068e+00 
 1.54000000e+00  1.30393255e+00 
 1.54100000e+00  1.30213823e+00 
 1.54200000e+00  1.30034768e+00 
 1.54300000e+00  1.29856090e+00 
 1.54400000e+00  1.29677788e+00 
 1.54500000e+00  1.29499860e+00 
 1.54600000e+00  1.29322306e+00 
 1.54700000e+00  1.29145124e+00 
 1.54800000e+00  1.28968313e+00 
 1.54900000e+00  1.28791873e+00 
 1.55000000e+00  1.28615801e+00 
 1.55100000e+00  1.28440096e+00 
 1.55200000e+00  1.28264759e+00 
 1.55300000e+00  1.28089787e+00 
 1.55400000e+00  1.27915179e+00 
 1.55500000e+00  1.27740935e+00 
 1.55600000e+00  1.27567053e+00 
 1.55700000e+00  1.27393531e+00 
 1.55800000e+00  1.27220370e+00 
 1.55900000e+00  1.27047568e+00 
 1.56000000e+00  1.26875123e+00 
 1.56100000e+00  1.26703035e+00 
 1.56200000e+00  1.26531303e+00 
 1.56300000e+00  1.26359925e+00 
 1.56400000e+00  1.26188901e+00 
 1.56500000e+00  1.26018229e+00 
 1.56600000e+00  1.25847909e+00 
 1.56700000e+00  1.25677939e+00 
 1.56800000e+00  1.25508318e+00 
 1.56900000e+00  1.25339045e+00 
 1.57000000e+00  1.25170119e+00 
 1.57100000e+00  1.25001540e+00 
 1.57200000e+00  1.24833305e+00 
 1.57300000e+00  1.24665414e+00 
 1.57400000e+00  1.24497867e+00 
 1.57500000e+00  1.24330661e+00 
 1.57600000e+00  1.24163796e+00 
 1.57700000e+00  1.23997271e+00 
 1.57800000e+00  1.23831085e+00 
 1.57900000e+00  1.23665237e+00 
 1.58000000e+00  1.23499726e+00 
 1.58100000e+00  1.23334550e+00 
 1.58200000e+00  1.23169709e+00 
 1.58300000e+00  1.23005203e+00 
 1.58400000e+00  1.22841029e+00 
 1.58500000e+00  1.22677186e+00 
 1.58600000e+00  1.22513675e+00 
 1.58700000e+00  1.22350494e+00 
 1.58800000e+00  1.22187641e+00 
 1.58900000e+00  1.22025117e+00 
 1.59000000e+00  1.21862919e+00 
 1.59100000e+00  1.21701048e+00 
 1.59200000e+00  1.21539501e+00 
 1.59300000e+00  1.21378278e+00 
 1.59400000e+00  1.21217379e+00 
 1.59500000e+00  1.21056802e+00 
 1.59600000e+00  1.20896546e+00 
 1.59700000e+00  1.20736610e+00 
 1.59800000e+00  1.20576993e+00 
 1.59900000e+00  1.20417695e+00 
 1.60000000e+00  1.20258714e+00 
 1.60100000e+00  1.20100050e+00 
 1.60200000e+00  1.19941701e+00 
 1.60300000e+00  1.19783667e+00 
 1.60400000e+00  1.19625947e+00 
 1.60500000e+00  1.19468539e+00 
 1.60600000e+00  1.19311443e+00 
 1.60700000e+00  1.19154659e+00 
 1.60800000e+00  1.18998184e+00 
 1.60900000e+00  1.18842018e+00 
 1.61000000e+00  1.18686161e+00 
 1.61100000e+00  1.18530611e+00 
 1.61200000e+00  1.18375367e+00 
 1.61300000e+00  1.18220429e+00 
 1.61400000e+00  1.18065796e+00 
 1.61500000e+00  1.17911466e+00 
 1.61600000e+00  1.17757440e+00 
 1.61700000e+00  1.17603715e+00 
 1.61800000e+00  1.17450291e+00 
 1.61900000e+00  1.17297168e+00 
 1.62000000e+00  1.17144344e+00 
 1.62100000e+00  1.16991819e+00 
 1.62200000e+00  1.16839591e+00 
 1.62300000e+00  1.16687660e+00 
 1.62400000e+00  1.16536024e+00 
 1.62500000e+00  1.16384684e+00 
 1.62600000e+00  1.16233639e+00 
 1.62700000e+00  1.16082886e+00 
 1.62800000e+00  1.15932426e+00 
 1.62900000e+00  1.15782258e+00 
 1.63000000e+00  1.15632380e+00 
 1.63100000e+00  1.15482793e+00 
 1.63200000e+00  1.15333494e+00 
 1.63300000e+00  1.15184484e+00 
 1.63400000e+00  1.15035762e+00 
 1.63500000e+00  1.14887326e+00 
 1.63600000e+00  1.14739176e+00 
 1.63700000e+00  1.14591311e+00 
 1.63800000e+00  1.14443730e+00 
 1.63900000e+00  1.14296433e+00 
 1.64000000e+00  1.14149418e+00 
 1.64100000e+00  1.14002685e+00 
 1.64200000e+00  1.13856233e+00 
 1.64300000e+00  1.13710061e+00 
 1.64400000e+00  1.13564169e+00 
 1.64500000e+00  1.13418555e+00 
 1.64600000e+00  1.13273219e+00 
 1.64700000e+00  1.13128159e+00 
 1.64800000e+00  1.12983377e+00 
 1.64900000e+00  1.12838869e+00 
 1.65000000e+00  1.12694636e+00 
 1.65100000e+00  1.12550677e+00 
 1.65200000e+00  1.12406991e+00 
 1.65300000e+00  1.12263577e+00 
 1.65400000e+00  1.12120435e+00 
 1.65500000e+00  1.11977563e+00 
 1.65600000e+00  1.11834962e+00 
 1.65700000e+00  1.11692630e+00 
 1.65800000e+00  1.11550566e+00 
 1.65900000e+00  1.11408770e+00 
 1.66000000e+00  1.11267240e+00 
 1.66100000e+00  1.11125977e+00 
 1.66200000e+00  1.10984980e+00 
 1.66300000e+00  1.10844247e+00 
 1.66400000e+00  1.10703778e+00 
 1.66500000e+00  1.10563572e+00 
 1.66600000e+00  1.10423629e+00 
 1.66700000e+00  1.10283947e+00 
 1.66800000e+00  1.10144527e+00 
 1.66900000e+00  1.10005366e+00 
 1.67000000e+00  1.09866466e+00 
 1.67100000e+00  1.09727824e+00 
 1.67200000e+00  1.09589440e+00 
 1.67300000e+00  1.09451313e+00 
 1.67400000e+00  1.09313443e+00 
 1.67500000e+00  1.09175829e+00 
 1.67600000e+00  1.09038470e+00 
 1.67700000e+00  1.08901365e+00 
 1.67800000e+00  1.08764515e+00 
 1.67900000e+00  1.08627917e+00 
 1.68000000e+00  1.08491572e+00 
 1.68100000e+00  1.08355478e+00 
 1.68200000e+00  1.08219635e+00 
 1.68300000e+00  1.08084043e+00 
 1.68400000e+00  1.07948700e+00 
 1.68500000e+00  1.07813606e+00 
 1.68600000e+00  1.07678760e+00 
 1.68700000e+00  1.07544161e+00 
 1.68800000e+00  1.07409809e+00 
 1.68900000e+00  1.07275704e+00 
 1.69000000e+00  1.07141843e+00 
 1.69100000e+00  1.07008228e+00 
 1.69200000e+00  1.06874857e+00 
 1.69300000e+00  1.06741728e+00 
 1.69400000e+00  1.06608843e+00 
 1.69500000e+00  1.06476200e+00 
 1.69600000e+00  1.06343798e+00 
 1.69700000e+00  1.06211636e+00 
 1.69800000e+00  1.06079715e+00 
 1.69900000e+00  1.05948033e+00 
 1.70000000e+00  1.05816590e+00 
 1.70100000e+00  1.05685385e+00 
 1.70200000e+00  1.05554417e+00 
 1.70300000e+00  1.05423686e+00 
 1.70400000e+00  1.05293191e+00 
 1.70500000e+00  1.05162932e+00 
 1.70600000e+00  1.05032907e+00 
 1.70700000e+00  1.04903117e+00 
 1.70800000e+00  1.04773560e+00 
 1.70900000e+00  1.04644236e+00 
 1.71000000e+00  1.04515144e+00 
 1.71100000e+00  1.04386283e+00 
 1.71200000e+00  1.04257654e+00 
 1.71300000e+00  1.04129255e+00 
 1.71400000e+00  1.04001085e+00 
 1.71500000e+00  1.03873145e+00 
 1.71600000e+00  1.03745433e+00 
 1.71700000e+00  1.03617949e+00 
 1.71800000e+00  1.03490692e+00 
 1.71900000e+00  1.03363662e+00 
 1.72000000e+00  1.03236858e+00 
 1.72100000e+00  1.03110279e+00 
 1.72200000e+00  1.02983924e+00 
 1.72300000e+00  1.02857794e+00 
 1.72400000e+00  1.02731887e+00 
 1.72500000e+00  1.02606204e+00 
 1.72600000e+00  1.02480742e+00 
 1.72700000e+00  1.02355502e+00 
 1.72800000e+00  1.02230484e+00 
 1.72900000e+00  1.02105685e+00 
 1.73000000e+00  1.01981107e+00 
 1.73100000e+00  1.01856748e+00 
 1.73200000e+00  1.01732607e+00 
 1.73300000e+00  1.01608685e+00 
 1.73400000e+00  1.01484980e+00 
 1.73500000e+00  1.01361492e+00 
 1.73600000e+00  1.01238221e+00 
 1.73700000e+00  1.01115165e+00 
 1.73800000e+00  1.00992324e+00 
 1.73900000e+00  1.00869698e+00 
 1.74000000e+00  1.00747286e+00 
 1.74100000e+00  1.00625088e+00 
 1.74200000e+00  1.00503102e+00 
 1.74300000e+00  1.00381328e+00 
 1.74400000e+00  1.00259767e+00 
 1.74500000e+00  1.00138416e+00 
 1.74600000e+00  1.00017276e+00 
 1.74700000e+00  9.98963459e-01 
 1.74800000e+00  9.97756253e-01 
 1.74900000e+00  9.96551135e-01 
 1.75000000e+00  9.95348101e-01 
 1.75100000e+00  9.94147144e-01 
 1.75200000e+00  9.92948259e-01 
 1.75300000e+00  9.91751441e-01 
 1.75400000e+00  9.90556683e-01 
 1.75500000e+00  9.89363981e-01 
 1.75600000e+00  9.88173329e-01 
 1.75700000e+00  9.86984721e-01 
 1.75800000e+00  9.85798152e-01 
 1.75900000e+00  9.84613616e-01 
 1.76000000e+00  9.83431108e-01 
 1.76100000e+00  9.82250623e-01 
 1.76200000e+00  9.81072156e-01 
 1.76300000e+00  9.79895700e-01 
 1.76400000e+00  9.78721250e-01 
 1.76500000e+00  9.77548802e-01 
 1.76600000e+00  9.76378349e-01 
 1.76700000e+00  9.75209887e-01 
 1.76800000e+00  9.74043409e-01 
 1.76900000e+00  9.72878912e-01 
 1.77000000e+00  9.71716390e-01 
 1.77100000e+00  9.70555836e-01 
 1.77200000e+00  9.69397247e-01 
 1.77300000e+00  9.68240617e-01 
 1.77400000e+00  9.67085940e-01 
 1.77500000e+00  9.65933212e-01 
 1.77600000e+00  9.64782427e-01 
 1.77700000e+00  9.63633580e-01 
 1.77800000e+00  9.62486667e-01 
 1.77900000e+00  9.61341681e-01 
 1.78000000e+00  9.60198618e-01 
 1.78100000e+00  9.59057473e-01 
 1.78200000e+00  9.57918241e-01 
 1.78300000e+00  9.56780916e-01 
 1.78400000e+00  9.55645493e-01 
 1.78500000e+00  9.54511968e-01 
 1.78600000e+00  9.53380336e-01 
 1.78700000e+00  9.52250591e-01 
 1.78800000e+00  9.51122729e-01 
 1.78900000e+00  9.49996744e-01 
 1.79000000e+00  9.48872632e-01 
 1.79100000e+00  9.47750387e-01 
 1.79200000e+00  9.46630005e-01 
 1.79300000e+00  9.45511481e-01 
 1.79400000e+00  9.44394810e-01 
 1.79500000e+00  9.43279987e-01 
 1.79600000e+00  9.42167007e-01 
 1.79700000e+00  9.41055866e-01 
 1.79800000e+00  9.39946558e-01 
 1.79900000e+00  9.38839078e-01 
 1.80000000e+00  9.37733423e-01 
