 0.00000000e+00  1.79295589e+05 
 1.00000000e-03  1.82893456e+05 
 2.00000000e-03  1.86627767e+05 
 3.00000000e-03  1.90505335e+05 
 4.00000000e-03  1.94533347e+05 
 5.00000000e-03  1.98719381e+05 
 6.00000000e-03  2.03071430e+05 
 7.00000000e-03  2.07597913e+05 
 8.00000000e-03  2.12307700e+05 
 9.00000000e-03  2.17210127e+05 
 1.00000000e-02  2.22315014e+05 
 1.10000000e-02  2.27632679e+05 
 1.20000000e-02  2.33173959e+05 
 1.30000000e-02  2.38950219e+05 
 1.40000000e-02  2.44973367e+05 
 1.50000000e-02  2.51255861e+05 
 1.60000000e-02  2.57810718e+05 
 1.70000000e-02  2.64651517e+05 
 1.80000000e-02  2.71792395e+05 
 1.90000000e-02  2.79248046e+05 
 2.00000000e-02  2.87033708e+05 
 2.10000000e-02  2.95165146e+05 
 2.20000000e-02  3.03658627e+05 
 2.30000000e-02  3.12530890e+05 
 2.40000000e-02  3.21799108e+05 
 2.50000000e-02  3.31480837e+05 
 2.60000000e-02  3.41593955e+05 
 2.70000000e-02  3.52156603e+05 
 2.80000000e-02  3.63187094e+05 
 2.90000000e-02  3.74703832e+05 
 3.00000000e-02  3.86725207e+05 
 3.10000000e-02  3.99269485e+05 
 3.20000000e-02  4.12354682e+05 
 3.30000000e-02  4.25998434e+05 
 3.40000000e-02  4.40217851e+05 
 3.50000000e-02  4.55029369e+05 
 3.60000000e-02  4.70448589e+05 
 3.70000000e-02  4.86490114e+05 
 3.80000000e-02  5.03167381e+05 
 3.90000000e-02  5.20492491e+05 
 4.00000000e-02  5.38476043e+05 
 4.10000000e-02  5.57126966e+05 
 4.20000000e-02  5.76452362e+05 
 4.30000000e-02  5.96457355e+05 
 4.40000000e-02  6.17144955e+05 
 4.50000000e-02  6.38515930e+05 
 4.60000000e-02  6.60568702e+05 
 4.70000000e-02  6.83299257e+05 
 4.80000000e-02  7.06701079e+05 
 4.90000000e-02  7.30765107e+05 
 5.00000000e-02  7.55479715e+05 
 5.10000000e-02  7.80830716e+05 
 5.20000000e-02  8.06801396e+05 
 5.30000000e-02  8.33372566e+05 
 5.40000000e-02  8.60522650e+05 
 5.50000000e-02  8.88227783e+05 
 5.60000000e-02  9.16461944e+05 
 5.70000000e-02  9.45197102e+05 
 5.80000000e-02  9.74403381e+05 
 5.90000000e-02  1.00404924e+06 
 6.00000000e-02  1.03410169e+06 
 6.10000000e-02  1.06452644e+06 
 6.20000000e-02  1.09528820e+06 
 6.30000000e-02  1.12635081e+06 
 6.40000000e-02  1.15767752e+06 
 6.50000000e-02  1.18923115e+06 
 6.60000000e-02  1.22097437e+06 
 6.70000000e-02  1.25286986e+06 
 6.80000000e-02  1.28488050e+06 
 6.90000000e-02  1.31696960e+06 
 7.00000000e-02  1.34910104e+06 
 7.10000000e-02  1.38123944e+06 
 7.20000000e-02  1.41335032e+06 
 7.30000000e-02  1.44540021e+06 
 7.40000000e-02  1.47735680e+06 
 7.50000000e-02  1.50918900e+06 
 7.60000000e-02  1.54086707e+06 
 7.70000000e-02  1.57236265e+06 
 7.80000000e-02  1.60364885e+06 
 7.90000000e-02  1.63470028e+06 
 8.00000000e-02  1.66549306e+06 
 8.10000000e-02  1.69600488e+06 
 8.20000000e-02  1.72621496e+06 
 8.30000000e-02  1.75610407e+06 
 8.40000000e-02  1.78565453e+06 
 8.50000000e-02  1.81485013e+06 
 8.60000000e-02  1.84367617e+06 
 8.70000000e-02  1.87211936e+06 
 8.80000000e-02  1.90016782e+06 
 8.90000000e-02  1.92781103e+06 
 9.00000000e-02  1.95503973e+06 
 9.10000000e-02  1.98184594e+06 
 9.20000000e-02  2.00822285e+06 
 9.30000000e-02  2.03416476e+06 
 9.40000000e-02  2.05966708e+06 
 9.50000000e-02  2.08472618e+06 
 9.60000000e-02  2.10933941e+06 
 9.70000000e-02  2.13350500e+06 
 9.80000000e-02  2.15722201e+06 
 9.90000000e-02  2.18049028e+06 
 1.00000000e-01  2.20331037e+06 
 1.01000000e-01  2.22568349e+06 
 1.02000000e-01  2.24761148e+06 
 1.03000000e-01  2.26909673e+06 
 1.04000000e-01  2.29014215e+06 
 1.05000000e-01  2.31075113e+06 
 1.06000000e-01  2.33092746e+06 
 1.07000000e-01  2.35067533e+06 
 1.08000000e-01  2.36999928e+06 
 1.09000000e-01  2.38890415e+06 
 1.10000000e-01  2.40739505e+06 
 1.11000000e-01  2.42547732e+06 
 1.12000000e-01  2.44315655e+06 
 1.13000000e-01  2.46043847e+06 
 1.14000000e-01  2.47732897e+06 
 1.15000000e-01  2.49383409e+06 
 1.16000000e-01  2.50995997e+06 
 1.17000000e-01  2.52571283e+06 
 1.18000000e-01  2.54109895e+06 
 1.19000000e-01  2.55612468e+06 
 1.20000000e-01  2.57079638e+06 
 1.21000000e-01  2.58512044e+06 
 1.22000000e-01  2.59910326e+06 
 1.23000000e-01  2.61275121e+06 
 1.24000000e-01  2.62607065e+06 
 1.25000000e-01  2.63906791e+06 
 1.26000000e-01  2.65174929e+06 
 1.27000000e-01  2.66412103e+06 
 1.28000000e-01  2.67618931e+06 
 1.29000000e-01  2.68796025e+06 
 1.30000000e-01  2.69943991e+06 
 1.31000000e-01  2.71063428e+06 
 1.32000000e-01  2.72154925e+06 
 1.33000000e-01  2.73219065e+06 
 1.34000000e-01  2.74256421e+06 
 1.35000000e-01  2.75267558e+06 
 1.36000000e-01  2.76253032e+06 
 1.37000000e-01  2.77213389e+06 
 1.38000000e-01  2.78149167e+06 
 1.39000000e-01  2.79060893e+06 
 1.40000000e-01  2.79949085e+06 
 1.41000000e-01  2.80814251e+06 
 1.42000000e-01  2.81656890e+06 
 1.43000000e-01  2.82477490e+06 
 1.44000000e-01  2.83276531e+06 
 1.45000000e-01  2.84054482e+06 
 1.46000000e-01  2.84811802e+06 
 1.47000000e-01  2.85548942e+06 
 1.48000000e-01  2.86266342e+06 
 1.49000000e-01  2.86964433e+06 
 1.50000000e-01  2.87643638e+06 
 1.51000000e-01  2.88304369e+06 
 1.52000000e-01  2.88947029e+06 
 1.53000000e-01  2.89572014e+06 
 1.54000000e-01  2.90179709e+06 
 1.55000000e-01  2.90770491e+06 
 1.56000000e-01  2.91344729e+06 
 1.57000000e-01  2.91902783e+06 
 1.58000000e-01  2.92445005e+06 
 1.59000000e-01  2.92971739e+06 
 1.60000000e-01  2.93483320e+06 
 1.61000000e-01  2.93980078e+06 
 1.62000000e-01  2.94462332e+06 
 1.63000000e-01  2.94930396e+06 
 1.64000000e-01  2.95384575e+06 
 1.65000000e-01  2.95825168e+06 
 1.66000000e-01  2.96252466e+06 
 1.67000000e-01  2.96666754e+06 
 1.68000000e-01  2.97068311e+06 
 1.69000000e-01  2.97457407e+06 
 1.70000000e-01  2.97834308e+06 
 1.71000000e-01  2.98199272e+06 
 1.72000000e-01  2.98552553e+06 
 1.73000000e-01  2.98894396e+06 
 1.74000000e-01  2.99225044e+06 
 1.75000000e-01  2.99544730e+06 
 1.76000000e-01  2.99853685e+06 
 1.77000000e-01  3.00152134e+06 
 1.78000000e-01  3.00440294e+06 
 1.79000000e-01  3.00718381e+06 
 1.80000000e-01  3.00986602e+06 
 1.81000000e-01  3.01245162e+06 
 1.82000000e-01  3.01494260e+06 
 1.83000000e-01  3.01734090e+06 
 1.84000000e-01  3.01964843e+06 
 1.85000000e-01  3.02186703e+06 
 1.86000000e-01  3.02399852e+06 
 1.87000000e-01  3.02604468e+06 
 1.88000000e-01  3.02800722e+06 
 1.89000000e-01  3.02988783e+06 
 1.90000000e-01  3.03168818e+06 
 1.91000000e-01  3.03340986e+06 
 1.92000000e-01  3.03505445e+06 
 1.93000000e-01  3.03662349e+06 
 1.94000000e-01  3.03811849e+06 
 1.95000000e-01  3.03954091e+06 
 1.96000000e-01  3.04089219e+06 
 1.97000000e-01  3.04217373e+06 
 1.98000000e-01  3.04338690e+06 
 1.99000000e-01  3.04453304e+06 
 2.00000000e-01  3.04561347e+06 
 2.01000000e-01  3.04662945e+06 
 2.02000000e-01  3.04758225e+06 
 2.03000000e-01  3.04847309e+06 
 2.04000000e-01  3.04930316e+06 
 2.05000000e-01  3.05007364e+06 
 2.06000000e-01  3.05078566e+06 
 2.07000000e-01  3.05144035e+06 
 2.08000000e-01  3.05203881e+06 
 2.09000000e-01  3.05258209e+06 
 2.10000000e-01  3.05307125e+06 
 2.11000000e-01  3.05350731e+06 
 2.12000000e-01  3.05389127e+06 
 2.13000000e-01  3.05422412e+06 
 2.14000000e-01  3.05450681e+06 
 2.15000000e-01  3.05474027e+06 
 2.16000000e-01  3.05492544e+06 
 2.17000000e-01  3.05506320e+06 
 2.18000000e-01  3.05515444e+06 
 2.19000000e-01  3.05520001e+06 
 2.20000000e-01  3.05520076e+06 
 2.21000000e-01  3.05515751e+06 
 2.22000000e-01  3.05507108e+06 
 2.23000000e-01  3.05494224e+06 
 2.24000000e-01  3.05477178e+06 
 2.25000000e-01  3.05456045e+06 
 2.26000000e-01  3.05430899e+06 
 2.27000000e-01  3.05401813e+06 
 2.28000000e-01  3.05368859e+06 
 2.29000000e-01  3.05332106e+06 
 2.30000000e-01  3.05291621e+06 
 2.31000000e-01  3.05247473e+06 
 2.32000000e-01  3.05199726e+06 
 2.33000000e-01  3.05148446e+06 
 2.34000000e-01  3.05093694e+06 
 2.35000000e-01  3.05035532e+06 
 2.36000000e-01  3.04974021e+06 
 2.37000000e-01  3.04909220e+06 
 2.38000000e-01  3.04841187e+06 
 2.39000000e-01  3.04769979e+06 
 2.40000000e-01  3.04695651e+06 
 2.41000000e-01  3.04618259e+06 
 2.42000000e-01  3.04537856e+06 
 2.43000000e-01  3.04454494e+06 
 2.44000000e-01  3.04368225e+06 
 2.45000000e-01  3.04279099e+06 
 2.46000000e-01  3.04187166e+06 
 2.47000000e-01  3.04092475e+06 
 2.48000000e-01  3.03995072e+06 
 2.49000000e-01  3.03895006e+06 
 2.50000000e-01  3.03792322e+06 
 2.51000000e-01  3.03687064e+06 
 2.52000000e-01  3.03579277e+06 
 2.53000000e-01  3.03469003e+06 
 2.54000000e-01  3.03356287e+06 
 2.55000000e-01  3.03241169e+06 
 2.56000000e-01  3.03123689e+06 
 2.57000000e-01  3.03003889e+06 
 2.58000000e-01  3.02881808e+06 
 2.59000000e-01  3.02757484e+06 
 2.60000000e-01  3.02630955e+06 
 2.61000000e-01  3.02502258e+06 
 2.62000000e-01  3.02371431e+06 
 2.63000000e-01  3.02238508e+06 
 2.64000000e-01  3.02103526e+06 
 2.65000000e-01  3.01966518e+06 
 2.66000000e-01  3.01827519e+06 
 2.67000000e-01  3.01686562e+06 
 2.68000000e-01  3.01543680e+06 
 2.69000000e-01  3.01398905e+06 
 2.70000000e-01  3.01252269e+06 
 2.71000000e-01  3.01103802e+06 
 2.72000000e-01  3.00953536e+06 
 2.73000000e-01  3.00801500e+06 
 2.74000000e-01  3.00647723e+06 
 2.75000000e-01  3.00492235e+06 
 2.76000000e-01  3.00335064e+06 
 2.77000000e-01  3.00176237e+06 
 2.78000000e-01  3.00015783e+06 
 2.79000000e-01  2.99853728e+06 
 2.80000000e-01  2.99690099e+06 
 2.81000000e-01  2.99524921e+06 
 2.82000000e-01  2.99358221e+06 
 2.83000000e-01  2.99190024e+06 
 2.84000000e-01  2.99020353e+06 
 2.85000000e-01  2.98849234e+06 
 2.86000000e-01  2.98676691e+06 
 2.87000000e-01  2.98502746e+06 
 2.88000000e-01  2.98327423e+06 
 2.89000000e-01  2.98150745e+06 
 2.90000000e-01  2.97972734e+06 
 2.91000000e-01  2.97793412e+06 
 2.92000000e-01  2.97612801e+06 
 2.93000000e-01  2.97430921e+06 
 2.94000000e-01  2.97247794e+06 
 2.95000000e-01  2.97063440e+06 
 2.96000000e-01  2.96877880e+06 
 2.97000000e-01  2.96691133e+06 
 2.98000000e-01  2.96503219e+06 
 2.99000000e-01  2.96314157e+06 
 3.00000000e-01  2.96123966e+06 
 3.01000000e-01  2.95932664e+06 
 3.02000000e-01  2.95740271e+06 
 3.03000000e-01  2.95546803e+06 
 3.04000000e-01  2.95352279e+06 
 3.05000000e-01  2.95156716e+06 
 3.06000000e-01  2.94960131e+06 
 3.07000000e-01  2.94762542e+06 
 3.08000000e-01  2.94563964e+06 
 3.09000000e-01  2.94364415e+06 
 3.10000000e-01  2.94163910e+06 
 3.11000000e-01  2.93962465e+06 
 3.12000000e-01  2.93760096e+06 
 3.13000000e-01  2.93556818e+06 
 3.14000000e-01  2.93352646e+06 
 3.15000000e-01  2.93147595e+06 
 3.16000000e-01  2.92941680e+06 
 3.17000000e-01  2.92734915e+06 
 3.18000000e-01  2.92527315e+06 
 3.19000000e-01  2.92318893e+06 
 3.20000000e-01  2.92109664e+06 
 3.21000000e-01  2.91899640e+06 
 3.22000000e-01  2.91688835e+06 
 3.23000000e-01  2.91477263e+06 
 3.24000000e-01  2.91264936e+06 
 3.25000000e-01  2.91051867e+06 
 3.26000000e-01  2.90838069e+06 
 3.27000000e-01  2.90623553e+06 
 3.28000000e-01  2.90408333e+06 
 3.29000000e-01  2.90192420e+06 
 3.30000000e-01  2.89975826e+06 
 3.31000000e-01  2.89758563e+06 
 3.32000000e-01  2.89540642e+06 
 3.33000000e-01  2.89322075e+06 
 3.34000000e-01  2.89102872e+06 
 3.35000000e-01  2.88883045e+06 
 3.36000000e-01  2.88662605e+06 
 3.37000000e-01  2.88441561e+06 
 3.38000000e-01  2.88219926e+06 
 3.39000000e-01  2.87997708e+06 
 3.40000000e-01  2.87774919e+06 
 3.41000000e-01  2.87551568e+06 
 3.42000000e-01  2.87327665e+06 
 3.43000000e-01  2.87103221e+06 
 3.44000000e-01  2.86878244e+06 
 3.45000000e-01  2.86652744e+06 
 3.46000000e-01  2.86426731e+06 
 3.47000000e-01  2.86200213e+06 
 3.48000000e-01  2.85973201e+06 
 3.49000000e-01  2.85745702e+06 
 3.50000000e-01  2.85517725e+06 
 3.51000000e-01  2.85289281e+06 
 3.52000000e-01  2.85060376e+06 
 3.53000000e-01  2.84831019e+06 
 3.54000000e-01  2.84601220e+06 
 3.55000000e-01  2.84370985e+06 
 3.56000000e-01  2.84140323e+06 
 3.57000000e-01  2.83909243e+06 
 3.58000000e-01  2.83677752e+06 
 3.59000000e-01  2.83445857e+06 
 3.60000000e-01  2.83213567e+06 
 3.61000000e-01  2.82980889e+06 
 3.62000000e-01  2.82747831e+06 
 3.63000000e-01  2.82514399e+06 
 3.64000000e-01  2.82280602e+06 
 3.65000000e-01  2.82046446e+06 
 3.66000000e-01  2.81811939e+06 
 3.67000000e-01  2.81577087e+06 
 3.68000000e-01  2.81341897e+06 
 3.69000000e-01  2.81106376e+06 
 3.70000000e-01  2.80870531e+06 
 3.71000000e-01  2.80634368e+06 
 3.72000000e-01  2.80397894e+06 
 3.73000000e-01  2.80161115e+06 
 3.74000000e-01  2.79924038e+06 
 3.75000000e-01  2.79686669e+06 
 3.76000000e-01  2.79449014e+06 
 3.77000000e-01  2.79211079e+06 
 3.78000000e-01  2.78972870e+06 
 3.79000000e-01  2.78734393e+06 
 3.80000000e-01  2.78495654e+06 
 3.81000000e-01  2.78256658e+06 
 3.82000000e-01  2.78017412e+06 
 3.83000000e-01  2.77777921e+06 
 3.84000000e-01  2.77538191e+06 
 3.85000000e-01  2.77298226e+06 
 3.86000000e-01  2.77058033e+06 
 3.87000000e-01  2.76817616e+06 
 3.88000000e-01  2.76576981e+06 
 3.89000000e-01  2.76336134e+06 
 3.90000000e-01  2.76095079e+06 
 3.91000000e-01  2.75853821e+06 
 3.92000000e-01  2.75612365e+06 
 3.93000000e-01  2.75370717e+06 
 3.94000000e-01  2.75128881e+06 
 3.95000000e-01  2.74886861e+06 
 3.96000000e-01  2.74644664e+06 
 3.97000000e-01  2.74402292e+06 
 3.98000000e-01  2.74159752e+06 
 3.99000000e-01  2.73917047e+06 
 4.00000000e-01  2.73674182e+06 
 4.01000000e-01  2.73431161e+06 
 4.02000000e-01  2.73187989e+06 
 4.03000000e-01  2.72944671e+06 
 4.04000000e-01  2.72701209e+06 
 4.05000000e-01  2.72457610e+06 
 4.06000000e-01  2.72213876e+06 
 4.07000000e-01  2.71970012e+06 
 4.08000000e-01  2.71726022e+06 
 4.09000000e-01  2.71481910e+06 
 4.10000000e-01  2.71237680e+06 
 4.11000000e-01  2.70993336e+06 
 4.12000000e-01  2.70748881e+06 
 4.13000000e-01  2.70504320e+06 
 4.14000000e-01  2.70259656e+06 
 4.15000000e-01  2.70014893e+06 
 4.16000000e-01  2.69770035e+06 
 4.17000000e-01  2.69525085e+06 
 4.18000000e-01  2.69280047e+06 
 4.19000000e-01  2.69034924e+06 
 4.20000000e-01  2.68789721e+06 
 4.21000000e-01  2.68544439e+06 
 4.22000000e-01  2.68299083e+06 
 4.23000000e-01  2.68053657e+06 
 4.24000000e-01  2.67808163e+06 
 4.25000000e-01  2.67562604e+06 
 4.26000000e-01  2.67316985e+06 
 4.27000000e-01  2.67071307e+06 
 4.28000000e-01  2.66825575e+06 
 4.29000000e-01  2.66579791e+06 
 4.30000000e-01  2.66333959e+06 
 4.31000000e-01  2.66088081e+06 
 4.32000000e-01  2.65842161e+06 
 4.33000000e-01  2.65596201e+06 
 4.34000000e-01  2.65350205e+06 
 4.35000000e-01  2.65104175e+06 
 4.36000000e-01  2.64858114e+06 
 4.37000000e-01  2.64612026e+06 
 4.38000000e-01  2.64365912e+06 
 4.39000000e-01  2.64119776e+06 
 4.40000000e-01  2.63873620e+06 
 4.41000000e-01  2.63627447e+06 
 4.42000000e-01  2.63381260e+06 
 4.43000000e-01  2.63135061e+06 
 4.44000000e-01  2.62888853e+06 
 4.45000000e-01  2.62642639e+06 
 4.46000000e-01  2.62396420e+06 
 4.47000000e-01  2.62150200e+06 
 4.48000000e-01  2.61903982e+06 
 4.49000000e-01  2.61657766e+06 
 4.50000000e-01  2.61411556e+06 
 4.51000000e-01  2.61165355e+06 
 4.52000000e-01  2.60919164e+06 
 4.53000000e-01  2.60672986e+06 
 4.54000000e-01  2.60426823e+06 
 4.55000000e-01  2.60180678e+06 
 4.56000000e-01  2.59934553e+06 
 4.57000000e-01  2.59688449e+06 
 4.58000000e-01  2.59442370e+06 
 4.59000000e-01  2.59196317e+06 
 4.60000000e-01  2.58950292e+06 
 4.61000000e-01  2.58704298e+06 
 4.62000000e-01  2.58458337e+06 
 4.63000000e-01  2.58212410e+06 
 4.64000000e-01  2.57966520e+06 
 4.65000000e-01  2.57720669e+06 
 4.66000000e-01  2.57474859e+06 
 4.67000000e-01  2.57229091e+06 
 4.68000000e-01  2.56983369e+06 
 4.69000000e-01  2.56737692e+06 
 4.70000000e-01  2.56492065e+06 
 4.71000000e-01  2.56246488e+06 
 4.72000000e-01  2.56000963e+06 
 4.73000000e-01  2.55755492e+06 
 4.74000000e-01  2.55510077e+06 
 4.75000000e-01  2.55264719e+06 
 4.76000000e-01  2.55019422e+06 
 4.77000000e-01  2.54774185e+06 
 4.78000000e-01  2.54529011e+06 
 4.79000000e-01  2.54283902e+06 
 4.80000000e-01  2.54038860e+06 
 4.81000000e-01  2.53793885e+06 
 4.82000000e-01  2.53548980e+06 
 4.83000000e-01  2.53304146e+06 
 4.84000000e-01  2.53059385e+06 
 4.85000000e-01  2.52814699e+06 
 4.86000000e-01  2.52570088e+06 
 4.87000000e-01  2.52325556e+06 
 4.88000000e-01  2.52081102e+06 
 4.89000000e-01  2.51836729e+06 
 4.90000000e-01  2.51592438e+06 
 4.91000000e-01  2.51348231e+06 
 4.92000000e-01  2.51104109e+06 
 4.93000000e-01  2.50860073e+06 
 4.94000000e-01  2.50616126e+06 
 4.95000000e-01  2.50372268e+06 
 4.96000000e-01  2.50128500e+06 
 4.97000000e-01  2.49884825e+06 
 4.98000000e-01  2.49641243e+06 
 4.99000000e-01  2.49397757e+06 
 5.00000000e-01  2.49154366e+06 
 5.01000000e-01  2.48911073e+06 
 5.02000000e-01  2.48667879e+06 
 5.03000000e-01  2.48424784e+06 
 5.04000000e-01  2.48181792e+06 
 5.05000000e-01  2.47938901e+06 
 5.06000000e-01  2.47696115e+06 
 5.07000000e-01  2.47453434e+06 
 5.08000000e-01  2.47210859e+06 
 5.09000000e-01  2.46968392e+06 
 5.10000000e-01  2.46726033e+06 
 5.11000000e-01  2.46483784e+06 
 5.12000000e-01  2.46241646e+06 
 5.13000000e-01  2.45999621e+06 
 5.14000000e-01  2.45757708e+06 
 5.15000000e-01  2.45515910e+06 
 5.16000000e-01  2.45274228e+06 
 5.17000000e-01  2.45032662e+06 
 5.18000000e-01  2.44791214e+06 
 5.19000000e-01  2.44549884e+06 
 5.20000000e-01  2.44308675e+06 
 5.21000000e-01  2.44067586e+06 
 5.22000000e-01  2.43826619e+06 
 5.23000000e-01  2.43585775e+06 
 5.24000000e-01  2.43345054e+06 
 5.25000000e-01  2.43104459e+06 
 5.26000000e-01  2.42863989e+06 
 5.27000000e-01  2.42623646e+06 
 5.28000000e-01  2.42383431e+06 
 5.29000000e-01  2.42143345e+06 
 5.30000000e-01  2.41903388e+06 
 5.31000000e-01  2.41663562e+06 
 5.32000000e-01  2.41423867e+06 
 5.33000000e-01  2.41184304e+06 
 5.34000000e-01  2.40944875e+06 
 5.35000000e-01  2.40705580e+06 
 5.36000000e-01  2.40466420e+06 
 5.37000000e-01  2.40227396e+06 
 5.38000000e-01  2.39988508e+06 
 5.39000000e-01  2.39749758e+06 
 5.40000000e-01  2.39511147e+06 
 5.41000000e-01  2.39272674e+06 
 5.42000000e-01  2.39034341e+06 
 5.43000000e-01  2.38796150e+06 
 5.44000000e-01  2.38558100e+06 
 5.45000000e-01  2.38320192e+06 
 5.46000000e-01  2.38082427e+06 
 5.47000000e-01  2.37844806e+06 
 5.48000000e-01  2.37607330e+06 
 5.49000000e-01  2.37369999e+06 
 5.50000000e-01  2.37132814e+06 
 5.51000000e-01  2.36895776e+06 
 5.52000000e-01  2.36658886e+06 
 5.53000000e-01  2.36422144e+06 
 5.54000000e-01  2.36185550e+06 
 5.55000000e-01  2.35949107e+06 
 5.56000000e-01  2.35712814e+06 
 5.57000000e-01  2.35476671e+06 
 5.58000000e-01  2.35240680e+06 
 5.59000000e-01  2.35004842e+06 
 5.60000000e-01  2.34769157e+06 
 5.61000000e-01  2.34533625e+06 
 5.62000000e-01  2.34298247e+06 
 5.63000000e-01  2.34063024e+06 
 5.64000000e-01  2.33827957e+06 
 5.65000000e-01  2.33593045e+06 
 5.66000000e-01  2.33358291e+06 
 5.67000000e-01  2.33123693e+06 
 5.68000000e-01  2.32889253e+06 
 5.69000000e-01  2.32654972e+06 
 5.70000000e-01  2.32420850e+06 
 5.71000000e-01  2.32186887e+06 
 5.72000000e-01  2.31953085e+06 
 5.73000000e-01  2.31719443e+06 
 5.74000000e-01  2.31485962e+06 
 5.75000000e-01  2.31252643e+06 
 5.76000000e-01  2.31019486e+06 
 5.77000000e-01  2.30786492e+06 
 5.78000000e-01  2.30553662e+06 
 5.79000000e-01  2.30320995e+06 
 5.80000000e-01  2.30088492e+06 
 5.81000000e-01  2.29856154e+06 
 5.82000000e-01  2.29623982e+06 
 5.83000000e-01  2.29391975e+06 
 5.84000000e-01  2.29160135e+06 
 5.85000000e-01  2.28928461e+06 
 5.86000000e-01  2.28696954e+06 
 5.87000000e-01  2.28465615e+06 
 5.88000000e-01  2.28234445e+06 
 5.89000000e-01  2.28003442e+06 
 5.90000000e-01  2.27772609e+06 
 5.91000000e-01  2.27541945e+06 
 5.92000000e-01  2.27311451e+06 
 5.93000000e-01  2.27081127e+06 
 5.94000000e-01  2.26850974e+06 
 5.95000000e-01  2.26620992e+06 
 5.96000000e-01  2.26391182e+06 
 5.97000000e-01  2.26161543e+06 
 5.98000000e-01  2.25932077e+06 
 5.99000000e-01  2.25702783e+06 
 6.00000000e-01  2.25473663e+06 
 6.01000000e-01  2.25244715e+06 
 6.02000000e-01  2.25015942e+06 
 6.03000000e-01  2.24787343e+06 
 6.04000000e-01  2.24558918e+06 
 6.05000000e-01  2.24330669e+06 
 6.06000000e-01  2.24102594e+06 
 6.07000000e-01  2.23874696e+06 
 6.08000000e-01  2.23646973e+06 
 6.09000000e-01  2.23419426e+06 
 6.10000000e-01  2.23192056e+06 
 6.11000000e-01  2.22964863e+06 
 6.12000000e-01  2.22737848e+06 
 6.13000000e-01  2.22511010e+06 
 6.14000000e-01  2.22284350e+06 
 6.15000000e-01  2.22057868e+06 
 6.16000000e-01  2.21831564e+06 
 6.17000000e-01  2.21605440e+06 
 6.18000000e-01  2.21379494e+06 
 6.19000000e-01  2.21153728e+06 
 6.20000000e-01  2.20928142e+06 
 6.21000000e-01  2.20702736e+06 
 6.22000000e-01  2.20477510e+06 
 6.23000000e-01  2.20252464e+06 
 6.24000000e-01  2.20027600e+06 
 6.25000000e-01  2.19802916e+06 
 6.26000000e-01  2.19578414e+06 
 6.27000000e-01  2.19354094e+06 
 6.28000000e-01  2.19129955e+06 
 6.29000000e-01  2.18905998e+06 
 6.30000000e-01  2.18682224e+06 
 6.31000000e-01  2.18458632e+06 
 6.32000000e-01  2.18235224e+06 
 6.33000000e-01  2.18011998e+06 
 6.34000000e-01  2.17788955e+06 
 6.35000000e-01  2.17566097e+06 
 6.36000000e-01  2.17343422e+06 
 6.37000000e-01  2.17120930e+06 
 6.38000000e-01  2.16898624e+06 
 6.39000000e-01  2.16676501e+06 
 6.40000000e-01  2.16454563e+06 
 6.41000000e-01  2.16232810e+06 
 6.42000000e-01  2.16011242e+06 
 6.43000000e-01  2.15789859e+06 
 6.44000000e-01  2.15568662e+06 
 6.45000000e-01  2.15347650e+06 
 6.46000000e-01  2.15126824e+06 
 6.47000000e-01  2.14906184e+06 
 6.48000000e-01  2.14685731e+06 
 6.49000000e-01  2.14465463e+06 
 6.50000000e-01  2.14245382e+06 
 6.51000000e-01  2.14025488e+06 
 6.52000000e-01  2.13805781e+06 
 6.53000000e-01  2.13586260e+06 
 6.54000000e-01  2.13366927e+06 
 6.55000000e-01  2.13147782e+06 
 6.56000000e-01  2.12928823e+06 
 6.57000000e-01  2.12710053e+06 
 6.58000000e-01  2.12491470e+06 
 6.59000000e-01  2.12273075e+06 
 6.60000000e-01  2.12054869e+06 
 6.61000000e-01  2.11836850e+06 
 6.62000000e-01  2.11619020e+06 
 6.63000000e-01  2.11401379e+06 
 6.64000000e-01  2.11183926e+06 
 6.65000000e-01  2.10966662e+06 
 6.66000000e-01  2.10749587e+06 
 6.67000000e-01  2.10532701e+06 
 6.68000000e-01  2.10316004e+06 
 6.69000000e-01  2.10099496e+06 
 6.70000000e-01  2.09883178e+06 
 6.71000000e-01  2.09667049e+06 
 6.72000000e-01  2.09451110e+06 
 6.73000000e-01  2.09235361e+06 
 6.74000000e-01  2.09019801e+06 
 6.75000000e-01  2.08804432e+06 
 6.76000000e-01  2.08589252e+06 
 6.77000000e-01  2.08374263e+06 
 6.78000000e-01  2.08159464e+06 
 6.79000000e-01  2.07944855e+06 
 6.80000000e-01  2.07730437e+06 
 6.81000000e-01  2.07516209e+06 
 6.82000000e-01  2.07302171e+06 
 6.83000000e-01  2.07088325e+06 
 6.84000000e-01  2.06874669e+06 
 6.85000000e-01  2.06661204e+06 
 6.86000000e-01  2.06447930e+06 
 6.87000000e-01  2.06234847e+06 
 6.88000000e-01  2.06021955e+06 
 6.89000000e-01  2.05809254e+06 
 6.90000000e-01  2.05596745e+06 
 6.91000000e-01  2.05384426e+06 
 6.92000000e-01  2.05172300e+06 
 6.93000000e-01  2.04960364e+06 
 6.94000000e-01  2.04748620e+06 
 6.95000000e-01  2.04537067e+06 
 6.96000000e-01  2.04325706e+06 
 6.97000000e-01  2.04114537e+06 
 6.98000000e-01  2.03903559e+06 
 6.99000000e-01  2.03692773e+06 
 7.00000000e-01  2.03482179e+06 
 7.01000000e-01  2.03271777e+06 
 7.02000000e-01  2.03061566e+06 
 7.03000000e-01  2.02851548e+06 
 7.04000000e-01  2.02641721e+06 
 7.05000000e-01  2.02432086e+06 
 7.06000000e-01  2.02222644e+06 
 7.07000000e-01  2.02013393e+06 
 7.08000000e-01  2.01804334e+06 
 7.09000000e-01  2.01595468e+06 
 7.10000000e-01  2.01386794e+06 
 7.11000000e-01  2.01178312e+06 
 7.12000000e-01  2.00970022e+06 
 7.13000000e-01  2.00761924e+06 
 7.14000000e-01  2.00554019e+06 
 7.15000000e-01  2.00346305e+06 
 7.16000000e-01  2.00138785e+06 
 7.17000000e-01  1.99931456e+06 
 7.18000000e-01  1.99724320e+06 
 7.19000000e-01  1.99517376e+06 
 7.20000000e-01  1.99310624e+06 
 7.21000000e-01  1.99104065e+06 
 7.22000000e-01  1.98897698e+06 
 7.23000000e-01  1.98691523e+06 
 7.24000000e-01  1.98485541e+06 
 7.25000000e-01  1.98279751e+06 
 7.26000000e-01  1.98074153e+06 
 7.27000000e-01  1.97868748e+06 
 7.28000000e-01  1.97663535e+06 
 7.29000000e-01  1.97458514e+06 
 7.30000000e-01  1.97253686e+06 
 7.31000000e-01  1.97049050e+06 
 7.32000000e-01  1.96844607e+06 
 7.33000000e-01  1.96640356e+06 
 7.34000000e-01  1.96436297e+06 
 7.35000000e-01  1.96232430e+06 
 7.36000000e-01  1.96028756e+06 
 7.37000000e-01  1.95825274e+06 
 7.38000000e-01  1.95621984e+06 
 7.39000000e-01  1.95418886e+06 
 7.40000000e-01  1.95215981e+06 
 7.41000000e-01  1.95013268e+06 
 7.42000000e-01  1.94810747e+06 
 7.43000000e-01  1.94608418e+06 
 7.44000000e-01  1.94406281e+06 
 7.45000000e-01  1.94204337e+06 
 7.46000000e-01  1.94002584e+06 
 7.47000000e-01  1.93801024e+06 
 7.48000000e-01  1.93599655e+06 
 7.49000000e-01  1.93398479e+06 
 7.50000000e-01  1.93197494e+06 
 7.51000000e-01  1.92996701e+06 
 7.52000000e-01  1.92796100e+06 
 7.53000000e-01  1.92595691e+06 
 7.54000000e-01  1.92395474e+06 
 7.55000000e-01  1.92195449e+06 
 7.56000000e-01  1.91995615e+06 
 7.57000000e-01  1.91795973e+06 
 7.58000000e-01  1.91596523e+06 
 7.59000000e-01  1.91397264e+06 
 7.60000000e-01  1.91198197e+06 
 7.61000000e-01  1.90999321e+06 
 7.62000000e-01  1.90800637e+06 
 7.63000000e-01  1.90602144e+06 
 7.64000000e-01  1.90403842e+06 
 7.65000000e-01  1.90205732e+06 
 7.66000000e-01  1.90007813e+06 
 7.67000000e-01  1.89810086e+06 
 7.68000000e-01  1.89612549e+06 
 7.69000000e-01  1.89415204e+06 
 7.70000000e-01  1.89218049e+06 
 7.71000000e-01  1.89021086e+06 
 7.72000000e-01  1.88824313e+06 
 7.73000000e-01  1.88627732e+06 
 7.74000000e-01  1.88431341e+06 
 7.75000000e-01  1.88235141e+06 
 7.76000000e-01  1.88039131e+06 
 7.77000000e-01  1.87843313e+06 
 7.78000000e-01  1.87647685e+06 
 7.79000000e-01  1.87452247e+06 
 7.80000000e-01  1.87257000e+06 
 7.81000000e-01  1.87061943e+06 
 7.82000000e-01  1.86867076e+06 
 7.83000000e-01  1.86672400e+06 
 7.84000000e-01  1.86477914e+06 
 7.85000000e-01  1.86283617e+06 
 7.86000000e-01  1.86089511e+06 
 7.87000000e-01  1.85895595e+06 
 7.88000000e-01  1.85701869e+06 
 7.89000000e-01  1.85508333e+06 
 7.90000000e-01  1.85314986e+06 
 7.91000000e-01  1.85121829e+06 
 7.92000000e-01  1.84928861e+06 
 7.93000000e-01  1.84736083e+06 
 7.94000000e-01  1.84543495e+06 
 7.95000000e-01  1.84351095e+06 
 7.96000000e-01  1.84158886e+06 
 7.97000000e-01  1.83966865e+06 
 7.98000000e-01  1.83775033e+06 
 7.99000000e-01  1.83583390e+06 
 8.00000000e-01  1.83391937e+06 
 8.01000000e-01  1.83200672e+06 
 8.02000000e-01  1.83009596e+06 
 8.03000000e-01  1.82818708e+06 
 8.04000000e-01  1.82628010e+06 
 8.05000000e-01  1.82437499e+06 
 8.06000000e-01  1.82247178e+06 
 8.07000000e-01  1.82057044e+06 
 8.08000000e-01  1.81867099e+06 
 8.09000000e-01  1.81677342e+06 
 8.10000000e-01  1.81487773e+06 
 8.11000000e-01  1.81298392e+06 
 8.12000000e-01  1.81109199e+06 
 8.13000000e-01  1.80920193e+06 
 8.14000000e-01  1.80731376e+06 
 8.15000000e-01  1.80542746e+06 
 8.16000000e-01  1.80354303e+06 
 8.17000000e-01  1.80166048e+06 
 8.18000000e-01  1.79977980e+06 
 8.19000000e-01  1.79790100e+06 
 8.20000000e-01  1.79602406e+06 
 8.21000000e-01  1.79414900e+06 
 8.22000000e-01  1.79227581e+06 
 8.23000000e-01  1.79040448e+06 
 8.24000000e-01  1.78853502e+06 
 8.25000000e-01  1.78666743e+06 
 8.26000000e-01  1.78480170e+06 
 8.27000000e-01  1.78293784e+06 
 8.28000000e-01  1.78107584e+06 
 8.29000000e-01  1.77921571e+06 
 8.30000000e-01  1.77735743e+06 
 8.31000000e-01  1.77550102e+06 
 8.32000000e-01  1.77364646e+06 
 8.33000000e-01  1.77179377e+06 
 8.34000000e-01  1.76994293e+06 
 8.35000000e-01  1.76809394e+06 
 8.36000000e-01  1.76624681e+06 
 8.37000000e-01  1.76440154e+06 
 8.38000000e-01  1.76255812e+06 
 8.39000000e-01  1.76071655e+06 
 8.40000000e-01  1.75887683e+06 
 8.41000000e-01  1.75703896e+06 
 8.42000000e-01  1.75520294e+06 
 8.43000000e-01  1.75336876e+06 
 8.44000000e-01  1.75153644e+06 
 8.45000000e-01  1.74970595e+06 
 8.46000000e-01  1.74787732e+06 
 8.47000000e-01  1.74605052e+06 
 8.48000000e-01  1.74422557e+06 
 8.49000000e-01  1.74240246e+06 
 8.50000000e-01  1.74058119e+06 
 8.51000000e-01  1.73876175e+06 
 8.52000000e-01  1.73694416e+06 
 8.53000000e-01  1.73512839e+06 
 8.54000000e-01  1.73331447e+06 
 8.55000000e-01  1.73150238e+06 
 8.56000000e-01  1.72969212e+06 
 8.57000000e-01  1.72788369e+06 
 8.58000000e-01  1.72607710e+06 
 8.59000000e-01  1.72427233e+06 
 8.60000000e-01  1.72246939e+06 
 8.61000000e-01  1.72066828e+06 
 8.62000000e-01  1.71886899e+06 
 8.63000000e-01  1.71707153e+06 
 8.64000000e-01  1.71527589e+06 
 8.65000000e-01  1.71348207e+06 
 8.66000000e-01  1.71169008e+06 
 8.67000000e-01  1.70989990e+06 
 8.68000000e-01  1.70811154e+06 
 8.69000000e-01  1.70632500e+06 
 8.70000000e-01  1.70454028e+06 
 8.71000000e-01  1.70275737e+06 
 8.72000000e-01  1.70097627e+06 
 8.73000000e-01  1.69919699e+06 
 8.74000000e-01  1.69741952e+06 
 8.75000000e-01  1.69564386e+06 
 8.76000000e-01  1.69387000e+06 
 8.77000000e-01  1.69209796e+06 
 8.78000000e-01  1.69032772e+06 
 8.79000000e-01  1.68855928e+06 
 8.80000000e-01  1.68679265e+06 
 8.81000000e-01  1.68502782e+06 
 8.82000000e-01  1.68326479e+06 
 8.83000000e-01  1.68150356e+06 
 8.84000000e-01  1.67974414e+06 
 8.85000000e-01  1.67798650e+06 
 8.86000000e-01  1.67623067e+06 
 8.87000000e-01  1.67447663e+06 
 8.88000000e-01  1.67272438e+06 
 8.89000000e-01  1.67097392e+06 
 8.90000000e-01  1.66922526e+06 
 8.91000000e-01  1.66747838e+06 
 8.92000000e-01  1.66573330e+06 
 8.93000000e-01  1.66399000e+06 
 8.94000000e-01  1.66224848e+06 
 8.95000000e-01  1.66050875e+06 
 8.96000000e-01  1.65877081e+06 
 8.97000000e-01  1.65703464e+06 
 8.98000000e-01  1.65530026e+06 
 8.99000000e-01  1.65356766e+06 
 9.00000000e-01  1.65183683e+06 
 9.01000000e-01  1.65010778e+06 
 9.02000000e-01  1.64838051e+06 
 9.03000000e-01  1.64665500e+06 
 9.04000000e-01  1.64493128e+06 
 9.05000000e-01  1.64320932e+06 
 9.06000000e-01  1.64148913e+06 
 9.07000000e-01  1.63977071e+06 
 9.08000000e-01  1.63805406e+06 
 9.09000000e-01  1.63633918e+06 
 9.10000000e-01  1.63462606e+06 
 9.11000000e-01  1.63291470e+06 
 9.12000000e-01  1.63120511e+06 
 9.13000000e-01  1.62949727e+06 
 9.14000000e-01  1.62779119e+06 
 9.15000000e-01  1.62608688e+06 
 9.16000000e-01  1.62438432e+06 
 9.17000000e-01  1.62268351e+06 
 9.18000000e-01  1.62098446e+06 
 9.19000000e-01  1.61928716e+06 
 9.20000000e-01  1.61759161e+06 
 9.21000000e-01  1.61589781e+06 
 9.22000000e-01  1.61420576e+06 
 9.23000000e-01  1.61251546e+06 
 9.24000000e-01  1.61082690e+06 
 9.25000000e-01  1.60914008e+06 
 9.26000000e-01  1.60745501e+06 
 9.27000000e-01  1.60577168e+06 
 9.28000000e-01  1.60409009e+06 
 9.29000000e-01  1.60241024e+06 
 9.30000000e-01  1.60073213e+06 
 9.31000000e-01  1.59905575e+06 
 9.32000000e-01  1.59738111e+06 
 9.33000000e-01  1.59570820e+06 
 9.34000000e-01  1.59403702e+06 
 9.35000000e-01  1.59236757e+06 
 9.36000000e-01  1.59069985e+06 
 9.37000000e-01  1.58903386e+06 
 9.38000000e-01  1.58736959e+06 
 9.39000000e-01  1.58570705e+06 
 9.40000000e-01  1.58404624e+06 
 9.41000000e-01  1.58238714e+06 
 9.42000000e-01  1.58072977e+06 
 9.43000000e-01  1.57907411e+06 
 9.44000000e-01  1.57742017e+06 
 9.45000000e-01  1.57576795e+06 
 9.46000000e-01  1.57411744e+06 
 9.47000000e-01  1.57246865e+06 
 9.48000000e-01  1.57082157e+06 
 9.49000000e-01  1.56917620e+06 
 9.50000000e-01  1.56753254e+06 
 9.51000000e-01  1.56589058e+06 
 9.52000000e-01  1.56425034e+06 
 9.53000000e-01  1.56261179e+06 
 9.54000000e-01  1.56097496e+06 
 9.55000000e-01  1.55933982e+06 
 9.56000000e-01  1.55770638e+06 
 9.57000000e-01  1.55607465e+06 
 9.58000000e-01  1.55444461e+06 
 9.59000000e-01  1.55281627e+06 
 9.60000000e-01  1.55118962e+06 
 9.61000000e-01  1.54956466e+06 
 9.62000000e-01  1.54794140e+06 
 9.63000000e-01  1.54631983e+06 
 9.64000000e-01  1.54469995e+06 
 9.65000000e-01  1.54308176e+06 
 9.66000000e-01  1.54146525e+06 
 9.67000000e-01  1.53985043e+06 
 9.68000000e-01  1.53823729e+06 
 9.69000000e-01  1.53662583e+06 
 9.70000000e-01  1.53501606e+06 
 9.71000000e-01  1.53340796e+06 
 9.72000000e-01  1.53180154e+06 
 9.73000000e-01  1.53019680e+06 
 9.74000000e-01  1.52859373e+06 
 9.75000000e-01  1.52699233e+06 
 9.76000000e-01  1.52539261e+06 
 9.77000000e-01  1.52379456e+06 
 9.78000000e-01  1.52219818e+06 
 9.79000000e-01  1.52060346e+06 
 9.80000000e-01  1.51901041e+06 
 9.81000000e-01  1.51741903e+06 
 9.82000000e-01  1.51582930e+06 
 9.83000000e-01  1.51424125e+06 
 9.84000000e-01  1.51265485e+06 
 9.85000000e-01  1.51107011e+06 
 9.86000000e-01  1.50948702e+06 
 9.87000000e-01  1.50790560e+06 
 9.88000000e-01  1.50632582e+06 
 9.89000000e-01  1.50474770e+06 
 9.90000000e-01  1.50317124e+06 
 9.91000000e-01  1.50159642e+06 
 9.92000000e-01  1.50002325e+06 
 9.93000000e-01  1.49845173e+06 
 9.94000000e-01  1.49688185e+06 
 9.95000000e-01  1.49531362e+06 
 9.96000000e-01  1.49374703e+06 
 9.97000000e-01  1.49218209e+06 
 9.98000000e-01  1.49061878e+06 
 9.99000000e-01  1.48905711e+06 
 1.00000000e+00  1.48749708e+06 
 1.00100000e+00  1.48593868e+06 
 1.00200000e+00  1.48438192e+06 
 1.00300000e+00  1.48282679e+06 
 1.00400000e+00  1.48127329e+06 
 1.00500000e+00  1.47972142e+06 
 1.00600000e+00  1.47817118e+06 
 1.00700000e+00  1.47662257e+06 
 1.00800000e+00  1.47507558e+06 
 1.00900000e+00  1.47353021e+06 
 1.01000000e+00  1.47198647e+06 
 1.01100000e+00  1.47044435e+06 
 1.01200000e+00  1.46890385e+06 
 1.01300000e+00  1.46736496e+06 
 1.01400000e+00  1.46582770e+06 
 1.01500000e+00  1.46429204e+06 
 1.01600000e+00  1.46275800e+06 
 1.01700000e+00  1.46122558e+06 
 1.01800000e+00  1.45969476e+06 
 1.01900000e+00  1.45816555e+06 
 1.02000000e+00  1.45663795e+06 
 1.02100000e+00  1.45511196e+06 
 1.02200000e+00  1.45358757e+06 
 1.02300000e+00  1.45206479e+06 
 1.02400000e+00  1.45054360e+06 
 1.02500000e+00  1.44902402e+06 
 1.02600000e+00  1.44750603e+06 
 1.02700000e+00  1.44598965e+06 
 1.02800000e+00  1.44447485e+06 
 1.02900000e+00  1.44296166e+06 
 1.03000000e+00  1.44145005e+06 
 1.03100000e+00  1.43994004e+06 
 1.03200000e+00  1.43843162e+06 
 1.03300000e+00  1.43692478e+06 
 1.03400000e+00  1.43541953e+06 
 1.03500000e+00  1.43391587e+06 
 1.03600000e+00  1.43241379e+06 
 1.03700000e+00  1.43091330e+06 
 1.03800000e+00  1.42941438e+06 
 1.03900000e+00  1.42791705e+06 
 1.04000000e+00  1.42642129e+06 
 1.04100000e+00  1.42492711e+06 
 1.04200000e+00  1.42343451e+06 
 1.04300000e+00  1.42194348e+06 
 1.04400000e+00  1.42045402e+06 
 1.04500000e+00  1.41896613e+06 
 1.04600000e+00  1.41747982e+06 
 1.04700000e+00  1.41599507e+06 
 1.04800000e+00  1.41451188e+06 
 1.04900000e+00  1.41303026e+06 
 1.05000000e+00  1.41155021e+06 
 1.05100000e+00  1.41007171e+06 
 1.05200000e+00  1.40859478e+06 
 1.05300000e+00  1.40711941e+06 
 1.05400000e+00  1.40564559e+06 
 1.05500000e+00  1.40417333e+06 
 1.05600000e+00  1.40270262e+06 
 1.05700000e+00  1.40123347e+06 
 1.05800000e+00  1.39976587e+06 
 1.05900000e+00  1.39829982e+06 
 1.06000000e+00  1.39683532e+06 
 1.06100000e+00  1.39537236e+06 
 1.06200000e+00  1.39391095e+06 
 1.06300000e+00  1.39245109e+06 
 1.06400000e+00  1.39099277e+06 
 1.06500000e+00  1.38953599e+06 
 1.06600000e+00  1.38808075e+06 
 1.06700000e+00  1.38662704e+06 
 1.06800000e+00  1.38517488e+06 
 1.06900000e+00  1.38372425e+06 
 1.07000000e+00  1.38227515e+06 
 1.07100000e+00  1.38082759e+06 
 1.07200000e+00  1.37938156e+06 
 1.07300000e+00  1.37793706e+06 
 1.07400000e+00  1.37649408e+06 
 1.07500000e+00  1.37505263e+06 
 1.07600000e+00  1.37361271e+06 
 1.07700000e+00  1.37217431e+06 
 1.07800000e+00  1.37073744e+06 
 1.07900000e+00  1.36930208e+06 
 1.08000000e+00  1.36786824e+06 
 1.08100000e+00  1.36643592e+06 
 1.08200000e+00  1.36500512e+06 
 1.08300000e+00  1.36357583e+06 
 1.08400000e+00  1.36214806e+06 
 1.08500000e+00  1.36072180e+06 
 1.08600000e+00  1.35929705e+06 
 1.08700000e+00  1.35787381e+06 
 1.08800000e+00  1.35645207e+06 
 1.08900000e+00  1.35503184e+06 
 1.09000000e+00  1.35361312e+06 
 1.09100000e+00  1.35219590e+06 
 1.09200000e+00  1.35078018e+06 
 1.09300000e+00  1.34936596e+06 
 1.09400000e+00  1.34795324e+06 
 1.09500000e+00  1.34654202e+06 
 1.09600000e+00  1.34513229e+06 
 1.09700000e+00  1.34372406e+06 
 1.09800000e+00  1.34231732e+06 
 1.09900000e+00  1.34091207e+06 
 1.10000000e+00  1.33950832e+06 
 1.10100000e+00  1.33810605e+06 
 1.10200000e+00  1.33670526e+06 
 1.10300000e+00  1.33530597e+06 
 1.10400000e+00  1.33390816e+06 
 1.10500000e+00  1.33251183e+06 
 1.10600000e+00  1.33111698e+06 
 1.10700000e+00  1.32972361e+06 
 1.10800000e+00  1.32833172e+06 
 1.10900000e+00  1.32694131e+06 
 1.11000000e+00  1.32555237e+06 
 1.11100000e+00  1.32416491e+06 
 1.11200000e+00  1.32277892e+06 
 1.11300000e+00  1.32139440e+06 
 1.11400000e+00  1.32001135e+06 
 1.11500000e+00  1.31862977e+06 
 1.11600000e+00  1.31724966e+06 
 1.11700000e+00  1.31587101e+06 
 1.11800000e+00  1.31449382e+06 
 1.11900000e+00  1.31311810e+06 
 1.12000000e+00  1.31174384e+06 
 1.12100000e+00  1.31037104e+06 
 1.12200000e+00  1.30899969e+06 
 1.12300000e+00  1.30762981e+06 
 1.12400000e+00  1.30626137e+06 
 1.12500000e+00  1.30489440e+06 
 1.12600000e+00  1.30352887e+06 
 1.12700000e+00  1.30216480e+06 
 1.12800000e+00  1.30080217e+06 
 1.12900000e+00  1.29944099e+06 
 1.13000000e+00  1.29808126e+06 
 1.13100000e+00  1.29672298e+06 
 1.13200000e+00  1.29536613e+06 
 1.13300000e+00  1.29401073e+06 
 1.13400000e+00  1.29265678e+06 
 1.13500000e+00  1.29130426e+06 
 1.13600000e+00  1.28995317e+06 
 1.13700000e+00  1.28860353e+06 
 1.13800000e+00  1.28725532e+06 
 1.13900000e+00  1.28590854e+06 
 1.14000000e+00  1.28456320e+06 
 1.14100000e+00  1.28321928e+06 
 1.14200000e+00  1.28187680e+06 
 1.14300000e+00  1.28053574e+06 
 1.14400000e+00  1.27919611e+06 
 1.14500000e+00  1.27785791e+06 
 1.14600000e+00  1.27652113e+06 
 1.14700000e+00  1.27518577e+06 
 1.14800000e+00  1.27385183e+06 
 1.14900000e+00  1.27251931e+06 
 1.15000000e+00  1.27118821e+06 
 1.15100000e+00  1.26985853e+06 
 1.15200000e+00  1.26853026e+06 
 1.15300000e+00  1.26720340e+06 
 1.15400000e+00  1.26587796e+06 
 1.15500000e+00  1.26455392e+06 
 1.15600000e+00  1.26323130e+06 
 1.15700000e+00  1.26191008e+06 
 1.15800000e+00  1.26059028e+06 
 1.15900000e+00  1.25927187e+06 
 1.16000000e+00  1.25795487e+06 
 1.16100000e+00  1.25663927e+06 
 1.16200000e+00  1.25532507e+06 
 1.16300000e+00  1.25401228e+06 
 1.16400000e+00  1.25270088e+06 
 1.16500000e+00  1.25139087e+06 
 1.16600000e+00  1.25008227e+06 
 1.16700000e+00  1.24877505e+06 
 1.16800000e+00  1.24746923e+06 
 1.16900000e+00  1.24616480e+06 
 1.17000000e+00  1.24486176e+06 
 1.17100000e+00  1.24356010e+06 
 1.17200000e+00  1.24225984e+06 
 1.17300000e+00  1.24096095e+06 
 1.17400000e+00  1.23966346e+06 
 1.17500000e+00  1.23836734e+06 
 1.17600000e+00  1.23707261e+06 
 1.17700000e+00  1.23577925e+06 
 1.17800000e+00  1.23448728e+06 
 1.17900000e+00  1.23319668e+06 
 1.18000000e+00  1.23190745e+06 
 1.18100000e+00  1.23061960e+06 
 1.18200000e+00  1.22933312e+06 
 1.18300000e+00  1.22804802e+06 
 1.18400000e+00  1.22676428e+06 
 1.18500000e+00  1.22548191e+06 
 1.18600000e+00  1.22420091e+06 
 1.18700000e+00  1.22292128e+06 
 1.18800000e+00  1.22164301e+06 
 1.18900000e+00  1.22036610e+06 
 1.19000000e+00  1.21909055e+06 
 1.19100000e+00  1.21781637e+06 
 1.19200000e+00  1.21654354e+06 
 1.19300000e+00  1.21527207e+06 
 1.19400000e+00  1.21400195e+06 
 1.19500000e+00  1.21273319e+06 
 1.19600000e+00  1.21146579e+06 
 1.19700000e+00  1.21019973e+06 
 1.19800000e+00  1.20893503e+06 
 1.19900000e+00  1.20767167e+06 
 1.20000000e+00  1.20640966e+06 
 1.20100000e+00  1.20514900e+06 
 1.20200000e+00  1.20388968e+06 
 1.20300000e+00  1.20263171e+06 
 1.20400000e+00  1.20137508e+06 
 1.20500000e+00  1.20011979e+06 
 1.20600000e+00  1.19886583e+06 
 1.20700000e+00  1.19761322e+06 
 1.20800000e+00  1.19636194e+06 
 1.20900000e+00  1.19511200e+06 
 1.21000000e+00  1.19386339e+06 
 1.21100000e+00  1.19261612e+06 
 1.21200000e+00  1.19137017e+06 
 1.21300000e+00  1.19012555e+06 
 1.21400000e+00  1.18888227e+06 
 1.21500000e+00  1.18764031e+06 
 1.21600000e+00  1.18639967e+06 
 1.21700000e+00  1.18516036e+06 
 1.21800000e+00  1.18392237e+06 
 1.21900000e+00  1.18268571e+06 
 1.22000000e+00  1.18145036e+06 
 1.22100000e+00  1.18021633e+06 
 1.22200000e+00  1.17898362e+06 
 1.22300000e+00  1.17775223e+06 
 1.22400000e+00  1.17652215e+06 
 1.22500000e+00  1.17529338e+06 
 1.22600000e+00  1.17406593e+06 
 1.22700000e+00  1.17283979e+06 
 1.22800000e+00  1.17161495e+06 
 1.22900000e+00  1.17039142e+06 
 1.23000000e+00  1.16916920e+06 
 1.23100000e+00  1.16794829e+06 
 1.23200000e+00  1.16672868e+06 
 1.23300000e+00  1.16551037e+06 
 1.23400000e+00  1.16429336e+06 
 1.23500000e+00  1.16307765e+06 
 1.23600000e+00  1.16186324e+06 
 1.23700000e+00  1.16065013e+06 
 1.23800000e+00  1.15943831e+06 
 1.23900000e+00  1.15822779e+06 
 1.24000000e+00  1.15701856e+06 
 1.24100000e+00  1.15581062e+06 
 1.24200000e+00  1.15460397e+06 
 1.24300000e+00  1.15339861e+06 
 1.24400000e+00  1.15219454e+06 
 1.24500000e+00  1.15099175e+06 
 1.24600000e+00  1.14979025e+06 
 1.24700000e+00  1.14859004e+06 
 1.24800000e+00  1.14739110e+06 
 1.24900000e+00  1.14619345e+06 
 1.25000000e+00  1.14499707e+06 
 1.25100000e+00  1.14380198e+06 
 1.25200000e+00  1.14260816e+06 
 1.25300000e+00  1.14141561e+06 
 1.25400000e+00  1.14022434e+06 
 1.25500000e+00  1.13903435e+06 
 1.25600000e+00  1.13784562e+06 
 1.25700000e+00  1.13665817e+06 
 1.25800000e+00  1.13547198e+06 
 1.25900000e+00  1.13428706e+06 
 1.26000000e+00  1.13310341e+06 
 1.26100000e+00  1.13192102e+06 
 1.26200000e+00  1.13073990e+06 
 1.26300000e+00  1.12956004e+06 
 1.26400000e+00  1.12838144e+06 
 1.26500000e+00  1.12720410e+06 
 1.26600000e+00  1.12602802e+06 
 1.26700000e+00  1.12485319e+06 
 1.26800000e+00  1.12367962e+06 
 1.26900000e+00  1.12250730e+06 
 1.27000000e+00  1.12133624e+06 
 1.27100000e+00  1.12016643e+06 
 1.27200000e+00  1.11899787e+06 
 1.27300000e+00  1.11783056e+06 
 1.27400000e+00  1.11666450e+06 
 1.27500000e+00  1.11549968e+06 
 1.27600000e+00  1.11433611e+06 
 1.27700000e+00  1.11317378e+06 
 1.27800000e+00  1.11201270e+06 
 1.27900000e+00  1.11085285e+06 
 1.28000000e+00  1.10969425e+06 
 1.28100000e+00  1.10853688e+06 
 1.28200000e+00  1.10738075e+06 
 1.28300000e+00  1.10622586e+06 
 1.28400000e+00  1.10507221e+06 
 1.28500000e+00  1.10391978e+06 
 1.28600000e+00  1.10276859e+06 
 1.28700000e+00  1.10161863e+06 
 1.28800000e+00  1.10046990e+06 
 1.28900000e+00  1.09932239e+06 
 1.29000000e+00  1.09817612e+06 
 1.29100000e+00  1.09703107e+06 
 1.29200000e+00  1.09588724e+06 
 1.29300000e+00  1.09474464e+06 
 1.29400000e+00  1.09360326e+06 
 1.29500000e+00  1.09246310e+06 
 1.29600000e+00  1.09132416e+06 
 1.29700000e+00  1.09018643e+06 
 1.29800000e+00  1.08904993e+06 
 1.29900000e+00  1.08791464e+06 
 1.30000000e+00  1.08678056e+06 
 1.30100000e+00  1.08564769e+06 
 1.30200000e+00  1.08451604e+06 
 1.30300000e+00  1.08338560e+06 
 1.30400000e+00  1.08225636e+06 
 1.30500000e+00  1.08112834e+06 
 1.30600000e+00  1.08000152e+06 
 1.30700000e+00  1.07887590e+06 
 1.30800000e+00  1.07775149e+06 
 1.30900000e+00  1.07662829e+06 
 1.31000000e+00  1.07550628e+06 
 1.31100000e+00  1.07438547e+06 
 1.31200000e+00  1.07326586e+06 
 1.31300000e+00  1.07214745e+06 
 1.31400000e+00  1.07103024e+06 
 1.31500000e+00  1.06991422e+06 
 1.31600000e+00  1.06879939e+06 
 1.31700000e+00  1.06768576e+06 
 1.31800000e+00  1.06657332e+06 
 1.31900000e+00  1.06546207e+06 
 1.32000000e+00  1.06435200e+06 
 1.32100000e+00  1.06324313e+06 
 1.32200000e+00  1.06213544e+06 
 1.32300000e+00  1.06102893e+06 
 1.32400000e+00  1.05992361e+06 
 1.32500000e+00  1.05881947e+06 
 1.32600000e+00  1.05771651e+06 
 1.32700000e+00  1.05661474e+06 
 1.32800000e+00  1.05551414e+06 
 1.32900000e+00  1.05441471e+06 
 1.33000000e+00  1.05331647e+06 
 1.33100000e+00  1.05221940e+06 
 1.33200000e+00  1.05112350e+06 
 1.33300000e+00  1.05002877e+06 
 1.33400000e+00  1.04893522e+06 
 1.33500000e+00  1.04784284e+06 
 1.33600000e+00  1.04675162e+06 
 1.33700000e+00  1.04566157e+06 
 1.33800000e+00  1.04457269e+06 
 1.33900000e+00  1.04348497e+06 
 1.34000000e+00  1.04239842e+06 
 1.34100000e+00  1.04131303e+06 
 1.34200000e+00  1.04022880e+06 
 1.34300000e+00  1.03914573e+06 
 1.34400000e+00  1.03806382e+06 
 1.34500000e+00  1.03698306e+06 
 1.34600000e+00  1.03590347e+06 
 1.34700000e+00  1.03482502e+06 
 1.34800000e+00  1.03374773e+06 
 1.34900000e+00  1.03267160e+06 
 1.35000000e+00  1.03159661e+06 
 1.35100000e+00  1.03052278e+06 
 1.35200000e+00  1.02945009e+06 
 1.35300000e+00  1.02837855e+06 
 1.35400000e+00  1.02730816e+06 
 1.35500000e+00  1.02623891e+06 
 1.35600000e+00  1.02517081e+06 
 1.35700000e+00  1.02410385e+06 
 1.35800000e+00  1.02303803e+06 
 1.35900000e+00  1.02197336e+06 
 1.36000000e+00  1.02090982e+06 
 1.36100000e+00  1.01984742e+06 
 1.36200000e+00  1.01878615e+06 
 1.36300000e+00  1.01772602e+06 
 1.36400000e+00  1.01666703e+06 
 1.36500000e+00  1.01560917e+06 
 1.36600000e+00  1.01455244e+06 
 1.36700000e+00  1.01349684e+06 
 1.36800000e+00  1.01244237e+06 
 1.36900000e+00  1.01138902e+06 
 1.37000000e+00  1.01033681e+06 
 1.37100000e+00  1.00928572e+06 
 1.37200000e+00  1.00823576e+06 
 1.37300000e+00  1.00718692e+06 
 1.37400000e+00  1.00613920e+06 
 1.37500000e+00  1.00509260e+06 
 1.37600000e+00  1.00404712e+06 
 1.37700000e+00  1.00300276e+06 
 1.37800000e+00  1.00195952e+06 
 1.37900000e+00  1.00091739e+06 
 1.38000000e+00  9.99876383e+05 
 1.38100000e+00  9.98836486e+05 
 1.38200000e+00  9.97797702e+05 
 1.38300000e+00  9.96760029e+05 
 1.38400000e+00  9.95723466e+05 
 1.38500000e+00  9.94688012e+05 
 1.38600000e+00  9.93653666e+05 
 1.38700000e+00  9.92620427e+05 
 1.38800000e+00  9.91588293e+05 
 1.38900000e+00  9.90557264e+05 
 1.39000000e+00  9.89527338e+05 
 1.39100000e+00  9.88498513e+05 
 1.39200000e+00  9.87470789e+05 
 1.39300000e+00  9.86444165e+05 
 1.39400000e+00  9.85418640e+05 
 1.39500000e+00  9.84394211e+05 
 1.39600000e+00  9.83370879e+05 
 1.39700000e+00  9.82348641e+05 
 1.39800000e+00  9.81327497e+05 
 1.39900000e+00  9.80307446e+05 
 1.40000000e+00  9.79288485e+05 
 1.40100000e+00  9.78270615e+05 
 1.40200000e+00  9.77253835e+05 
 1.40300000e+00  9.76238141e+05 
 1.40400000e+00  9.75223535e+05 
 1.40500000e+00  9.74210014e+05 
 1.40600000e+00  9.73197577e+05 
 1.40700000e+00  9.72186224e+05 
 1.40800000e+00  9.71175952e+05 
 1.40900000e+00  9.70166762e+05 
 1.41000000e+00  9.69158651e+05 
 1.41100000e+00  9.68151618e+05 
 1.41200000e+00  9.67145663e+05 
 1.41300000e+00  9.66140784e+05 
 1.41400000e+00  9.65136980e+05 
 1.41500000e+00  9.64134250e+05 
 1.41600000e+00  9.63132593e+05 
 1.41700000e+00  9.62132007e+05 
 1.41800000e+00  9.61132492e+05 
 1.41900000e+00  9.60134046e+05 
 1.42000000e+00  9.59136668e+05 
 1.42100000e+00  9.58140357e+05 
 1.42200000e+00  9.57145112e+05 
 1.42300000e+00  9.56150931e+05 
 1.42400000e+00  9.55157814e+05 
 1.42500000e+00  9.54165760e+05 
 1.42600000e+00  9.53174767e+05 
 1.42700000e+00  9.52184833e+05 
 1.42800000e+00  9.51195959e+05 
 1.42900000e+00  9.50208143e+05 
 1.43000000e+00  9.49221383e+05 
 1.43100000e+00  9.48235679e+05 
 1.43200000e+00  9.47251029e+05 
 1.43300000e+00  9.46267432e+05 
 1.43400000e+00  9.45284888e+05 
 1.43500000e+00  9.44303395e+05 
 1.43600000e+00  9.43322951e+05 
 1.43700000e+00  9.42343556e+05 
 1.43800000e+00  9.41365209e+05 
 1.43900000e+00  9.40387908e+05 
 1.44000000e+00  9.39411653e+05 
 1.44100000e+00  9.38436442e+05 
 1.44200000e+00  9.37462274e+05 
 1.44300000e+00  9.36489148e+05 
 1.44400000e+00  9.35517063e+05 
 1.44500000e+00  9.34546017e+05 
 1.44600000e+00  9.33576010e+05 
 1.44700000e+00  9.32607041e+05 
 1.44800000e+00  9.31639108e+05 
 1.44900000e+00  9.30672210e+05 
 1.45000000e+00  9.29706346e+05 
 1.45100000e+00  9.28741516e+05 
 1.45200000e+00  9.27777717e+05 
 1.45300000e+00  9.26814949e+05 
 1.45400000e+00  9.25853211e+05 
 1.45500000e+00  9.24892501e+05 
 1.45600000e+00  9.23932818e+05 
 1.45700000e+00  9.22974163e+05 
 1.45800000e+00  9.22016532e+05 
 1.45900000e+00  9.21059925e+05 
 1.46000000e+00  9.20104342e+05 
 1.46100000e+00  9.19149780e+05 
 1.46200000e+00  9.18196239e+05 
 1.46300000e+00  9.17243718e+05 
 1.46400000e+00  9.16292215e+05 
 1.46500000e+00  9.15341730e+05 
 1.46600000e+00  9.14392262e+05 
 1.46700000e+00  9.13443808e+05 
 1.46800000e+00  9.12496369e+05 
 1.46900000e+00  9.11549943e+05 
 1.47000000e+00  9.10604529e+05 
 1.47100000e+00  9.09660126e+05 
 1.47200000e+00  9.08716733e+05 
 1.47300000e+00  9.07774349e+05 
 1.47400000e+00  9.06832972e+05 
 1.47500000e+00  9.05892601e+05 
 1.47600000e+00  9.04953237e+05 
 1.47700000e+00  9.04014876e+05 
 1.47800000e+00  9.03077519e+05 
 1.47900000e+00  9.02141164e+05 
 1.48000000e+00  9.01205810e+05 
 1.48100000e+00  9.00271457e+05 
 1.48200000e+00  8.99338102e+05 
 1.48300000e+00  8.98405745e+05 
 1.48400000e+00  8.97474385e+05 
 1.48500000e+00  8.96544021e+05 
 1.48600000e+00  8.95614651e+05 
 1.48700000e+00  8.94686275e+05 
 1.48800000e+00  8.93758891e+05 
 1.48900000e+00  8.92832499e+05 
 1.49000000e+00  8.91907097e+05 
 1.49100000e+00  8.90982684e+05 
 1.49200000e+00  8.90059260e+05 
 1.49300000e+00  8.89136823e+05 
 1.49400000e+00  8.88215372e+05 
 1.49500000e+00  8.87294905e+05 
 1.49600000e+00  8.86375423e+05 
 1.49700000e+00  8.85456924e+05 
 1.49800000e+00  8.84539406e+05 
 1.49900000e+00  8.83622869e+05 
 1.50000000e+00  8.82707312e+05 
 1.50100000e+00  8.81792733e+05 
 1.50200000e+00  8.80879132e+05 
 1.50300000e+00  8.79966508e+05 
 1.50400000e+00  8.79054859e+05 
 1.50500000e+00  8.78144184e+05 
 1.50600000e+00  8.77234483e+05 
 1.50700000e+00  8.76325754e+05 
 1.50800000e+00  8.75417996e+05 
 1.50900000e+00  8.74511208e+05 
 1.51000000e+00  8.73605389e+05 
 1.51100000e+00  8.72700539e+05 
 1.51200000e+00  8.71796655e+05 
 1.51300000e+00  8.70893737e+05 
 1.51400000e+00  8.69991785e+05 
 1.51500000e+00  8.69090796e+05 
 1.51600000e+00  8.68190770e+05 
 1.51700000e+00  8.67291706e+05 
 1.51800000e+00  8.66393602e+05 
 1.51900000e+00  8.65496458e+05 
 1.52000000e+00  8.64600273e+05 
 1.52100000e+00  8.63705046e+05 
 1.52200000e+00  8.62810775e+05 
 1.52300000e+00  8.61917459e+05 
 1.52400000e+00  8.61025098e+05 
 1.52500000e+00  8.60133691e+05 
 1.52600000e+00  8.59243236e+05 
 1.52700000e+00  8.58353732e+05 
 1.52800000e+00  8.57465178e+05 
 1.52900000e+00  8.56577575e+05 
 1.53000000e+00  8.55690919e+05 
 1.53100000e+00  8.54805210e+05 
 1.53200000e+00  8.53920448e+05 
 1.53300000e+00  8.53036631e+05 
 1.53400000e+00  8.52153758e+05 
 1.53500000e+00  8.51271829e+05 
 1.53600000e+00  8.50390841e+05 
 1.53700000e+00  8.49510795e+05 
 1.53800000e+00  8.48631689e+05 
 1.53900000e+00  8.47753521e+05 
 1.54000000e+00  8.46876292e+05 
 1.54100000e+00  8.46000000e+05 
 1.54200000e+00  8.45124644e+05 
 1.54300000e+00  8.44250223e+05 
 1.54400000e+00  8.43376736e+05 
 1.54500000e+00  8.42504182e+05 
 1.54600000e+00  8.41632560e+05 
 1.54700000e+00  8.40761868e+05 
 1.54800000e+00  8.39892107e+05 
 1.54900000e+00  8.39023275e+05 
 1.55000000e+00  8.38155370e+05 
 1.55100000e+00  8.37288393e+05 
 1.55200000e+00  8.36422341e+05 
 1.55300000e+00  8.35557214e+05 
 1.55400000e+00  8.34693011e+05 
 1.55500000e+00  8.33829731e+05 
 1.55600000e+00  8.32967373e+05 
 1.55700000e+00  8.32105936e+05 
 1.55800000e+00  8.31245418e+05 
 1.55900000e+00  8.30385820e+05 
 1.56000000e+00  8.29527139e+05 
 1.56100000e+00  8.28669375e+05 
 1.56200000e+00  8.27812527e+05 
 1.56300000e+00  8.26956594e+05 
 1.56400000e+00  8.26101575e+05 
 1.56500000e+00  8.25247469e+05 
 1.56600000e+00  8.24394275e+05 
 1.56700000e+00  8.23541991e+05 
 1.56800000e+00  8.22690618e+05 
 1.56900000e+00  8.21840153e+05 
 1.57000000e+00  8.20990597e+05 
 1.57100000e+00  8.20141947e+05 
 1.57200000e+00  8.19294204e+05 
 1.57300000e+00  8.18447365e+05 
 1.57400000e+00  8.17601430e+05 
 1.57500000e+00  8.16756398e+05 
 1.57600000e+00  8.15912269e+05 
 1.57700000e+00  8.15069040e+05 
 1.57800000e+00  8.14226712e+05 
 1.57900000e+00  8.13385282e+05 
 1.58000000e+00  8.12544751e+05 
 1.58100000e+00  8.11705117e+05 
 1.58200000e+00  8.10866379e+05 
 1.58300000e+00  8.10028536e+05 
 1.58400000e+00  8.09191588e+05 
 1.58500000e+00  8.08355532e+05 
 1.58600000e+00  8.07520369e+05 
 1.58700000e+00  8.06686097e+05 
 1.58800000e+00  8.05852716e+05 
 1.58900000e+00  8.05020224e+05 
 1.59000000e+00  8.04188620e+05 
 1.59100000e+00  8.03357904e+05 
 1.59200000e+00  8.02528074e+05 
 1.59300000e+00  8.01699130e+05 
 1.59400000e+00  8.00871070e+05 
 1.59500000e+00  8.00043894e+05 
 1.59600000e+00  7.99217600e+05 
 1.59700000e+00  7.98392188e+05 
 1.59800000e+00  7.97567657e+05 
 1.59900000e+00  7.96744005e+05 
 1.60000000e+00  7.95921232e+05 
 1.60100000e+00  7.95099337e+05 
 1.60200000e+00  7.94278319e+05 
 1.60300000e+00  7.93458177e+05 
 1.60400000e+00  7.92638909e+05 
 1.60500000e+00  7.91820516e+05 
 1.60600000e+00  7.91002996e+05 
 1.60700000e+00  7.90186347e+05 
 1.60800000e+00  7.89370570e+05 
 1.60900000e+00  7.88555663e+05 
 1.61000000e+00  7.87741626e+05 
 1.61100000e+00  7.86928457e+05 
 1.61200000e+00  7.86116155e+05 
 1.61300000e+00  7.85304719e+05 
 1.61400000e+00  7.84494149e+05 
 1.61500000e+00  7.83684443e+05 
 1.61600000e+00  7.82875601e+05 
 1.61700000e+00  7.82067622e+05 
 1.61800000e+00  7.81260504e+05 
 1.61900000e+00  7.80454247e+05 
 1.62000000e+00  7.79648850e+05 
 1.62100000e+00  7.78844312e+05 
 1.62200000e+00  7.78040631e+05 
 1.62300000e+00  7.77237808e+05 
 1.62400000e+00  7.76435841e+05 
 1.62500000e+00  7.75634729e+05 
 1.62600000e+00  7.74834471e+05 
 1.62700000e+00  7.74035066e+05 
 1.62800000e+00  7.73236514e+05 
 1.62900000e+00  7.72438813e+05 
 1.63000000e+00  7.71641963e+05 
 1.63100000e+00  7.70845962e+05 
 1.63200000e+00  7.70050810e+05 
 1.63300000e+00  7.69256506e+05 
 1.63400000e+00  7.68463048e+05 
 1.63500000e+00  7.67670437e+05 
 1.63600000e+00  7.66878670e+05 
 1.63700000e+00  7.66087747e+05 
 1.63800000e+00  7.65297668e+05 
 1.63900000e+00  7.64508430e+05 
 1.64000000e+00  7.63720034e+05 
 1.64100000e+00  7.62932478e+05 
 1.64200000e+00  7.62145762e+05 
 1.64300000e+00  7.61359884e+05 
 1.64400000e+00  7.60574844e+05 
 1.64500000e+00  7.59790640e+05 
 1.64600000e+00  7.59007272e+05 
 1.64700000e+00  7.58224740e+05 
 1.64800000e+00  7.57443041e+05 
 1.64900000e+00  7.56662175e+05 
 1.65000000e+00  7.55882141e+05 
 1.65100000e+00  7.55102939e+05 
 1.65200000e+00  7.54324566e+05 
 1.65300000e+00  7.53547024e+05 
 1.65400000e+00  7.52770309e+05 
 1.65500000e+00  7.51994423e+05 
 1.65600000e+00  7.51219363e+05 
 1.65700000e+00  7.50445129e+05 
 1.65800000e+00  7.49671720e+05 
 1.65900000e+00  7.48899135e+05 
 1.66000000e+00  7.48127372e+05 
 1.66100000e+00  7.47356433e+05 
 1.66200000e+00  7.46586314e+05 
 1.66300000e+00  7.45817016e+05 
 1.66400000e+00  7.45048538e+05 
 1.66500000e+00  7.44280878e+05 
 1.66600000e+00  7.43514035e+05 
 1.66700000e+00  7.42748010e+05 
 1.66800000e+00  7.41982801e+05 
 1.66900000e+00  7.41218406e+05 
 1.67000000e+00  7.40454826e+05 
 1.67100000e+00  7.39692060e+05 
 1.67200000e+00  7.38930105e+05 
 1.67300000e+00  7.38168962e+05 
 1.67400000e+00  7.37408630e+05 
 1.67500000e+00  7.36649107e+05 
 1.67600000e+00  7.35890394e+05 
 1.67700000e+00  7.35132488e+05 
 1.67800000e+00  7.34375390e+05 
 1.67900000e+00  7.33619097e+05 
 1.68000000e+00  7.32863610e+05 
 1.68100000e+00  7.32108928e+05 
 1.68200000e+00  7.31355049e+05 
 1.68300000e+00  7.30601973e+05 
 1.68400000e+00  7.29849698e+05 
 1.68500000e+00  7.29098225e+05 
 1.68600000e+00  7.28347551e+05 
 1.68700000e+00  7.27597677e+05 
 1.68800000e+00  7.26848601e+05 
 1.68900000e+00  7.26100323e+05 
 1.69000000e+00  7.25352841e+05 
 1.69100000e+00  7.24606155e+05 
 1.69200000e+00  7.23860264e+05 
 1.69300000e+00  7.23115167e+05 
 1.69400000e+00  7.22370863e+05 
 1.69500000e+00  7.21627351e+05 
 1.69600000e+00  7.20884631e+05 
 1.69700000e+00  7.20142701e+05 
 1.69800000e+00  7.19401561e+05 
 1.69900000e+00  7.18661210e+05 
 1.70000000e+00  7.17921646e+05 
 1.70100000e+00  7.17182870e+05 
 1.70200000e+00  7.16444880e+05 
 1.70300000e+00  7.15707675e+05 
 1.70400000e+00  7.14971255e+05 
 1.70500000e+00  7.14235619e+05 
 1.70600000e+00  7.13500765e+05 
 1.70700000e+00  7.12766693e+05 
 1.70800000e+00  7.12033402e+05 
 1.70900000e+00  7.11300892e+05 
 1.71000000e+00  7.10569161e+05 
 1.71100000e+00  7.09838208e+05 
 1.71200000e+00  7.09108034e+05 
 1.71300000e+00  7.08378636e+05 
 1.71400000e+00  7.07650014e+05 
 1.71500000e+00  7.06922167e+05 
 1.71600000e+00  7.06195095e+05 
 1.71700000e+00  7.05468795e+05 
 1.71800000e+00  7.04743269e+05 
 1.71900000e+00  7.04018514e+05 
 1.72000000e+00  7.03294531e+05 
 1.72100000e+00  7.02571317e+05 
 1.72200000e+00  7.01848873e+05 
 1.72300000e+00  7.01127197e+05 
 1.72400000e+00  7.00406288e+05 
 1.72500000e+00  6.99686147e+05 
 1.72600000e+00  6.98966771e+05 
 1.72700000e+00  6.98248160e+05 
 1.72800000e+00  6.97530314e+05 
 1.72900000e+00  6.96813230e+05 
 1.73000000e+00  6.96096910e+05 
 1.73100000e+00  6.95381351e+05 
 1.73200000e+00  6.94666553e+05 
 1.73300000e+00  6.93952515e+05 
 1.73400000e+00  6.93239237e+05 
 1.73500000e+00  6.92526716e+05 
 1.73600000e+00  6.91814954e+05 
 1.73700000e+00  6.91103948e+05 
 1.73800000e+00  6.90393698e+05 
 1.73900000e+00  6.89684203e+05 
 1.74000000e+00  6.88975462e+05 
 1.74100000e+00  6.88267475e+05 
 1.74200000e+00  6.87560240e+05 
 1.74300000e+00  6.86853758e+05 
 1.74400000e+00  6.86148026e+05 
 1.74500000e+00  6.85443044e+05 
 1.74600000e+00  6.84738812e+05 
 1.74700000e+00  6.84035328e+05 
 1.74800000e+00  6.83332592e+05 
 1.74900000e+00  6.82630603e+05 
 1.75000000e+00  6.81929360e+05 
 1.75100000e+00  6.81228863e+05 
 1.75200000e+00  6.80529109e+05 
 1.75300000e+00  6.79830100e+05 
 1.75400000e+00  6.79131833e+05 
 1.75500000e+00  6.78434308e+05 
 1.75600000e+00  6.77737524e+05 
 1.75700000e+00  6.77041481e+05 
 1.75800000e+00  6.76346178e+05 
 1.75900000e+00  6.75651613e+05 
 1.76000000e+00  6.74957786e+05 
 1.76100000e+00  6.74264696e+05 
 1.76200000e+00  6.73572343e+05 
 1.76300000e+00  6.72880725e+05 
 1.76400000e+00  6.72189842e+05 
 1.76500000e+00  6.71499693e+05 
 1.76600000e+00  6.70810277e+05 
 1.76700000e+00  6.70121594e+05 
 1.76800000e+00  6.69433642e+05 
 1.76900000e+00  6.68746421e+05 
 1.77000000e+00  6.68059929e+05 
 1.77100000e+00  6.67374167e+05 
 1.77200000e+00  6.66689133e+05 
 1.77300000e+00  6.66004827e+05 
 1.77400000e+00  6.65321248e+05 
 1.77500000e+00  6.64638395e+05 
 1.77600000e+00  6.63956266e+05 
 1.77700000e+00  6.63274863e+05 
 1.77800000e+00  6.62594183e+05 
 1.77900000e+00  6.61914225e+05 
 1.78000000e+00  6.61234990e+05 
 1.78100000e+00  6.60556476e+05 
 1.78200000e+00  6.59878682e+05 
 1.78300000e+00  6.59201608e+05 
 1.78400000e+00  6.58525253e+05 
 1.78500000e+00  6.57849616e+05 
 1.78600000e+00  6.57174697e+05 
 1.78700000e+00  6.56500494e+05 
 1.78800000e+00  6.55827006e+05 
 1.78900000e+00  6.55154234e+05 
 1.79000000e+00  6.54482176e+05 
 1.79100000e+00  6.53810831e+05 
 1.79200000e+00  6.53140199e+05 
 1.79300000e+00  6.52470279e+05 
 1.79400000e+00  6.51801069e+05 
 1.79500000e+00  6.51132570e+05 
 1.79600000e+00  6.50464781e+05 
 1.79700000e+00  6.49797700e+05 
 1.79800000e+00  6.49131328e+05 
 1.79900000e+00  6.48465662e+05 
 1.80000000e+00  6.47800703e+05 
