 0.00000000e+00  7.91166216e-02 
 1.00000000e-03  7.91179495e-02 
 2.00000000e-03  7.91192942e-02 
 3.00000000e-03  7.91206559e-02 
 4.00000000e-03  7.91220347e-02 
 5.00000000e-03  7.91234310e-02 
 6.00000000e-03  7.91248448e-02 
 7.00000000e-03  7.91262764e-02 
 8.00000000e-03  7.91277261e-02 
 9.00000000e-03  7.91291940e-02 
 1.00000000e-02  7.91306805e-02 
 1.10000000e-02  7.91321856e-02 
 1.20000000e-02  7.91337097e-02 
 1.30000000e-02  7.91352530e-02 
 1.40000000e-02  7.91368158e-02 
 1.50000000e-02  7.91383982e-02 
 1.60000000e-02  7.91400005e-02 
 1.70000000e-02  7.91416230e-02 
 1.80000000e-02  7.91432659e-02 
 1.90000000e-02  7.91449295e-02 
 2.00000000e-02  7.91466140e-02 
 2.10000000e-02  7.91483197e-02 
 2.20000000e-02  7.91500469e-02 
 2.30000000e-02  7.91517957e-02 
 2.40000000e-02  7.91535666e-02 
 2.50000000e-02  7.91553597e-02 
 2.60000000e-02  7.91571754e-02 
 2.70000000e-02  7.91590138e-02 
 2.80000000e-02  7.91608754e-02 
 2.90000000e-02  7.91627604e-02 
 3.00000000e-02  7.91646690e-02 
 3.10000000e-02  7.91666016e-02 
 3.20000000e-02  7.91685585e-02 
 3.30000000e-02  7.91705399e-02 
 3.40000000e-02  7.91725462e-02 
 3.50000000e-02  7.91745777e-02 
 3.60000000e-02  7.91766347e-02 
 3.70000000e-02  7.91787174e-02 
 3.80000000e-02  7.91808263e-02 
 3.90000000e-02  7.91829617e-02 
 4.00000000e-02  7.91851238e-02 
 4.10000000e-02  7.91873130e-02 
 4.20000000e-02  7.91895297e-02 
 4.30000000e-02  7.91917741e-02 
 4.40000000e-02  7.91940467e-02 
 4.50000000e-02  7.91963477e-02 
 4.60000000e-02  7.91986775e-02 
 4.70000000e-02  7.92010366e-02 
 4.80000000e-02  7.92034251e-02 
 4.90000000e-02  7.92058435e-02 
 5.00000000e-02  7.92082922e-02 
 5.10000000e-02  7.92107715e-02 
 5.20000000e-02  7.92132819e-02 
 5.30000000e-02  7.92158236e-02 
 5.40000000e-02  7.92183971e-02 
 5.50000000e-02  7.92210027e-02 
 5.60000000e-02  7.92236410e-02 
 5.70000000e-02  7.92263121e-02 
 5.80000000e-02  7.92290167e-02 
 5.90000000e-02  7.92317550e-02 
 6.00000000e-02  7.92345275e-02 
 6.10000000e-02  7.92373346e-02 
 6.20000000e-02  7.92401767e-02 
 6.30000000e-02  7.92430543e-02 
 6.40000000e-02  7.92459677e-02 
 6.50000000e-02  7.92489175e-02 
 6.60000000e-02  7.92519040e-02 
 6.70000000e-02  7.92549278e-02 
 6.80000000e-02  7.92579892e-02 
 6.90000000e-02  7.92610888e-02 
 7.00000000e-02  7.92642269e-02 
 7.10000000e-02  7.92674042e-02 
 7.20000000e-02  7.92706209e-02 
 7.30000000e-02  7.92738777e-02 
 7.40000000e-02  7.92771749e-02 
 7.50000000e-02  7.92805132e-02 
 7.60000000e-02  7.92838929e-02 
 7.70000000e-02  7.92873147e-02 
 7.80000000e-02  7.92907789e-02 
 7.90000000e-02  7.92942862e-02 
 8.00000000e-02  7.92978370e-02 
 8.10000000e-02  7.93014318e-02 
 8.20000000e-02  7.93050713e-02 
 8.30000000e-02  7.93087559e-02 
 8.40000000e-02  7.93124862e-02 
 8.50000000e-02  7.93162627e-02 
 8.60000000e-02  7.93200859e-02 
 8.70000000e-02  7.93239566e-02 
 8.80000000e-02  7.93278751e-02 
 8.90000000e-02  7.93318422e-02 
 9.00000000e-02  7.93358583e-02 
 9.10000000e-02  7.93399241e-02 
 9.20000000e-02  7.93440401e-02 
 9.30000000e-02  7.93482070e-02 
 9.40000000e-02  7.93524254e-02 
 9.50000000e-02  7.93566959e-02 
 9.60000000e-02  7.93610191e-02 
 9.70000000e-02  7.93653956e-02 
 9.80000000e-02  7.93698261e-02 
 9.90000000e-02  7.93743112e-02 
 1.00000000e-01  7.93788516e-02 
 1.01000000e-01  7.93834479e-02 
 1.02000000e-01  7.93881008e-02 
 1.03000000e-01  7.93928110e-02 
 1.04000000e-01  7.93975791e-02 
 1.05000000e-01  7.94024058e-02 
 1.06000000e-01  7.94072919e-02 
 1.07000000e-01  7.94122380e-02 
 1.08000000e-01  7.94172448e-02 
 1.09000000e-01  7.94223131e-02 
 1.10000000e-01  7.94274436e-02 
 1.11000000e-01  7.94326370e-02 
 1.12000000e-01  7.94378940e-02 
 1.13000000e-01  7.94432154e-02 
 1.14000000e-01  7.94486020e-02 
 1.15000000e-01  7.94540545e-02 
 1.16000000e-01  7.94595737e-02 
 1.17000000e-01  7.94651604e-02 
 1.18000000e-01  7.94708154e-02 
 1.19000000e-01  7.94765394e-02 
 1.20000000e-01  7.94823332e-02 
 1.21000000e-01  7.94881978e-02 
 1.22000000e-01  7.94941339e-02 
 1.23000000e-01  7.95001423e-02 
 1.24000000e-01  7.95062238e-02 
 1.25000000e-01  7.95123794e-02 
 1.26000000e-01  7.95186099e-02 
 1.27000000e-01  7.95249161e-02 
 1.28000000e-01  7.95312990e-02 
 1.29000000e-01  7.95377593e-02 
 1.30000000e-01  7.95442981e-02 
 1.31000000e-01  7.95509162e-02 
 1.32000000e-01  7.95576144e-02 
 1.33000000e-01  7.95643938e-02 
 1.34000000e-01  7.95712553e-02 
 1.35000000e-01  7.95781997e-02 
 1.36000000e-01  7.95852281e-02 
 1.37000000e-01  7.95923414e-02 
 1.38000000e-01  7.95995406e-02 
 1.39000000e-01  7.96068266e-02 
 1.40000000e-01  7.96142004e-02 
 1.41000000e-01  7.96216631e-02 
 1.42000000e-01  7.96292156e-02 
 1.43000000e-01  7.96368589e-02 
 1.44000000e-01  7.96445941e-02 
 1.45000000e-01  7.96524222e-02 
 1.46000000e-01  7.96603443e-02 
 1.47000000e-01  7.96683613e-02 
 1.48000000e-01  7.96764745e-02 
 1.49000000e-01  7.96846847e-02 
 1.50000000e-01  7.96929932e-02 
 1.51000000e-01  7.97014009e-02 
 1.52000000e-01  7.97099091e-02 
 1.53000000e-01  7.97185188e-02 
 1.54000000e-01  7.97272312e-02 
 1.55000000e-01  7.97360473e-02 
 1.56000000e-01  7.97449684e-02 
 1.57000000e-01  7.97539955e-02 
 1.58000000e-01  7.97631299e-02 
 1.59000000e-01  7.97723727e-02 
 1.60000000e-01  7.97817251e-02 
 1.61000000e-01  7.97911883e-02 
 1.62000000e-01  7.98007635e-02 
 1.63000000e-01  7.98104519e-02 
 1.64000000e-01  7.98202548e-02 
 1.65000000e-01  7.98301733e-02 
 1.66000000e-01  7.98402087e-02 
 1.67000000e-01  7.98503624e-02 
 1.68000000e-01  7.98606354e-02 
 1.69000000e-01  7.98710292e-02 
 1.70000000e-01  7.98815450e-02 
 1.71000000e-01  7.98921840e-02 
 1.72000000e-01  7.99029477e-02 
 1.73000000e-01  7.99138373e-02 
 1.74000000e-01  7.99248542e-02 
 1.75000000e-01  7.99359996e-02 
 1.76000000e-01  7.99472750e-02 
 1.77000000e-01  7.99586817e-02 
 1.78000000e-01  7.99702211e-02 
 1.79000000e-01  7.99818945e-02 
 1.80000000e-01  7.99937033e-02 
 1.81000000e-01  8.00056489e-02 
 1.82000000e-01  8.00177328e-02 
 1.83000000e-01  8.00299563e-02 
 1.84000000e-01  8.00423209e-02 
 1.85000000e-01  8.00548280e-02 
 1.86000000e-01  8.00674791e-02 
 1.87000000e-01  8.00802756e-02 
 1.88000000e-01  8.00932190e-02 
 1.89000000e-01  8.01063107e-02 
 1.90000000e-01  8.01195522e-02 
 1.91000000e-01  8.01329451e-02 
 1.92000000e-01  8.01464908e-02 
 1.93000000e-01  8.01601909e-02 
 1.94000000e-01  8.01740468e-02 
 1.95000000e-01  8.01880601e-02 
 1.96000000e-01  8.02022323e-02 
 1.97000000e-01  8.02165650e-02 
 1.98000000e-01  8.02310597e-02 
 1.99000000e-01  8.02457180e-02 
 2.00000000e-01  8.02605414e-02 
 2.01000000e-01  8.02755315e-02 
 2.02000000e-01  8.02906900e-02 
 2.03000000e-01  8.03060183e-02 
 2.04000000e-01  8.03215181e-02 
 2.05000000e-01  8.03371910e-02 
 2.06000000e-01  8.03530386e-02 
 2.07000000e-01  8.03690625e-02 
 2.08000000e-01  8.03852644e-02 
 2.09000000e-01  8.04016458e-02 
 2.10000000e-01  8.04182084e-02 
 2.11000000e-01  8.04349539e-02 
 2.12000000e-01  8.04518838e-02 
 2.13000000e-01  8.04689999e-02 
 2.14000000e-01  8.04863038e-02 
 2.15000000e-01  8.05037970e-02 
 2.16000000e-01  8.05214814e-02 
 2.17000000e-01  8.05393586e-02 
 2.18000000e-01  8.05574302e-02 
 2.19000000e-01  8.05756979e-02 
 2.20000000e-01  8.05941633e-02 
 2.21000000e-01  8.06128282e-02 
 2.22000000e-01  8.06316942e-02 
 2.23000000e-01  8.06507630e-02 
 2.24000000e-01  8.06700363e-02 
 2.25000000e-01  8.06895158e-02 
 2.26000000e-01  8.07092030e-02 
 2.27000000e-01  8.07290998e-02 
 2.28000000e-01  8.07492078e-02 
 2.29000000e-01  8.07695286e-02 
 2.30000000e-01  8.07900639e-02 
 2.31000000e-01  8.08108154e-02 
 2.32000000e-01  8.08317847e-02 
 2.33000000e-01  8.08529736e-02 
 2.34000000e-01  8.08743836e-02 
 2.35000000e-01  8.08960165e-02 
 2.36000000e-01  8.09178738e-02 
 2.37000000e-01  8.09399572e-02 
 2.38000000e-01  8.09622684e-02 
 2.39000000e-01  8.09848089e-02 
 2.40000000e-01  8.10075804e-02 
 2.41000000e-01  8.10305844e-02 
 2.42000000e-01  8.10538227e-02 
 2.43000000e-01  8.10772967e-02 
 2.44000000e-01  8.11010080e-02 
 2.45000000e-01  8.11249583e-02 
 2.46000000e-01  8.11491489e-02 
 2.47000000e-01  8.11735816e-02 
 2.48000000e-01  8.11982578e-02 
 2.49000000e-01  8.12231790e-02 
 2.50000000e-01  8.12483466e-02 
 2.51000000e-01  8.12737623e-02 
 2.52000000e-01  8.12994274e-02 
 2.53000000e-01  8.13253433e-02 
 2.54000000e-01  8.13515115e-02 
 2.55000000e-01  8.13779334e-02 
 2.56000000e-01  8.14046103e-02 
 2.57000000e-01  8.14315436e-02 
 2.58000000e-01  8.14587346e-02 
 2.59000000e-01  8.14861846e-02 
 2.60000000e-01  8.15138949e-02 
 2.61000000e-01  8.15418667e-02 
 2.62000000e-01  8.15701012e-02 
 2.63000000e-01  8.15985997e-02 
 2.64000000e-01  8.16273633e-02 
 2.65000000e-01  8.16563930e-02 
 2.66000000e-01  8.16856900e-02 
 2.67000000e-01  8.17152554e-02 
 2.68000000e-01  8.17450901e-02 
 2.69000000e-01  8.17751952e-02 
 2.70000000e-01  8.18055716e-02 
 2.71000000e-01  8.18362201e-02 
 2.72000000e-01  8.18671417e-02 
 2.73000000e-01  8.18983371e-02 
 2.74000000e-01  8.19298072e-02 
 2.75000000e-01  8.19615527e-02 
 2.76000000e-01  8.19935741e-02 
 2.77000000e-01  8.20258723e-02 
 2.78000000e-01  8.20584477e-02 
 2.79000000e-01  8.20913009e-02 
 2.80000000e-01  8.21244323e-02 
 2.81000000e-01  8.21578424e-02 
 2.82000000e-01  8.21915316e-02 
 2.83000000e-01  8.22255001e-02 
 2.84000000e-01  8.22597482e-02 
 2.85000000e-01  8.22942761e-02 
 2.86000000e-01  8.23290839e-02 
 2.87000000e-01  8.23641717e-02 
 2.88000000e-01  8.23995394e-02 
 2.89000000e-01  8.24351871e-02 
 2.90000000e-01  8.24711145e-02 
 2.91000000e-01  8.25073214e-02 
 2.92000000e-01  8.25438075e-02 
 2.93000000e-01  8.25805725e-02 
 2.94000000e-01  8.26176160e-02 
 2.95000000e-01  8.26549374e-02 
 2.96000000e-01  8.26925361e-02 
 2.97000000e-01  8.27304115e-02 
 2.98000000e-01  8.27685628e-02 
 2.99000000e-01  8.28069891e-02 
 3.00000000e-01  8.28456895e-02 
 3.01000000e-01  8.28846630e-02 
 3.02000000e-01  8.29239085e-02 
 3.03000000e-01  8.29634248e-02 
 3.04000000e-01  8.30032105e-02 
 3.05000000e-01  8.30432644e-02 
 3.06000000e-01  8.30835849e-02 
 3.07000000e-01  8.31241703e-02 
 3.08000000e-01  8.31650192e-02 
 3.09000000e-01  8.32061296e-02 
 3.10000000e-01  8.32474996e-02 
 3.11000000e-01  8.32891273e-02 
 3.12000000e-01  8.33310106e-02 
 3.13000000e-01  8.33731473e-02 
 3.14000000e-01  8.34155351e-02 
 3.15000000e-01  8.34581714e-02 
 3.16000000e-01  8.35010539e-02 
 3.17000000e-01  8.35441798e-02 
 3.18000000e-01  8.35875465e-02 
 3.19000000e-01  8.36311509e-02 
 3.20000000e-01  8.36749902e-02 
 3.21000000e-01  8.37190612e-02 
 3.22000000e-01  8.37633607e-02 
 3.23000000e-01  8.38078854e-02 
 3.24000000e-01  8.38526317e-02 
 3.25000000e-01  8.38975962e-02 
 3.26000000e-01  8.39427752e-02 
 3.27000000e-01  8.39881647e-02 
 3.28000000e-01  8.40337609e-02 
 3.29000000e-01  8.40795598e-02 
 3.30000000e-01  8.41255571e-02 
 3.31000000e-01  8.41717485e-02 
 3.32000000e-01  8.42181296e-02 
 3.33000000e-01  8.42646959e-02 
 3.34000000e-01  8.43114427e-02 
 3.35000000e-01  8.43583653e-02 
 3.36000000e-01  8.44054588e-02 
 3.37000000e-01  8.44527180e-02 
 3.38000000e-01  8.45001380e-02 
 3.39000000e-01  8.45477135e-02 
 3.40000000e-01  8.45954391e-02 
 3.41000000e-01  8.46433094e-02 
 3.42000000e-01  8.46913188e-02 
 3.43000000e-01  8.47394616e-02 
 3.44000000e-01  8.47877320e-02 
 3.45000000e-01  8.48361242e-02 
 3.46000000e-01  8.48846321e-02 
 3.47000000e-01  8.49332497e-02 
 3.48000000e-01  8.49819709e-02 
 3.49000000e-01  8.50307893e-02 
 3.50000000e-01  8.50796987e-02 
 3.51000000e-01  8.51286926e-02 
 3.52000000e-01  8.51777644e-02 
 3.53000000e-01  8.52269077e-02 
 3.54000000e-01  8.52761157e-02 
 3.55000000e-01  8.53253819e-02 
 3.56000000e-01  8.53746993e-02 
 3.57000000e-01  8.54240613e-02 
 3.58000000e-01  8.54734609e-02 
 3.59000000e-01  8.55228913e-02 
 3.60000000e-01  8.55723456e-02 
 3.61000000e-01  8.56218167e-02 
 3.62000000e-01  8.56712978e-02 
 3.63000000e-01  8.57207819e-02 
 3.64000000e-01  8.57702619e-02 
 3.65000000e-01  8.58197310e-02 
 3.66000000e-01  8.58691821e-02 
 3.67000000e-01  8.59186084e-02 
 3.68000000e-01  8.59680030e-02 
 3.69000000e-01  8.60173589e-02 
 3.70000000e-01  8.60666695e-02 
 3.71000000e-01  8.61159280e-02 
 3.72000000e-01  8.61651277e-02 
 3.73000000e-01  8.62142621e-02 
 3.74000000e-01  8.62633248e-02 
 3.75000000e-01  8.63123092e-02 
 3.76000000e-01  8.63612094e-02 
 3.77000000e-01  8.64100190e-02 
 3.78000000e-01  8.64587322e-02 
 3.79000000e-01  8.65073432e-02 
 3.80000000e-01  8.65558464e-02 
 3.81000000e-01  8.66042364e-02 
 3.82000000e-01  8.66525078e-02 
 3.83000000e-01  8.67006558e-02 
 3.84000000e-01  8.67486756e-02 
 3.85000000e-01  8.67965625e-02 
 3.86000000e-01  8.68443125e-02 
 3.87000000e-01  8.68919213e-02 
 3.88000000e-01  8.69393855e-02 
 3.89000000e-01  8.69867016e-02 
 3.90000000e-01  8.70338665e-02 
 3.91000000e-01  8.70808775e-02 
 3.92000000e-01  8.71277322e-02 
 3.93000000e-01  8.71744287e-02 
 3.94000000e-01  8.72209654e-02 
 3.95000000e-01  8.72673411e-02 
 3.96000000e-01  8.73135550e-02 
 3.97000000e-01  8.73596068e-02 
 3.98000000e-01  8.74054967e-02 
 3.99000000e-01  8.74512253e-02 
 4.00000000e-01  8.74967937e-02 
 4.01000000e-01  8.75422035e-02 
 4.02000000e-01  8.75874569e-02 
 4.03000000e-01  8.76325566e-02 
 4.04000000e-01  8.76775058e-02 
 4.05000000e-01  8.77223084e-02 
 4.06000000e-01  8.77669690e-02 
 4.07000000e-01  8.78114924e-02 
 4.08000000e-01  8.78558844e-02 
 4.09000000e-01  8.79001513e-02 
 4.10000000e-01  8.79443001e-02 
 4.11000000e-01  8.79883385e-02 
 4.12000000e-01  8.80322748e-02 
 4.13000000e-01  8.80761182e-02 
 4.14000000e-01  8.81198783e-02 
 4.15000000e-01  8.81635657e-02 
 4.16000000e-01  8.82071917e-02 
 4.17000000e-01  8.82507683e-02 
 4.18000000e-01  8.82943083e-02 
 4.19000000e-01  8.83378253e-02 
 4.20000000e-01  8.83813336e-02 
 4.21000000e-01  8.84248485e-02 
 4.22000000e-01  8.84683859e-02 
 4.23000000e-01  8.85119627e-02 
 4.24000000e-01  8.85555966e-02 
 4.25000000e-01  8.85993060e-02 
 4.26000000e-01  8.86431102e-02 
 4.27000000e-01  8.86870296e-02 
 4.28000000e-01  8.87310851e-02 
 4.29000000e-01  8.87752988e-02 
 4.30000000e-01  8.88196933e-02 
 4.31000000e-01  8.88642925e-02 
 4.32000000e-01  8.89091208e-02 
 4.33000000e-01  8.89542037e-02 
 4.34000000e-01  8.89995674e-02 
 4.35000000e-01  8.90452393e-02 
 4.36000000e-01  8.90912473e-02 
 4.37000000e-01  8.91376204e-02 
 4.38000000e-01  8.91843883e-02 
 4.39000000e-01  8.92315818e-02 
 4.40000000e-01  8.92792324e-02 
 4.41000000e-01  8.93273725e-02 
 4.42000000e-01  8.93760353e-02 
 4.43000000e-01  8.94252550e-02 
 4.44000000e-01  8.94750664e-02 
 4.45000000e-01  8.95255052e-02 
 4.46000000e-01  8.95766081e-02 
 4.47000000e-01  8.96284124e-02 
 4.48000000e-01  8.96809562e-02 
 4.49000000e-01  8.97342786e-02 
 4.50000000e-01  8.97884191e-02 
 4.51000000e-01  8.98434182e-02 
 4.52000000e-01  8.98993172e-02 
 4.53000000e-01  8.99561579e-02 
 4.54000000e-01  9.00139829e-02 
 4.55000000e-01  9.00728355e-02 
 4.56000000e-01  9.01327598e-02 
 4.57000000e-01  9.01938002e-02 
 4.58000000e-01  9.02560022e-02 
 4.59000000e-01  9.03194114e-02 
 4.60000000e-01  9.03840745e-02 
 4.61000000e-01  9.04500384e-02 
 4.62000000e-01  9.05173507e-02 
 4.63000000e-01  9.05860595e-02 
 4.64000000e-01  9.06562134e-02 
 4.65000000e-01  9.07278616e-02 
 4.66000000e-01  9.08010536e-02 
 4.67000000e-01  9.08758395e-02 
 4.68000000e-01  9.09522697e-02 
 4.69000000e-01  9.10303950e-02 
 4.70000000e-01  9.11102666e-02 
 4.71000000e-01  9.11919361e-02 
 4.72000000e-01  9.12754554e-02 
 4.73000000e-01  9.13608767e-02 
 4.74000000e-01  9.14482525e-02 
 4.75000000e-01  9.15376355e-02 
 4.76000000e-01  9.16290786e-02 
 4.77000000e-01  9.17226351e-02 
 4.78000000e-01  9.18183583e-02 
 4.79000000e-01  9.19163019e-02 
 4.80000000e-01  9.20165194e-02 
 4.81000000e-01  9.21190648e-02 
 4.82000000e-01  9.22239919e-02 
 4.83000000e-01  9.23313547e-02 
 4.84000000e-01  9.24412073e-02 
 4.85000000e-01  9.25536039e-02 
 4.86000000e-01  9.26685985e-02 
 4.87000000e-01  9.27862453e-02 
 4.88000000e-01  9.29065984e-02 
 4.89000000e-01  9.30297119e-02 
 4.90000000e-01  9.31556397e-02 
 4.91000000e-01  9.32844359e-02 
 4.92000000e-01  9.34161542e-02 
 4.93000000e-01  9.35508485e-02 
 4.94000000e-01  9.36885724e-02 
 4.95000000e-01  9.38293793e-02 
 4.96000000e-01  9.39733225e-02 
 4.97000000e-01  9.41204554e-02 
 4.98000000e-01  9.42708307e-02 
 4.99000000e-01  9.44245013e-02 
 5.00000000e-01  9.45815198e-02 
 5.01000000e-01  9.47419385e-02 
 5.02000000e-01  9.49058095e-02 
 5.03000000e-01  9.50731848e-02 
 5.04000000e-01  9.52441158e-02 
 5.05000000e-01  9.54186540e-02 
 5.06000000e-01  9.55968505e-02 
 5.07000000e-01  9.57787560e-02 
 5.08000000e-01  9.59644211e-02 
 5.09000000e-01  9.61538959e-02 
 5.10000000e-01  9.63472303e-02 
 5.11000000e-01  9.65444739e-02 
 5.12000000e-01  9.67456760e-02 
 5.13000000e-01  9.69508855e-02 
 5.14000000e-01  9.71601510e-02 
 5.15000000e-01  9.73735208e-02 
 5.16000000e-01  9.75910427e-02 
 5.17000000e-01  9.78127644e-02 
 5.18000000e-01  9.80387330e-02 
 5.19000000e-01  9.82689955e-02 
 5.20000000e-01  9.85035984e-02 
 5.21000000e-01  9.87425879e-02 
 5.22000000e-01  9.89860096e-02 
 5.23000000e-01  9.92339092e-02 
 5.24000000e-01  9.94863316e-02 
 5.25000000e-01  9.97433216e-02 
 5.26000000e-01  1.00004924e-01 
 5.27000000e-01  1.00271181e-01 
 5.28000000e-01  1.00542139e-01 
 5.29000000e-01  1.00817839e-01 
 5.30000000e-01  1.01098325e-01 
 5.31000000e-01  1.01383639e-01 
 5.32000000e-01  1.01673823e-01 
 5.33000000e-01  1.01968920e-01 
 5.34000000e-01  1.02268970e-01 
 5.35000000e-01  1.02574014e-01 
 5.36000000e-01  1.02884094e-01 
 5.37000000e-01  1.03199250e-01 
 5.38000000e-01  1.03519521e-01 
 5.39000000e-01  1.03844948e-01 
 5.40000000e-01  1.04175569e-01 
 5.41000000e-01  1.04511423e-01 
 5.42000000e-01  1.04852550e-01 
 5.43000000e-01  1.05198986e-01 
 5.44000000e-01  1.05550771e-01 
 5.45000000e-01  1.05907941e-01 
 5.46000000e-01  1.06270534e-01 
 5.47000000e-01  1.06638587e-01 
 5.48000000e-01  1.07012135e-01 
 5.49000000e-01  1.07391215e-01 
 5.50000000e-01  1.07775863e-01 
 5.51000000e-01  1.08166114e-01 
 5.52000000e-01  1.08562004e-01 
 5.53000000e-01  1.08963566e-01 
 5.54000000e-01  1.09370836e-01 
 5.55000000e-01  1.09783847e-01 
 5.56000000e-01  1.10202633e-01 
 5.57000000e-01  1.10627228e-01 
 5.58000000e-01  1.11057664e-01 
 5.59000000e-01  1.11493974e-01 
 5.60000000e-01  1.11936191e-01 
 5.61000000e-01  1.12384347e-01 
 5.62000000e-01  1.12838472e-01 
 5.63000000e-01  1.13298599e-01 
 5.64000000e-01  1.13764759e-01 
 5.65000000e-01  1.14236982e-01 
 5.66000000e-01  1.14715298e-01 
 5.67000000e-01  1.15199738e-01 
 5.68000000e-01  1.15690331e-01 
 5.69000000e-01  1.16187106e-01 
 5.70000000e-01  1.16690092e-01 
 5.71000000e-01  1.17199318e-01 
 5.72000000e-01  1.17714813e-01 
 5.73000000e-01  1.18236603e-01 
 5.74000000e-01  1.18764717e-01 
 5.75000000e-01  1.19299181e-01 
 5.76000000e-01  1.19840023e-01 
 5.77000000e-01  1.20387268e-01 
 5.78000000e-01  1.20940944e-01 
 5.79000000e-01  1.21501076e-01 
 5.80000000e-01  1.22067689e-01 
 5.81000000e-01  1.22640807e-01 
 5.82000000e-01  1.23220457e-01 
 5.83000000e-01  1.23806662e-01 
 5.84000000e-01  1.24399445e-01 
 5.85000000e-01  1.24998831e-01 
 5.86000000e-01  1.25604843e-01 
 5.87000000e-01  1.26217502e-01 
 5.88000000e-01  1.26836833e-01 
 5.89000000e-01  1.27462855e-01 
 5.90000000e-01  1.28095592e-01 
 5.91000000e-01  1.28735064e-01 
 5.92000000e-01  1.29381292e-01 
 5.93000000e-01  1.30034296e-01 
 5.94000000e-01  1.30694096e-01 
 5.95000000e-01  1.31360712e-01 
 5.96000000e-01  1.32034162e-01 
 5.97000000e-01  1.32714466e-01 
 5.98000000e-01  1.33401641e-01 
 5.99000000e-01  1.34095705e-01 
 6.00000000e-01  1.34796676e-01 
 6.01000000e-01  1.35504571e-01 
 6.02000000e-01  1.36219405e-01 
 6.03000000e-01  1.36941195e-01 
 6.04000000e-01  1.37669957e-01 
 6.05000000e-01  1.38405706e-01 
 6.06000000e-01  1.39148455e-01 
 6.07000000e-01  1.39898220e-01 
 6.08000000e-01  1.40655014e-01 
 6.09000000e-01  1.41418850e-01 
 6.10000000e-01  1.42189740e-01 
 6.11000000e-01  1.42967698e-01 
 6.12000000e-01  1.43752735e-01 
 6.13000000e-01  1.44544862e-01 
 6.14000000e-01  1.45344090e-01 
 6.15000000e-01  1.46150428e-01 
 6.16000000e-01  1.46963888e-01 
 6.17000000e-01  1.47784477e-01 
 6.18000000e-01  1.48612206e-01 
 6.19000000e-01  1.49447081e-01 
 6.20000000e-01  1.50289111e-01 
 6.21000000e-01  1.51138302e-01 
 6.22000000e-01  1.51994663e-01 
 6.23000000e-01  1.52858197e-01 
 6.24000000e-01  1.53728912e-01 
 6.25000000e-01  1.54606812e-01 
 6.26000000e-01  1.55491901e-01 
 6.27000000e-01  1.56384184e-01 
 6.28000000e-01  1.57283664e-01 
 6.29000000e-01  1.58190344e-01 
 6.30000000e-01  1.59104225e-01 
 6.31000000e-01  1.60025311e-01 
 6.32000000e-01  1.60953602e-01 
 6.33000000e-01  1.61889098e-01 
 6.34000000e-01  1.62831799e-01 
 6.35000000e-01  1.63781706e-01 
 6.36000000e-01  1.64738817e-01 
 6.37000000e-01  1.65703131e-01 
 6.38000000e-01  1.66674645e-01 
 6.39000000e-01  1.67653356e-01 
 6.40000000e-01  1.68639261e-01 
 6.41000000e-01  1.69632357e-01 
 6.42000000e-01  1.70632638e-01 
 6.43000000e-01  1.71640100e-01 
 6.44000000e-01  1.72654737e-01 
 6.45000000e-01  1.73676542e-01 
 6.46000000e-01  1.74705510e-01 
 6.47000000e-01  1.75741632e-01 
 6.48000000e-01  1.76784901e-01 
 6.49000000e-01  1.77835308e-01 
 6.50000000e-01  1.78892844e-01 
 6.51000000e-01  1.79957499e-01 
 6.52000000e-01  1.81029264e-01 
 6.53000000e-01  1.82108126e-01 
 6.54000000e-01  1.83194076e-01 
 6.55000000e-01  1.84287100e-01 
 6.56000000e-01  1.85387187e-01 
 6.57000000e-01  1.86494322e-01 
 6.58000000e-01  1.87608494e-01 
 6.59000000e-01  1.88729686e-01 
 6.60000000e-01  1.89857885e-01 
 6.61000000e-01  1.90993074e-01 
 6.62000000e-01  1.92135239e-01 
 6.63000000e-01  1.93284362e-01 
 6.64000000e-01  1.94440427e-01 
 6.65000000e-01  1.95603415e-01 
 6.66000000e-01  1.96773309e-01 
 6.67000000e-01  1.97950090e-01 
 6.68000000e-01  1.99133739e-01 
 6.69000000e-01  2.00324235e-01 
 6.70000000e-01  2.01521559e-01 
 6.71000000e-01  2.02725690e-01 
 6.72000000e-01  2.03936606e-01 
 6.73000000e-01  2.05154285e-01 
 6.74000000e-01  2.06378704e-01 
 6.75000000e-01  2.07609842e-01 
 6.76000000e-01  2.08847674e-01 
 6.77000000e-01  2.10092176e-01 
 6.78000000e-01  2.11343324e-01 
 6.79000000e-01  2.12601093e-01 
 6.80000000e-01  2.13865457e-01 
 6.81000000e-01  2.15136390e-01 
 6.82000000e-01  2.16413867e-01 
 6.83000000e-01  2.17697859e-01 
 6.84000000e-01  2.18988339e-01 
 6.85000000e-01  2.20285280e-01 
 6.86000000e-01  2.21588654e-01 
 6.87000000e-01  2.22898430e-01 
 6.88000000e-01  2.24214581e-01 
 6.89000000e-01  2.25537076e-01 
 6.90000000e-01  2.26865886e-01 
 6.91000000e-01  2.28200979e-01 
 6.92000000e-01  2.29542325e-01 
 6.93000000e-01  2.30889892e-01 
 6.94000000e-01  2.32243649e-01 
 6.95000000e-01  2.33603563e-01 
 6.96000000e-01  2.34969602e-01 
 6.97000000e-01  2.36341732e-01 
 6.98000000e-01  2.37719921e-01 
 6.99000000e-01  2.39104134e-01 
 7.00000000e-01  2.40494337e-01 
 7.01000000e-01  2.41890496e-01 
 7.02000000e-01  2.43292576e-01 
 7.03000000e-01  2.44700542e-01 
 7.04000000e-01  2.46114359e-01 
 7.05000000e-01  2.47533989e-01 
 7.06000000e-01  2.48959398e-01 
 7.07000000e-01  2.50390549e-01 
 7.08000000e-01  2.51827404e-01 
 7.09000000e-01  2.53269927e-01 
 7.10000000e-01  2.54718081e-01 
 7.11000000e-01  2.56171827e-01 
 7.12000000e-01  2.57631129e-01 
 7.13000000e-01  2.59095946e-01 
 7.14000000e-01  2.60566242e-01 
 7.15000000e-01  2.62041978e-01 
 7.16000000e-01  2.63523113e-01 
 7.17000000e-01  2.65009610e-01 
 7.18000000e-01  2.66501429e-01 
 7.19000000e-01  2.67998529e-01 
 7.20000000e-01  2.69500872e-01 
 7.21000000e-01  2.71008418e-01 
 7.22000000e-01  2.72521125e-01 
 7.23000000e-01  2.74038954e-01 
 7.24000000e-01  2.75561864e-01 
 7.25000000e-01  2.77089814e-01 
 7.26000000e-01  2.78622763e-01 
 7.27000000e-01  2.80160671e-01 
 7.28000000e-01  2.81703495e-01 
 7.29000000e-01  2.83251196e-01 
 7.30000000e-01  2.84803730e-01 
 7.31000000e-01  2.86361057e-01 
 7.32000000e-01  2.87923135e-01 
 7.33000000e-01  2.89489922e-01 
 7.34000000e-01  2.91061376e-01 
 7.35000000e-01  2.92637456e-01 
 7.36000000e-01  2.94218118e-01 
 7.37000000e-01  2.95803322e-01 
 7.38000000e-01  2.97393025e-01 
 7.39000000e-01  2.98987184e-01 
 7.40000000e-01  3.00585758e-01 
 7.41000000e-01  3.02188704e-01 
 7.42000000e-01  3.03795980e-01 
 7.43000000e-01  3.05407543e-01 
 7.44000000e-01  3.07023351e-01 
 7.45000000e-01  3.08643361e-01 
 7.46000000e-01  3.10267533e-01 
 7.47000000e-01  3.11895822e-01 
 7.48000000e-01  3.13528186e-01 
 7.49000000e-01  3.15164584e-01 
 7.50000000e-01  3.16804973e-01 
 7.51000000e-01  3.18449311e-01 
 7.52000000e-01  3.20097555e-01 
 7.53000000e-01  3.21749664e-01 
 7.54000000e-01  3.23405596e-01 
 7.55000000e-01  3.25065307e-01 
 7.56000000e-01  3.26728757e-01 
 7.57000000e-01  3.28395904e-01 
 7.58000000e-01  3.30066705e-01 
 7.59000000e-01  3.31741120e-01 
 7.60000000e-01  3.33419106e-01 
 7.61000000e-01  3.35100623e-01 
 7.62000000e-01  3.36785628e-01 
 7.63000000e-01  3.38474081e-01 
 7.64000000e-01  3.40165940e-01 
 7.65000000e-01  3.41861165e-01 
 7.66000000e-01  3.43559715e-01 
 7.67000000e-01  3.45261548e-01 
 7.68000000e-01  3.46966625e-01 
 7.69000000e-01  3.48674906e-01 
 7.70000000e-01  3.50386349e-01 
 7.71000000e-01  3.52100915e-01 
 7.72000000e-01  3.53818564e-01 
 7.73000000e-01  3.55539256e-01 
 7.74000000e-01  3.57262953e-01 
 7.75000000e-01  3.58989613e-01 
 7.76000000e-01  3.60719199e-01 
 7.77000000e-01  3.62451672e-01 
 7.78000000e-01  3.64186992e-01 
 7.79000000e-01  3.65925122e-01 
 7.80000000e-01  3.67666022e-01 
 7.81000000e-01  3.69409655e-01 
 7.82000000e-01  3.71155983e-01 
 7.83000000e-01  3.72904968e-01 
 7.84000000e-01  3.74656573e-01 
 7.85000000e-01  3.76410761e-01 
 7.86000000e-01  3.78167494e-01 
 7.87000000e-01  3.79926737e-01 
 7.88000000e-01  3.81688451e-01 
 7.89000000e-01  3.83452602e-01 
 7.90000000e-01  3.85219154e-01 
 7.91000000e-01  3.86988070e-01 
 7.92000000e-01  3.88759315e-01 
 7.93000000e-01  3.90532854e-01 
 7.94000000e-01  3.92308651e-01 
 7.95000000e-01  3.94086673e-01 
 7.96000000e-01  3.95866885e-01 
 7.97000000e-01  3.97649253e-01 
 7.98000000e-01  3.99433742e-01 
 7.99000000e-01  4.01220320e-01 
 8.00000000e-01  4.03008952e-01 
 8.01000000e-01  4.04799607e-01 
 8.02000000e-01  4.06592250e-01 
 8.03000000e-01  4.08386851e-01 
 8.04000000e-01  4.10183375e-01 
 8.05000000e-01  4.11981792e-01 
 8.06000000e-01  4.13782071e-01 
 8.07000000e-01  4.15584178e-01 
 8.08000000e-01  4.17388085e-01 
 8.09000000e-01  4.19193759e-01 
 8.10000000e-01  4.21001171e-01 
 8.11000000e-01  4.22810290e-01 
 8.12000000e-01  4.24621087e-01 
 8.13000000e-01  4.26433531e-01 
 8.14000000e-01  4.28247595e-01 
 8.15000000e-01  4.30063248e-01 
 8.16000000e-01  4.31880462e-01 
 8.17000000e-01  4.33699209e-01 
 8.18000000e-01  4.35519461e-01 
 8.19000000e-01  4.37341192e-01 
 8.20000000e-01  4.39164390e-01 
 8.21000000e-01  4.40989010e-01 
 8.22000000e-01  4.42815026e-01 
 8.23000000e-01  4.44642411e-01 
 8.24000000e-01  4.46471139e-01 
 8.25000000e-01  4.48301185e-01 
 8.26000000e-01  4.50132522e-01 
 8.27000000e-01  4.51965125e-01 
 8.28000000e-01  4.53798970e-01 
 8.29000000e-01  4.55634032e-01 
 8.30000000e-01  4.57470286e-01 
 8.31000000e-01  4.59307708e-01 
 8.32000000e-01  4.61146274e-01 
 8.33000000e-01  4.62985962e-01 
 8.34000000e-01  4.64826748e-01 
 8.35000000e-01  4.66668608e-01 
 8.36000000e-01  4.68511521e-01 
 8.37000000e-01  4.70355465e-01 
 8.38000000e-01  4.72200416e-01 
 8.39000000e-01  4.74046355e-01 
 8.40000000e-01  4.75893258e-01 
 8.41000000e-01  4.77741106e-01 
 8.42000000e-01  4.79589877e-01 
 8.43000000e-01  4.81439552e-01 
 8.44000000e-01  4.83290109e-01 
 8.45000000e-01  4.85141530e-01 
 8.46000000e-01  4.86993793e-01 
 8.47000000e-01  4.88846881e-01 
 8.48000000e-01  4.90700774e-01 
 8.49000000e-01  4.92555454e-01 
 8.50000000e-01  4.94410901e-01 
 8.51000000e-01  4.96267099e-01 
 8.52000000e-01  4.98124028e-01 
 8.53000000e-01  4.99981672e-01 
 8.54000000e-01  5.01840013e-01 
 8.55000000e-01  5.03699034e-01 
 8.56000000e-01  5.05558719e-01 
 8.57000000e-01  5.07419050e-01 
 8.58000000e-01  5.09280012e-01 
 8.59000000e-01  5.11141589e-01 
 8.60000000e-01  5.13003766e-01 
 8.61000000e-01  5.14866526e-01 
 8.62000000e-01  5.16729855e-01 
 8.63000000e-01  5.18593737e-01 
 8.64000000e-01  5.20458159e-01 
 8.65000000e-01  5.22323106e-01 
 8.66000000e-01  5.24188564e-01 
 8.67000000e-01  5.26054519e-01 
 8.68000000e-01  5.27920957e-01 
 8.69000000e-01  5.29787866e-01 
 8.70000000e-01  5.31655232e-01 
 8.71000000e-01  5.33523043e-01 
 8.72000000e-01  5.35391285e-01 
 8.73000000e-01  5.37259947e-01 
 8.74000000e-01  5.39129016e-01 
 8.75000000e-01  5.40998481e-01 
 8.76000000e-01  5.42868331e-01 
 8.77000000e-01  5.44738553e-01 
 8.78000000e-01  5.46609137e-01 
 8.79000000e-01  5.48480071e-01 
 8.80000000e-01  5.50351346e-01 
 8.81000000e-01  5.52222951e-01 
 8.82000000e-01  5.54094875e-01 
 8.83000000e-01  5.55967108e-01 
 8.84000000e-01  5.57839642e-01 
 8.85000000e-01  5.59712466e-01 
 8.86000000e-01  5.61585571e-01 
 8.87000000e-01  5.63458948e-01 
 8.88000000e-01  5.65332587e-01 
 8.89000000e-01  5.67206482e-01 
 8.90000000e-01  5.69080622e-01 
 8.91000000e-01  5.70955000e-01 
 8.92000000e-01  5.72829607e-01 
 8.93000000e-01  5.74704437e-01 
 8.94000000e-01  5.76579480e-01 
 8.95000000e-01  5.78454730e-01 
 8.96000000e-01  5.80330179e-01 
 8.97000000e-01  5.82205821e-01 
 8.98000000e-01  5.84081648e-01 
 8.99000000e-01  5.85957654e-01 
 9.00000000e-01  5.87833832e-01 
 9.01000000e-01  5.89710176e-01 
 9.02000000e-01  5.91586680e-01 
 9.03000000e-01  5.93463338e-01 
 9.04000000e-01  5.95340143e-01 
 9.05000000e-01  5.97217091e-01 
 9.06000000e-01  5.99094176e-01 
 9.07000000e-01  6.00971393e-01 
 9.08000000e-01  6.02848737e-01 
 9.09000000e-01  6.04726202e-01 
 9.10000000e-01  6.06603784e-01 
 9.11000000e-01  6.08481478e-01 
 9.12000000e-01  6.10359280e-01 
 9.13000000e-01  6.12237186e-01 
 9.14000000e-01  6.14115191e-01 
 9.15000000e-01  6.15993291e-01 
 9.16000000e-01  6.17871484e-01 
 9.17000000e-01  6.19749764e-01 
 9.18000000e-01  6.21628128e-01 
 9.19000000e-01  6.23506573e-01 
 9.20000000e-01  6.25385097e-01 
 9.21000000e-01  6.27263694e-01 
 9.22000000e-01  6.29142364e-01 
 9.23000000e-01  6.31021102e-01 
 9.24000000e-01  6.32899906e-01 
 9.25000000e-01  6.34778774e-01 
 9.26000000e-01  6.36657703e-01 
 9.27000000e-01  6.38536690e-01 
 9.28000000e-01  6.40415735e-01 
 9.29000000e-01  6.42294833e-01 
 9.30000000e-01  6.44173985e-01 
 9.31000000e-01  6.46053187e-01 
 9.32000000e-01  6.47932438e-01 
 9.33000000e-01  6.49811736e-01 
 9.34000000e-01  6.51691081e-01 
 9.35000000e-01  6.53570470e-01 
 9.36000000e-01  6.55449902e-01 
 9.37000000e-01  6.57329377e-01 
 9.38000000e-01  6.59208893e-01 
 9.39000000e-01  6.61088449e-01 
 9.40000000e-01  6.62968045e-01 
 9.41000000e-01  6.64847679e-01 
 9.42000000e-01  6.66727352e-01 
 9.43000000e-01  6.68607062e-01 
 9.44000000e-01  6.70486810e-01 
 9.45000000e-01  6.72366594e-01 
 9.46000000e-01  6.74246414e-01 
 9.47000000e-01  6.76126272e-01 
 9.48000000e-01  6.78006165e-01 
 9.49000000e-01  6.79886095e-01 
 9.50000000e-01  6.81766062e-01 
 9.51000000e-01  6.83646065e-01 
 9.52000000e-01  6.85526105e-01 
 9.53000000e-01  6.87406183e-01 
 9.54000000e-01  6.89286299e-01 
 9.55000000e-01  6.91166453e-01 
 9.56000000e-01  6.93046646e-01 
 9.57000000e-01  6.94926878e-01 
 9.58000000e-01  6.96807151e-01 
 9.59000000e-01  6.98687465e-01 
 9.60000000e-01  7.00567822e-01 
 9.61000000e-01  7.02448221e-01 
 9.62000000e-01  7.04328665e-01 
 9.63000000e-01  7.06209154e-01 
 9.64000000e-01  7.08089689e-01 
 9.65000000e-01  7.09970272e-01 
 9.66000000e-01  7.11850903e-01 
 9.67000000e-01  7.13731585e-01 
 9.68000000e-01  7.15612319e-01 
 9.69000000e-01  7.17493106e-01 
 9.70000000e-01  7.19373948e-01 
 9.71000000e-01  7.21254845e-01 
 9.72000000e-01  7.23135801e-01 
 9.73000000e-01  7.25016817e-01 
 9.74000000e-01  7.26897893e-01 
 9.75000000e-01  7.28779033e-01 
 9.76000000e-01  7.30660238e-01 
 9.77000000e-01  7.32541510e-01 
 9.78000000e-01  7.34422850e-01 
 9.79000000e-01  7.36304262e-01 
 9.80000000e-01  7.38185746e-01 
 9.81000000e-01  7.40067305e-01 
 9.82000000e-01  7.41948942e-01 
 9.83000000e-01  7.43830657e-01 
 9.84000000e-01  7.45712454e-01 
 9.85000000e-01  7.47594335e-01 
 9.86000000e-01  7.49476301e-01 
 9.87000000e-01  7.51358356e-01 
 9.88000000e-01  7.53240502e-01 
 9.89000000e-01  7.55122740e-01 
 9.90000000e-01  7.57005074e-01 
 9.91000000e-01  7.58887506e-01 
 9.92000000e-01  7.60770038e-01 
 9.93000000e-01  7.62652673e-01 
 9.94000000e-01  7.64535413e-01 
 9.95000000e-01  7.66418262e-01 
 9.96000000e-01  7.68301221e-01 
 9.97000000e-01  7.70184294e-01 
 9.98000000e-01  7.72067482e-01 
 9.99000000e-01  7.73950789e-01 
 1.00000000e+00  7.75834218e-01 
 1.00100000e+00  7.77717770e-01 
 1.00200000e+00  7.79601450e-01 
 1.00300000e+00  7.81485259e-01 
 1.00400000e+00  7.83369200e-01 
 1.00500000e+00  7.85253277e-01 
 1.00600000e+00  7.87137492e-01 
 1.00700000e+00  7.89021848e-01 
 1.00800000e+00  7.90906347e-01 
 1.00900000e+00  7.92790994e-01 
 1.01000000e+00  7.94675790e-01 
 1.01100000e+00  7.96560739e-01 
 1.01200000e+00  7.98445844e-01 
 1.01300000e+00  8.00331107e-01 
 1.01400000e+00  8.02216532e-01 
 1.01500000e+00  8.04102121e-01 
 1.01600000e+00  8.05987878e-01 
 1.01700000e+00  8.07873805e-01 
 1.01800000e+00  8.09759906e-01 
 1.01900000e+00  8.11646184e-01 
 1.02000000e+00  8.13532641e-01 
 1.02100000e+00  8.15419282e-01 
 1.02200000e+00  8.17306108e-01 
 1.02300000e+00  8.19193123e-01 
 1.02400000e+00  8.21080330e-01 
 1.02500000e+00  8.22967732e-01 
 1.02600000e+00  8.24855333e-01 
 1.02700000e+00  8.26743135e-01 
 1.02800000e+00  8.28631141e-01 
 1.02900000e+00  8.30519355e-01 
 1.03000000e+00  8.32407780e-01 
 1.03100000e+00  8.34296418e-01 
 1.03200000e+00  8.36185274e-01 
 1.03300000e+00  8.38074350e-01 
 1.03400000e+00  8.39963649e-01 
 1.03500000e+00  8.41853174e-01 
 1.03600000e+00  8.43742929e-01 
 1.03700000e+00  8.45632917e-01 
 1.03800000e+00  8.47523140e-01 
 1.03900000e+00  8.49413603e-01 
 1.04000000e+00  8.51304308e-01 
 1.04100000e+00  8.53195258e-01 
 1.04200000e+00  8.55086457e-01 
 1.04300000e+00  8.56977907e-01 
 1.04400000e+00  8.58869612e-01 
 1.04500000e+00  8.60761575e-01 
 1.04600000e+00  8.62653799e-01 
 1.04700000e+00  8.64546288e-01 
 1.04800000e+00  8.66439043e-01 
 1.04900000e+00  8.68332070e-01 
 1.05000000e+00  8.70225369e-01 
 1.05100000e+00  8.72118946e-01 
 1.05200000e+00  8.74012802e-01 
 1.05300000e+00  8.75906941e-01 
 1.05400000e+00  8.77801367e-01 
 1.05500000e+00  8.79696082e-01 
 1.05600000e+00  8.81591088e-01 
 1.05700000e+00  8.83486391e-01 
 1.05800000e+00  8.85381992e-01 
 1.05900000e+00  8.87277894e-01 
 1.06000000e+00  8.89174101e-01 
 1.06100000e+00  8.91070616e-01 
 1.06200000e+00  8.92967441e-01 
 1.06300000e+00  8.94864581e-01 
 1.06400000e+00  8.96762037e-01 
 1.06500000e+00  8.98659813e-01 
 1.06600000e+00  9.00557912e-01 
 1.06700000e+00  9.02456337e-01 
 1.06800000e+00  9.04355091e-01 
 1.06900000e+00  9.06254177e-01 
 1.07000000e+00  9.08153598e-01 
 1.07100000e+00  9.10053358e-01 
 1.07200000e+00  9.11953458e-01 
 1.07300000e+00  9.13853901e-01 
 1.07400000e+00  9.15754692e-01 
 1.07500000e+00  9.17655833e-01 
 1.07600000e+00  9.19557326e-01 
 1.07700000e+00  9.21459175e-01 
 1.07800000e+00  9.23361383e-01 
 1.07900000e+00  9.25263952e-01 
 1.08000000e+00  9.27166886e-01 
 1.08100000e+00  9.29070187e-01 
 1.08200000e+00  9.30973858e-01 
 1.08300000e+00  9.32877902e-01 
 1.08400000e+00  9.34782322e-01 
 1.08500000e+00  9.36687121e-01 
 1.08600000e+00  9.38592301e-01 
 1.08700000e+00  9.40497866e-01 
 1.08800000e+00  9.42403817e-01 
 1.08900000e+00  9.44310159e-01 
 1.09000000e+00  9.46216894e-01 
 1.09100000e+00  9.48124023e-01 
 1.09200000e+00  9.50031552e-01 
 1.09300000e+00  9.51939481e-01 
 1.09400000e+00  9.53847813e-01 
 1.09500000e+00  9.55756553e-01 
 1.09600000e+00  9.57665701e-01 
 1.09700000e+00  9.59575261e-01 
 1.09800000e+00  9.61485236e-01 
 1.09900000e+00  9.63395628e-01 
 1.10000000e+00  9.65306439e-01 
 1.10100000e+00  9.67217673e-01 
 1.10200000e+00  9.69129332e-01 
 1.10300000e+00  9.71041419e-01 
 1.10400000e+00  9.72953936e-01 
 1.10500000e+00  9.74866885e-01 
 1.10600000e+00  9.76780271e-01 
 1.10700000e+00  9.78694094e-01 
 1.10800000e+00  9.80608357e-01 
 1.10900000e+00  9.82523064e-01 
 1.11000000e+00  9.84438216e-01 
 1.11100000e+00  9.86353816e-01 
 1.11200000e+00  9.88269867e-01 
 1.11300000e+00  9.90186371e-01 
 1.11400000e+00  9.92103330e-01 
 1.11500000e+00  9.94020747e-01 
 1.11600000e+00  9.95938624e-01 
 1.11700000e+00  9.97856964e-01 
 1.11800000e+00  9.99775769e-01 
 1.11900000e+00  1.00169504e+00 
 1.12000000e+00  1.00361478e+00 
 1.12100000e+00  1.00553500e+00 
 1.12200000e+00  1.00745569e+00 
 1.12300000e+00  1.00937685e+00 
 1.12400000e+00  1.01129850e+00 
 1.12500000e+00  1.01322063e+00 
 1.12600000e+00  1.01514324e+00 
 1.12700000e+00  1.01706633e+00 
 1.12800000e+00  1.01898992e+00 
 1.12900000e+00  1.02091400e+00 
 1.13000000e+00  1.02283856e+00 
 1.13100000e+00  1.02476363e+00 
 1.13200000e+00  1.02668919e+00 
 1.13300000e+00  1.02861525e+00 
 1.13400000e+00  1.03054181e+00 
 1.13500000e+00  1.03246888e+00 
 1.13600000e+00  1.03439645e+00 
 1.13700000e+00  1.03632453e+00 
 1.13800000e+00  1.03825312e+00 
 1.13900000e+00  1.04018222e+00 
 1.14000000e+00  1.04211183e+00 
 1.14100000e+00  1.04404197e+00 
 1.14200000e+00  1.04597262e+00 
 1.14300000e+00  1.04790379e+00 
 1.14400000e+00  1.04983548e+00 
 1.14500000e+00  1.05176770e+00 
 1.14600000e+00  1.05370045e+00 
 1.14700000e+00  1.05563372e+00 
 1.14800000e+00  1.05756752e+00 
 1.14900000e+00  1.05950186e+00 
 1.15000000e+00  1.06143673e+00 
 1.15100000e+00  1.06337214e+00 
 1.15200000e+00  1.06530808e+00 
 1.15300000e+00  1.06724457e+00 
 1.15400000e+00  1.06918159e+00 
 1.15500000e+00  1.07111917e+00 
 1.15600000e+00  1.07305728e+00 
 1.15700000e+00  1.07499595e+00 
 1.15800000e+00  1.07693516e+00 
 1.15900000e+00  1.07887493e+00 
 1.16000000e+00  1.08081525e+00 
 1.16100000e+00  1.08275612e+00 
 1.16200000e+00  1.08469755e+00 
 1.16300000e+00  1.08663954e+00 
 1.16400000e+00  1.08858209e+00 
 1.16500000e+00  1.09052520e+00 
 1.16600000e+00  1.09246887e+00 
 1.16700000e+00  1.09441311e+00 
 1.16800000e+00  1.09635792e+00 
 1.16900000e+00  1.09830329e+00 
 1.17000000e+00  1.10024924e+00 
 1.17100000e+00  1.10219575e+00 
 1.17200000e+00  1.10414284e+00 
 1.17300000e+00  1.10609051e+00 
 1.17400000e+00  1.10803875e+00 
 1.17500000e+00  1.10998758e+00 
 1.17600000e+00  1.11193698e+00 
 1.17700000e+00  1.11388696e+00 
 1.17800000e+00  1.11583753e+00 
 1.17900000e+00  1.11778868e+00 
 1.18000000e+00  1.11974042e+00 
 1.18100000e+00  1.12169275e+00 
 1.18200000e+00  1.12364566e+00 
 1.18300000e+00  1.12559917e+00 
 1.18400000e+00  1.12755327e+00 
 1.18500000e+00  1.12950796e+00 
 1.18600000e+00  1.13146325e+00 
 1.18700000e+00  1.13341914e+00 
 1.18800000e+00  1.13537562e+00 
 1.18900000e+00  1.13733271e+00 
 1.19000000e+00  1.13929039e+00 
 1.19100000e+00  1.14124868e+00 
 1.19200000e+00  1.14320757e+00 
 1.19300000e+00  1.14516707e+00 
 1.19400000e+00  1.14712717e+00 
 1.19500000e+00  1.14908789e+00 
 1.19600000e+00  1.15104921e+00 
 1.19700000e+00  1.15301114e+00 
 1.19800000e+00  1.15497368e+00 
 1.19900000e+00  1.15693684e+00 
 1.20000000e+00  1.15890061e+00 
 1.20100000e+00  1.16086500e+00 
 1.20200000e+00  1.16283001e+00 
 1.20300000e+00  1.16479563e+00 
 1.20400000e+00  1.16676188e+00 
 1.20500000e+00  1.16872874e+00 
 1.20600000e+00  1.17069623e+00 
 1.20700000e+00  1.17266434e+00 
 1.20800000e+00  1.17463308e+00 
 1.20900000e+00  1.17660244e+00 
 1.21000000e+00  1.17857243e+00 
 1.21100000e+00  1.18054305e+00 
 1.21200000e+00  1.18251430e+00 
 1.21300000e+00  1.18448618e+00 
 1.21400000e+00  1.18645869e+00 
 1.21500000e+00  1.18843183e+00 
 1.21600000e+00  1.19040561e+00 
 1.21700000e+00  1.19238002e+00 
 1.21800000e+00  1.19435507e+00 
 1.21900000e+00  1.19633076e+00 
 1.22000000e+00  1.19830708e+00 
 1.22100000e+00  1.20028405e+00 
 1.22200000e+00  1.20226165e+00 
 1.22300000e+00  1.20423990e+00 
 1.22400000e+00  1.20621879e+00 
 1.22500000e+00  1.20819832e+00 
 1.22600000e+00  1.21017850e+00 
 1.22700000e+00  1.21215933e+00 
 1.22800000e+00  1.21414080e+00 
 1.22900000e+00  1.21612292e+00 
 1.23000000e+00  1.21810569e+00 
 1.23100000e+00  1.22008910e+00 
 1.23200000e+00  1.22207317e+00 
 1.23300000e+00  1.22405789e+00 
 1.23400000e+00  1.22604327e+00 
 1.23500000e+00  1.22802930e+00 
 1.23600000e+00  1.23001598e+00 
 1.23700000e+00  1.23200332e+00 
 1.23800000e+00  1.23399131e+00 
 1.23900000e+00  1.23597996e+00 
 1.24000000e+00  1.23796927e+00 
 1.24100000e+00  1.23995924e+00 
 1.24200000e+00  1.24194987e+00 
 1.24300000e+00  1.24394116e+00 
 1.24400000e+00  1.24593311e+00 
 1.24500000e+00  1.24792573e+00 
 1.24600000e+00  1.24991901e+00 
 1.24700000e+00  1.25191295e+00 
 1.24800000e+00  1.25390756e+00 
 1.24900000e+00  1.25590283e+00 
 1.25000000e+00  1.25789878e+00 
 1.25100000e+00  1.25989538e+00 
 1.25200000e+00  1.26189266e+00 
 1.25300000e+00  1.26389061e+00 
 1.25400000e+00  1.26588923e+00 
 1.25500000e+00  1.26788851e+00 
 1.25600000e+00  1.26988847e+00 
 1.25700000e+00  1.27188910e+00 
 1.25800000e+00  1.27389041e+00 
 1.25900000e+00  1.27589239e+00 
 1.26000000e+00  1.27789504e+00 
 1.26100000e+00  1.27989837e+00 
 1.26200000e+00  1.28190237e+00 
 1.26300000e+00  1.28390705e+00 
 1.26400000e+00  1.28591241e+00 
 1.26500000e+00  1.28791845e+00 
 1.26600000e+00  1.28992516e+00 
 1.26700000e+00  1.29193256e+00 
 1.26800000e+00  1.29394063e+00 
 1.26900000e+00  1.29594939e+00 
 1.27000000e+00  1.29795883e+00 
 1.27100000e+00  1.29996895e+00 
 1.27200000e+00  1.30197975e+00 
 1.27300000e+00  1.30399124e+00 
 1.27400000e+00  1.30600341e+00 
 1.27500000e+00  1.30801626e+00 
 1.27600000e+00  1.31002980e+00 
 1.27700000e+00  1.31204403e+00 
 1.27800000e+00  1.31405894e+00 
 1.27900000e+00  1.31607454e+00 
 1.28000000e+00  1.31809083e+00 
 1.28100000e+00  1.32010781e+00 
 1.28200000e+00  1.32212547e+00 
 1.28300000e+00  1.32414383e+00 
 1.28400000e+00  1.32616287e+00 
 1.28500000e+00  1.32818261e+00 
 1.28600000e+00  1.33020304e+00 
 1.28700000e+00  1.33222416e+00 
 1.28800000e+00  1.33424597e+00 
 1.28900000e+00  1.33626847e+00 
 1.29000000e+00  1.33829167e+00 
 1.29100000e+00  1.34031556e+00 
 1.29200000e+00  1.34234015e+00 
 1.29300000e+00  1.34436543e+00 
 1.29400000e+00  1.34639140e+00 
 1.29500000e+00  1.34841807e+00 
 1.29600000e+00  1.35044544e+00 
 1.29700000e+00  1.35247351e+00 
 1.29800000e+00  1.35450227e+00 
 1.29900000e+00  1.35653173e+00 
 1.30000000e+00  1.35856189e+00 
 1.30100000e+00  1.36059275e+00 
 1.30200000e+00  1.36262431e+00 
 1.30300000e+00  1.36465657e+00 
 1.30400000e+00  1.36668952e+00 
 1.30500000e+00  1.36872318e+00 
 1.30600000e+00  1.37075754e+00 
 1.30700000e+00  1.37279260e+00 
 1.30800000e+00  1.37482837e+00 
 1.30900000e+00  1.37686483e+00 
 1.31000000e+00  1.37890200e+00 
 1.31100000e+00  1.38093988e+00 
 1.31200000e+00  1.38297845e+00 
 1.31300000e+00  1.38501773e+00 
 1.31400000e+00  1.38705772e+00 
 1.31500000e+00  1.38909841e+00 
 1.31600000e+00  1.39113980e+00 
 1.31700000e+00  1.39318190e+00 
 1.31800000e+00  1.39522471e+00 
 1.31900000e+00  1.39726822e+00 
 1.32000000e+00  1.39931244e+00 
 1.32100000e+00  1.40135737e+00 
 1.32200000e+00  1.40340300e+00 
 1.32300000e+00  1.40544935e+00 
 1.32400000e+00  1.40749640e+00 
 1.32500000e+00  1.40954416e+00 
 1.32600000e+00  1.41159263e+00 
 1.32700000e+00  1.41364181e+00 
 1.32800000e+00  1.41569169e+00 
 1.32900000e+00  1.41774229e+00 
 1.33000000e+00  1.41979360e+00 
 1.33100000e+00  1.42184562e+00 
 1.33200000e+00  1.42389835e+00 
 1.33300000e+00  1.42595179e+00 
 1.33400000e+00  1.42800595e+00 
 1.33500000e+00  1.43006081e+00 
 1.33600000e+00  1.43211639e+00 
 1.33700000e+00  1.43417268e+00 
 1.33800000e+00  1.43622969e+00 
 1.33900000e+00  1.43828740e+00 
 1.34000000e+00  1.44034583e+00 
 1.34100000e+00  1.44240498e+00 
 1.34200000e+00  1.44446484e+00 
 1.34300000e+00  1.44652541e+00 
 1.34400000e+00  1.44858670e+00 
 1.34500000e+00  1.45064870e+00 
 1.34600000e+00  1.45271142e+00 
 1.34700000e+00  1.45477485e+00 
 1.34800000e+00  1.45683900e+00 
 1.34900000e+00  1.45890387e+00 
 1.35000000e+00  1.46096945e+00 
 1.35100000e+00  1.46303575e+00 
 1.35200000e+00  1.46510276e+00 
 1.35300000e+00  1.46717049e+00 
 1.35400000e+00  1.46923894e+00 
 1.35500000e+00  1.47130811e+00 
 1.35600000e+00  1.47337799e+00 
 1.35700000e+00  1.47544860e+00 
 1.35800000e+00  1.47751992e+00 
 1.35900000e+00  1.47959196e+00 
 1.36000000e+00  1.48166472e+00 
 1.36100000e+00  1.48373819e+00 
 1.36200000e+00  1.48581239e+00 
 1.36300000e+00  1.48788731e+00 
 1.36400000e+00  1.48996294e+00 
 1.36500000e+00  1.49203930e+00 
 1.36600000e+00  1.49411637e+00 
 1.36700000e+00  1.49619417e+00 
 1.36800000e+00  1.49827268e+00 
 1.36900000e+00  1.50035192e+00 
 1.37000000e+00  1.50243188e+00 
 1.37100000e+00  1.50451256e+00 
 1.37200000e+00  1.50659396e+00 
 1.37300000e+00  1.50867608e+00 
 1.37400000e+00  1.51075892e+00 
 1.37500000e+00  1.51284249e+00 
 1.37600000e+00  1.51492678e+00 
 1.37700000e+00  1.51701179e+00 
 1.37800000e+00  1.51909752e+00 
 1.37900000e+00  1.52118397e+00 
 1.38000000e+00  1.52327115e+00 
 1.38100000e+00  1.52535905e+00 
 1.38200000e+00  1.52744767e+00 
 1.38300000e+00  1.52953702e+00 
 1.38400000e+00  1.53162709e+00 
 1.38500000e+00  1.53371788e+00 
 1.38600000e+00  1.53580940e+00 
 1.38700000e+00  1.53790164e+00 
 1.38800000e+00  1.53999461e+00 
 1.38900000e+00  1.54208830e+00 
 1.39000000e+00  1.54418271e+00 
 1.39100000e+00  1.54627785e+00 
 1.39200000e+00  1.54837371e+00 
 1.39300000e+00  1.55047030e+00 
 1.39400000e+00  1.55256762e+00 
 1.39500000e+00  1.55466565e+00 
 1.39600000e+00  1.55676442e+00 
 1.39700000e+00  1.55886391e+00 
 1.39800000e+00  1.56096412e+00 
 1.39900000e+00  1.56306506e+00 
 1.40000000e+00  1.56516673e+00 
 1.40100000e+00  1.56726912e+00 
 1.40200000e+00  1.56937224e+00 
 1.40300000e+00  1.57147608e+00 
 1.40400000e+00  1.57358066e+00 
 1.40500000e+00  1.57568595e+00 
 1.40600000e+00  1.57779198e+00 
 1.40700000e+00  1.57989873e+00 
 1.40800000e+00  1.58200621e+00 
 1.40900000e+00  1.58411441e+00 
 1.41000000e+00  1.58622334e+00 
 1.41100000e+00  1.58833300e+00 
 1.41200000e+00  1.59044339e+00 
 1.41300000e+00  1.59255450e+00 
 1.41400000e+00  1.59466635e+00 
 1.41500000e+00  1.59677892e+00 
 1.41600000e+00  1.59889221e+00 
 1.41700000e+00  1.60100624e+00 
 1.41800000e+00  1.60312099e+00 
 1.41900000e+00  1.60523647e+00 
 1.42000000e+00  1.60735268e+00 
 1.42100000e+00  1.60946962e+00 
 1.42200000e+00  1.61158729e+00 
 1.42300000e+00  1.61370568e+00 
 1.42400000e+00  1.61582481e+00 
 1.42500000e+00  1.61794466e+00 
 1.42600000e+00  1.62006524e+00 
 1.42700000e+00  1.62218655e+00 
 1.42800000e+00  1.62430859e+00 
 1.42900000e+00  1.62643136e+00 
 1.43000000e+00  1.62855486e+00 
 1.43100000e+00  1.63067908e+00 
 1.43200000e+00  1.63280404e+00 
 1.43300000e+00  1.63492973e+00 
 1.43400000e+00  1.63705614e+00 
 1.43500000e+00  1.63918329e+00 
 1.43600000e+00  1.64131116e+00 
 1.43700000e+00  1.64343977e+00 
 1.43800000e+00  1.64556910e+00 
 1.43900000e+00  1.64769917e+00 
 1.44000000e+00  1.64982996e+00 
 1.44100000e+00  1.65196149e+00 
 1.44200000e+00  1.65409374e+00 
 1.44300000e+00  1.65622673e+00 
 1.44400000e+00  1.65836045e+00 
 1.44500000e+00  1.66049489e+00 
 1.44600000e+00  1.66263007e+00 
 1.44700000e+00  1.66476598e+00 
 1.44800000e+00  1.66690262e+00 
 1.44900000e+00  1.66903999e+00 
 1.45000000e+00  1.67117809e+00 
 1.45100000e+00  1.67331692e+00 
 1.45200000e+00  1.67545648e+00 
 1.45300000e+00  1.67759678e+00 
 1.45400000e+00  1.67973780e+00 
 1.45500000e+00  1.68187956e+00 
 1.45600000e+00  1.68402205e+00 
 1.45700000e+00  1.68616526e+00 
 1.45800000e+00  1.68830921e+00 
 1.45900000e+00  1.69045390e+00 
 1.46000000e+00  1.69259931e+00 
 1.46100000e+00  1.69474546e+00 
 1.46200000e+00  1.69689233e+00 
 1.46300000e+00  1.69903994e+00 
 1.46400000e+00  1.70118828e+00 
 1.46500000e+00  1.70333736e+00 
 1.46600000e+00  1.70548716e+00 
 1.46700000e+00  1.70763770e+00 
 1.46800000e+00  1.70978897e+00 
 1.46900000e+00  1.71194097e+00 
 1.47000000e+00  1.71409370e+00 
 1.47100000e+00  1.71624717e+00 
 1.47200000e+00  1.71840137e+00 
 1.47300000e+00  1.72055630e+00 
 1.47400000e+00  1.72271196e+00 
 1.47500000e+00  1.72486836e+00 
 1.47600000e+00  1.72702549e+00 
 1.47700000e+00  1.72918335e+00 
 1.47800000e+00  1.73134194e+00 
 1.47900000e+00  1.73350127e+00 
 1.48000000e+00  1.73566133e+00 
 1.48100000e+00  1.73782212e+00 
 1.48200000e+00  1.73998365e+00 
 1.48300000e+00  1.74214591e+00 
 1.48400000e+00  1.74430890e+00 
 1.48500000e+00  1.74647262e+00 
 1.48600000e+00  1.74863708e+00 
 1.48700000e+00  1.75080227e+00 
 1.48800000e+00  1.75296820e+00 
 1.48900000e+00  1.75513486e+00 
 1.49000000e+00  1.75730225e+00 
 1.49100000e+00  1.75947038e+00 
 1.49200000e+00  1.76163924e+00 
 1.49300000e+00  1.76380883e+00 
 1.49400000e+00  1.76597916e+00 
 1.49500000e+00  1.76815022e+00 
 1.49600000e+00  1.77032201e+00 
 1.49700000e+00  1.77249454e+00 
 1.49800000e+00  1.77466780e+00 
 1.49900000e+00  1.77684180e+00 
 1.50000000e+00  1.77901653e+00 
 1.50100000e+00  1.78119199e+00 
 1.50200000e+00  1.78336819e+00 
 1.50300000e+00  1.78554513e+00 
 1.50400000e+00  1.78772279e+00 
 1.50500000e+00  1.78990120e+00 
 1.50600000e+00  1.79208033e+00 
 1.50700000e+00  1.79426020e+00 
 1.50800000e+00  1.79644081e+00 
 1.50900000e+00  1.79862215e+00 
 1.51000000e+00  1.80080422e+00 
 1.51100000e+00  1.80298703e+00 
 1.51200000e+00  1.80517058e+00 
 1.51300000e+00  1.80735486e+00 
 1.51400000e+00  1.80953987e+00 
 1.51500000e+00  1.81172562e+00 
 1.51600000e+00  1.81391210e+00 
 1.51700000e+00  1.81609932e+00 
 1.51800000e+00  1.81828728e+00 
 1.51900000e+00  1.82047597e+00 
 1.52000000e+00  1.82266539e+00 
 1.52100000e+00  1.82485555e+00 
 1.52200000e+00  1.82704645e+00 
 1.52300000e+00  1.82923808e+00 
 1.52400000e+00  1.83143045e+00 
 1.52500000e+00  1.83362355e+00 
 1.52600000e+00  1.83581739e+00 
 1.52700000e+00  1.83801196e+00 
 1.52800000e+00  1.84020727e+00 
 1.52900000e+00  1.84240331e+00 
 1.53000000e+00  1.84460009e+00 
 1.53100000e+00  1.84679761e+00 
 1.53200000e+00  1.84899586e+00 
 1.53300000e+00  1.85119485e+00 
 1.53400000e+00  1.85339458e+00 
 1.53500000e+00  1.85559504e+00 
 1.53600000e+00  1.85779624e+00 
 1.53700000e+00  1.85999817e+00 
 1.53800000e+00  1.86220084e+00 
 1.53900000e+00  1.86440425e+00 
 1.54000000e+00  1.86660839e+00 
 1.54100000e+00  1.86881327e+00 
 1.54200000e+00  1.87101889e+00 
 1.54300000e+00  1.87322524e+00 
 1.54400000e+00  1.87543233e+00 
 1.54500000e+00  1.87764016e+00 
 1.54600000e+00  1.87984872e+00 
 1.54700000e+00  1.88205802e+00 
 1.54800000e+00  1.88426806e+00 
 1.54900000e+00  1.88647884e+00 
 1.55000000e+00  1.88869035e+00 
 1.55100000e+00  1.89090260e+00 
 1.55200000e+00  1.89311559e+00 
 1.55300000e+00  1.89532931e+00 
 1.55400000e+00  1.89754377e+00 
 1.55500000e+00  1.89975897e+00 
 1.55600000e+00  1.90197491e+00 
 1.55700000e+00  1.90419158e+00 
 1.55800000e+00  1.90640900e+00 
 1.55900000e+00  1.90862715e+00 
 1.56000000e+00  1.91084604e+00 
 1.56100000e+00  1.91306566e+00 
 1.56200000e+00  1.91528603e+00 
 1.56300000e+00  1.91750713e+00 
 1.56400000e+00  1.91972897e+00 
 1.56500000e+00  1.92195155e+00 
 1.56600000e+00  1.92417487e+00 
 1.56700000e+00  1.92639893e+00 
 1.56800000e+00  1.92862372e+00 
 1.56900000e+00  1.93084925e+00 
 1.57000000e+00  1.93307553e+00 
 1.57100000e+00  1.93530254e+00 
 1.57200000e+00  1.93753029e+00 
 1.57300000e+00  1.93975878e+00 
 1.57400000e+00  1.94198800e+00 
 1.57500000e+00  1.94421797e+00 
 1.57600000e+00  1.94644868e+00 
 1.57700000e+00  1.94868012e+00 
 1.57800000e+00  1.95091231e+00 
 1.57900000e+00  1.95314523e+00 
 1.58000000e+00  1.95537890e+00 
 1.58100000e+00  1.95761330e+00 
 1.58200000e+00  1.95984845e+00 
 1.58300000e+00  1.96208433e+00 
 1.58400000e+00  1.96432095e+00 
 1.58500000e+00  1.96655832e+00 
 1.58600000e+00  1.96879642e+00 
 1.58700000e+00  1.97103526e+00 
 1.58800000e+00  1.97327485e+00 
 1.58900000e+00  1.97551517e+00 
 1.59000000e+00  1.97775624e+00 
 1.59100000e+00  1.97999804e+00 
 1.59200000e+00  1.98224059e+00 
 1.59300000e+00  1.98448388e+00 
 1.59400000e+00  1.98672791e+00 
 1.59500000e+00  1.98897268e+00 
 1.59600000e+00  1.99121819e+00 
 1.59700000e+00  1.99346444e+00 
 1.59800000e+00  1.99571143e+00 
 1.59900000e+00  1.99795916e+00 
 1.60000000e+00  2.00020764e+00 
 1.60100000e+00  2.00245686e+00 
 1.60200000e+00  2.00470682e+00 
 1.60300000e+00  2.00695752e+00 
 1.60400000e+00  2.00920896e+00 
 1.60500000e+00  2.01146114e+00 
 1.60600000e+00  2.01371407e+00 
 1.60700000e+00  2.01596774e+00 
 1.60800000e+00  2.01822215e+00 
 1.60900000e+00  2.02047730e+00 
 1.61000000e+00  2.02273320e+00 
 1.61100000e+00  2.02498984e+00 
 1.61200000e+00  2.02724722e+00 
 1.61300000e+00  2.02950535e+00 
 1.61400000e+00  2.03176421e+00 
 1.61500000e+00  2.03402382e+00 
 1.61600000e+00  2.03628418e+00 
 1.61700000e+00  2.03854527e+00 
 1.61800000e+00  2.04080712e+00 
 1.61900000e+00  2.04306970e+00 
 1.62000000e+00  2.04533303e+00 
 1.62100000e+00  2.04759710e+00 
 1.62200000e+00  2.04986192e+00 
 1.62300000e+00  2.05212748e+00 
 1.62400000e+00  2.05439378e+00 
 1.62500000e+00  2.05666083e+00 
 1.62600000e+00  2.05892862e+00 
 1.62700000e+00  2.06119716e+00 
 1.62800000e+00  2.06346644e+00 
 1.62900000e+00  2.06573647e+00 
 1.63000000e+00  2.06800724e+00 
 1.63100000e+00  2.07027876e+00 
 1.63200000e+00  2.07255102e+00 
 1.63300000e+00  2.07482403e+00 
 1.63400000e+00  2.07709778e+00 
 1.63500000e+00  2.07937228e+00 
 1.63600000e+00  2.08164753e+00 
 1.63700000e+00  2.08392352e+00 
 1.63800000e+00  2.08620025e+00 
 1.63900000e+00  2.08847773e+00 
 1.64000000e+00  2.09075596e+00 
 1.64100000e+00  2.09303494e+00 
 1.64200000e+00  2.09531466e+00 
 1.64300000e+00  2.09759513e+00 
 1.64400000e+00  2.09987635e+00 
 1.64500000e+00  2.10215831e+00 
 1.64600000e+00  2.10444102e+00 
 1.64700000e+00  2.10672447e+00 
 1.64800000e+00  2.10900868e+00 
 1.64900000e+00  2.11129363e+00 
 1.65000000e+00  2.11357933e+00 
 1.65100000e+00  2.11586578e+00 
 1.65200000e+00  2.11815297e+00 
 1.65300000e+00  2.12044092e+00 
 1.65400000e+00  2.12272961e+00 
 1.65500000e+00  2.12501905e+00 
 1.65600000e+00  2.12730924e+00 
 1.65700000e+00  2.12960018e+00 
 1.65800000e+00  2.13189187e+00 
 1.65900000e+00  2.13418430e+00 
 1.66000000e+00  2.13647749e+00 
 1.66100000e+00  2.13877142e+00 
 1.66200000e+00  2.14106611e+00 
 1.66300000e+00  2.14336154e+00 
 1.66400000e+00  2.14565773e+00 
 1.66500000e+00  2.14795466e+00 
 1.66600000e+00  2.15025235e+00 
 1.66700000e+00  2.15255078e+00 
 1.66800000e+00  2.15484997e+00 
 1.66900000e+00  2.15714990e+00 
 1.67000000e+00  2.15945059e+00 
 1.67100000e+00  2.16175203e+00 
 1.67200000e+00  2.16405422e+00 
 1.67300000e+00  2.16635716e+00 
 1.67400000e+00  2.16866085e+00 
 1.67500000e+00  2.17096530e+00 
 1.67600000e+00  2.17327049e+00 
 1.67700000e+00  2.17557644e+00 
 1.67800000e+00  2.17788314e+00 
 1.67900000e+00  2.18019060e+00 
 1.68000000e+00  2.18249880e+00 
 1.68100000e+00  2.18480776e+00 
 1.68200000e+00  2.18711747e+00 
 1.68300000e+00  2.18942794e+00 
 1.68400000e+00  2.19173916e+00 
 1.68500000e+00  2.19405113e+00 
 1.68600000e+00  2.19636386e+00 
 1.68700000e+00  2.19867734e+00 
 1.68800000e+00  2.20099157e+00 
 1.68900000e+00  2.20330656e+00 
 1.69000000e+00  2.20562230e+00 
 1.69100000e+00  2.20793880e+00 
 1.69200000e+00  2.21025605e+00 
 1.69300000e+00  2.21257406e+00 
 1.69400000e+00  2.21489283e+00 
 1.69500000e+00  2.21721234e+00 
 1.69600000e+00  2.21953262e+00 
 1.69700000e+00  2.22185365e+00 
 1.69800000e+00  2.22417544e+00 
 1.69900000e+00  2.22649798e+00 
 1.70000000e+00  2.22882128e+00 
 1.70100000e+00  2.23114534e+00 
 1.70200000e+00  2.23347015e+00 
 1.70300000e+00  2.23579572e+00 
 1.70400000e+00  2.23812205e+00 
 1.70500000e+00  2.24044913e+00 
 1.70600000e+00  2.24277698e+00 
 1.70700000e+00  2.24510558e+00 
 1.70800000e+00  2.24743494e+00 
 1.70900000e+00  2.24976506e+00 
 1.71000000e+00  2.25209593e+00 
 1.71100000e+00  2.25442757e+00 
 1.71200000e+00  2.25675996e+00 
 1.71300000e+00  2.25909312e+00 
 1.71400000e+00  2.26142703e+00 
 1.71500000e+00  2.26376170e+00 
 1.71600000e+00  2.26609714e+00 
 1.71700000e+00  2.26843333e+00 
 1.71800000e+00  2.27077028e+00 
 1.71900000e+00  2.27310800e+00 
 1.72000000e+00  2.27544647e+00 
 1.72100000e+00  2.27778571e+00 
 1.72200000e+00  2.28012571e+00 
 1.72300000e+00  2.28246647e+00 
 1.72400000e+00  2.28480799e+00 
 1.72500000e+00  2.28715027e+00 
 1.72600000e+00  2.28949332e+00 
 1.72700000e+00  2.29183713e+00 
 1.72800000e+00  2.29418170e+00 
 1.72900000e+00  2.29652703e+00 
 1.73000000e+00  2.29887313e+00 
 1.73100000e+00  2.30121999e+00 
 1.73200000e+00  2.30356762e+00 
 1.73300000e+00  2.30591600e+00 
 1.73400000e+00  2.30826516e+00 
 1.73500000e+00  2.31061507e+00 
 1.73600000e+00  2.31296576e+00 
 1.73700000e+00  2.31531720e+00 
 1.73800000e+00  2.31766942e+00 
 1.73900000e+00  2.32002239e+00 
 1.74000000e+00  2.32237614e+00 
 1.74100000e+00  2.32473065e+00 
 1.74200000e+00  2.32708592e+00 
 1.74300000e+00  2.32944196e+00 
 1.74400000e+00  2.33179877e+00 
 1.74500000e+00  2.33415635e+00 
 1.74600000e+00  2.33651469e+00 
 1.74700000e+00  2.33887380e+00 
 1.74800000e+00  2.34123368e+00 
 1.74900000e+00  2.34359433e+00 
 1.75000000e+00  2.34595574e+00 
 1.75100000e+00  2.34831793e+00 
 1.75200000e+00  2.35068088e+00 
 1.75300000e+00  2.35304460e+00 
 1.75400000e+00  2.35540909e+00 
 1.75500000e+00  2.35777436e+00 
 1.75600000e+00  2.36014039e+00 
 1.75700000e+00  2.36250719e+00 
 1.75800000e+00  2.36487476e+00 
 1.75900000e+00  2.36724310e+00 
 1.76000000e+00  2.36961222e+00 
 1.76100000e+00  2.37198210e+00 
 1.76200000e+00  2.37435276e+00 
 1.76300000e+00  2.37672419e+00 
 1.76400000e+00  2.37909639e+00 
 1.76500000e+00  2.38146936e+00 
 1.76600000e+00  2.38384311e+00 
 1.76700000e+00  2.38621763e+00 
 1.76800000e+00  2.38859292e+00 
 1.76900000e+00  2.39096899e+00 
 1.77000000e+00  2.39334583e+00 
 1.77100000e+00  2.39572345e+00 
 1.77200000e+00  2.39810184e+00 
 1.77300000e+00  2.40048100e+00 
 1.77400000e+00  2.40286094e+00 
 1.77500000e+00  2.40524166e+00 
 1.77600000e+00  2.40762315e+00 
 1.77700000e+00  2.41000542e+00 
 1.77800000e+00  2.41238846e+00 
 1.77900000e+00  2.41477228e+00 
 1.78000000e+00  2.41715688e+00 
 1.78100000e+00  2.41954226e+00 
 1.78200000e+00  2.42192841e+00 
 1.78300000e+00  2.42431534e+00 
 1.78400000e+00  2.42670305e+00 
 1.78500000e+00  2.42909154e+00 
 1.78600000e+00  2.43148080e+00 
 1.78700000e+00  2.43387085e+00 
 1.78800000e+00  2.43626168e+00 
 1.78900000e+00  2.43865328e+00 
 1.79000000e+00  2.44104567e+00 
 1.79100000e+00  2.44343884e+00 
 1.79200000e+00  2.44583278e+00 
 1.79300000e+00  2.44822751e+00 
 1.79400000e+00  2.45062302e+00 
 1.79500000e+00  2.45301931e+00 
 1.79600000e+00  2.45541639e+00 
 1.79700000e+00  2.45781424e+00 
 1.79800000e+00  2.46021288e+00 
 1.79900000e+00  2.46261231e+00 
 1.80000000e+00  2.46501251e+00 
