 0.00000000e+00  8.31691109e-02 
 1.00000000e-03  8.31695573e-02 
 2.00000000e-03  8.31700091e-02 
 3.00000000e-03  8.31704664e-02 
 4.00000000e-03  8.31709292e-02 
 5.00000000e-03  8.31713975e-02 
 6.00000000e-03  8.31718716e-02 
 7.00000000e-03  8.31723513e-02 
 8.00000000e-03  8.31728368e-02 
 9.00000000e-03  8.31733281e-02 
 1.00000000e-02  8.31738254e-02 
 1.10000000e-02  8.31743287e-02 
 1.20000000e-02  8.31748380e-02 
 1.30000000e-02  8.31753534e-02 
 1.40000000e-02  8.31758751e-02 
 1.50000000e-02  8.31764031e-02 
 1.60000000e-02  8.31769374e-02 
 1.70000000e-02  8.31774782e-02 
 1.80000000e-02  8.31780255e-02 
 1.90000000e-02  8.31785793e-02 
 2.00000000e-02  8.31791399e-02 
 2.10000000e-02  8.31797072e-02 
 2.20000000e-02  8.31802813e-02 
 2.30000000e-02  8.31808623e-02 
 2.40000000e-02  8.31814504e-02 
 2.50000000e-02  8.31820455e-02 
 2.60000000e-02  8.31826478e-02 
 2.70000000e-02  8.31832573e-02 
 2.80000000e-02  8.31838742e-02 
 2.90000000e-02  8.31844985e-02 
 3.00000000e-02  8.31851303e-02 
 3.10000000e-02  8.31857698e-02 
 3.20000000e-02  8.31864169e-02 
 3.30000000e-02  8.31870718e-02 
 3.40000000e-02  8.31877346e-02 
 3.50000000e-02  8.31884054e-02 
 3.60000000e-02  8.31890842e-02 
 3.70000000e-02  8.31897713e-02 
 3.80000000e-02  8.31904665e-02 
 3.90000000e-02  8.31911702e-02 
 4.00000000e-02  8.31918823e-02 
 4.10000000e-02  8.31926030e-02 
 4.20000000e-02  8.31933324e-02 
 4.30000000e-02  8.31940705e-02 
 4.40000000e-02  8.31948175e-02 
 4.50000000e-02  8.31955735e-02 
 4.60000000e-02  8.31963386e-02 
 4.70000000e-02  8.31971129e-02 
 4.80000000e-02  8.31978965e-02 
 4.90000000e-02  8.31986895e-02 
 5.00000000e-02  8.31994921e-02 
 5.10000000e-02  8.32003043e-02 
 5.20000000e-02  8.32011263e-02 
 5.30000000e-02  8.32019582e-02 
 5.40000000e-02  8.32028000e-02 
 5.50000000e-02  8.32036520e-02 
 5.60000000e-02  8.32045142e-02 
 5.70000000e-02  8.32053868e-02 
 5.80000000e-02  8.32062699e-02 
 5.90000000e-02  8.32071636e-02 
 6.00000000e-02  8.32080680e-02 
 6.10000000e-02  8.32089833e-02 
 6.20000000e-02  8.32099096e-02 
 6.30000000e-02  8.32108470e-02 
 6.40000000e-02  8.32117956e-02 
 6.50000000e-02  8.32127557e-02 
 6.60000000e-02  8.32137273e-02 
 6.70000000e-02  8.32147105e-02 
 6.80000000e-02  8.32157056e-02 
 6.90000000e-02  8.32167126e-02 
 7.00000000e-02  8.32177317e-02 
 7.10000000e-02  8.32187631e-02 
 7.20000000e-02  8.32198068e-02 
 7.30000000e-02  8.32208630e-02 
 7.40000000e-02  8.32219319e-02 
 7.50000000e-02  8.32230137e-02 
 7.60000000e-02  8.32241084e-02 
 7.70000000e-02  8.32252162e-02 
 7.80000000e-02  8.32263374e-02 
 7.90000000e-02  8.32274720e-02 
 8.00000000e-02  8.32286202e-02 
 8.10000000e-02  8.32297822e-02 
 8.20000000e-02  8.32309581e-02 
 8.30000000e-02  8.32321481e-02 
 8.40000000e-02  8.32333523e-02 
 8.50000000e-02  8.32345710e-02 
 8.60000000e-02  8.32358044e-02 
 8.70000000e-02  8.32370525e-02 
 8.80000000e-02  8.32383155e-02 
 8.90000000e-02  8.32395937e-02 
 9.00000000e-02  8.32408872e-02 
 9.10000000e-02  8.32421962e-02 
 9.20000000e-02  8.32435209e-02 
 9.30000000e-02  8.32448614e-02 
 9.40000000e-02  8.32462180e-02 
 9.50000000e-02  8.32475909e-02 
 9.60000000e-02  8.32489801e-02 
 9.70000000e-02  8.32503860e-02 
 9.80000000e-02  8.32518088e-02 
 9.90000000e-02  8.32532485e-02 
 1.00000000e-01  8.32547055e-02 
 1.01000000e-01  8.32561799e-02 
 1.02000000e-01  8.32576720e-02 
 1.03000000e-01  8.32591819e-02 
 1.04000000e-01  8.32607099e-02 
 1.05000000e-01  8.32622561e-02 
 1.06000000e-01  8.32638209e-02 
 1.07000000e-01  8.32654043e-02 
 1.08000000e-01  8.32670067e-02 
 1.09000000e-01  8.32686282e-02 
 1.10000000e-01  8.32702691e-02 
 1.11000000e-01  8.32719296e-02 
 1.12000000e-01  8.32736099e-02 
 1.13000000e-01  8.32753103e-02 
 1.14000000e-01  8.32770310e-02 
 1.15000000e-01  8.32787723e-02 
 1.16000000e-01  8.32805343e-02 
 1.17000000e-01  8.32823174e-02 
 1.18000000e-01  8.32841218e-02 
 1.19000000e-01  8.32859477e-02 
 1.20000000e-01  8.32877954e-02 
 1.21000000e-01  8.32896651e-02 
 1.22000000e-01  8.32915571e-02 
 1.23000000e-01  8.32934717e-02 
 1.24000000e-01  8.32954091e-02 
 1.25000000e-01  8.32973697e-02 
 1.26000000e-01  8.32993536e-02 
 1.27000000e-01  8.33013611e-02 
 1.28000000e-01  8.33033925e-02 
 1.29000000e-01  8.33054482e-02 
 1.30000000e-01  8.33075283e-02 
 1.31000000e-01  8.33096332e-02 
 1.32000000e-01  8.33117632e-02 
 1.33000000e-01  8.33139185e-02 
 1.34000000e-01  8.33160995e-02 
 1.35000000e-01  8.33183065e-02 
 1.36000000e-01  8.33205397e-02 
 1.37000000e-01  8.33227994e-02 
 1.38000000e-01  8.33250860e-02 
 1.39000000e-01  8.33273999e-02 
 1.40000000e-01  8.33297412e-02 
 1.41000000e-01  8.33321103e-02 
 1.42000000e-01  8.33345076e-02 
 1.43000000e-01  8.33369334e-02 
 1.44000000e-01  8.33393880e-02 
 1.45000000e-01  8.33418718e-02 
 1.46000000e-01  8.33443850e-02 
 1.47000000e-01  8.33469281e-02 
 1.48000000e-01  8.33495013e-02 
 1.49000000e-01  8.33521051e-02 
 1.50000000e-01  8.33547397e-02 
 1.51000000e-01  8.33574056e-02 
 1.52000000e-01  8.33601032e-02 
 1.53000000e-01  8.33628326e-02 
 1.54000000e-01  8.33655945e-02 
 1.55000000e-01  8.33683890e-02 
 1.56000000e-01  8.33712166e-02 
 1.57000000e-01  8.33740778e-02 
 1.58000000e-01  8.33769728e-02 
 1.59000000e-01  8.33799020e-02 
 1.60000000e-01  8.33828659e-02 
 1.61000000e-01  8.33858649e-02 
 1.62000000e-01  8.33888993e-02 
 1.63000000e-01  8.33919696e-02 
 1.64000000e-01  8.33950762e-02 
 1.65000000e-01  8.33982195e-02 
 1.66000000e-01  8.34014000e-02 
 1.67000000e-01  8.34046180e-02 
 1.68000000e-01  8.34078739e-02 
 1.69000000e-01  8.34111684e-02 
 1.70000000e-01  8.34145016e-02 
 1.71000000e-01  8.34178742e-02 
 1.72000000e-01  8.34212866e-02 
 1.73000000e-01  8.34247391e-02 
 1.74000000e-01  8.34282324e-02 
 1.75000000e-01  8.34317668e-02 
 1.76000000e-01  8.34353429e-02 
 1.77000000e-01  8.34389610e-02 
 1.78000000e-01  8.34426217e-02 
 1.79000000e-01  8.34463255e-02 
 1.80000000e-01  8.34500728e-02 
 1.81000000e-01  8.34538642e-02 
 1.82000000e-01  8.34577001e-02 
 1.83000000e-01  8.34615812e-02 
 1.84000000e-01  8.34655078e-02 
 1.85000000e-01  8.34694804e-02 
 1.86000000e-01  8.34734998e-02 
 1.87000000e-01  8.34775662e-02 
 1.88000000e-01  8.34816804e-02 
 1.89000000e-01  8.34858427e-02 
 1.90000000e-01  8.34900539e-02 
 1.91000000e-01  8.34943144e-02 
 1.92000000e-01  8.34986247e-02 
 1.93000000e-01  8.35029855e-02 
 1.94000000e-01  8.35073974e-02 
 1.95000000e-01  8.35118608e-02 
 1.96000000e-01  8.35163764e-02 
 1.97000000e-01  8.35209447e-02 
 1.98000000e-01  8.35255664e-02 
 1.99000000e-01  8.35302421e-02 
 2.00000000e-01  8.35349723e-02 
 2.01000000e-01  8.35397577e-02 
 2.02000000e-01  8.35445990e-02 
 2.03000000e-01  8.35494966e-02 
 2.04000000e-01  8.35544512e-02 
 2.05000000e-01  8.35594636e-02 
 2.06000000e-01  8.35645343e-02 
 2.07000000e-01  8.35696640e-02 
 2.08000000e-01  8.35748533e-02 
 2.09000000e-01  8.35801029e-02 
 2.10000000e-01  8.35854135e-02 
 2.11000000e-01  8.35907857e-02 
 2.12000000e-01  8.35962203e-02 
 2.13000000e-01  8.36017179e-02 
 2.14000000e-01  8.36072792e-02 
 2.15000000e-01  8.36129050e-02 
 2.16000000e-01  8.36185959e-02 
 2.17000000e-01  8.36243526e-02 
 2.18000000e-01  8.36301759e-02 
 2.19000000e-01  8.36360666e-02 
 2.20000000e-01  8.36420253e-02 
 2.21000000e-01  8.36480528e-02 
 2.22000000e-01  8.36541499e-02 
 2.23000000e-01  8.36603173e-02 
 2.24000000e-01  8.36665557e-02 
 2.25000000e-01  8.36728661e-02 
 2.26000000e-01  8.36792491e-02 
 2.27000000e-01  8.36857055e-02 
 2.28000000e-01  8.36922361e-02 
 2.29000000e-01  8.36988418e-02 
 2.30000000e-01  8.37055234e-02 
 2.31000000e-01  8.37122816e-02 
 2.32000000e-01  8.37191174e-02 
 2.33000000e-01  8.37260315e-02 
 2.34000000e-01  8.37330247e-02 
 2.35000000e-01  8.37400980e-02 
 2.36000000e-01  8.37472522e-02 
 2.37000000e-01  8.37544882e-02 
 2.38000000e-01  8.37618068e-02 
 2.39000000e-01  8.37692089e-02 
 2.40000000e-01  8.37766955e-02 
 2.41000000e-01  8.37842674e-02 
 2.42000000e-01  8.37919254e-02 
 2.43000000e-01  8.37996707e-02 
 2.44000000e-01  8.38075039e-02 
 2.45000000e-01  8.38154262e-02 
 2.46000000e-01  8.38234384e-02 
 2.47000000e-01  8.38315415e-02 
 2.48000000e-01  8.38397365e-02 
 2.49000000e-01  8.38480242e-02 
 2.50000000e-01  8.38564057e-02 
 2.51000000e-01  8.38648819e-02 
 2.52000000e-01  8.38734539e-02 
 2.53000000e-01  8.38821226e-02 
 2.54000000e-01  8.38908891e-02 
 2.55000000e-01  8.38997543e-02 
 2.56000000e-01  8.39087194e-02 
 2.57000000e-01  8.39177852e-02 
 2.58000000e-01  8.39269528e-02 
 2.59000000e-01  8.39362234e-02 
 2.60000000e-01  8.39455979e-02 
 2.61000000e-01  8.39550774e-02 
 2.62000000e-01  8.39646630e-02 
 2.63000000e-01  8.39743558e-02 
 2.64000000e-01  8.39841568e-02 
 2.65000000e-01  8.39940672e-02 
 2.66000000e-01  8.40040880e-02 
 2.67000000e-01  8.40142204e-02 
 2.68000000e-01  8.40244655e-02 
 2.69000000e-01  8.40348244e-02 
 2.70000000e-01  8.40452982e-02 
 2.71000000e-01  8.40558882e-02 
 2.72000000e-01  8.40665954e-02 
 2.73000000e-01  8.40774210e-02 
 2.74000000e-01  8.40883662e-02 
 2.75000000e-01  8.40994322e-02 
 2.76000000e-01  8.41106201e-02 
 2.77000000e-01  8.41219312e-02 
 2.78000000e-01  8.41333666e-02 
 2.79000000e-01  8.41449276e-02 
 2.80000000e-01  8.41566154e-02 
 2.81000000e-01  8.41684312e-02 
 2.82000000e-01  8.41803762e-02 
 2.83000000e-01  8.41924517e-02 
 2.84000000e-01  8.42046589e-02 
 2.85000000e-01  8.42169991e-02 
 2.86000000e-01  8.42294736e-02 
 2.87000000e-01  8.42420836e-02 
 2.88000000e-01  8.42548303e-02 
 2.89000000e-01  8.42677152e-02 
 2.90000000e-01  8.42807394e-02 
 2.91000000e-01  8.42939043e-02 
 2.92000000e-01  8.43072112e-02 
 2.93000000e-01  8.43206614e-02 
 2.94000000e-01  8.43342561e-02 
 2.95000000e-01  8.43479969e-02 
 2.96000000e-01  8.43618848e-02 
 2.97000000e-01  8.43759214e-02 
 2.98000000e-01  8.43901080e-02 
 2.99000000e-01  8.44044458e-02 
 3.00000000e-01  8.44189363e-02 
 3.01000000e-01  8.44335808e-02 
 3.02000000e-01  8.44483807e-02 
 3.03000000e-01  8.44633373e-02 
 3.04000000e-01  8.44784521e-02 
 3.05000000e-01  8.44937264e-02 
 3.06000000e-01  8.45091615e-02 
 3.07000000e-01  8.45247590e-02 
 3.08000000e-01  8.45405201e-02 
 3.09000000e-01  8.45564464e-02 
 3.10000000e-01  8.45725391e-02 
 3.11000000e-01  8.45887997e-02 
 3.12000000e-01  8.46052296e-02 
 3.13000000e-01  8.46218302e-02 
 3.14000000e-01  8.46386029e-02 
 3.15000000e-01  8.46555492e-02 
 3.16000000e-01  8.46726705e-02 
 3.17000000e-01  8.46899681e-02 
 3.18000000e-01  8.47074435e-02 
 3.19000000e-01  8.47250982e-02 
 3.20000000e-01  8.47429335e-02 
 3.21000000e-01  8.47609509e-02 
 3.22000000e-01  8.47791518e-02 
 3.23000000e-01  8.47975376e-02 
 3.24000000e-01  8.48161098e-02 
 3.25000000e-01  8.48348697e-02 
 3.26000000e-01  8.48538189e-02 
 3.27000000e-01  8.48729587e-02 
 3.28000000e-01  8.48922905e-02 
 3.29000000e-01  8.49118158e-02 
 3.30000000e-01  8.49315360e-02 
 3.31000000e-01  8.49514524e-02 
 3.32000000e-01  8.49715666e-02 
 3.33000000e-01  8.49918798e-02 
 3.34000000e-01  8.50123935e-02 
 3.35000000e-01  8.50331092e-02 
 3.36000000e-01  8.50540280e-02 
 3.37000000e-01  8.50751516e-02 
 3.38000000e-01  8.50964811e-02 
 3.39000000e-01  8.51180181e-02 
 3.40000000e-01  8.51397637e-02 
 3.41000000e-01  8.51617195e-02 
 3.42000000e-01  8.51838867e-02 
 3.43000000e-01  8.52062667e-02 
 3.44000000e-01  8.52288608e-02 
 3.45000000e-01  8.52516702e-02 
 3.46000000e-01  8.52746964e-02 
 3.47000000e-01  8.52979405e-02 
 3.48000000e-01  8.53214039e-02 
 3.49000000e-01  8.53450878e-02 
 3.50000000e-01  8.53689934e-02 
 3.51000000e-01  8.53931220e-02 
 3.52000000e-01  8.54174748e-02 
 3.53000000e-01  8.54420529e-02 
 3.54000000e-01  8.54668577e-02 
 3.55000000e-01  8.54918901e-02 
 3.56000000e-01  8.55171514e-02 
 3.57000000e-01  8.55426427e-02 
 3.58000000e-01  8.55683651e-02 
 3.59000000e-01  8.55943196e-02 
 3.60000000e-01  8.56205073e-02 
 3.61000000e-01  8.56469292e-02 
 3.62000000e-01  8.56735864e-02 
 3.63000000e-01  8.57004799e-02 
 3.64000000e-01  8.57276105e-02 
 3.65000000e-01  8.57549792e-02 
 3.66000000e-01  8.57825869e-02 
 3.67000000e-01  8.58104345e-02 
 3.68000000e-01  8.58385227e-02 
 3.69000000e-01  8.58668525e-02 
 3.70000000e-01  8.58954246e-02 
 3.71000000e-01  8.59242398e-02 
 3.72000000e-01  8.59532986e-02 
 3.73000000e-01  8.59826019e-02 
 3.74000000e-01  8.60121501e-02 
 3.75000000e-01  8.60419441e-02 
 3.76000000e-01  8.60719841e-02 
 3.77000000e-01  8.61022709e-02 
 3.78000000e-01  8.61328049e-02 
 3.79000000e-01  8.61635864e-02 
 3.80000000e-01  8.61946159e-02 
 3.81000000e-01  8.62258937e-02 
 3.82000000e-01  8.62574202e-02 
 3.83000000e-01  8.62891954e-02 
 3.84000000e-01  8.63212197e-02 
 3.85000000e-01  8.63534932e-02 
 3.86000000e-01  8.63860159e-02 
 3.87000000e-01  8.64187880e-02 
 3.88000000e-01  8.64518093e-02 
 3.89000000e-01  8.64850798e-02 
 3.90000000e-01  8.65185994e-02 
 3.91000000e-01  8.65523678e-02 
 3.92000000e-01  8.65863849e-02 
 3.93000000e-01  8.66206503e-02 
 3.94000000e-01  8.66551636e-02 
 3.95000000e-01  8.66899243e-02 
 3.96000000e-01  8.67249321e-02 
 3.97000000e-01  8.67601862e-02 
 3.98000000e-01  8.67956860e-02 
 3.99000000e-01  8.68314309e-02 
 4.00000000e-01  8.68674200e-02 
 4.01000000e-01  8.69036524e-02 
 4.02000000e-01  8.69401272e-02 
 4.03000000e-01  8.69768434e-02 
 4.04000000e-01  8.70137999e-02 
 4.05000000e-01  8.70509955e-02 
 4.06000000e-01  8.70884290e-02 
 4.07000000e-01  8.71260990e-02 
 4.08000000e-01  8.71640040e-02 
 4.09000000e-01  8.72021426e-02 
 4.10000000e-01  8.72405132e-02 
 4.11000000e-01  8.72791141e-02 
 4.12000000e-01  8.73179434e-02 
 4.13000000e-01  8.73569994e-02 
 4.14000000e-01  8.73962800e-02 
 4.15000000e-01  8.74357833e-02 
 4.16000000e-01  8.74755070e-02 
 4.17000000e-01  8.75154490e-02 
 4.18000000e-01  8.75556067e-02 
 4.19000000e-01  8.75959780e-02 
 4.20000000e-01  8.76365600e-02 
 4.21000000e-01  8.76773503e-02 
 4.22000000e-01  8.77183461e-02 
 4.23000000e-01  8.77595444e-02 
 4.24000000e-01  8.78009424e-02 
 4.25000000e-01  8.78425370e-02 
 4.26000000e-01  8.78843251e-02 
 4.27000000e-01  8.79263032e-02 
 4.28000000e-01  8.79684681e-02 
 4.29000000e-01  8.80108163e-02 
 4.30000000e-01  8.80533440e-02 
 4.31000000e-01  8.80960478e-02 
 4.32000000e-01  8.81389236e-02 
 4.33000000e-01  8.81819675e-02 
 4.34000000e-01  8.82251756e-02 
 4.35000000e-01  8.82685436e-02 
 4.36000000e-01  8.83120673e-02 
 4.37000000e-01  8.83557422e-02 
 4.38000000e-01  8.83995640e-02 
 4.39000000e-01  8.84435279e-02 
 4.40000000e-01  8.84876292e-02 
 4.41000000e-01  8.85318632e-02 
 4.42000000e-01  8.85762248e-02 
 4.43000000e-01  8.86207091e-02 
 4.44000000e-01  8.86653108e-02 
 4.45000000e-01  8.87100246e-02 
 4.46000000e-01  8.87548453e-02 
 4.47000000e-01  8.87997673e-02 
 4.48000000e-01  8.88447850e-02 
 4.49000000e-01  8.88898928e-02 
 4.50000000e-01  8.89350847e-02 
 4.51000000e-01  8.89803550e-02 
 4.52000000e-01  8.90256977e-02 
 4.53000000e-01  8.90711066e-02 
 4.54000000e-01  8.91165755e-02 
 4.55000000e-01  8.91620983e-02 
 4.56000000e-01  8.92076685e-02 
 4.57000000e-01  8.92532796e-02 
 4.58000000e-01  8.92989253e-02 
 4.59000000e-01  8.93445988e-02 
 4.60000000e-01  8.93902934e-02 
 4.61000000e-01  8.94360025e-02 
 4.62000000e-01  8.94817191e-02 
 4.63000000e-01  8.95274365e-02 
 4.64000000e-01  8.95731477e-02 
 4.65000000e-01  8.96188456e-02 
 4.66000000e-01  8.96645233e-02 
 4.67000000e-01  8.97101736e-02 
 4.68000000e-01  8.97557894e-02 
 4.69000000e-01  8.98013636e-02 
 4.70000000e-01  8.98468890e-02 
 4.71000000e-01  8.98923584e-02 
 4.72000000e-01  8.99377645e-02 
 4.73000000e-01  8.99831002e-02 
 4.74000000e-01  9.00283582e-02 
 4.75000000e-01  9.00735314e-02 
 4.76000000e-01  9.01186124e-02 
 4.77000000e-01  9.01635942e-02 
 4.78000000e-01  9.02084696e-02 
 4.79000000e-01  9.02532315e-02 
 4.80000000e-01  9.02978729e-02 
 4.81000000e-01  9.03423868e-02 
 4.82000000e-01  9.03867662e-02 
 4.83000000e-01  9.04310042e-02 
 4.84000000e-01  9.04750942e-02 
 4.85000000e-01  9.05190295e-02 
 4.86000000e-01  9.05628035e-02 
 4.87000000e-01  9.06064098e-02 
 4.88000000e-01  9.06498420e-02 
 4.89000000e-01  9.06930941e-02 
 4.90000000e-01  9.07361599e-02 
 4.91000000e-01  9.07790337e-02 
 4.92000000e-01  9.08217097e-02 
 4.93000000e-01  9.08641825e-02 
 4.94000000e-01  9.09064468e-02 
 4.95000000e-01  9.09484975e-02 
 4.96000000e-01  9.09903297e-02 
 4.97000000e-01  9.10319389e-02 
 4.98000000e-01  9.10733207e-02 
 4.99000000e-01  9.11144710e-02 
 5.00000000e-01  9.11553860e-02 
 5.01000000e-01  9.11960622e-02 
 5.02000000e-01  9.12364964e-02 
 5.03000000e-01  9.12766856e-02 
 5.04000000e-01  9.13166273e-02 
 5.05000000e-01  9.13563193e-02 
 5.06000000e-01  9.13957598e-02 
 5.07000000e-01  9.14349473e-02 
 5.08000000e-01  9.14738807e-02 
 5.09000000e-01  9.15125593e-02 
 5.10000000e-01  9.15509830e-02 
 5.11000000e-01  9.15891519e-02 
 5.12000000e-01  9.16270666e-02 
 5.13000000e-01  9.16647282e-02 
 5.14000000e-01  9.17021384e-02 
 5.15000000e-01  9.17392991e-02 
 5.16000000e-01  9.17762131e-02 
 5.17000000e-01  9.18128833e-02 
 5.18000000e-01  9.18493135e-02 
 5.19000000e-01  9.18855077e-02 
 5.20000000e-01  9.19214708e-02 
 5.21000000e-01  9.19572081e-02 
 5.22000000e-01  9.19927255e-02 
 5.23000000e-01  9.20280294e-02 
 5.24000000e-01  9.20631271e-02 
 5.25000000e-01  9.20980262e-02 
 5.26000000e-01  9.21327351e-02 
 5.27000000e-01  9.21672629e-02 
 5.28000000e-01  9.22016193e-02 
 5.29000000e-01  9.22358146e-02 
 5.30000000e-01  9.22698598e-02 
 5.31000000e-01  9.23037666e-02 
 5.32000000e-01  9.23375476e-02 
 5.33000000e-01  9.23712157e-02 
 5.34000000e-01  9.24047849e-02 
 5.35000000e-01  9.24382697e-02 
 5.36000000e-01  9.24716853e-02 
 5.37000000e-01  9.25050479e-02 
 5.38000000e-01  9.25383741e-02 
 5.39000000e-01  9.25716815e-02 
 5.40000000e-01  9.26049883e-02 
 5.41000000e-01  9.26383135e-02 
 5.42000000e-01  9.26716769e-02 
 5.43000000e-01  9.27050990e-02 
 5.44000000e-01  9.27386011e-02 
 5.45000000e-01  9.27722052e-02 
 5.46000000e-01  9.28059342e-02 
 5.47000000e-01  9.28398116e-02 
 5.48000000e-01  9.28738617e-02 
 5.49000000e-01  9.29081096e-02 
 5.50000000e-01  9.29425812e-02 
 5.51000000e-01  9.29773030e-02 
 5.52000000e-01  9.30123025e-02 
 5.53000000e-01  9.30476075e-02 
 5.54000000e-01  9.30832471e-02 
 5.55000000e-01  9.31192508e-02 
 5.56000000e-01  9.31556487e-02 
 5.57000000e-01  9.31924720e-02 
 5.58000000e-01  9.32297524e-02 
 5.59000000e-01  9.32675221e-02 
 5.60000000e-01  9.33058144e-02 
 5.61000000e-01  9.33446631e-02 
 5.62000000e-01  9.33841024e-02 
 5.63000000e-01  9.34241676e-02 
 5.64000000e-01  9.34648944e-02 
 5.65000000e-01  9.35063192e-02 
 5.66000000e-01  9.35484790e-02 
 5.67000000e-01  9.35914113e-02 
 5.68000000e-01  9.36351543e-02 
 5.69000000e-01  9.36797469e-02 
 5.70000000e-01  9.37252283e-02 
 5.71000000e-01  9.37716384e-02 
 5.72000000e-01  9.38190176e-02 
 5.73000000e-01  9.38674067e-02 
 5.74000000e-01  9.39168473e-02 
 5.75000000e-01  9.39673810e-02 
 5.76000000e-01  9.40190503e-02 
 5.77000000e-01  9.40718979e-02 
 5.78000000e-01  9.41259669e-02 
 5.79000000e-01  9.41813010e-02 
 5.80000000e-01  9.42379441e-02 
 5.81000000e-01  9.42959405e-02 
 5.82000000e-01  9.43553348e-02 
 5.83000000e-01  9.44161722e-02 
 5.84000000e-01  9.44784977e-02 
 5.85000000e-01  9.45423570e-02 
 5.86000000e-01  9.46077960e-02 
 5.87000000e-01  9.46748606e-02 
 5.88000000e-01  9.47435972e-02 
 5.89000000e-01  9.48140524e-02 
 5.90000000e-01  9.48862727e-02 
 5.91000000e-01  9.49603050e-02 
 5.92000000e-01  9.50361964e-02 
 5.93000000e-01  9.51139939e-02 
 5.94000000e-01  9.51937448e-02 
 5.95000000e-01  9.52754964e-02 
 5.96000000e-01  9.53592962e-02 
 5.97000000e-01  9.54451915e-02 
 5.98000000e-01  9.55332298e-02 
 5.99000000e-01  9.56234586e-02 
 6.00000000e-01  9.57159255e-02 
 6.01000000e-01  9.58106779e-02 
 6.02000000e-01  9.59077633e-02 
 6.03000000e-01  9.60072291e-02 
 6.04000000e-01  9.61091226e-02 
 6.05000000e-01  9.62134911e-02 
 6.06000000e-01  9.63203817e-02 
 6.07000000e-01  9.64298415e-02 
 6.08000000e-01  9.65419174e-02 
 6.09000000e-01  9.66566562e-02 
 6.10000000e-01  9.67741045e-02 
 6.11000000e-01  9.68943089e-02 
 6.12000000e-01  9.70173156e-02 
 6.13000000e-01  9.71431707e-02 
 6.14000000e-01  9.72719202e-02 
 6.15000000e-01  9.74036098e-02 
 6.16000000e-01  9.75382850e-02 
 6.17000000e-01  9.76759909e-02 
 6.18000000e-01  9.78167727e-02 
 6.19000000e-01  9.79606751e-02 
 6.20000000e-01  9.81077426e-02 
 6.21000000e-01  9.82580196e-02 
 6.22000000e-01  9.84115499e-02 
 6.23000000e-01  9.85683772e-02 
 6.24000000e-01  9.87285451e-02 
 6.25000000e-01  9.88920967e-02 
 6.26000000e-01  9.90590747e-02 
 6.27000000e-01  9.92295218e-02 
 6.28000000e-01  9.94034801e-02 
 6.29000000e-01  9.95809915e-02 
 6.30000000e-01  9.97620978e-02 
 6.31000000e-01  9.99468402e-02 
 6.32000000e-01  1.00135260e-01 
 6.33000000e-01  1.00327397e-01 
 6.34000000e-01  1.00523292e-01 
 6.35000000e-01  1.00722985e-01 
 6.36000000e-01  1.00926516e-01 
 6.37000000e-01  1.01133924e-01 
 6.38000000e-01  1.01345248e-01 
 6.39000000e-01  1.01560527e-01 
 6.40000000e-01  1.01779798e-01 
 6.41000000e-01  1.02003101e-01 
 6.42000000e-01  1.02230473e-01 
 6.43000000e-01  1.02461951e-01 
 6.44000000e-01  1.02697572e-01 
 6.45000000e-01  1.02937373e-01 
 6.46000000e-01  1.03181390e-01 
 6.47000000e-01  1.03429659e-01 
 6.48000000e-01  1.03682216e-01 
 6.49000000e-01  1.03939096e-01 
 6.50000000e-01  1.04200335e-01 
 6.51000000e-01  1.04465967e-01 
 6.52000000e-01  1.04736026e-01 
 6.53000000e-01  1.05010547e-01 
 6.54000000e-01  1.05289564e-01 
 6.55000000e-01  1.05573109e-01 
 6.56000000e-01  1.05861216e-01 
 6.57000000e-01  1.06153918e-01 
 6.58000000e-01  1.06451247e-01 
 6.59000000e-01  1.06753235e-01 
 6.60000000e-01  1.07059916e-01 
 6.61000000e-01  1.07371319e-01 
 6.62000000e-01  1.07687476e-01 
 6.63000000e-01  1.08008419e-01 
 6.64000000e-01  1.08334179e-01 
 6.65000000e-01  1.08664784e-01 
 6.66000000e-01  1.09000267e-01 
 6.67000000e-01  1.09340656e-01 
 6.68000000e-01  1.09685981e-01 
 6.69000000e-01  1.10036272e-01 
 6.70000000e-01  1.10391558e-01 
 6.71000000e-01  1.10751866e-01 
 6.72000000e-01  1.11117226e-01 
 6.73000000e-01  1.11487666e-01 
 6.74000000e-01  1.11863214e-01 
 6.75000000e-01  1.12243898e-01 
 6.76000000e-01  1.12629744e-01 
 6.77000000e-01  1.13020780e-01 
 6.78000000e-01  1.13417033e-01 
 6.79000000e-01  1.13818529e-01 
 6.80000000e-01  1.14225295e-01 
 6.81000000e-01  1.14637357e-01 
 6.82000000e-01  1.15054740e-01 
 6.83000000e-01  1.15477470e-01 
 6.84000000e-01  1.15905573e-01 
 6.85000000e-01  1.16339072e-01 
 6.86000000e-01  1.16777994e-01 
 6.87000000e-01  1.17222362e-01 
 6.88000000e-01  1.17672201e-01 
 6.89000000e-01  1.18127535e-01 
 6.90000000e-01  1.18588388e-01 
 6.91000000e-01  1.19054782e-01 
 6.92000000e-01  1.19526741e-01 
 6.93000000e-01  1.20004288e-01 
 6.94000000e-01  1.20487446e-01 
 6.95000000e-01  1.20976237e-01 
 6.96000000e-01  1.21470684e-01 
 6.97000000e-01  1.21970808e-01 
 6.98000000e-01  1.22476630e-01 
 6.99000000e-01  1.22988173e-01 
 7.00000000e-01  1.23505456e-01 
 7.01000000e-01  1.24028502e-01 
 7.02000000e-01  1.24557331e-01 
 7.03000000e-01  1.25091962e-01 
 7.04000000e-01  1.25632417e-01 
 7.05000000e-01  1.26178714e-01 
 7.06000000e-01  1.26730874e-01 
 7.07000000e-01  1.27288914e-01 
 7.08000000e-01  1.27852855e-01 
 7.09000000e-01  1.28422715e-01 
 7.10000000e-01  1.28998512e-01 
 7.11000000e-01  1.29580265e-01 
 7.12000000e-01  1.30167991e-01 
 7.13000000e-01  1.30761707e-01 
 7.14000000e-01  1.31361431e-01 
 7.15000000e-01  1.31967179e-01 
 7.16000000e-01  1.32578969e-01 
 7.17000000e-01  1.33196816e-01 
 7.18000000e-01  1.33820736e-01 
 7.19000000e-01  1.34450746e-01 
 7.20000000e-01  1.35086860e-01 
 7.21000000e-01  1.35729094e-01 
 7.22000000e-01  1.36377462e-01 
 7.23000000e-01  1.37031978e-01 
 7.24000000e-01  1.37692657e-01 
 7.25000000e-01  1.38359512e-01 
 7.26000000e-01  1.39032558e-01 
 7.27000000e-01  1.39711806e-01 
 7.28000000e-01  1.40397270e-01 
 7.29000000e-01  1.41088961e-01 
 7.30000000e-01  1.41786893e-01 
 7.31000000e-01  1.42491077e-01 
 7.32000000e-01  1.43201524e-01 
 7.33000000e-01  1.43918245e-01 
 7.34000000e-01  1.44641250e-01 
 7.35000000e-01  1.45370551e-01 
 7.36000000e-01  1.46106156e-01 
 7.37000000e-01  1.46848076e-01 
 7.38000000e-01  1.47596320e-01 
 7.39000000e-01  1.48350896e-01 
 7.40000000e-01  1.49111813e-01 
 7.41000000e-01  1.49879078e-01 
 7.42000000e-01  1.50652701e-01 
 7.43000000e-01  1.51432687e-01 
 7.44000000e-01  1.52219043e-01 
 7.45000000e-01  1.53011777e-01 
 7.46000000e-01  1.53810893e-01 
 7.47000000e-01  1.54616399e-01 
 7.48000000e-01  1.55428299e-01 
 7.49000000e-01  1.56246597e-01 
 7.50000000e-01  1.57071299e-01 
 7.51000000e-01  1.57902408e-01 
 7.52000000e-01  1.58739929e-01 
 7.53000000e-01  1.59583863e-01 
 7.54000000e-01  1.60434215e-01 
 7.55000000e-01  1.61290986e-01 
 7.56000000e-01  1.62154178e-01 
 7.57000000e-01  1.63023793e-01 
 7.58000000e-01  1.63899832e-01 
 7.59000000e-01  1.64782296e-01 
 7.60000000e-01  1.65671184e-01 
 7.61000000e-01  1.66566496e-01 
 7.62000000e-01  1.67468233e-01 
 7.63000000e-01  1.68376392e-01 
 7.64000000e-01  1.69290972e-01 
 7.65000000e-01  1.70211971e-01 
 7.66000000e-01  1.71139387e-01 
 7.67000000e-01  1.72073217e-01 
 7.68000000e-01  1.73013457e-01 
 7.69000000e-01  1.73960104e-01 
 7.70000000e-01  1.74913154e-01 
 7.71000000e-01  1.75872601e-01 
 7.72000000e-01  1.76838440e-01 
 7.73000000e-01  1.77810667e-01 
 7.74000000e-01  1.78789275e-01 
 7.75000000e-01  1.79774257e-01 
 7.76000000e-01  1.80765606e-01 
 7.77000000e-01  1.81763316e-01 
 7.78000000e-01  1.82767378e-01 
 7.79000000e-01  1.83777783e-01 
 7.80000000e-01  1.84794524e-01 
 7.81000000e-01  1.85817591e-01 
 7.82000000e-01  1.86846973e-01 
 7.83000000e-01  1.87882662e-01 
 7.84000000e-01  1.88924647e-01 
 7.85000000e-01  1.89972915e-01 
 7.86000000e-01  1.91027457e-01 
 7.87000000e-01  1.92088259e-01 
 7.88000000e-01  1.93155310e-01 
 7.89000000e-01  1.94228596e-01 
 7.90000000e-01  1.95308105e-01 
 7.91000000e-01  1.96393823e-01 
 7.92000000e-01  1.97485735e-01 
 7.93000000e-01  1.98583827e-01 
 7.94000000e-01  1.99688083e-01 
 7.95000000e-01  2.00798489e-01 
 7.96000000e-01  2.01915028e-01 
 7.97000000e-01  2.03037684e-01 
 7.98000000e-01  2.04166440e-01 
 7.99000000e-01  2.05301279e-01 
 8.00000000e-01  2.06442183e-01 
 8.01000000e-01  2.07589134e-01 
 8.02000000e-01  2.08742113e-01 
 8.03000000e-01  2.09901102e-01 
 8.04000000e-01  2.11066082e-01 
 8.05000000e-01  2.12237032e-01 
 8.06000000e-01  2.13413932e-01 
 8.07000000e-01  2.14596762e-01 
 8.08000000e-01  2.15785500e-01 
 8.09000000e-01  2.16980126e-01 
 8.10000000e-01  2.18180618e-01 
 8.11000000e-01  2.19386953e-01 
 8.12000000e-01  2.20599108e-01 
 8.13000000e-01  2.21817062e-01 
 8.14000000e-01  2.23040791e-01 
 8.15000000e-01  2.24270270e-01 
 8.16000000e-01  2.25505476e-01 
 8.17000000e-01  2.26746385e-01 
 8.18000000e-01  2.27992971e-01 
 8.19000000e-01  2.29245211e-01 
 8.20000000e-01  2.30503085e-01 
 8.21000000e-01  2.31766560e-01 
 8.22000000e-01  2.33035611e-01 
 8.23000000e-01  2.34310210e-01 
 8.24000000e-01  2.35590330e-01 
 8.25000000e-01  2.36875945e-01 
 8.26000000e-01  2.38167027e-01 
 8.27000000e-01  2.39463549e-01 
 8.28000000e-01  2.40765481e-01 
 8.29000000e-01  2.42072795e-01 
 8.30000000e-01  2.43385464e-01 
 8.31000000e-01  2.44703457e-01 
 8.32000000e-01  2.46026746e-01 
 8.33000000e-01  2.47355301e-01 
 8.34000000e-01  2.48689092e-01 
 8.35000000e-01  2.50028088e-01 
 8.36000000e-01  2.51372260e-01 
 8.37000000e-01  2.52721577e-01 
 8.38000000e-01  2.54076008e-01 
 8.39000000e-01  2.55435521e-01 
 8.40000000e-01  2.56800086e-01 
 8.41000000e-01  2.58169670e-01 
 8.42000000e-01  2.59544242e-01 
 8.43000000e-01  2.60923770e-01 
 8.44000000e-01  2.62308221e-01 
 8.45000000e-01  2.63697563e-01 
 8.46000000e-01  2.65091762e-01 
 8.47000000e-01  2.66490788e-01 
 8.48000000e-01  2.67894605e-01 
 8.49000000e-01  2.69303181e-01 
 8.50000000e-01  2.70716482e-01 
 8.51000000e-01  2.72134474e-01 
 8.52000000e-01  2.73557125e-01 
 8.53000000e-01  2.74984399e-01 
 8.54000000e-01  2.76416263e-01 
 8.55000000e-01  2.77852683e-01 
 8.56000000e-01  2.79293624e-01 
 8.57000000e-01  2.80739051e-01 
 8.58000000e-01  2.82188929e-01 
 8.59000000e-01  2.83643225e-01 
 8.60000000e-01  2.85101903e-01 
 8.61000000e-01  2.86564929e-01 
 8.62000000e-01  2.88032266e-01 
 8.63000000e-01  2.89503880e-01 
 8.64000000e-01  2.90979735e-01 
 8.65000000e-01  2.92459797e-01 
 8.66000000e-01  2.93944029e-01 
 8.67000000e-01  2.95432397e-01 
 8.68000000e-01  2.96924864e-01 
 8.69000000e-01  2.98421396e-01 
 8.70000000e-01  2.99921955e-01 
 8.71000000e-01  3.01426507e-01 
 8.72000000e-01  3.02935016e-01 
 8.73000000e-01  3.04447446e-01 
 8.74000000e-01  3.05963762e-01 
 8.75000000e-01  3.07483926e-01 
 8.76000000e-01  3.09007904e-01 
 8.77000000e-01  3.10535660e-01 
 8.78000000e-01  3.12067158e-01 
 8.79000000e-01  3.13602362e-01 
 8.80000000e-01  3.15141236e-01 
 8.81000000e-01  3.16683744e-01 
 8.82000000e-01  3.18229851e-01 
 8.83000000e-01  3.19779521e-01 
 8.84000000e-01  3.21332717e-01 
 8.85000000e-01  3.22889405e-01 
 8.86000000e-01  3.24449549e-01 
 8.87000000e-01  3.26013113e-01 
 8.88000000e-01  3.27580061e-01 
 8.89000000e-01  3.29150359e-01 
 8.90000000e-01  3.30723970e-01 
 8.91000000e-01  3.32300860e-01 
 8.92000000e-01  3.33880992e-01 
 8.93000000e-01  3.35464333e-01 
 8.94000000e-01  3.37050847e-01 
 8.95000000e-01  3.38640498e-01 
 8.96000000e-01  3.40233252e-01 
 8.97000000e-01  3.41829075e-01 
 8.98000000e-01  3.43427930e-01 
 8.99000000e-01  3.45029785e-01 
 9.00000000e-01  3.46634604e-01 
 9.01000000e-01  3.48242354e-01 
 9.02000000e-01  3.49852999e-01 
 9.03000000e-01  3.51466506e-01 
 9.04000000e-01  3.53082840e-01 
 9.05000000e-01  3.54701969e-01 
 9.06000000e-01  3.56323858e-01 
 9.07000000e-01  3.57948474e-01 
 9.08000000e-01  3.59575784e-01 
 9.09000000e-01  3.61205753e-01 
 9.10000000e-01  3.62838350e-01 
 9.11000000e-01  3.64473542e-01 
 9.12000000e-01  3.66111294e-01 
 9.13000000e-01  3.67751576e-01 
 9.14000000e-01  3.69394355e-01 
 9.15000000e-01  3.71039598e-01 
 9.16000000e-01  3.72687273e-01 
 9.17000000e-01  3.74337349e-01 
 9.18000000e-01  3.75989794e-01 
 9.19000000e-01  3.77644576e-01 
 9.20000000e-01  3.79301665e-01 
 9.21000000e-01  3.80961028e-01 
 9.22000000e-01  3.82622636e-01 
 9.23000000e-01  3.84286457e-01 
 9.24000000e-01  3.85952461e-01 
 9.25000000e-01  3.87620618e-01 
 9.26000000e-01  3.89290898e-01 
 9.27000000e-01  3.90963271e-01 
 9.28000000e-01  3.92637707e-01 
 9.29000000e-01  3.94314176e-01 
 9.30000000e-01  3.95992651e-01 
 9.31000000e-01  3.97673101e-01 
 9.32000000e-01  3.99355498e-01 
 9.33000000e-01  4.01039813e-01 
 9.34000000e-01  4.02726018e-01 
 9.35000000e-01  4.04414085e-01 
 9.36000000e-01  4.06103987e-01 
 9.37000000e-01  4.07795694e-01 
 9.38000000e-01  4.09489181e-01 
 9.39000000e-01  4.11184420e-01 
 9.40000000e-01  4.12881385e-01 
 9.41000000e-01  4.14580047e-01 
 9.42000000e-01  4.16280382e-01 
 9.43000000e-01  4.17982362e-01 
 9.44000000e-01  4.19685962e-01 
 9.45000000e-01  4.21391156e-01 
 9.46000000e-01  4.23097919e-01 
 9.47000000e-01  4.24806226e-01 
 9.48000000e-01  4.26516051e-01 
 9.49000000e-01  4.28227369e-01 
 9.50000000e-01  4.29940157e-01 
 9.51000000e-01  4.31654390e-01 
 9.52000000e-01  4.33370045e-01 
 9.53000000e-01  4.35087096e-01 
 9.54000000e-01  4.36805522e-01 
 9.55000000e-01  4.38525298e-01 
 9.56000000e-01  4.40246401e-01 
 9.57000000e-01  4.41968810e-01 
 9.58000000e-01  4.43692501e-01 
 9.59000000e-01  4.45417452e-01 
 9.60000000e-01  4.47143642e-01 
 9.61000000e-01  4.48871048e-01 
 9.62000000e-01  4.50599649e-01 
 9.63000000e-01  4.52329424e-01 
 9.64000000e-01  4.54060352e-01 
 9.65000000e-01  4.55792412e-01 
 9.66000000e-01  4.57525584e-01 
 9.67000000e-01  4.59259847e-01 
 9.68000000e-01  4.60995182e-01 
 9.69000000e-01  4.62731569e-01 
 9.70000000e-01  4.64468987e-01 
 9.71000000e-01  4.66207419e-01 
 9.72000000e-01  4.67946845e-01 
 9.73000000e-01  4.69687247e-01 
 9.74000000e-01  4.71428605e-01 
 9.75000000e-01  4.73170902e-01 
 9.76000000e-01  4.74914120e-01 
 9.77000000e-01  4.76658241e-01 
 9.78000000e-01  4.78403247e-01 
 9.79000000e-01  4.80149122e-01 
 9.80000000e-01  4.81895847e-01 
 9.81000000e-01  4.83643408e-01 
 9.82000000e-01  4.85391786e-01 
 9.83000000e-01  4.87140966e-01 
 9.84000000e-01  4.88890931e-01 
 9.85000000e-01  4.90641667e-01 
 9.86000000e-01  4.92393157e-01 
 9.87000000e-01  4.94145385e-01 
 9.88000000e-01  4.95898338e-01 
 9.89000000e-01  4.97651999e-01 
 9.90000000e-01  4.99406355e-01 
 9.91000000e-01  5.01161391e-01 
 9.92000000e-01  5.02917093e-01 
 9.93000000e-01  5.04673447e-01 
 9.94000000e-01  5.06430438e-01 
 9.95000000e-01  5.08188055e-01 
 9.96000000e-01  5.09946283e-01 
 9.97000000e-01  5.11705109e-01 
 9.98000000e-01  5.13464521e-01 
 9.99000000e-01  5.15224505e-01 
 1.00000000e+00  5.16985051e-01 
 1.00100000e+00  5.18746145e-01 
 1.00200000e+00  5.20507775e-01 
 1.00300000e+00  5.22269930e-01 
 1.00400000e+00  5.24032598e-01 
 1.00500000e+00  5.25795769e-01 
 1.00600000e+00  5.27559430e-01 
 1.00700000e+00  5.29323571e-01 
 1.00800000e+00  5.31088182e-01 
 1.00900000e+00  5.32853251e-01 
 1.01000000e+00  5.34618769e-01 
 1.01100000e+00  5.36384726e-01 
 1.01200000e+00  5.38151111e-01 
 1.01300000e+00  5.39917915e-01 
 1.01400000e+00  5.41685129e-01 
 1.01500000e+00  5.43452743e-01 
 1.01600000e+00  5.45220748e-01 
 1.01700000e+00  5.46989135e-01 
 1.01800000e+00  5.48757896e-01 
 1.01900000e+00  5.50527022e-01 
 1.02000000e+00  5.52296505e-01 
 1.02100000e+00  5.54066336e-01 
 1.02200000e+00  5.55836508e-01 
 1.02300000e+00  5.57607013e-01 
 1.02400000e+00  5.59377843e-01 
 1.02500000e+00  5.61148991e-01 
 1.02600000e+00  5.62920450e-01 
 1.02700000e+00  5.64692212e-01 
 1.02800000e+00  5.66464271e-01 
 1.02900000e+00  5.68236620e-01 
 1.03000000e+00  5.70009252e-01 
 1.03100000e+00  5.71782161e-01 
 1.03200000e+00  5.73555341e-01 
 1.03300000e+00  5.75328785e-01 
 1.03400000e+00  5.77102489e-01 
 1.03500000e+00  5.78876445e-01 
 1.03600000e+00  5.80650649e-01 
 1.03700000e+00  5.82425095e-01 
 1.03800000e+00  5.84199778e-01 
 1.03900000e+00  5.85974693e-01 
 1.04000000e+00  5.87749834e-01 
 1.04100000e+00  5.89525198e-01 
 1.04200000e+00  5.91300778e-01 
 1.04300000e+00  5.93076571e-01 
 1.04400000e+00  5.94852573e-01 
 1.04500000e+00  5.96628778e-01 
 1.04600000e+00  5.98405184e-01 
 1.04700000e+00  6.00181786e-01 
 1.04800000e+00  6.01958580e-01 
 1.04900000e+00  6.03735563e-01 
 1.05000000e+00  6.05512730e-01 
 1.05100000e+00  6.07290079e-01 
 1.05200000e+00  6.09067607e-01 
 1.05300000e+00  6.10845310e-01 
 1.05400000e+00  6.12623185e-01 
 1.05500000e+00  6.14401229e-01 
 1.05600000e+00  6.16179439e-01 
 1.05700000e+00  6.17957813e-01 
 1.05800000e+00  6.19736349e-01 
 1.05900000e+00  6.21515043e-01 
 1.06000000e+00  6.23293894e-01 
 1.06100000e+00  6.25072899e-01 
 1.06200000e+00  6.26852057e-01 
 1.06300000e+00  6.28631364e-01 
 1.06400000e+00  6.30410820e-01 
 1.06500000e+00  6.32190423e-01 
 1.06600000e+00  6.33970171e-01 
 1.06700000e+00  6.35750062e-01 
 1.06800000e+00  6.37530095e-01 
 1.06900000e+00  6.39310269e-01 
 1.07000000e+00  6.41090583e-01 
 1.07100000e+00  6.42871035e-01 
 1.07200000e+00  6.44651624e-01 
 1.07300000e+00  6.46432350e-01 
 1.07400000e+00  6.48213211e-01 
 1.07500000e+00  6.49994208e-01 
 1.07600000e+00  6.51775338e-01 
 1.07700000e+00  6.53556602e-01 
 1.07800000e+00  6.55337999e-01 
 1.07900000e+00  6.57119529e-01 
 1.08000000e+00  6.58901191e-01 
 1.08100000e+00  6.60682985e-01 
 1.08200000e+00  6.62464912e-01 
 1.08300000e+00  6.64246971e-01 
 1.08400000e+00  6.66029161e-01 
 1.08500000e+00  6.67811484e-01 
 1.08600000e+00  6.69593939e-01 
 1.08700000e+00  6.71376527e-01 
 1.08800000e+00  6.73159248e-01 
 1.08900000e+00  6.74942102e-01 
 1.09000000e+00  6.76725090e-01 
 1.09100000e+00  6.78508212e-01 
 1.09200000e+00  6.80291469e-01 
 1.09300000e+00  6.82074862e-01 
 1.09400000e+00  6.83858392e-01 
 1.09500000e+00  6.85642059e-01 
 1.09600000e+00  6.87425863e-01 
 1.09700000e+00  6.89209807e-01 
 1.09800000e+00  6.90993891e-01 
 1.09900000e+00  6.92778117e-01 
 1.10000000e+00  6.94562484e-01 
 1.10100000e+00  6.96346995e-01 
 1.10200000e+00  6.98131651e-01 
 1.10300000e+00  6.99916453e-01 
 1.10400000e+00  7.01701402e-01 
 1.10500000e+00  7.03486500e-01 
 1.10600000e+00  7.05271748e-01 
 1.10700000e+00  7.07057148e-01 
 1.10800000e+00  7.08842702e-01 
 1.10900000e+00  7.10628410e-01 
 1.11000000e+00  7.12414275e-01 
 1.11100000e+00  7.14200298e-01 
 1.11200000e+00  7.15986482e-01 
 1.11300000e+00  7.17772827e-01 
 1.11400000e+00  7.19559337e-01 
 1.11500000e+00  7.21346011e-01 
 1.11600000e+00  7.23132854e-01 
 1.11700000e+00  7.24919866e-01 
 1.11800000e+00  7.26707049e-01 
 1.11900000e+00  7.28494406e-01 
 1.12000000e+00  7.30281939e-01 
 1.12100000e+00  7.32069650e-01 
 1.12200000e+00  7.33857541e-01 
 1.12300000e+00  7.35645614e-01 
 1.12400000e+00  7.37433871e-01 
 1.12500000e+00  7.39222315e-01 
 1.12600000e+00  7.41010948e-01 
 1.12700000e+00  7.42799773e-01 
 1.12800000e+00  7.44588791e-01 
 1.12900000e+00  7.46378005e-01 
 1.13000000e+00  7.48167418e-01 
 1.13100000e+00  7.49957032e-01 
 1.13200000e+00  7.51746850e-01 
 1.13300000e+00  7.53536873e-01 
 1.13400000e+00  7.55327105e-01 
 1.13500000e+00  7.57117548e-01 
 1.13600000e+00  7.58908205e-01 
 1.13700000e+00  7.60699078e-01 
 1.13800000e+00  7.62490170e-01 
 1.13900000e+00  7.64281483e-01 
 1.14000000e+00  7.66073021e-01 
 1.14100000e+00  7.67864786e-01 
 1.14200000e+00  7.69656780e-01 
 1.14300000e+00  7.71449007e-01 
 1.14400000e+00  7.73241470e-01 
 1.14500000e+00  7.75034170e-01 
 1.14600000e+00  7.76827111e-01 
 1.14700000e+00  7.78620295e-01 
 1.14800000e+00  7.80413726e-01 
 1.14900000e+00  7.82207406e-01 
 1.15000000e+00  7.84001339e-01 
 1.15100000e+00  7.85795526e-01 
 1.15200000e+00  7.87589971e-01 
 1.15300000e+00  7.89384677e-01 
 1.15400000e+00  7.91179647e-01 
 1.15500000e+00  7.92974883e-01 
 1.15600000e+00  7.94770389e-01 
 1.15700000e+00  7.96566168e-01 
 1.15800000e+00  7.98362222e-01 
 1.15900000e+00  8.00158554e-01 
 1.16000000e+00  8.01955168e-01 
 1.16100000e+00  8.03752066e-01 
 1.16200000e+00  8.05549252e-01 
 1.16300000e+00  8.07346728e-01 
 1.16400000e+00  8.09144498e-01 
 1.16500000e+00  8.10942564e-01 
 1.16600000e+00  8.12740930e-01 
 1.16700000e+00  8.14539598e-01 
 1.16800000e+00  8.16338572e-01 
 1.16900000e+00  8.18137854e-01 
 1.17000000e+00  8.19937449e-01 
 1.17100000e+00  8.21737358e-01 
 1.17200000e+00  8.23537584e-01 
 1.17300000e+00  8.25338132e-01 
 1.17400000e+00  8.27139003e-01 
 1.17500000e+00  8.28940202e-01 
 1.17600000e+00  8.30741730e-01 
 1.17700000e+00  8.32543592e-01 
 1.17800000e+00  8.34345790e-01 
 1.17900000e+00  8.36148327e-01 
 1.18000000e+00  8.37951207e-01 
 1.18100000e+00  8.39754432e-01 
 1.18200000e+00  8.41558005e-01 
 1.18300000e+00  8.43361931e-01 
 1.18400000e+00  8.45166210e-01 
 1.18500000e+00  8.46970848e-01 
 1.18600000e+00  8.48775846e-01 
 1.18700000e+00  8.50581208e-01 
 1.18800000e+00  8.52386938e-01 
 1.18900000e+00  8.54193037e-01 
 1.19000000e+00  8.55999509e-01 
 1.19100000e+00  8.57806358e-01 
 1.19200000e+00  8.59613585e-01 
 1.19300000e+00  8.61421195e-01 
 1.19400000e+00  8.63229190e-01 
 1.19500000e+00  8.65037574e-01 
 1.19600000e+00  8.66846349e-01 
 1.19700000e+00  8.68655518e-01 
 1.19800000e+00  8.70465085e-01 
 1.19900000e+00  8.72275052e-01 
 1.20000000e+00  8.74085423e-01 
 1.20100000e+00  8.75896201e-01 
 1.20200000e+00  8.77707387e-01 
 1.20300000e+00  8.79518987e-01 
 1.20400000e+00  8.81331002e-01 
 1.20500000e+00  8.83143436e-01 
 1.20600000e+00  8.84956291e-01 
 1.20700000e+00  8.86769570e-01 
 1.20800000e+00  8.88583277e-01 
 1.20900000e+00  8.90397415e-01 
 1.21000000e+00  8.92211986e-01 
 1.21100000e+00  8.94026993e-01 
 1.21200000e+00  8.95842440e-01 
 1.21300000e+00  8.97658328e-01 
 1.21400000e+00  8.99474662e-01 
 1.21500000e+00  9.01291444e-01 
 1.21600000e+00  9.03108677e-01 
 1.21700000e+00  9.04926364e-01 
 1.21800000e+00  9.06744508e-01 
 1.21900000e+00  9.08563111e-01 
 1.22000000e+00  9.10382177e-01 
 1.22100000e+00  9.12201708e-01 
 1.22200000e+00  9.14021708e-01 
 1.22300000e+00  9.15842178e-01 
 1.22400000e+00  9.17663123e-01 
 1.22500000e+00  9.19484544e-01 
 1.22600000e+00  9.21306444e-01 
 1.22700000e+00  9.23128827e-01 
 1.22800000e+00  9.24951696e-01 
 1.22900000e+00  9.26775052e-01 
 1.23000000e+00  9.28598899e-01 
 1.23100000e+00  9.30423239e-01 
 1.23200000e+00  9.32248076e-01 
 1.23300000e+00  9.34073411e-01 
 1.23400000e+00  9.35899249e-01 
 1.23500000e+00  9.37725590e-01 
 1.23600000e+00  9.39552439e-01 
 1.23700000e+00  9.41379798e-01 
 1.23800000e+00  9.43207669e-01 
 1.23900000e+00  9.45036055e-01 
 1.24000000e+00  9.46864959e-01 
 1.24100000e+00  9.48694384e-01 
 1.24200000e+00  9.50524332e-01 
 1.24300000e+00  9.52354806e-01 
 1.24400000e+00  9.54185808e-01 
 1.24500000e+00  9.56017341e-01 
 1.24600000e+00  9.57849407e-01 
 1.24700000e+00  9.59682010e-01 
 1.24800000e+00  9.61515151e-01 
 1.24900000e+00  9.63348834e-01 
 1.25000000e+00  9.65183061e-01 
 1.25100000e+00  9.67017834e-01 
 1.25200000e+00  9.68853156e-01 
 1.25300000e+00  9.70689029e-01 
 1.25400000e+00  9.72525457e-01 
 1.25500000e+00  9.74362440e-01 
 1.25600000e+00  9.76199983e-01 
 1.25700000e+00  9.78038087e-01 
 1.25800000e+00  9.79876754e-01 
 1.25900000e+00  9.81715988e-01 
 1.26000000e+00  9.83555791e-01 
 1.26100000e+00  9.85396164e-01 
 1.26200000e+00  9.87237111e-01 
 1.26300000e+00  9.89078634e-01 
 1.26400000e+00  9.90920735e-01 
 1.26500000e+00  9.92763417e-01 
 1.26600000e+00  9.94606681e-01 
 1.26700000e+00  9.96450531e-01 
 1.26800000e+00  9.98294968e-01 
 1.26900000e+00  1.00014000e+00 
 1.27000000e+00  1.00198561e+00 
 1.27100000e+00  1.00383183e+00 
 1.27200000e+00  1.00567864e+00 
 1.27300000e+00  1.00752605e+00 
 1.27400000e+00  1.00937406e+00 
 1.27500000e+00  1.01122267e+00 
 1.27600000e+00  1.01307189e+00 
 1.27700000e+00  1.01492172e+00 
 1.27800000e+00  1.01677216e+00 
 1.27900000e+00  1.01862321e+00 
 1.28000000e+00  1.02047488e+00 
 1.28100000e+00  1.02232716e+00 
 1.28200000e+00  1.02418006e+00 
 1.28300000e+00  1.02603358e+00 
 1.28400000e+00  1.02788772e+00 
 1.28500000e+00  1.02974249e+00 
 1.28600000e+00  1.03159789e+00 
 1.28700000e+00  1.03345392e+00 
 1.28800000e+00  1.03531057e+00 
 1.28900000e+00  1.03716786e+00 
 1.29000000e+00  1.03902579e+00 
 1.29100000e+00  1.04088435e+00 
 1.29200000e+00  1.04274356e+00 
 1.29300000e+00  1.04460340e+00 
 1.29400000e+00  1.04646389e+00 
 1.29500000e+00  1.04832503e+00 
 1.29600000e+00  1.05018681e+00 
 1.29700000e+00  1.05204924e+00 
 1.29800000e+00  1.05391232e+00 
 1.29900000e+00  1.05577606e+00 
 1.30000000e+00  1.05764045e+00 
 1.30100000e+00  1.05950550e+00 
 1.30200000e+00  1.06137121e+00 
 1.30300000e+00  1.06323757e+00 
 1.30400000e+00  1.06510461e+00 
 1.30500000e+00  1.06697230e+00 
 1.30600000e+00  1.06884067e+00 
 1.30700000e+00  1.07070970e+00 
 1.30800000e+00  1.07257940e+00 
 1.30900000e+00  1.07444977e+00 
 1.31000000e+00  1.07632082e+00 
 1.31100000e+00  1.07819254e+00 
 1.31200000e+00  1.08006494e+00 
 1.31300000e+00  1.08193802e+00 
 1.31400000e+00  1.08381178e+00 
 1.31500000e+00  1.08568623e+00 
 1.31600000e+00  1.08756136e+00 
 1.31700000e+00  1.08943717e+00 
 1.31800000e+00  1.09131367e+00 
 1.31900000e+00  1.09319087e+00 
 1.32000000e+00  1.09506875e+00 
 1.32100000e+00  1.09694732e+00 
 1.32200000e+00  1.09882660e+00 
 1.32300000e+00  1.10070656e+00 
 1.32400000e+00  1.10258723e+00 
 1.32500000e+00  1.10446859e+00 
 1.32600000e+00  1.10635066e+00 
 1.32700000e+00  1.10823343e+00 
 1.32800000e+00  1.11011690e+00 
 1.32900000e+00  1.11200108e+00 
 1.33000000e+00  1.11388596e+00 
 1.33100000e+00  1.11577156e+00 
 1.33200000e+00  1.11765787e+00 
 1.33300000e+00  1.11954488e+00 
 1.33400000e+00  1.12143262e+00 
 1.33500000e+00  1.12332106e+00 
 1.33600000e+00  1.12521023e+00 
 1.33700000e+00  1.12710011e+00 
 1.33800000e+00  1.12899071e+00 
 1.33900000e+00  1.13088204e+00 
 1.34000000e+00  1.13277408e+00 
 1.34100000e+00  1.13466685e+00 
 1.34200000e+00  1.13656035e+00 
 1.34300000e+00  1.13845457e+00 
 1.34400000e+00  1.14034952e+00 
 1.34500000e+00  1.14224520e+00 
 1.34600000e+00  1.14414162e+00 
 1.34700000e+00  1.14603876e+00 
 1.34800000e+00  1.14793664e+00 
 1.34900000e+00  1.14983526e+00 
 1.35000000e+00  1.15173461e+00 
 1.35100000e+00  1.15363470e+00 
 1.35200000e+00  1.15553553e+00 
 1.35300000e+00  1.15743710e+00 
 1.35400000e+00  1.15933941e+00 
 1.35500000e+00  1.16124247e+00 
 1.35600000e+00  1.16314627e+00 
 1.35700000e+00  1.16505082e+00 
 1.35800000e+00  1.16695612e+00 
 1.35900000e+00  1.16886216e+00 
 1.36000000e+00  1.17076895e+00 
 1.36100000e+00  1.17267650e+00 
 1.36200000e+00  1.17458480e+00 
 1.36300000e+00  1.17649385e+00 
 1.36400000e+00  1.17840365e+00 
 1.36500000e+00  1.18031422e+00 
 1.36600000e+00  1.18222554e+00 
 1.36700000e+00  1.18413762e+00 
 1.36800000e+00  1.18605045e+00 
 1.36900000e+00  1.18796405e+00 
 1.37000000e+00  1.18987842e+00 
 1.37100000e+00  1.19179354e+00 
 1.37200000e+00  1.19370943e+00 
 1.37300000e+00  1.19562609e+00 
 1.37400000e+00  1.19754351e+00 
 1.37500000e+00  1.19946170e+00 
 1.37600000e+00  1.20138066e+00 
 1.37700000e+00  1.20330039e+00 
 1.37800000e+00  1.20522089e+00 
 1.37900000e+00  1.20714216e+00 
 1.38000000e+00  1.20906421e+00 
 1.38100000e+00  1.21098703e+00 
 1.38200000e+00  1.21291063e+00 
 1.38300000e+00  1.21483501e+00 
 1.38400000e+00  1.21676016e+00 
 1.38500000e+00  1.21868609e+00 
 1.38600000e+00  1.22061280e+00 
 1.38700000e+00  1.22254030e+00 
 1.38800000e+00  1.22446857e+00 
 1.38900000e+00  1.22639763e+00 
 1.39000000e+00  1.22832747e+00 
 1.39100000e+00  1.23025810e+00 
 1.39200000e+00  1.23218951e+00 
 1.39300000e+00  1.23412171e+00 
 1.39400000e+00  1.23605470e+00 
 1.39500000e+00  1.23798848e+00 
 1.39600000e+00  1.23992305e+00 
 1.39700000e+00  1.24185840e+00 
 1.39800000e+00  1.24379455e+00 
 1.39900000e+00  1.24573150e+00 
 1.40000000e+00  1.24766924e+00 
 1.40100000e+00  1.24960777e+00 
 1.40200000e+00  1.25154710e+00 
 1.40300000e+00  1.25348722e+00 
 1.40400000e+00  1.25542814e+00 
 1.40500000e+00  1.25736987e+00 
 1.40600000e+00  1.25931239e+00 
 1.40700000e+00  1.26125571e+00 
 1.40800000e+00  1.26319983e+00 
 1.40900000e+00  1.26514475e+00 
 1.41000000e+00  1.26709048e+00 
 1.41100000e+00  1.26903701e+00 
 1.41200000e+00  1.27098435e+00 
 1.41300000e+00  1.27293249e+00 
 1.41400000e+00  1.27488143e+00 
 1.41500000e+00  1.27683119e+00 
 1.41600000e+00  1.27878175e+00 
 1.41700000e+00  1.28073312e+00 
 1.41800000e+00  1.28268530e+00 
 1.41900000e+00  1.28463830e+00 
 1.42000000e+00  1.28659210e+00 
 1.42100000e+00  1.28854672e+00 
 1.42200000e+00  1.29050214e+00 
 1.42300000e+00  1.29245839e+00 
 1.42400000e+00  1.29441544e+00 
 1.42500000e+00  1.29637332e+00 
 1.42600000e+00  1.29833200e+00 
 1.42700000e+00  1.30029151e+00 
 1.42800000e+00  1.30225183e+00 
 1.42900000e+00  1.30421297e+00 
 1.43000000e+00  1.30617493e+00 
 1.43100000e+00  1.30813771e+00 
 1.43200000e+00  1.31010131e+00 
 1.43300000e+00  1.31206574e+00 
 1.43400000e+00  1.31403098e+00 
 1.43500000e+00  1.31599705e+00 
 1.43600000e+00  1.31796394e+00 
 1.43700000e+00  1.31993165e+00 
 1.43800000e+00  1.32190020e+00 
 1.43900000e+00  1.32386956e+00 
 1.44000000e+00  1.32583975e+00 
 1.44100000e+00  1.32781077e+00 
 1.44200000e+00  1.32978262e+00 
 1.44300000e+00  1.33175530e+00 
 1.44400000e+00  1.33372880e+00 
 1.44500000e+00  1.33570314e+00 
 1.44600000e+00  1.33767830e+00 
 1.44700000e+00  1.33965430e+00 
 1.44800000e+00  1.34163113e+00 
 1.44900000e+00  1.34360879e+00 
 1.45000000e+00  1.34558728e+00 
 1.45100000e+00  1.34756661e+00 
 1.45200000e+00  1.34954677e+00 
 1.45300000e+00  1.35152777e+00 
 1.45400000e+00  1.35350960e+00 
 1.45500000e+00  1.35549227e+00 
 1.45600000e+00  1.35747578e+00 
 1.45700000e+00  1.35946012e+00 
 1.45800000e+00  1.36144531e+00 
 1.45900000e+00  1.36343133e+00 
 1.46000000e+00  1.36541819e+00 
 1.46100000e+00  1.36740589e+00 
 1.46200000e+00  1.36939443e+00 
 1.46300000e+00  1.37138381e+00 
 1.46400000e+00  1.37337404e+00 
 1.46500000e+00  1.37536510e+00 
 1.46600000e+00  1.37735701e+00 
 1.46700000e+00  1.37934977e+00 
 1.46800000e+00  1.38134336e+00 
 1.46900000e+00  1.38333781e+00 
 1.47000000e+00  1.38533309e+00 
 1.47100000e+00  1.38732923e+00 
 1.47200000e+00  1.38932621e+00 
 1.47300000e+00  1.39132403e+00 
 1.47400000e+00  1.39332271e+00 
 1.47500000e+00  1.39532223e+00 
 1.47600000e+00  1.39732260e+00 
 1.47700000e+00  1.39932382e+00 
 1.47800000e+00  1.40132589e+00 
 1.47900000e+00  1.40332881e+00 
 1.48000000e+00  1.40533258e+00 
 1.48100000e+00  1.40733720e+00 
 1.48200000e+00  1.40934268e+00 
 1.48300000e+00  1.41134901e+00 
 1.48400000e+00  1.41335618e+00 
 1.48500000e+00  1.41536422e+00 
 1.48600000e+00  1.41737310e+00 
 1.48700000e+00  1.41938284e+00 
 1.48800000e+00  1.42139344e+00 
 1.48900000e+00  1.42340489e+00 
 1.49000000e+00  1.42541720e+00 
 1.49100000e+00  1.42743036e+00 
 1.49200000e+00  1.42944438e+00 
 1.49300000e+00  1.43145926e+00 
 1.49400000e+00  1.43347500e+00 
 1.49500000e+00  1.43549159e+00 
 1.49600000e+00  1.43750905e+00 
 1.49700000e+00  1.43952736e+00 
 1.49800000e+00  1.44154653e+00 
 1.49900000e+00  1.44356656e+00 
 1.50000000e+00  1.44558746e+00 
 1.50100000e+00  1.44760921e+00 
 1.50200000e+00  1.44963183e+00 
 1.50300000e+00  1.45165530e+00 
 1.50400000e+00  1.45367965e+00 
 1.50500000e+00  1.45570485e+00 
 1.50600000e+00  1.45773092e+00 
 1.50700000e+00  1.45975785e+00 
 1.50800000e+00  1.46178565e+00 
 1.50900000e+00  1.46381431e+00 
 1.51000000e+00  1.46584383e+00 
 1.51100000e+00  1.46787422e+00 
 1.51200000e+00  1.46990548e+00 
 1.51300000e+00  1.47193761e+00 
 1.51400000e+00  1.47397060e+00 
 1.51500000e+00  1.47600446e+00 
 1.51600000e+00  1.47803919e+00 
 1.51700000e+00  1.48007478e+00 
 1.51800000e+00  1.48211125e+00 
 1.51900000e+00  1.48414858e+00 
 1.52000000e+00  1.48618678e+00 
 1.52100000e+00  1.48822586e+00 
 1.52200000e+00  1.49026580e+00 
 1.52300000e+00  1.49230662e+00 
 1.52400000e+00  1.49434830e+00 
 1.52500000e+00  1.49639086e+00 
 1.52600000e+00  1.49843429e+00 
 1.52700000e+00  1.50047859e+00 
 1.52800000e+00  1.50252377e+00 
 1.52900000e+00  1.50456982e+00 
 1.53000000e+00  1.50661674e+00 
 1.53100000e+00  1.50866454e+00 
 1.53200000e+00  1.51071321e+00 
 1.53300000e+00  1.51276276e+00 
 1.53400000e+00  1.51481318e+00 
 1.53500000e+00  1.51686447e+00 
 1.53600000e+00  1.51891665e+00 
 1.53700000e+00  1.52096970e+00 
 1.53800000e+00  1.52302363e+00 
 1.53900000e+00  1.52507843e+00 
 1.54000000e+00  1.52713411e+00 
 1.54100000e+00  1.52919067e+00 
 1.54200000e+00  1.53124811e+00 
 1.54300000e+00  1.53330643e+00 
 1.54400000e+00  1.53536563e+00 
 1.54500000e+00  1.53742570e+00 
 1.54600000e+00  1.53948666e+00 
 1.54700000e+00  1.54154850e+00 
 1.54800000e+00  1.54361122e+00 
 1.54900000e+00  1.54567482e+00 
 1.55000000e+00  1.54773930e+00 
 1.55100000e+00  1.54980466e+00 
 1.55200000e+00  1.55187090e+00 
 1.55300000e+00  1.55393803e+00 
 1.55400000e+00  1.55600604e+00 
 1.55500000e+00  1.55807494e+00 
 1.55600000e+00  1.56014471e+00 
 1.55700000e+00  1.56221538e+00 
 1.55800000e+00  1.56428692e+00 
 1.55900000e+00  1.56635935e+00 
 1.56000000e+00  1.56843267e+00 
 1.56100000e+00  1.57050687e+00 
 1.56200000e+00  1.57258196e+00 
 1.56300000e+00  1.57465793e+00 
 1.56400000e+00  1.57673479e+00 
 1.56500000e+00  1.57881254e+00 
 1.56600000e+00  1.58089118e+00 
 1.56700000e+00  1.58297070e+00 
 1.56800000e+00  1.58505111e+00 
 1.56900000e+00  1.58713241e+00 
 1.57000000e+00  1.58921460e+00 
 1.57100000e+00  1.59129767e+00 
 1.57200000e+00  1.59338164e+00 
 1.57300000e+00  1.59546650e+00 
 1.57400000e+00  1.59755224e+00 
 1.57500000e+00  1.59963888e+00 
 1.57600000e+00  1.60172641e+00 
 1.57700000e+00  1.60381483e+00 
 1.57800000e+00  1.60590414e+00 
 1.57900000e+00  1.60799434e+00 
 1.58000000e+00  1.61008543e+00 
 1.58100000e+00  1.61217742e+00 
 1.58200000e+00  1.61427030e+00 
 1.58300000e+00  1.61636408e+00 
 1.58400000e+00  1.61845874e+00 
 1.58500000e+00  1.62055430e+00 
 1.58600000e+00  1.62265076e+00 
 1.58700000e+00  1.62474811e+00 
 1.58800000e+00  1.62684636e+00 
 1.58900000e+00  1.62894550e+00 
 1.59000000e+00  1.63104553e+00 
 1.59100000e+00  1.63314646e+00 
 1.59200000e+00  1.63524829e+00 
 1.59300000e+00  1.63735102e+00 
 1.59400000e+00  1.63945464e+00 
 1.59500000e+00  1.64155916e+00 
 1.59600000e+00  1.64366458e+00 
 1.59700000e+00  1.64577089e+00 
 1.59800000e+00  1.64787811e+00 
 1.59900000e+00  1.64998622e+00 
 1.60000000e+00  1.65209523e+00 
 1.60100000e+00  1.65420514e+00 
 1.60200000e+00  1.65631596e+00 
 1.60300000e+00  1.65842767e+00 
 1.60400000e+00  1.66054028e+00 
 1.60500000e+00  1.66265379e+00 
 1.60600000e+00  1.66476820e+00 
 1.60700000e+00  1.66688352e+00 
 1.60800000e+00  1.66899974e+00 
 1.60900000e+00  1.67111686e+00 
 1.61000000e+00  1.67323488e+00 
 1.61100000e+00  1.67535380e+00 
 1.61200000e+00  1.67747363e+00 
 1.61300000e+00  1.67959436e+00 
 1.61400000e+00  1.68171599e+00 
 1.61500000e+00  1.68383853e+00 
 1.61600000e+00  1.68596198e+00 
 1.61700000e+00  1.68808632e+00 
 1.61800000e+00  1.69021158e+00 
 1.61900000e+00  1.69233774e+00 
 1.62000000e+00  1.69446480e+00 
 1.62100000e+00  1.69659277e+00 
 1.62200000e+00  1.69872165e+00 
 1.62300000e+00  1.70085143e+00 
 1.62400000e+00  1.70298212e+00 
 1.62500000e+00  1.70511372e+00 
 1.62600000e+00  1.70724623e+00 
 1.62700000e+00  1.70937964e+00 
 1.62800000e+00  1.71151397e+00 
 1.62900000e+00  1.71364920e+00 
 1.63000000e+00  1.71578534e+00 
 1.63100000e+00  1.71792239e+00 
 1.63200000e+00  1.72006035e+00 
 1.63300000e+00  1.72219922e+00 
 1.63400000e+00  1.72433901e+00 
 1.63500000e+00  1.72647970e+00 
 1.63600000e+00  1.72862130e+00 
 1.63700000e+00  1.73076382e+00 
 1.63800000e+00  1.73290725e+00 
 1.63900000e+00  1.73505159e+00 
 1.64000000e+00  1.73719684e+00 
 1.64100000e+00  1.73934300e+00 
 1.64200000e+00  1.74149008e+00 
 1.64300000e+00  1.74363807e+00 
 1.64400000e+00  1.74578698e+00 
 1.64500000e+00  1.74793680e+00 
 1.64600000e+00  1.75008754e+00 
 1.64700000e+00  1.75223919e+00 
 1.64800000e+00  1.75439175e+00 
 1.64900000e+00  1.75654523e+00 
 1.65000000e+00  1.75869963e+00 
 1.65100000e+00  1.76085495e+00 
 1.65200000e+00  1.76301118e+00 
 1.65300000e+00  1.76516833e+00 
 1.65400000e+00  1.76732639e+00 
 1.65500000e+00  1.76948537e+00 
 1.65600000e+00  1.77164528e+00 
 1.65700000e+00  1.77380610e+00 
 1.65800000e+00  1.77596783e+00 
 1.65900000e+00  1.77813049e+00 
 1.66000000e+00  1.78029407e+00 
 1.66100000e+00  1.78245857e+00 
 1.66200000e+00  1.78462399e+00 
 1.66300000e+00  1.78679032e+00 
 1.66400000e+00  1.78895758e+00 
 1.66500000e+00  1.79112576e+00 
 1.66600000e+00  1.79329487e+00 
 1.66700000e+00  1.79546489e+00 
 1.66800000e+00  1.79763584e+00 
 1.66900000e+00  1.79980771e+00 
 1.67000000e+00  1.80198050e+00 
 1.67100000e+00  1.80415422e+00 
 1.67200000e+00  1.80632886e+00 
 1.67300000e+00  1.80850442e+00 
 1.67400000e+00  1.81068091e+00 
 1.67500000e+00  1.81285833e+00 
 1.67600000e+00  1.81503667e+00 
 1.67700000e+00  1.81721593e+00 
 1.67800000e+00  1.81939612e+00 
 1.67900000e+00  1.82157724e+00 
 1.68000000e+00  1.82375929e+00 
 1.68100000e+00  1.82594226e+00 
 1.68200000e+00  1.82812616e+00 
 1.68300000e+00  1.83031099e+00 
 1.68400000e+00  1.83249674e+00 
 1.68500000e+00  1.83468343e+00 
 1.68600000e+00  1.83687104e+00 
 1.68700000e+00  1.83905958e+00 
 1.68800000e+00  1.84124905e+00 
 1.68900000e+00  1.84343946e+00 
 1.69000000e+00  1.84563079e+00 
 1.69100000e+00  1.84782306e+00 
 1.69200000e+00  1.85001625e+00 
 1.69300000e+00  1.85221038e+00 
 1.69400000e+00  1.85440544e+00 
 1.69500000e+00  1.85660143e+00 
 1.69600000e+00  1.85879835e+00 
 1.69700000e+00  1.86099621e+00 
 1.69800000e+00  1.86319500e+00 
 1.69900000e+00  1.86539473e+00 
 1.70000000e+00  1.86759539e+00 
 1.70100000e+00  1.86979699e+00 
 1.70200000e+00  1.87199952e+00 
 1.70300000e+00  1.87420298e+00 
 1.70400000e+00  1.87640738e+00 
 1.70500000e+00  1.87861272e+00 
 1.70600000e+00  1.88081900e+00 
 1.70700000e+00  1.88302621e+00 
 1.70800000e+00  1.88523436e+00 
 1.70900000e+00  1.88744345e+00 
 1.71000000e+00  1.88965347e+00 
 1.71100000e+00  1.89186444e+00 
 1.71200000e+00  1.89407634e+00 
 1.71300000e+00  1.89628918e+00 
 1.71400000e+00  1.89850297e+00 
 1.71500000e+00  1.90071769e+00 
 1.71600000e+00  1.90293336e+00 
 1.71700000e+00  1.90514996e+00 
 1.71800000e+00  1.90736751e+00 
 1.71900000e+00  1.90958600e+00 
 1.72000000e+00  1.91180543e+00 
 1.72100000e+00  1.91402580e+00 
 1.72200000e+00  1.91624712e+00 
 1.72300000e+00  1.91846938e+00 
 1.72400000e+00  1.92069259e+00 
 1.72500000e+00  1.92291674e+00 
 1.72600000e+00  1.92514184e+00 
 1.72700000e+00  1.92736788e+00 
 1.72800000e+00  1.92959486e+00 
 1.72900000e+00  1.93182280e+00 
 1.73000000e+00  1.93405168e+00 
 1.73100000e+00  1.93628150e+00 
 1.73200000e+00  1.93851228e+00 
 1.73300000e+00  1.94074400e+00 
 1.73400000e+00  1.94297667e+00 
 1.73500000e+00  1.94521029e+00 
 1.73600000e+00  1.94744486e+00 
 1.73700000e+00  1.94968038e+00 
 1.73800000e+00  1.95191684e+00 
 1.73900000e+00  1.95415426e+00 
 1.74000000e+00  1.95639263e+00 
 1.74100000e+00  1.95863195e+00 
 1.74200000e+00  1.96087223e+00 
 1.74300000e+00  1.96311345e+00 
 1.74400000e+00  1.96535563e+00 
 1.74500000e+00  1.96759876e+00 
 1.74600000e+00  1.96984285e+00 
 1.74700000e+00  1.97208789e+00 
 1.74800000e+00  1.97433388e+00 
 1.74900000e+00  1.97658083e+00 
 1.75000000e+00  1.97882874e+00 
 1.75100000e+00  1.98107760e+00 
 1.75200000e+00  1.98332741e+00 
 1.75300000e+00  1.98557819e+00 
 1.75400000e+00  1.98782992e+00 
 1.75500000e+00  1.99008261e+00 
 1.75600000e+00  1.99233626e+00 
 1.75700000e+00  1.99459086e+00 
 1.75800000e+00  1.99684643e+00 
 1.75900000e+00  1.99910295e+00 
 1.76000000e+00  2.00136044e+00 
 1.76100000e+00  2.00361888e+00 
 1.76200000e+00  2.00587829e+00 
 1.76300000e+00  2.00813866e+00 
 1.76400000e+00  2.01039999e+00 
 1.76500000e+00  2.01266228e+00 
 1.76600000e+00  2.01492554e+00 
 1.76700000e+00  2.01718976e+00 
 1.76800000e+00  2.01945494e+00 
 1.76900000e+00  2.02172109e+00 
 1.77000000e+00  2.02398820e+00 
 1.77100000e+00  2.02625628e+00 
 1.77200000e+00  2.02852533e+00 
 1.77300000e+00  2.03079534e+00 
 1.77400000e+00  2.03306632e+00 
 1.77500000e+00  2.03533826e+00 
 1.77600000e+00  2.03761118e+00 
 1.77700000e+00  2.03988506e+00 
 1.77800000e+00  2.04215991e+00 
 1.77900000e+00  2.04443573e+00 
 1.78000000e+00  2.04671252e+00 
 1.78100000e+00  2.04899028e+00 
 1.78200000e+00  2.05126901e+00 
 1.78300000e+00  2.05354872e+00 
 1.78400000e+00  2.05582939e+00 
 1.78500000e+00  2.05811104e+00 
 1.78600000e+00  2.06039366e+00 
 1.78700000e+00  2.06267726e+00 
 1.78800000e+00  2.06496183e+00 
 1.78900000e+00  2.06724737e+00 
 1.79000000e+00  2.06953389e+00 
 1.79100000e+00  2.07182138e+00 
 1.79200000e+00  2.07410985e+00 
 1.79300000e+00  2.07639930e+00 
 1.79400000e+00  2.07868973e+00 
 1.79500000e+00  2.08098113e+00 
 1.79600000e+00  2.08327351e+00 
 1.79700000e+00  2.08556687e+00 
 1.79800000e+00  2.08786121e+00 
 1.79900000e+00  2.09015653e+00 
 1.80000000e+00  2.09245283e+00 
