 0.00000000e+00  8.10290432e-02 
 1.00000000e-03  8.10297416e-02 
 2.00000000e-03  8.10304486e-02 
 3.00000000e-03  8.10311643e-02 
 4.00000000e-03  8.10318889e-02 
 5.00000000e-03  8.10326224e-02 
 6.00000000e-03  8.10333650e-02 
 7.00000000e-03  8.10341168e-02 
 8.00000000e-03  8.10348778e-02 
 9.00000000e-03  8.10356483e-02 
 1.00000000e-02  8.10364282e-02 
 1.10000000e-02  8.10372178e-02 
 1.20000000e-02  8.10380172e-02 
 1.30000000e-02  8.10388264e-02 
 1.40000000e-02  8.10396456e-02 
 1.50000000e-02  8.10404750e-02 
 1.60000000e-02  8.10413145e-02 
 1.70000000e-02  8.10421645e-02 
 1.80000000e-02  8.10430249e-02 
 1.90000000e-02  8.10438959e-02 
 2.00000000e-02  8.10447777e-02 
 2.10000000e-02  8.10456704e-02 
 2.20000000e-02  8.10465741e-02 
 2.30000000e-02  8.10474889e-02 
 2.40000000e-02  8.10484150e-02 
 2.50000000e-02  8.10493526e-02 
 2.60000000e-02  8.10503017e-02 
 2.70000000e-02  8.10512625e-02 
 2.80000000e-02  8.10522352e-02 
 2.90000000e-02  8.10532199e-02 
 3.00000000e-02  8.10542167e-02 
 3.10000000e-02  8.10552258e-02 
 3.20000000e-02  8.10562473e-02 
 3.30000000e-02  8.10572815e-02 
 3.40000000e-02  8.10583284e-02 
 3.50000000e-02  8.10593882e-02 
 3.60000000e-02  8.10604610e-02 
 3.70000000e-02  8.10615471e-02 
 3.80000000e-02  8.10626465e-02 
 3.90000000e-02  8.10637595e-02 
 4.00000000e-02  8.10648862e-02 
 4.10000000e-02  8.10660268e-02 
 4.20000000e-02  8.10671815e-02 
 4.30000000e-02  8.10683503e-02 
 4.40000000e-02  8.10695336e-02 
 4.50000000e-02  8.10707314e-02 
 4.60000000e-02  8.10719440e-02 
 4.70000000e-02  8.10731715e-02 
 4.80000000e-02  8.10744141e-02 
 4.90000000e-02  8.10756720e-02 
 5.00000000e-02  8.10769454e-02 
 5.10000000e-02  8.10782344e-02 
 5.20000000e-02  8.10795394e-02 
 5.30000000e-02  8.10808603e-02 
 5.40000000e-02  8.10821975e-02 
 5.50000000e-02  8.10835512e-02 
 5.60000000e-02  8.10849215e-02 
 5.70000000e-02  8.10863087e-02 
 5.80000000e-02  8.10877129e-02 
 5.90000000e-02  8.10891344e-02 
 6.00000000e-02  8.10905733e-02 
 6.10000000e-02  8.10920300e-02 
 6.20000000e-02  8.10935045e-02 
 6.30000000e-02  8.10949972e-02 
 6.40000000e-02  8.10965082e-02 
 6.50000000e-02  8.10980377e-02 
 6.60000000e-02  8.10995861e-02 
 6.70000000e-02  8.11011535e-02 
 6.80000000e-02  8.11027401e-02 
 6.90000000e-02  8.11043461e-02 
 7.00000000e-02  8.11059720e-02 
 7.10000000e-02  8.11076177e-02 
 7.20000000e-02  8.11092837e-02 
 7.30000000e-02  8.11109701e-02 
 7.40000000e-02  8.11126771e-02 
 7.50000000e-02  8.11144052e-02 
 7.60000000e-02  8.11161544e-02 
 7.70000000e-02  8.11179250e-02 
 7.80000000e-02  8.11197174e-02 
 7.90000000e-02  8.11215318e-02 
 8.00000000e-02  8.11233684e-02 
 8.10000000e-02  8.11252274e-02 
 8.20000000e-02  8.11271093e-02 
 8.30000000e-02  8.11290142e-02 
 8.40000000e-02  8.11309425e-02 
 8.50000000e-02  8.11328944e-02 
 8.60000000e-02  8.11348702e-02 
 8.70000000e-02  8.11368701e-02 
 8.80000000e-02  8.11388946e-02 
 8.90000000e-02  8.11409438e-02 
 9.00000000e-02  8.11430181e-02 
 9.10000000e-02  8.11451177e-02 
 9.20000000e-02  8.11472431e-02 
 9.30000000e-02  8.11493944e-02 
 9.40000000e-02  8.11515721e-02 
 9.50000000e-02  8.11537763e-02 
 9.60000000e-02  8.11560075e-02 
 9.70000000e-02  8.11582660e-02 
 9.80000000e-02  8.11605520e-02 
 9.90000000e-02  8.11628660e-02 
 1.00000000e-01  8.11652083e-02 
 1.01000000e-01  8.11675791e-02 
 1.02000000e-01  8.11699789e-02 
 1.03000000e-01  8.11724079e-02 
 1.04000000e-01  8.11748666e-02 
 1.05000000e-01  8.11773553e-02 
 1.06000000e-01  8.11798743e-02 
 1.07000000e-01  8.11824241e-02 
 1.08000000e-01  8.11850049e-02 
 1.09000000e-01  8.11876172e-02 
 1.10000000e-01  8.11902614e-02 
 1.11000000e-01  8.11929377e-02 
 1.12000000e-01  8.11956466e-02 
 1.13000000e-01  8.11983885e-02 
 1.14000000e-01  8.12011638e-02 
 1.15000000e-01  8.12039729e-02 
 1.16000000e-01  8.12068161e-02 
 1.17000000e-01  8.12096939e-02 
 1.18000000e-01  8.12126068e-02 
 1.19000000e-01  8.12155550e-02 
 1.20000000e-01  8.12185391e-02 
 1.21000000e-01  8.12215594e-02 
 1.22000000e-01  8.12246164e-02 
 1.23000000e-01  8.12277106e-02 
 1.24000000e-01  8.12308423e-02 
 1.25000000e-01  8.12340120e-02 
 1.26000000e-01  8.12372202e-02 
 1.27000000e-01  8.12404673e-02 
 1.28000000e-01  8.12437537e-02 
 1.29000000e-01  8.12470800e-02 
 1.30000000e-01  8.12504467e-02 
 1.31000000e-01  8.12538541e-02 
 1.32000000e-01  8.12573028e-02 
 1.33000000e-01  8.12607932e-02 
 1.34000000e-01  8.12643259e-02 
 1.35000000e-01  8.12679013e-02 
 1.36000000e-01  8.12715200e-02 
 1.37000000e-01  8.12751825e-02 
 1.38000000e-01  8.12788892e-02 
 1.39000000e-01  8.12826407e-02 
 1.40000000e-01  8.12864376e-02 
 1.41000000e-01  8.12902803e-02 
 1.42000000e-01  8.12941694e-02 
 1.43000000e-01  8.12981054e-02 
 1.44000000e-01  8.13020889e-02 
 1.45000000e-01  8.13061204e-02 
 1.46000000e-01  8.13102005e-02 
 1.47000000e-01  8.13143298e-02 
 1.48000000e-01  8.13185088e-02 
 1.49000000e-01  8.13227382e-02 
 1.50000000e-01  8.13270184e-02 
 1.51000000e-01  8.13313502e-02 
 1.52000000e-01  8.13357340e-02 
 1.53000000e-01  8.13401706e-02 
 1.54000000e-01  8.13446604e-02 
 1.55000000e-01  8.13492042e-02 
 1.56000000e-01  8.13538025e-02 
 1.57000000e-01  8.13584561e-02 
 1.58000000e-01  8.13631654e-02 
 1.59000000e-01  8.13679312e-02 
 1.60000000e-01  8.13727542e-02 
 1.61000000e-01  8.13776349e-02 
 1.62000000e-01  8.13825741e-02 
 1.63000000e-01  8.13875724e-02 
 1.64000000e-01  8.13926304e-02 
 1.65000000e-01  8.13977490e-02 
 1.66000000e-01  8.14029287e-02 
 1.67000000e-01  8.14081704e-02 
 1.68000000e-01  8.14134746e-02 
 1.69000000e-01  8.14188421e-02 
 1.70000000e-01  8.14242736e-02 
 1.71000000e-01  8.14297699e-02 
 1.72000000e-01  8.14353317e-02 
 1.73000000e-01  8.14409598e-02 
 1.74000000e-01  8.14466548e-02 
 1.75000000e-01  8.14524176e-02 
 1.76000000e-01  8.14582489e-02 
 1.77000000e-01  8.14641495e-02 
 1.78000000e-01  8.14701202e-02 
 1.79000000e-01  8.14761617e-02 
 1.80000000e-01  8.14822750e-02 
 1.81000000e-01  8.14884607e-02 
 1.82000000e-01  8.14947197e-02 
 1.83000000e-01  8.15010529e-02 
 1.84000000e-01  8.15074610e-02 
 1.85000000e-01  8.15139449e-02 
 1.86000000e-01  8.15205054e-02 
 1.87000000e-01  8.15271435e-02 
 1.88000000e-01  8.15338599e-02 
 1.89000000e-01  8.15406555e-02 
 1.90000000e-01  8.15475313e-02 
 1.91000000e-01  8.15544881e-02 
 1.92000000e-01  8.15615268e-02 
 1.93000000e-01  8.15686483e-02 
 1.94000000e-01  8.15758535e-02 
 1.95000000e-01  8.15831434e-02 
 1.96000000e-01  8.15905189e-02 
 1.97000000e-01  8.15979810e-02 
 1.98000000e-01  8.16055305e-02 
 1.99000000e-01  8.16131685e-02 
 2.00000000e-01  8.16208959e-02 
 2.01000000e-01  8.16287136e-02 
 2.02000000e-01  8.16366228e-02 
 2.03000000e-01  8.16446243e-02 
 2.04000000e-01  8.16527192e-02 
 2.05000000e-01  8.16609085e-02 
 2.06000000e-01  8.16691933e-02 
 2.07000000e-01  8.16775744e-02 
 2.08000000e-01  8.16860531e-02 
 2.09000000e-01  8.16946302e-02 
 2.10000000e-01  8.17033070e-02 
 2.11000000e-01  8.17120845e-02 
 2.12000000e-01  8.17209636e-02 
 2.13000000e-01  8.17299457e-02 
 2.14000000e-01  8.17390316e-02 
 2.15000000e-01  8.17482225e-02 
 2.16000000e-01  8.17575196e-02 
 2.17000000e-01  8.17669240e-02 
 2.18000000e-01  8.17764368e-02 
 2.19000000e-01  8.17860591e-02 
 2.20000000e-01  8.17957920e-02 
 2.21000000e-01  8.18056369e-02 
 2.22000000e-01  8.18155947e-02 
 2.23000000e-01  8.18256668e-02 
 2.24000000e-01  8.18358542e-02 
 2.25000000e-01  8.18461583e-02 
 2.26000000e-01  8.18565801e-02 
 2.27000000e-01  8.18671209e-02 
 2.28000000e-01  8.18777820e-02 
 2.29000000e-01  8.18885645e-02 
 2.30000000e-01  8.18994697e-02 
 2.31000000e-01  8.19104989e-02 
 2.32000000e-01  8.19216533e-02 
 2.33000000e-01  8.19329342e-02 
 2.34000000e-01  8.19443429e-02 
 2.35000000e-01  8.19558807e-02 
 2.36000000e-01  8.19675488e-02 
 2.37000000e-01  8.19793485e-02 
 2.38000000e-01  8.19912813e-02 
 2.39000000e-01  8.20033483e-02 
 2.40000000e-01  8.20155510e-02 
 2.41000000e-01  8.20278907e-02 
 2.42000000e-01  8.20403686e-02 
 2.43000000e-01  8.20529863e-02 
 2.44000000e-01  8.20657450e-02 
 2.45000000e-01  8.20786461e-02 
 2.46000000e-01  8.20916911e-02 
 2.47000000e-01  8.21048812e-02 
 2.48000000e-01  8.21182179e-02 
 2.49000000e-01  8.21317026e-02 
 2.50000000e-01  8.21453367e-02 
 2.51000000e-01  8.21591217e-02 
 2.52000000e-01  8.21730589e-02 
 2.53000000e-01  8.21871498e-02 
 2.54000000e-01  8.22013958e-02 
 2.55000000e-01  8.22157985e-02 
 2.56000000e-01  8.22303591e-02 
 2.57000000e-01  8.22450793e-02 
 2.58000000e-01  8.22599605e-02 
 2.59000000e-01  8.22750041e-02 
 2.60000000e-01  8.22902116e-02 
 2.61000000e-01  8.23055846e-02 
 2.62000000e-01  8.23211244e-02 
 2.63000000e-01  8.23368327e-02 
 2.64000000e-01  8.23527109e-02 
 2.65000000e-01  8.23687605e-02 
 2.66000000e-01  8.23849831e-02 
 2.67000000e-01  8.24013801e-02 
 2.68000000e-01  8.24179531e-02 
 2.69000000e-01  8.24347036e-02 
 2.70000000e-01  8.24516332e-02 
 2.71000000e-01  8.24687433e-02 
 2.72000000e-01  8.24860355e-02 
 2.73000000e-01  8.25035113e-02 
 2.74000000e-01  8.25211723e-02 
 2.75000000e-01  8.25390201e-02 
 2.76000000e-01  8.25570561e-02 
 2.77000000e-01  8.25752820e-02 
 2.78000000e-01  8.25936992e-02 
 2.79000000e-01  8.26123093e-02 
 2.80000000e-01  8.26311139e-02 
 2.81000000e-01  8.26501145e-02 
 2.82000000e-01  8.26693126e-02 
 2.83000000e-01  8.26887099e-02 
 2.84000000e-01  8.27083078e-02 
 2.85000000e-01  8.27281079e-02 
 2.86000000e-01  8.27481117e-02 
 2.87000000e-01  8.27683208e-02 
 2.88000000e-01  8.27887367e-02 
 2.89000000e-01  8.28093610e-02 
 2.90000000e-01  8.28301951e-02 
 2.91000000e-01  8.28512406e-02 
 2.92000000e-01  8.28724990e-02 
 2.93000000e-01  8.28939718e-02 
 2.94000000e-01  8.29156605e-02 
 2.95000000e-01  8.29375666e-02 
 2.96000000e-01  8.29596916e-02 
 2.97000000e-01  8.29820371e-02 
 2.98000000e-01  8.30046043e-02 
 2.99000000e-01  8.30273949e-02 
 3.00000000e-01  8.30504102e-02 
 3.01000000e-01  8.30736517e-02 
 3.02000000e-01  8.30971208e-02 
 3.03000000e-01  8.31208190e-02 
 3.04000000e-01  8.31447476e-02 
 3.05000000e-01  8.31689080e-02 
 3.06000000e-01  8.31933016e-02 
 3.07000000e-01  8.32179297e-02 
 3.08000000e-01  8.32427938e-02 
 3.09000000e-01  8.32678950e-02 
 3.10000000e-01  8.32932348e-02 
 3.11000000e-01  8.33188144e-02 
 3.12000000e-01  8.33446350e-02 
 3.13000000e-01  8.33706979e-02 
 3.14000000e-01  8.33970043e-02 
 3.15000000e-01  8.34235554e-02 
 3.16000000e-01  8.34503525e-02 
 3.17000000e-01  8.34773965e-02 
 3.18000000e-01  8.35046887e-02 
 3.19000000e-01  8.35322302e-02 
 3.20000000e-01  8.35600220e-02 
 3.21000000e-01  8.35880651e-02 
 3.22000000e-01  8.36163606e-02 
 3.23000000e-01  8.36449094e-02 
 3.24000000e-01  8.36737125e-02 
 3.25000000e-01  8.37027708e-02 
 3.26000000e-01  8.37320851e-02 
 3.27000000e-01  8.37616563e-02 
 3.28000000e-01  8.37914852e-02 
 3.29000000e-01  8.38215726e-02 
 3.30000000e-01  8.38519191e-02 
 3.31000000e-01  8.38825255e-02 
 3.32000000e-01  8.39133924e-02 
 3.33000000e-01  8.39445204e-02 
 3.34000000e-01  8.39759100e-02 
 3.35000000e-01  8.40075617e-02 
 3.36000000e-01  8.40394760e-02 
 3.37000000e-01  8.40716533e-02 
 3.38000000e-01  8.41040939e-02 
 3.39000000e-01  8.41367981e-02 
 3.40000000e-01  8.41697662e-02 
 3.41000000e-01  8.42029984e-02 
 3.42000000e-01  8.42364948e-02 
 3.43000000e-01  8.42702555e-02 
 3.44000000e-01  8.43042805e-02 
 3.45000000e-01  8.43385697e-02 
 3.46000000e-01  8.43731230e-02 
 3.47000000e-01  8.44079403e-02 
 3.48000000e-01  8.44430214e-02 
 3.49000000e-01  8.44783658e-02 
 3.50000000e-01  8.45139733e-02 
 3.51000000e-01  8.45498434e-02 
 3.52000000e-01  8.45859756e-02 
 3.53000000e-01  8.46223692e-02 
 3.54000000e-01  8.46590237e-02 
 3.55000000e-01  8.46959382e-02 
 3.56000000e-01  8.47331120e-02 
 3.57000000e-01  8.47705441e-02 
 3.58000000e-01  8.48082336e-02 
 3.59000000e-01  8.48461794e-02 
 3.60000000e-01  8.48843802e-02 
 3.61000000e-01  8.49228350e-02 
 3.62000000e-01  8.49615423e-02 
 3.63000000e-01  8.50005008e-02 
 3.64000000e-01  8.50397088e-02 
 3.65000000e-01  8.50791649e-02 
 3.66000000e-01  8.51188673e-02 
 3.67000000e-01  8.51588142e-02 
 3.68000000e-01  8.51990038e-02 
 3.69000000e-01  8.52394340e-02 
 3.70000000e-01  8.52801027e-02 
 3.71000000e-01  8.53210078e-02 
 3.72000000e-01  8.53621470e-02 
 3.73000000e-01  8.54035178e-02 
 3.74000000e-01  8.54451177e-02 
 3.75000000e-01  8.54869442e-02 
 3.76000000e-01  8.55289946e-02 
 3.77000000e-01  8.55712659e-02 
 3.78000000e-01  8.56137552e-02 
 3.79000000e-01  8.56564596e-02 
 3.80000000e-01  8.56993758e-02 
 3.81000000e-01  8.57425006e-02 
 3.82000000e-01  8.57858305e-02 
 3.83000000e-01  8.58293622e-02 
 3.84000000e-01  8.58730918e-02 
 3.85000000e-01  8.59170158e-02 
 3.86000000e-01  8.59611303e-02 
 3.87000000e-01  8.60054313e-02 
 3.88000000e-01  8.60499147e-02 
 3.89000000e-01  8.60945763e-02 
 3.90000000e-01  8.61394119e-02 
 3.91000000e-01  8.61844170e-02 
 3.92000000e-01  8.62295869e-02 
 3.93000000e-01  8.62749172e-02 
 3.94000000e-01  8.63204029e-02 
 3.95000000e-01  8.63660393e-02 
 3.96000000e-01  8.64118212e-02 
 3.97000000e-01  8.64577436e-02 
 3.98000000e-01  8.65038013e-02 
 3.99000000e-01  8.65499888e-02 
 4.00000000e-01  8.65963008e-02 
 4.01000000e-01  8.66427316e-02 
 4.02000000e-01  8.66892756e-02 
 4.03000000e-01  8.67359271e-02 
 4.04000000e-01  8.67826801e-02 
 4.05000000e-01  8.68295287e-02 
 4.06000000e-01  8.68764668e-02 
 4.07000000e-01  8.69234883e-02 
 4.08000000e-01  8.69705868e-02 
 4.09000000e-01  8.70177560e-02 
 4.10000000e-01  8.70649895e-02 
 4.11000000e-01  8.71122808e-02 
 4.12000000e-01  8.71596232e-02 
 4.13000000e-01  8.72070102e-02 
 4.14000000e-01  8.72544349e-02 
 4.15000000e-01  8.73018907e-02 
 4.16000000e-01  8.73493705e-02 
 4.17000000e-01  8.73968675e-02 
 4.18000000e-01  8.74443747e-02 
 4.19000000e-01  8.74918851e-02 
 4.20000000e-01  8.75393917e-02 
 4.21000000e-01  8.75868874e-02 
 4.22000000e-01  8.76343651e-02 
 4.23000000e-01  8.76818176e-02 
 4.24000000e-01  8.77292379e-02 
 4.25000000e-01  8.77766187e-02 
 4.26000000e-01  8.78239531e-02 
 4.27000000e-01  8.78712337e-02 
 4.28000000e-01  8.79184537e-02 
 4.29000000e-01  8.79656058e-02 
 4.30000000e-01  8.80126830e-02 
 4.31000000e-01  8.80596785e-02 
 4.32000000e-01  8.81065852e-02 
 4.33000000e-01  8.81533963e-02 
 4.34000000e-01  8.82001050e-02 
 4.35000000e-01  8.82467046e-02 
 4.36000000e-01  8.82931886e-02 
 4.37000000e-01  8.83395505e-02 
 4.38000000e-01  8.83857839e-02 
 4.39000000e-01  8.84318825e-02 
 4.40000000e-01  8.84778404e-02 
 4.41000000e-01  8.85236516e-02 
 4.42000000e-01  8.85693104e-02 
 4.43000000e-01  8.86148111e-02 
 4.44000000e-01  8.86601485e-02 
 4.45000000e-01  8.87053174e-02 
 4.46000000e-01  8.87503128e-02 
 4.47000000e-01  8.87951301e-02 
 4.48000000e-01  8.88397648e-02 
 4.49000000e-01  8.88842127e-02 
 4.50000000e-01  8.89284701e-02 
 4.51000000e-01  8.89725332e-02 
 4.52000000e-01  8.90163988e-02 
 4.53000000e-01  8.90600640e-02 
 4.54000000e-01  8.91035261e-02 
 4.55000000e-01  8.91467829e-02 
 4.56000000e-01  8.91898325e-02 
 4.57000000e-01  8.92326734e-02 
 4.58000000e-01  8.92753045e-02 
 4.59000000e-01  8.93177252e-02 
 4.60000000e-01  8.93599353e-02 
 4.61000000e-01  8.94019349e-02 
 4.62000000e-01  8.94437247e-02 
 4.63000000e-01  8.94853060e-02 
 4.64000000e-01  8.95266803e-02 
 4.65000000e-01  8.95678499e-02 
 4.66000000e-01  8.96088175e-02 
 4.67000000e-01  8.96495864e-02 
 4.68000000e-01  8.96901603e-02 
 4.69000000e-01  8.97305437e-02 
 4.70000000e-01  8.97707416e-02 
 4.71000000e-01  8.98107596e-02 
 4.72000000e-01  8.98506038e-02 
 4.73000000e-01  8.98902811e-02 
 4.74000000e-01  8.99297991e-02 
 4.75000000e-01  8.99691659e-02 
 4.76000000e-01  9.00083903e-02 
 4.77000000e-01  9.00474818e-02 
 4.78000000e-01  9.00864506e-02 
 4.79000000e-01  9.01253077e-02 
 4.80000000e-01  9.01640648e-02 
 4.81000000e-01  9.02027342e-02 
 4.82000000e-01  9.02413290e-02 
 4.83000000e-01  9.02798631e-02 
 4.84000000e-01  9.03183512e-02 
 4.85000000e-01  9.03568087e-02 
 4.86000000e-01  9.03952517e-02 
 4.87000000e-01  9.04336973e-02 
 4.88000000e-01  9.04721632e-02 
 4.89000000e-01  9.05106679e-02 
 4.90000000e-01  9.05492309e-02 
 4.91000000e-01  9.05878723e-02 
 4.92000000e-01  9.06266131e-02 
 4.93000000e-01  9.06654751e-02 
 4.94000000e-01  9.07044810e-02 
 4.95000000e-01  9.07436541e-02 
 4.96000000e-01  9.07830187e-02 
 4.97000000e-01  9.08226000e-02 
 4.98000000e-01  9.08624237e-02 
 4.99000000e-01  9.09025167e-02 
 5.00000000e-01  9.09429063e-02 
 5.01000000e-01  9.09836211e-02 
 5.02000000e-01  9.10246900e-02 
 5.03000000e-01  9.10661431e-02 
 5.04000000e-01  9.11080111e-02 
 5.05000000e-01  9.11503255e-02 
 5.06000000e-01  9.11931186e-02 
 5.07000000e-01  9.12364234e-02 
 5.08000000e-01  9.12802739e-02 
 5.09000000e-01  9.13247047e-02 
 5.10000000e-01  9.13697510e-02 
 5.11000000e-01  9.14154489e-02 
 5.12000000e-01  9.14618352e-02 
 5.13000000e-01  9.15089475e-02 
 5.14000000e-01  9.15568239e-02 
 5.15000000e-01  9.16055032e-02 
 5.16000000e-01  9.16550251e-02 
 5.17000000e-01  9.17054296e-02 
 5.18000000e-01  9.17567577e-02 
 5.19000000e-01  9.18090507e-02 
 5.20000000e-01  9.18623508e-02 
 5.21000000e-01  9.19167004e-02 
 5.22000000e-01  9.19721428e-02 
 5.23000000e-01  9.20287217e-02 
 5.24000000e-01  9.20864814e-02 
 5.25000000e-01  9.21454666e-02 
 5.26000000e-01  9.22057225e-02 
 5.27000000e-01  9.22672950e-02 
 5.28000000e-01  9.23302300e-02 
 5.29000000e-01  9.23945743e-02 
 5.30000000e-01  9.24603748e-02 
 5.31000000e-01  9.25276789e-02 
 5.32000000e-01  9.25965344e-02 
 5.33000000e-01  9.26669892e-02 
 5.34000000e-01  9.27390919e-02 
 5.35000000e-01  9.28128911e-02 
 5.36000000e-01  9.28884358e-02 
 5.37000000e-01  9.29657753e-02 
 5.38000000e-01  9.30449589e-02 
 5.39000000e-01  9.31260365e-02 
 5.40000000e-01  9.32090578e-02 
 5.41000000e-01  9.32940730e-02 
 5.42000000e-01  9.33811321e-02 
 5.43000000e-01  9.34702857e-02 
 5.44000000e-01  9.35615841e-02 
 5.45000000e-01  9.36550778e-02 
 5.46000000e-01  9.37508174e-02 
 5.47000000e-01  9.38488537e-02 
 5.48000000e-01  9.39492372e-02 
 5.49000000e-01  9.40520188e-02 
 5.50000000e-01  9.41572490e-02 
 5.51000000e-01  9.42649786e-02 
 5.52000000e-01  9.43752581e-02 
 5.53000000e-01  9.44881383e-02 
 5.54000000e-01  9.46036695e-02 
 5.55000000e-01  9.47219021e-02 
 5.56000000e-01  9.48428865e-02 
 5.57000000e-01  9.49666729e-02 
 5.58000000e-01  9.50933112e-02 
 5.59000000e-01  9.52228515e-02 
 5.60000000e-01  9.53553433e-02 
 5.61000000e-01  9.54908363e-02 
 5.62000000e-01  9.56293798e-02 
 5.63000000e-01  9.57710230e-02 
 5.64000000e-01  9.59158147e-02 
 5.65000000e-01  9.60638038e-02 
 5.66000000e-01  9.62150387e-02 
 5.67000000e-01  9.63695676e-02 
 5.68000000e-01  9.65274386e-02 
 5.69000000e-01  9.66886992e-02 
 5.70000000e-01  9.68533970e-02 
 5.71000000e-01  9.70215792e-02 
 5.72000000e-01  9.71932925e-02 
 5.73000000e-01  9.73685836e-02 
 5.74000000e-01  9.75474987e-02 
 5.75000000e-01  9.77300839e-02 
 5.76000000e-01  9.79163847e-02 
 5.77000000e-01  9.81064465e-02 
 5.78000000e-01  9.83003143e-02 
 5.79000000e-01  9.84980328e-02 
 5.80000000e-01  9.86996463e-02 
 5.81000000e-01  9.89051988e-02 
 5.82000000e-01  9.91147342e-02 
 5.83000000e-01  9.93282955e-02 
 5.84000000e-01  9.95459260e-02 
 5.85000000e-01  9.97676682e-02 
 5.86000000e-01  9.99935644e-02 
 5.87000000e-01  1.00223657e-01 
 5.88000000e-01  1.00457986e-01 
 5.89000000e-01  1.00696595e-01 
 5.90000000e-01  1.00939524e-01 
 5.91000000e-01  1.01186812e-01 
 5.92000000e-01  1.01438502e-01 
 5.93000000e-01  1.01694632e-01 
 5.94000000e-01  1.01955242e-01 
 5.95000000e-01  1.02220371e-01 
 5.96000000e-01  1.02490058e-01 
 5.97000000e-01  1.02764341e-01 
 5.98000000e-01  1.03043259e-01 
 5.99000000e-01  1.03326850e-01 
 6.00000000e-01  1.03615150e-01 
 6.01000000e-01  1.03908197e-01 
 6.02000000e-01  1.04206028e-01 
 6.03000000e-01  1.04508679e-01 
 6.04000000e-01  1.04816187e-01 
 6.05000000e-01  1.05128587e-01 
 6.06000000e-01  1.05445914e-01 
 6.07000000e-01  1.05768204e-01 
 6.08000000e-01  1.06095491e-01 
 6.09000000e-01  1.06427810e-01 
 6.10000000e-01  1.06765195e-01 
 6.11000000e-01  1.07107681e-01 
 6.12000000e-01  1.07455299e-01 
 6.13000000e-01  1.07808084e-01 
 6.14000000e-01  1.08166069e-01 
 6.15000000e-01  1.08529286e-01 
 6.16000000e-01  1.08897767e-01 
 6.17000000e-01  1.09271544e-01 
 6.18000000e-01  1.09650649e-01 
 6.19000000e-01  1.10035114e-01 
 6.20000000e-01  1.10424968e-01 
 6.21000000e-01  1.10820244e-01 
 6.22000000e-01  1.11220971e-01 
 6.23000000e-01  1.11627179e-01 
 6.24000000e-01  1.12038899e-01 
 6.25000000e-01  1.12456160e-01 
 6.26000000e-01  1.12878990e-01 
 6.27000000e-01  1.13307420e-01 
 6.28000000e-01  1.13741477e-01 
 6.29000000e-01  1.14181190e-01 
 6.30000000e-01  1.14626588e-01 
 6.31000000e-01  1.15077697e-01 
 6.32000000e-01  1.15534545e-01 
 6.33000000e-01  1.15997159e-01 
 6.34000000e-01  1.16465567e-01 
 6.35000000e-01  1.16939794e-01 
 6.36000000e-01  1.17419867e-01 
 6.37000000e-01  1.17905812e-01 
 6.38000000e-01  1.18397654e-01 
 6.39000000e-01  1.18895420e-01 
 6.40000000e-01  1.19399133e-01 
 6.41000000e-01  1.19908819e-01 
 6.42000000e-01  1.20424502e-01 
 6.43000000e-01  1.20946207e-01 
 6.44000000e-01  1.21473957e-01 
 6.45000000e-01  1.22007775e-01 
 6.46000000e-01  1.22547685e-01 
 6.47000000e-01  1.23093710e-01 
 6.48000000e-01  1.23645872e-01 
 6.49000000e-01  1.24204193e-01 
 6.50000000e-01  1.24768697e-01 
 6.51000000e-01  1.25339403e-01 
 6.52000000e-01  1.25916334e-01 
 6.53000000e-01  1.26499510e-01 
 6.54000000e-01  1.27088952e-01 
 6.55000000e-01  1.27684681e-01 
 6.56000000e-01  1.28286716e-01 
 6.57000000e-01  1.28895077e-01 
 6.58000000e-01  1.29509783e-01 
 6.59000000e-01  1.30130854e-01 
 6.60000000e-01  1.30758307e-01 
 6.61000000e-01  1.31392161e-01 
 6.62000000e-01  1.32032435e-01 
 6.63000000e-01  1.32679144e-01 
 6.64000000e-01  1.33332308e-01 
 6.65000000e-01  1.33991942e-01 
 6.66000000e-01  1.34658063e-01 
 6.67000000e-01  1.35330687e-01 
 6.68000000e-01  1.36009829e-01 
 6.69000000e-01  1.36695505e-01 
 6.70000000e-01  1.37387731e-01 
 6.71000000e-01  1.38086520e-01 
 6.72000000e-01  1.38791886e-01 
 6.73000000e-01  1.39503843e-01 
 6.74000000e-01  1.40222406e-01 
 6.75000000e-01  1.40947586e-01 
 6.76000000e-01  1.41679396e-01 
 6.77000000e-01  1.42417848e-01 
 6.78000000e-01  1.43162954e-01 
 6.79000000e-01  1.43914725e-01 
 6.80000000e-01  1.44673173e-01 
 6.81000000e-01  1.45438307e-01 
 6.82000000e-01  1.46210138e-01 
 6.83000000e-01  1.46988675e-01 
 6.84000000e-01  1.47773927e-01 
 6.85000000e-01  1.48565903e-01 
 6.86000000e-01  1.49364612e-01 
 6.87000000e-01  1.50170061e-01 
 6.88000000e-01  1.50982257e-01 
 6.89000000e-01  1.51801207e-01 
 6.90000000e-01  1.52626918e-01 
 6.91000000e-01  1.53459396e-01 
 6.92000000e-01  1.54298646e-01 
 6.93000000e-01  1.55144674e-01 
 6.94000000e-01  1.55997484e-01 
 6.95000000e-01  1.56857079e-01 
 6.96000000e-01  1.57723464e-01 
 6.97000000e-01  1.58596642e-01 
 6.98000000e-01  1.59476616e-01 
 6.99000000e-01  1.60363387e-01 
 7.00000000e-01  1.61256958e-01 
 7.01000000e-01  1.62157329e-01 
 7.02000000e-01  1.63064502e-01 
 7.03000000e-01  1.63978476e-01 
 7.04000000e-01  1.64899251e-01 
 7.05000000e-01  1.65826827e-01 
 7.06000000e-01  1.66761202e-01 
 7.07000000e-01  1.67702374e-01 
 7.08000000e-01  1.68650342e-01 
 7.09000000e-01  1.69605102e-01 
 7.10000000e-01  1.70566651e-01 
 7.11000000e-01  1.71534985e-01 
 7.12000000e-01  1.72510101e-01 
 7.13000000e-01  1.73491992e-01 
 7.14000000e-01  1.74480655e-01 
 7.15000000e-01  1.75476082e-01 
 7.16000000e-01  1.76478268e-01 
 7.17000000e-01  1.77487206e-01 
 7.18000000e-01  1.78502889e-01 
 7.19000000e-01  1.79525308e-01 
 7.20000000e-01  1.80554455e-01 
 7.21000000e-01  1.81590321e-01 
 7.22000000e-01  1.82632898e-01 
 7.23000000e-01  1.83682174e-01 
 7.24000000e-01  1.84738139e-01 
 7.25000000e-01  1.85800783e-01 
 7.26000000e-01  1.86870094e-01 
 7.27000000e-01  1.87946061e-01 
 7.28000000e-01  1.89028669e-01 
 7.29000000e-01  1.90117908e-01 
 7.30000000e-01  1.91213762e-01 
 7.31000000e-01  1.92316219e-01 
 7.32000000e-01  1.93425263e-01 
 7.33000000e-01  1.94540880e-01 
 7.34000000e-01  1.95663054e-01 
 7.35000000e-01  1.96791768e-01 
 7.36000000e-01  1.97927008e-01 
 7.37000000e-01  1.99068755e-01 
 7.38000000e-01  2.00216993e-01 
 7.39000000e-01  2.01371702e-01 
 7.40000000e-01  2.02532866e-01 
 7.41000000e-01  2.03700464e-01 
 7.42000000e-01  2.04874478e-01 
 7.43000000e-01  2.06054888e-01 
 7.44000000e-01  2.07241672e-01 
 7.45000000e-01  2.08434812e-01 
 7.46000000e-01  2.09634284e-01 
 7.47000000e-01  2.10840068e-01 
 7.48000000e-01  2.12052142e-01 
 7.49000000e-01  2.13270482e-01 
 7.50000000e-01  2.14495065e-01 
 7.51000000e-01  2.15725869e-01 
 7.52000000e-01  2.16962869e-01 
 7.53000000e-01  2.18206041e-01 
 7.54000000e-01  2.19455360e-01 
 7.55000000e-01  2.20710800e-01 
 7.56000000e-01  2.21972337e-01 
 7.57000000e-01  2.23239943e-01 
 7.58000000e-01  2.24513593e-01 
 7.59000000e-01  2.25793260e-01 
 7.60000000e-01  2.27078916e-01 
 7.61000000e-01  2.28370533e-01 
 7.62000000e-01  2.29668084e-01 
 7.63000000e-01  2.30971541e-01 
 7.64000000e-01  2.32280873e-01 
 7.65000000e-01  2.33596053e-01 
 7.66000000e-01  2.34917051e-01 
 7.67000000e-01  2.36243836e-01 
 7.68000000e-01  2.37576378e-01 
 7.69000000e-01  2.38914647e-01 
 7.70000000e-01  2.40258613e-01 
 7.71000000e-01  2.41608243e-01 
 7.72000000e-01  2.42963505e-01 
 7.73000000e-01  2.44324369e-01 
 7.74000000e-01  2.45690802e-01 
 7.75000000e-01  2.47062771e-01 
 7.76000000e-01  2.48440244e-01 
 7.77000000e-01  2.49823186e-01 
 7.78000000e-01  2.51211566e-01 
 7.79000000e-01  2.52605349e-01 
 7.80000000e-01  2.54004501e-01 
 7.81000000e-01  2.55408989e-01 
 7.82000000e-01  2.56818776e-01 
 7.83000000e-01  2.58233830e-01 
 7.84000000e-01  2.59654114e-01 
 7.85000000e-01  2.61079594e-01 
 7.86000000e-01  2.62510234e-01 
 7.87000000e-01  2.63945999e-01 
 7.88000000e-01  2.65386852e-01 
 7.89000000e-01  2.66832758e-01 
 7.90000000e-01  2.68283679e-01 
 7.91000000e-01  2.69739581e-01 
 7.92000000e-01  2.71200425e-01 
 7.93000000e-01  2.72666176e-01 
 7.94000000e-01  2.74136796e-01 
 7.95000000e-01  2.75612248e-01 
 7.96000000e-01  2.77092494e-01 
 7.97000000e-01  2.78577498e-01 
 7.98000000e-01  2.80067221e-01 
 7.99000000e-01  2.81561626e-01 
 8.00000000e-01  2.83060675e-01 
 8.01000000e-01  2.84564329e-01 
 8.02000000e-01  2.86072552e-01 
 8.03000000e-01  2.87585303e-01 
 8.04000000e-01  2.89102547e-01 
 8.05000000e-01  2.90624242e-01 
 8.06000000e-01  2.92150353e-01 
 8.07000000e-01  2.93680838e-01 
 8.08000000e-01  2.95215661e-01 
 8.09000000e-01  2.96754783e-01 
 8.10000000e-01  2.98298164e-01 
 8.11000000e-01  2.99845766e-01 
 8.12000000e-01  3.01397549e-01 
 8.13000000e-01  3.02953476e-01 
 8.14000000e-01  3.04513508e-01 
 8.15000000e-01  3.06077604e-01 
 8.16000000e-01  3.07645727e-01 
 8.17000000e-01  3.09217837e-01 
 8.18000000e-01  3.10793896e-01 
 8.19000000e-01  3.12373866e-01 
 8.20000000e-01  3.13957718e-01 
 8.21000000e-01  3.15545401e-01 
 8.22000000e-01  3.17136878e-01 
 8.23000000e-01  3.18732108e-01 
 8.24000000e-01  3.20331054e-01 
 8.25000000e-01  3.21933677e-01 
 8.26000000e-01  3.23539937e-01 
 8.27000000e-01  3.25149797e-01 
 8.28000000e-01  3.26763218e-01 
 8.29000000e-01  3.28380161e-01 
 8.30000000e-01  3.30000587e-01 
 8.31000000e-01  3.31624460e-01 
 8.32000000e-01  3.33251739e-01 
 8.33000000e-01  3.34882388e-01 
 8.34000000e-01  3.36516368e-01 
 8.35000000e-01  3.38153641e-01 
 8.36000000e-01  3.39794169e-01 
 8.37000000e-01  3.41437915e-01 
 8.38000000e-01  3.43084841e-01 
 8.39000000e-01  3.44734910e-01 
 8.40000000e-01  3.46388083e-01 
 8.41000000e-01  3.48044325e-01 
 8.42000000e-01  3.49703598e-01 
 8.43000000e-01  3.51365865e-01 
 8.44000000e-01  3.53031089e-01 
 8.45000000e-01  3.54699235e-01 
 8.46000000e-01  3.56370264e-01 
 8.47000000e-01  3.58044142e-01 
 8.48000000e-01  3.59720831e-01 
 8.49000000e-01  3.61400297e-01 
 8.50000000e-01  3.63082503e-01 
 8.51000000e-01  3.64767414e-01 
 8.52000000e-01  3.66454994e-01 
 8.53000000e-01  3.68145209e-01 
 8.54000000e-01  3.69838022e-01 
 8.55000000e-01  3.71533401e-01 
 8.56000000e-01  3.73231309e-01 
 8.57000000e-01  3.74931712e-01 
 8.58000000e-01  3.76634578e-01 
 8.59000000e-01  3.78339870e-01 
 8.60000000e-01  3.80047556e-01 
 8.61000000e-01  3.81757603e-01 
 8.62000000e-01  3.83469976e-01 
 8.63000000e-01  3.85184643e-01 
 8.64000000e-01  3.86901571e-01 
 8.65000000e-01  3.88620728e-01 
 8.66000000e-01  3.90342080e-01 
 8.67000000e-01  3.92065597e-01 
 8.68000000e-01  3.93791245e-01 
 8.69000000e-01  3.95518994e-01 
 8.70000000e-01  3.97248811e-01 
 8.71000000e-01  3.98980667e-01 
 8.72000000e-01  4.00714529e-01 
 8.73000000e-01  4.02450368e-01 
 8.74000000e-01  4.04188152e-01 
 8.75000000e-01  4.05927852e-01 
 8.76000000e-01  4.07669438e-01 
 8.77000000e-01  4.09412879e-01 
 8.78000000e-01  4.11158148e-01 
 8.79000000e-01  4.12905214e-01 
 8.80000000e-01  4.14654049e-01 
 8.81000000e-01  4.16404624e-01 
 8.82000000e-01  4.18156911e-01 
 8.83000000e-01  4.19910882e-01 
 8.84000000e-01  4.21666508e-01 
 8.85000000e-01  4.23423764e-01 
 8.86000000e-01  4.25182620e-01 
 8.87000000e-01  4.26943051e-01 
 8.88000000e-01  4.28705029e-01 
 8.89000000e-01  4.30468528e-01 
 8.90000000e-01  4.32233523e-01 
 8.91000000e-01  4.33999986e-01 
 8.92000000e-01  4.35767893e-01 
 8.93000000e-01  4.37537218e-01 
 8.94000000e-01  4.39307936e-01 
 8.95000000e-01  4.41080022e-01 
 8.96000000e-01  4.42853453e-01 
 8.97000000e-01  4.44628202e-01 
 8.98000000e-01  4.46404248e-01 
 8.99000000e-01  4.48181565e-01 
 9.00000000e-01  4.49960131e-01 
 9.01000000e-01  4.51739923e-01 
 9.02000000e-01  4.53520917e-01 
 9.03000000e-01  4.55303091e-01 
 9.04000000e-01  4.57086422e-01 
 9.05000000e-01  4.58870890e-01 
 9.06000000e-01  4.60656471e-01 
 9.07000000e-01  4.62443145e-01 
 9.08000000e-01  4.64230890e-01 
 9.09000000e-01  4.66019686e-01 
 9.10000000e-01  4.67809511e-01 
 9.11000000e-01  4.69600346e-01 
 9.12000000e-01  4.71392170e-01 
 9.13000000e-01  4.73184963e-01 
 9.14000000e-01  4.74978707e-01 
 9.15000000e-01  4.76773381e-01 
 9.16000000e-01  4.78568966e-01 
 9.17000000e-01  4.80365445e-01 
 9.18000000e-01  4.82162797e-01 
 9.19000000e-01  4.83961006e-01 
 9.20000000e-01  4.85760053e-01 
 9.21000000e-01  4.87559921e-01 
 9.22000000e-01  4.89360592e-01 
 9.23000000e-01  4.91162048e-01 
 9.24000000e-01  4.92964274e-01 
 9.25000000e-01  4.94767252e-01 
 9.26000000e-01  4.96570966e-01 
 9.27000000e-01  4.98375399e-01 
 9.28000000e-01  5.00180537e-01 
 9.29000000e-01  5.01986363e-01 
 9.30000000e-01  5.03792862e-01 
 9.31000000e-01  5.05600019e-01 
 9.32000000e-01  5.07407819e-01 
 9.33000000e-01  5.09216247e-01 
 9.34000000e-01  5.11025289e-01 
 9.35000000e-01  5.12834931e-01 
 9.36000000e-01  5.14645159e-01 
 9.37000000e-01  5.16455959e-01 
 9.38000000e-01  5.18267318e-01 
 9.39000000e-01  5.20079222e-01 
 9.40000000e-01  5.21891660e-01 
 9.41000000e-01  5.23704617e-01 
 9.42000000e-01  5.25518082e-01 
 9.43000000e-01  5.27332042e-01 
 9.44000000e-01  5.29146486e-01 
 9.45000000e-01  5.30961401e-01 
 9.46000000e-01  5.32776777e-01 
 9.47000000e-01  5.34592600e-01 
 9.48000000e-01  5.36408862e-01 
 9.49000000e-01  5.38225550e-01 
 9.50000000e-01  5.40042654e-01 
 9.51000000e-01  5.41860163e-01 
 9.52000000e-01  5.43678068e-01 
 9.53000000e-01  5.45496358e-01 
 9.54000000e-01  5.47315024e-01 
 9.55000000e-01  5.49134055e-01 
 9.56000000e-01  5.50953443e-01 
 9.57000000e-01  5.52773177e-01 
 9.58000000e-01  5.54593250e-01 
 9.59000000e-01  5.56413653e-01 
 9.60000000e-01  5.58234376e-01 
 9.61000000e-01  5.60055411e-01 
 9.62000000e-01  5.61876751e-01 
 9.63000000e-01  5.63698387e-01 
 9.64000000e-01  5.65520311e-01 
 9.65000000e-01  5.67342516e-01 
 9.66000000e-01  5.69164994e-01 
 9.67000000e-01  5.70987738e-01 
 9.68000000e-01  5.72810741e-01 
 9.69000000e-01  5.74633996e-01 
 9.70000000e-01  5.76457497e-01 
 9.71000000e-01  5.78281235e-01 
 9.72000000e-01  5.80105207e-01 
 9.73000000e-01  5.81929404e-01 
 9.74000000e-01  5.83753822e-01 
 9.75000000e-01  5.85578454e-01 
 9.76000000e-01  5.87403294e-01 
 9.77000000e-01  5.89228338e-01 
 9.78000000e-01  5.91053579e-01 
 9.79000000e-01  5.92879012e-01 
 9.80000000e-01  5.94704633e-01 
 9.81000000e-01  5.96530437e-01 
 9.82000000e-01  5.98356418e-01 
 9.83000000e-01  6.00182573e-01 
 9.84000000e-01  6.02008896e-01 
 9.85000000e-01  6.03835384e-01 
 9.86000000e-01  6.05662033e-01 
 9.87000000e-01  6.07488837e-01 
 9.88000000e-01  6.09315794e-01 
 9.89000000e-01  6.11142901e-01 
 9.90000000e-01  6.12970152e-01 
 9.91000000e-01  6.14797545e-01 
 9.92000000e-01  6.16625077e-01 
 9.93000000e-01  6.18452744e-01 
 9.94000000e-01  6.20280544e-01 
 9.95000000e-01  6.22108473e-01 
 9.96000000e-01  6.23936528e-01 
 9.97000000e-01  6.25764708e-01 
 9.98000000e-01  6.27593010e-01 
 9.99000000e-01  6.29421430e-01 
 1.00000000e+00  6.31249968e-01 
 1.00100000e+00  6.33078620e-01 
 1.00200000e+00  6.34907385e-01 
 1.00300000e+00  6.36736260e-01 
 1.00400000e+00  6.38565245e-01 
 1.00500000e+00  6.40394337e-01 
 1.00600000e+00  6.42223535e-01 
 1.00700000e+00  6.44052837e-01 
 1.00800000e+00  6.45882242e-01 
 1.00900000e+00  6.47711748e-01 
 1.01000000e+00  6.49541355e-01 
 1.01100000e+00  6.51371061e-01 
 1.01200000e+00  6.53200866e-01 
 1.01300000e+00  6.55030768e-01 
 1.01400000e+00  6.56860767e-01 
 1.01500000e+00  6.58690863e-01 
 1.01600000e+00  6.60521053e-01 
 1.01700000e+00  6.62351339e-01 
 1.01800000e+00  6.64181720e-01 
 1.01900000e+00  6.66012195e-01 
 1.02000000e+00  6.67842765e-01 
 1.02100000e+00  6.69673428e-01 
 1.02200000e+00  6.71504185e-01 
 1.02300000e+00  6.73335037e-01 
 1.02400000e+00  6.75165983e-01 
 1.02500000e+00  6.76997023e-01 
 1.02600000e+00  6.78828157e-01 
 1.02700000e+00  6.80659387e-01 
 1.02800000e+00  6.82490713e-01 
 1.02900000e+00  6.84322134e-01 
 1.03000000e+00  6.86153652e-01 
 1.03100000e+00  6.87985267e-01 
 1.03200000e+00  6.89816980e-01 
 1.03300000e+00  6.91648792e-01 
 1.03400000e+00  6.93480703e-01 
 1.03500000e+00  6.95312715e-01 
 1.03600000e+00  6.97144829e-01 
 1.03700000e+00  6.98977045e-01 
 1.03800000e+00  7.00809365e-01 
 1.03900000e+00  7.02641789e-01 
 1.04000000e+00  7.04474320e-01 
 1.04100000e+00  7.06306958e-01 
 1.04200000e+00  7.08139705e-01 
 1.04300000e+00  7.09972562e-01 
 1.04400000e+00  7.11805530e-01 
 1.04500000e+00  7.13638612e-01 
 1.04600000e+00  7.15471808e-01 
 1.04700000e+00  7.17305121e-01 
 1.04800000e+00  7.19138552e-01 
 1.04900000e+00  7.20972102e-01 
 1.05000000e+00  7.22805774e-01 
 1.05100000e+00  7.24639570e-01 
 1.05200000e+00  7.26473490e-01 
 1.05300000e+00  7.28307537e-01 
 1.05400000e+00  7.30141714e-01 
 1.05500000e+00  7.31976021e-01 
 1.05600000e+00  7.33810461e-01 
 1.05700000e+00  7.35645037e-01 
 1.05800000e+00  7.37479749e-01 
 1.05900000e+00  7.39314601e-01 
 1.06000000e+00  7.41149595e-01 
 1.06100000e+00  7.42984732e-01 
 1.06200000e+00  7.44820015e-01 
 1.06300000e+00  7.46655447e-01 
 1.06400000e+00  7.48491029e-01 
 1.06500000e+00  7.50326764e-01 
 1.06600000e+00  7.52162654e-01 
 1.06700000e+00  7.53998703e-01 
 1.06800000e+00  7.55834911e-01 
 1.06900000e+00  7.57671282e-01 
 1.07000000e+00  7.59507819e-01 
 1.07100000e+00  7.61344523e-01 
 1.07200000e+00  7.63181397e-01 
 1.07300000e+00  7.65018444e-01 
 1.07400000e+00  7.66855667e-01 
 1.07500000e+00  7.68693068e-01 
 1.07600000e+00  7.70530650e-01 
 1.07700000e+00  7.72368415e-01 
 1.07800000e+00  7.74206367e-01 
 1.07900000e+00  7.76044507e-01 
 1.08000000e+00  7.77882839e-01 
 1.08100000e+00  7.79721365e-01 
 1.08200000e+00  7.81560089e-01 
 1.08300000e+00  7.83399013e-01 
 1.08400000e+00  7.85238139e-01 
 1.08500000e+00  7.87077471e-01 
 1.08600000e+00  7.88917012e-01 
 1.08700000e+00  7.90756763e-01 
 1.08800000e+00  7.92596730e-01 
 1.08900000e+00  7.94436913e-01 
 1.09000000e+00  7.96277316e-01 
 1.09100000e+00  7.98117943e-01 
 1.09200000e+00  7.99958795e-01 
 1.09300000e+00  8.01799876e-01 
 1.09400000e+00  8.03641189e-01 
 1.09500000e+00  8.05482736e-01 
 1.09600000e+00  8.07324522e-01 
 1.09700000e+00  8.09166548e-01 
 1.09800000e+00  8.11008818e-01 
 1.09900000e+00  8.12851334e-01 
 1.10000000e+00  8.14694101e-01 
 1.10100000e+00  8.16537120e-01 
 1.10200000e+00  8.18380395e-01 
 1.10300000e+00  8.20223928e-01 
 1.10400000e+00  8.22067724e-01 
 1.10500000e+00  8.23911784e-01 
 1.10600000e+00  8.25756113e-01 
 1.10700000e+00  8.27600712e-01 
 1.10800000e+00  8.29445585e-01 
 1.10900000e+00  8.31290736e-01 
 1.11000000e+00  8.33136167e-01 
 1.11100000e+00  8.34981881e-01 
 1.11200000e+00  8.36827881e-01 
 1.11300000e+00  8.38674170e-01 
 1.11400000e+00  8.40520752e-01 
 1.11500000e+00  8.42367630e-01 
 1.11600000e+00  8.44214806e-01 
 1.11700000e+00  8.46062284e-01 
 1.11800000e+00  8.47910066e-01 
 1.11900000e+00  8.49758157e-01 
 1.12000000e+00  8.51606558e-01 
 1.12100000e+00  8.53455273e-01 
 1.12200000e+00  8.55304305e-01 
 1.12300000e+00  8.57153657e-01 
 1.12400000e+00  8.59003332e-01 
 1.12500000e+00  8.60853333e-01 
 1.12600000e+00  8.62703664e-01 
 1.12700000e+00  8.64554326e-01 
 1.12800000e+00  8.66405324e-01 
 1.12900000e+00  8.68256661e-01 
 1.13000000e+00  8.70108339e-01 
 1.13100000e+00  8.71960361e-01 
 1.13200000e+00  8.73812731e-01 
 1.13300000e+00  8.75665451e-01 
 1.13400000e+00  8.77518525e-01 
 1.13500000e+00  8.79371955e-01 
 1.13600000e+00  8.81225745e-01 
 1.13700000e+00  8.83079897e-01 
 1.13800000e+00  8.84934415e-01 
 1.13900000e+00  8.86789301e-01 
 1.14000000e+00  8.88644559e-01 
 1.14100000e+00  8.90500191e-01 
 1.14200000e+00  8.92356200e-01 
 1.14300000e+00  8.94212591e-01 
 1.14400000e+00  8.96069364e-01 
 1.14500000e+00  8.97926524e-01 
 1.14600000e+00  8.99784072e-01 
 1.14700000e+00  9.01642013e-01 
 1.14800000e+00  9.03500349e-01 
 1.14900000e+00  9.05359083e-01 
 1.15000000e+00  9.07218218e-01 
 1.15100000e+00  9.09077757e-01 
 1.15200000e+00  9.10937702e-01 
 1.15300000e+00  9.12798057e-01 
 1.15400000e+00  9.14658824e-01 
 1.15500000e+00  9.16520007e-01 
 1.15600000e+00  9.18381607e-01 
 1.15700000e+00  9.20243628e-01 
 1.15800000e+00  9.22106073e-01 
 1.15900000e+00  9.23968945e-01 
 1.16000000e+00  9.25832246e-01 
 1.16100000e+00  9.27695979e-01 
 1.16200000e+00  9.29560147e-01 
 1.16300000e+00  9.31424752e-01 
 1.16400000e+00  9.33289799e-01 
 1.16500000e+00  9.35155288e-01 
 1.16600000e+00  9.37021223e-01 
 1.16700000e+00  9.38887607e-01 
 1.16800000e+00  9.40754442e-01 
 1.16900000e+00  9.42621731e-01 
 1.17000000e+00  9.44489477e-01 
 1.17100000e+00  9.46357682e-01 
 1.17200000e+00  9.48226350e-01 
 1.17300000e+00  9.50095482e-01 
 1.17400000e+00  9.51965081e-01 
 1.17500000e+00  9.53835151e-01 
 1.17600000e+00  9.55705693e-01 
 1.17700000e+00  9.57576710e-01 
 1.17800000e+00  9.59448206e-01 
 1.17900000e+00  9.61320181e-01 
 1.18000000e+00  9.63192640e-01 
 1.18100000e+00  9.65065584e-01 
 1.18200000e+00  9.66939016e-01 
 1.18300000e+00  9.68812939e-01 
 1.18400000e+00  9.70687354e-01 
 1.18500000e+00  9.72562266e-01 
 1.18600000e+00  9.74437675e-01 
 1.18700000e+00  9.76313586e-01 
 1.18800000e+00  9.78189999e-01 
 1.18900000e+00  9.80066918e-01 
 1.19000000e+00  9.81944344e-01 
 1.19100000e+00  9.83822281e-01 
 1.19200000e+00  9.85700731e-01 
 1.19300000e+00  9.87579696e-01 
 1.19400000e+00  9.89459178e-01 
 1.19500000e+00  9.91339181e-01 
 1.19600000e+00  9.93219706e-01 
 1.19700000e+00  9.95100755e-01 
 1.19800000e+00  9.96982332e-01 
 1.19900000e+00  9.98864437e-01 
 1.20000000e+00  1.00074707e+00 
 1.20100000e+00  1.00263025e+00 
 1.20200000e+00  1.00451395e+00 
 1.20300000e+00  1.00639820e+00 
 1.20400000e+00  1.00828299e+00 
 1.20500000e+00  1.01016832e+00 
 1.20600000e+00  1.01205419e+00 
 1.20700000e+00  1.01394061e+00 
 1.20800000e+00  1.01582758e+00 
 1.20900000e+00  1.01771511e+00 
 1.21000000e+00  1.01960319e+00 
 1.21100000e+00  1.02149182e+00 
 1.21200000e+00  1.02338101e+00 
 1.21300000e+00  1.02527076e+00 
 1.21400000e+00  1.02716108e+00 
 1.21500000e+00  1.02905196e+00 
 1.21600000e+00  1.03094340e+00 
 1.21700000e+00  1.03283542e+00 
 1.21800000e+00  1.03472800e+00 
 1.21900000e+00  1.03662116e+00 
 1.22000000e+00  1.03851490e+00 
 1.22100000e+00  1.04040921e+00 
 1.22200000e+00  1.04230410e+00 
 1.22300000e+00  1.04419957e+00 
 1.22400000e+00  1.04609562e+00 
 1.22500000e+00  1.04799226e+00 
 1.22600000e+00  1.04988949e+00 
 1.22700000e+00  1.05178730e+00 
 1.22800000e+00  1.05368571e+00 
 1.22900000e+00  1.05558471e+00 
 1.23000000e+00  1.05748430e+00 
 1.23100000e+00  1.05938449e+00 
 1.23200000e+00  1.06128528e+00 
 1.23300000e+00  1.06318666e+00 
 1.23400000e+00  1.06508866e+00 
 1.23500000e+00  1.06699125e+00 
 1.23600000e+00  1.06889445e+00 
 1.23700000e+00  1.07079826e+00 
 1.23800000e+00  1.07270268e+00 
 1.23900000e+00  1.07460771e+00 
 1.24000000e+00  1.07651335e+00 
 1.24100000e+00  1.07841960e+00 
 1.24200000e+00  1.08032648e+00 
 1.24300000e+00  1.08223397e+00 
 1.24400000e+00  1.08414208e+00 
 1.24500000e+00  1.08605082e+00 
 1.24600000e+00  1.08796017e+00 
 1.24700000e+00  1.08987016e+00 
 1.24800000e+00  1.09178077e+00 
 1.24900000e+00  1.09369200e+00 
 1.25000000e+00  1.09560387e+00 
 1.25100000e+00  1.09751637e+00 
 1.25200000e+00  1.09942951e+00 
 1.25300000e+00  1.10134327e+00 
 1.25400000e+00  1.10325768e+00 
 1.25500000e+00  1.10517272e+00 
 1.25600000e+00  1.10708841e+00 
 1.25700000e+00  1.10900473e+00 
 1.25800000e+00  1.11092170e+00 
 1.25900000e+00  1.11283931e+00 
 1.26000000e+00  1.11475757e+00 
 1.26100000e+00  1.11667648e+00 
 1.26200000e+00  1.11859604e+00 
 1.26300000e+00  1.12051624e+00 
 1.26400000e+00  1.12243710e+00 
 1.26500000e+00  1.12435861e+00 
 1.26600000e+00  1.12628078e+00 
 1.26700000e+00  1.12820361e+00 
 1.26800000e+00  1.13012709e+00 
 1.26900000e+00  1.13205123e+00 
 1.27000000e+00  1.13397604e+00 
 1.27100000e+00  1.13590150e+00 
 1.27200000e+00  1.13782763e+00 
 1.27300000e+00  1.13975442e+00 
 1.27400000e+00  1.14168188e+00 
 1.27500000e+00  1.14361001e+00 
 1.27600000e+00  1.14553881e+00 
 1.27700000e+00  1.14746828e+00 
 1.27800000e+00  1.14939842e+00 
 1.27900000e+00  1.15132924e+00 
 1.28000000e+00  1.15326072e+00 
 1.28100000e+00  1.15519289e+00 
 1.28200000e+00  1.15712573e+00 
 1.28300000e+00  1.15905925e+00 
 1.28400000e+00  1.16099345e+00 
 1.28500000e+00  1.16292833e+00 
 1.28600000e+00  1.16486389e+00 
 1.28700000e+00  1.16680014e+00 
 1.28800000e+00  1.16873707e+00 
 1.28900000e+00  1.17067469e+00 
 1.29000000e+00  1.17261299e+00 
 1.29100000e+00  1.17455199e+00 
 1.29200000e+00  1.17649167e+00 
 1.29300000e+00  1.17843204e+00 
 1.29400000e+00  1.18037311e+00 
 1.29500000e+00  1.18231487e+00 
 1.29600000e+00  1.18425732e+00 
 1.29700000e+00  1.18620047e+00 
 1.29800000e+00  1.18814432e+00 
 1.29900000e+00  1.19008886e+00 
 1.30000000e+00  1.19203410e+00 
 1.30100000e+00  1.19398004e+00 
 1.30200000e+00  1.19592668e+00 
 1.30300000e+00  1.19787403e+00 
 1.30400000e+00  1.19982208e+00 
 1.30500000e+00  1.20177083e+00 
 1.30600000e+00  1.20372029e+00 
 1.30700000e+00  1.20567045e+00 
 1.30800000e+00  1.20762132e+00 
 1.30900000e+00  1.20957290e+00 
 1.31000000e+00  1.21152519e+00 
 1.31100000e+00  1.21347819e+00 
 1.31200000e+00  1.21543190e+00 
 1.31300000e+00  1.21738633e+00 
 1.31400000e+00  1.21934146e+00 
 1.31500000e+00  1.22129732e+00 
 1.31600000e+00  1.22325388e+00 
 1.31700000e+00  1.22521117e+00 
 1.31800000e+00  1.22716917e+00 
 1.31900000e+00  1.22912789e+00 
 1.32000000e+00  1.23108733e+00 
 1.32100000e+00  1.23304749e+00 
 1.32200000e+00  1.23500837e+00 
 1.32300000e+00  1.23696997e+00 
 1.32400000e+00  1.23893230e+00 
 1.32500000e+00  1.24089535e+00 
 1.32600000e+00  1.24285912e+00 
 1.32700000e+00  1.24482362e+00 
 1.32800000e+00  1.24678885e+00 
 1.32900000e+00  1.24875480e+00 
 1.33000000e+00  1.25072148e+00 
 1.33100000e+00  1.25268890e+00 
 1.33200000e+00  1.25465704e+00 
 1.33300000e+00  1.25662591e+00 
 1.33400000e+00  1.25859551e+00 
 1.33500000e+00  1.26056585e+00 
 1.33600000e+00  1.26253692e+00 
 1.33700000e+00  1.26450873e+00 
 1.33800000e+00  1.26648127e+00 
 1.33900000e+00  1.26845454e+00 
 1.34000000e+00  1.27042855e+00 
 1.34100000e+00  1.27240330e+00 
 1.34200000e+00  1.27437879e+00 
 1.34300000e+00  1.27635501e+00 
 1.34400000e+00  1.27833198e+00 
 1.34500000e+00  1.28030968e+00 
 1.34600000e+00  1.28228813e+00 
 1.34700000e+00  1.28426732e+00 
 1.34800000e+00  1.28624725e+00 
 1.34900000e+00  1.28822793e+00 
 1.35000000e+00  1.29020935e+00 
 1.35100000e+00  1.29219151e+00 
 1.35200000e+00  1.29417442e+00 
 1.35300000e+00  1.29615807e+00 
 1.35400000e+00  1.29814248e+00 
 1.35500000e+00  1.30012763e+00 
 1.35600000e+00  1.30211352e+00 
 1.35700000e+00  1.30410017e+00 
 1.35800000e+00  1.30608757e+00 
 1.35900000e+00  1.30807572e+00 
 1.36000000e+00  1.31006461e+00 
 1.36100000e+00  1.31205426e+00 
 1.36200000e+00  1.31404466e+00 
 1.36300000e+00  1.31603582e+00 
 1.36400000e+00  1.31802773e+00 
 1.36500000e+00  1.32002039e+00 
 1.36600000e+00  1.32201381e+00 
 1.36700000e+00  1.32400798e+00 
 1.36800000e+00  1.32600291e+00 
 1.36900000e+00  1.32799859e+00 
 1.37000000e+00  1.32999504e+00 
 1.37100000e+00  1.33199224e+00 
 1.37200000e+00  1.33399020e+00 
 1.37300000e+00  1.33598891e+00 
 1.37400000e+00  1.33798839e+00 
 1.37500000e+00  1.33998863e+00 
 1.37600000e+00  1.34198963e+00 
 1.37700000e+00  1.34399139e+00 
 1.37800000e+00  1.34599391e+00 
 1.37900000e+00  1.34799719e+00 
 1.38000000e+00  1.35000124e+00 
 1.38100000e+00  1.35200605e+00 
 1.38200000e+00  1.35401162e+00 
 1.38300000e+00  1.35601796e+00 
 1.38400000e+00  1.35802507e+00 
 1.38500000e+00  1.36003294e+00 
 1.38600000e+00  1.36204157e+00 
 1.38700000e+00  1.36405098e+00 
 1.38800000e+00  1.36606115e+00 
 1.38900000e+00  1.36807208e+00 
 1.39000000e+00  1.37008379e+00 
 1.39100000e+00  1.37209626e+00 
 1.39200000e+00  1.37410951e+00 
 1.39300000e+00  1.37612352e+00 
 1.39400000e+00  1.37813831e+00 
 1.39500000e+00  1.38015386e+00 
 1.39600000e+00  1.38217018e+00 
 1.39700000e+00  1.38418728e+00 
 1.39800000e+00  1.38620515e+00 
 1.39900000e+00  1.38822379e+00 
 1.40000000e+00  1.39024321e+00 
 1.40100000e+00  1.39226340e+00 
 1.40200000e+00  1.39428436e+00 
 1.40300000e+00  1.39630609e+00 
 1.40400000e+00  1.39832860e+00 
 1.40500000e+00  1.40035189e+00 
 1.40600000e+00  1.40237595e+00 
 1.40700000e+00  1.40440079e+00 
 1.40800000e+00  1.40642641e+00 
 1.40900000e+00  1.40845280e+00 
 1.41000000e+00  1.41047997e+00 
 1.41100000e+00  1.41250791e+00 
 1.41200000e+00  1.41453664e+00 
 1.41300000e+00  1.41656614e+00 
 1.41400000e+00  1.41859642e+00 
 1.41500000e+00  1.42062749e+00 
 1.41600000e+00  1.42265933e+00 
 1.41700000e+00  1.42469195e+00 
 1.41800000e+00  1.42672535e+00 
 1.41900000e+00  1.42875954e+00 
 1.42000000e+00  1.43079450e+00 
 1.42100000e+00  1.43283025e+00 
 1.42200000e+00  1.43486678e+00 
 1.42300000e+00  1.43690409e+00 
 1.42400000e+00  1.43894218e+00 
 1.42500000e+00  1.44098106e+00 
 1.42600000e+00  1.44302072e+00 
 1.42700000e+00  1.44506116e+00 
 1.42800000e+00  1.44710239e+00 
 1.42900000e+00  1.44914441e+00 
 1.43000000e+00  1.45118721e+00 
 1.43100000e+00  1.45323079e+00 
 1.43200000e+00  1.45527516e+00 
 1.43300000e+00  1.45732032e+00 
 1.43400000e+00  1.45936626e+00 
 1.43500000e+00  1.46141299e+00 
 1.43600000e+00  1.46346050e+00 
 1.43700000e+00  1.46550881e+00 
 1.43800000e+00  1.46755790e+00 
 1.43900000e+00  1.46960778e+00 
 1.44000000e+00  1.47165845e+00 
 1.44100000e+00  1.47370990e+00 
 1.44200000e+00  1.47576215e+00 
 1.44300000e+00  1.47781518e+00 
 1.44400000e+00  1.47986901e+00 
 1.44500000e+00  1.48192362e+00 
 1.44600000e+00  1.48397903e+00 
 1.44700000e+00  1.48603522e+00 
 1.44800000e+00  1.48809221e+00 
 1.44900000e+00  1.49014999e+00 
 1.45000000e+00  1.49220856e+00 
 1.45100000e+00  1.49426792e+00 
 1.45200000e+00  1.49632807e+00 
 1.45300000e+00  1.49838902e+00 
 1.45400000e+00  1.50045075e+00 
 1.45500000e+00  1.50251328e+00 
 1.45600000e+00  1.50457661e+00 
 1.45700000e+00  1.50664073e+00 
 1.45800000e+00  1.50870564e+00 
 1.45900000e+00  1.51077134e+00 
 1.46000000e+00  1.51283784e+00 
 1.46100000e+00  1.51490514e+00 
 1.46200000e+00  1.51697323e+00 
 1.46300000e+00  1.51904211e+00 
 1.46400000e+00  1.52111179e+00 
 1.46500000e+00  1.52318227e+00 
 1.46600000e+00  1.52525354e+00 
 1.46700000e+00  1.52732561e+00 
 1.46800000e+00  1.52939847e+00 
 1.46900000e+00  1.53147214e+00 
 1.47000000e+00  1.53354659e+00 
 1.47100000e+00  1.53562185e+00 
 1.47200000e+00  1.53769790e+00 
 1.47300000e+00  1.53977475e+00 
 1.47400000e+00  1.54185240e+00 
 1.47500000e+00  1.54393085e+00 
 1.47600000e+00  1.54601010e+00 
 1.47700000e+00  1.54809014e+00 
 1.47800000e+00  1.55017098e+00 
 1.47900000e+00  1.55225263e+00 
 1.48000000e+00  1.55433507e+00 
 1.48100000e+00  1.55641831e+00 
 1.48200000e+00  1.55850235e+00 
 1.48300000e+00  1.56058720e+00 
 1.48400000e+00  1.56267284e+00 
 1.48500000e+00  1.56475928e+00 
 1.48600000e+00  1.56684653e+00 
 1.48700000e+00  1.56893457e+00 
 1.48800000e+00  1.57102342e+00 
 1.48900000e+00  1.57311307e+00 
 1.49000000e+00  1.57520352e+00 
 1.49100000e+00  1.57729477e+00 
 1.49200000e+00  1.57938683e+00 
 1.49300000e+00  1.58147969e+00 
 1.49400000e+00  1.58357335e+00 
 1.49500000e+00  1.58566781e+00 
 1.49600000e+00  1.58776308e+00 
 1.49700000e+00  1.58985915e+00 
 1.49800000e+00  1.59195602e+00 
 1.49900000e+00  1.59405370e+00 
 1.50000000e+00  1.59615218e+00 
 1.50100000e+00  1.59825146e+00 
 1.50200000e+00  1.60035155e+00 
 1.50300000e+00  1.60245245e+00 
 1.50400000e+00  1.60455415e+00 
 1.50500000e+00  1.60665665e+00 
 1.50600000e+00  1.60875996e+00 
 1.50700000e+00  1.61086408e+00 
 1.50800000e+00  1.61296900e+00 
 1.50900000e+00  1.61507473e+00 
 1.51000000e+00  1.61718126e+00 
 1.51100000e+00  1.61928860e+00 
 1.51200000e+00  1.62139675e+00 
 1.51300000e+00  1.62350570e+00 
 1.51400000e+00  1.62561546e+00 
 1.51500000e+00  1.62772603e+00 
 1.51600000e+00  1.62983740e+00 
 1.51700000e+00  1.63194958e+00 
 1.51800000e+00  1.63406257e+00 
 1.51900000e+00  1.63617637e+00 
 1.52000000e+00  1.63829098e+00 
 1.52100000e+00  1.64040639e+00 
 1.52200000e+00  1.64252262e+00 
 1.52300000e+00  1.64463965e+00 
 1.52400000e+00  1.64675749e+00 
 1.52500000e+00  1.64887614e+00 
 1.52600000e+00  1.65099560e+00 
 1.52700000e+00  1.65311587e+00 
 1.52800000e+00  1.65523694e+00 
 1.52900000e+00  1.65735883e+00 
 1.53000000e+00  1.65948153e+00 
 1.53100000e+00  1.66160504e+00 
 1.53200000e+00  1.66372936e+00 
 1.53300000e+00  1.66585449e+00 
 1.53400000e+00  1.66798043e+00 
 1.53500000e+00  1.67010718e+00 
 1.53600000e+00  1.67223475e+00 
 1.53700000e+00  1.67436312e+00 
 1.53800000e+00  1.67649231e+00 
 1.53900000e+00  1.67862230e+00 
 1.54000000e+00  1.68075311e+00 
 1.54100000e+00  1.68288474e+00 
 1.54200000e+00  1.68501717e+00 
 1.54300000e+00  1.68715042e+00 
 1.54400000e+00  1.68928448e+00 
 1.54500000e+00  1.69141935e+00 
 1.54600000e+00  1.69355504e+00 
 1.54700000e+00  1.69569154e+00 
 1.54800000e+00  1.69782885e+00 
 1.54900000e+00  1.69996698e+00 
 1.55000000e+00  1.70210592e+00 
 1.55100000e+00  1.70424567e+00 
 1.55200000e+00  1.70638624e+00 
 1.55300000e+00  1.70852762e+00 
 1.55400000e+00  1.71066982e+00 
 1.55500000e+00  1.71281283e+00 
 1.55600000e+00  1.71495666e+00 
 1.55700000e+00  1.71710130e+00 
 1.55800000e+00  1.71924676e+00 
 1.55900000e+00  1.72139304e+00 
 1.56000000e+00  1.72354013e+00 
 1.56100000e+00  1.72568803e+00 
 1.56200000e+00  1.72783675e+00 
 1.56300000e+00  1.72998629e+00 
 1.56400000e+00  1.73213664e+00 
 1.56500000e+00  1.73428781e+00 
 1.56600000e+00  1.73643980e+00 
 1.56700000e+00  1.73859261e+00 
 1.56800000e+00  1.74074623e+00 
 1.56900000e+00  1.74290067e+00 
 1.57000000e+00  1.74505592e+00 
 1.57100000e+00  1.74721200e+00 
 1.57200000e+00  1.74936889e+00 
 1.57300000e+00  1.75152660e+00 
 1.57400000e+00  1.75368513e+00 
 1.57500000e+00  1.75584448e+00 
 1.57600000e+00  1.75800464e+00 
 1.57700000e+00  1.76016563e+00 
 1.57800000e+00  1.76232743e+00 
 1.57900000e+00  1.76449006e+00 
 1.58000000e+00  1.76665350e+00 
 1.58100000e+00  1.76881776e+00 
 1.58200000e+00  1.77098284e+00 
 1.58300000e+00  1.77314874e+00 
 1.58400000e+00  1.77531547e+00 
 1.58500000e+00  1.77748301e+00 
 1.58600000e+00  1.77965137e+00 
 1.58700000e+00  1.78182055e+00 
 1.58800000e+00  1.78399056e+00 
 1.58900000e+00  1.78616138e+00 
 1.59000000e+00  1.78833303e+00 
 1.59100000e+00  1.79050550e+00 
 1.59200000e+00  1.79267879e+00 
 1.59300000e+00  1.79485290e+00 
 1.59400000e+00  1.79702784e+00 
 1.59500000e+00  1.79920359e+00 
 1.59600000e+00  1.80138017e+00 
 1.59700000e+00  1.80355757e+00 
 1.59800000e+00  1.80573580e+00 
 1.59900000e+00  1.80791484e+00 
 1.60000000e+00  1.81009471e+00 
 1.60100000e+00  1.81227541e+00 
 1.60200000e+00  1.81445692e+00 
 1.60300000e+00  1.81663927e+00 
 1.60400000e+00  1.81882243e+00 
 1.60500000e+00  1.82100642e+00 
 1.60600000e+00  1.82319123e+00 
 1.60700000e+00  1.82537687e+00 
 1.60800000e+00  1.82756333e+00 
 1.60900000e+00  1.82975062e+00 
 1.61000000e+00  1.83193874e+00 
 1.61100000e+00  1.83412767e+00 
 1.61200000e+00  1.83631744e+00 
 1.61300000e+00  1.83850803e+00 
 1.61400000e+00  1.84069944e+00 
 1.61500000e+00  1.84289168e+00 
 1.61600000e+00  1.84508475e+00 
 1.61700000e+00  1.84727865e+00 
 1.61800000e+00  1.84947337e+00 
 1.61900000e+00  1.85166892e+00 
 1.62000000e+00  1.85386529e+00 
 1.62100000e+00  1.85606249e+00 
 1.62200000e+00  1.85826053e+00 
 1.62300000e+00  1.86045938e+00 
 1.62400000e+00  1.86265907e+00 
 1.62500000e+00  1.86485958e+00 
 1.62600000e+00  1.86706093e+00 
 1.62700000e+00  1.86926310e+00 
 1.62800000e+00  1.87146610e+00 
 1.62900000e+00  1.87366993e+00 
 1.63000000e+00  1.87587458e+00 
 1.63100000e+00  1.87808007e+00 
 1.63200000e+00  1.88028639e+00 
 1.63300000e+00  1.88249354e+00 
 1.63400000e+00  1.88470151e+00 
 1.63500000e+00  1.88691032e+00 
 1.63600000e+00  1.88911996e+00 
 1.63700000e+00  1.89133043e+00 
 1.63800000e+00  1.89354173e+00 
 1.63900000e+00  1.89575386e+00 
 1.64000000e+00  1.89796682e+00 
 1.64100000e+00  1.90018061e+00 
 1.64200000e+00  1.90239524e+00 
 1.64300000e+00  1.90461070e+00 
 1.64400000e+00  1.90682699e+00 
 1.64500000e+00  1.90904411e+00 
 1.64600000e+00  1.91126207e+00 
 1.64700000e+00  1.91348085e+00 
 1.64800000e+00  1.91570047e+00 
 1.64900000e+00  1.91792093e+00 
 1.65000000e+00  1.92014222e+00 
 1.65100000e+00  1.92236434e+00 
 1.65200000e+00  1.92458729e+00 
 1.65300000e+00  1.92681108e+00 
 1.65400000e+00  1.92903571e+00 
 1.65500000e+00  1.93126117e+00 
 1.65600000e+00  1.93348746e+00 
 1.65700000e+00  1.93571459e+00 
 1.65800000e+00  1.93794256e+00 
 1.65900000e+00  1.94017136e+00 
 1.66000000e+00  1.94240099e+00 
 1.66100000e+00  1.94463146e+00 
 1.66200000e+00  1.94686277e+00 
 1.66300000e+00  1.94909492e+00 
 1.66400000e+00  1.95132790e+00 
 1.66500000e+00  1.95356172e+00 
 1.66600000e+00  1.95579638e+00 
 1.66700000e+00  1.95803187e+00 
 1.66800000e+00  1.96026820e+00 
 1.66900000e+00  1.96250537e+00 
 1.67000000e+00  1.96474338e+00 
 1.67100000e+00  1.96698223e+00 
 1.67200000e+00  1.96922191e+00 
 1.67300000e+00  1.97146244e+00 
 1.67400000e+00  1.97370380e+00 
 1.67500000e+00  1.97594600e+00 
 1.67600000e+00  1.97818905e+00 
 1.67700000e+00  1.98043293e+00 
 1.67800000e+00  1.98267765e+00 
 1.67900000e+00  1.98492322e+00 
 1.68000000e+00  1.98716962e+00 
 1.68100000e+00  1.98941687e+00 
 1.68200000e+00  1.99166496e+00 
 1.68300000e+00  1.99391388e+00 
 1.68400000e+00  1.99616365e+00 
 1.68500000e+00  1.99841427e+00 
 1.68600000e+00  2.00066572e+00 
 1.68700000e+00  2.00291802e+00 
 1.68800000e+00  2.00517116e+00 
 1.68900000e+00  2.00742514e+00 
 1.69000000e+00  2.00967997e+00 
 1.69100000e+00  2.01193564e+00 
 1.69200000e+00  2.01419216e+00 
 1.69300000e+00  2.01644951e+00 
 1.69400000e+00  2.01870772e+00 
 1.69500000e+00  2.02096676e+00 
 1.69600000e+00  2.02322666e+00 
 1.69700000e+00  2.02548740e+00 
 1.69800000e+00  2.02774898e+00 
 1.69900000e+00  2.03001141e+00 
 1.70000000e+00  2.03227468e+00 
 1.70100000e+00  2.03453881e+00 
 1.70200000e+00  2.03680377e+00 
 1.70300000e+00  2.03906959e+00 
 1.70400000e+00  2.04133625e+00 
 1.70500000e+00  2.04360376e+00 
 1.70600000e+00  2.04587212e+00 
 1.70700000e+00  2.04814133e+00 
 1.70800000e+00  2.05041138e+00 
 1.70900000e+00  2.05268229e+00 
 1.71000000e+00  2.05495404e+00 
 1.71100000e+00  2.05722664e+00 
 1.71200000e+00  2.05950009e+00 
 1.71300000e+00  2.06177439e+00 
 1.71400000e+00  2.06404954e+00 
 1.71500000e+00  2.06632554e+00 
 1.71600000e+00  2.06860240e+00 
 1.71700000e+00  2.07088010e+00 
 1.71800000e+00  2.07315865e+00 
 1.71900000e+00  2.07543806e+00 
 1.72000000e+00  2.07771832e+00 
 1.72100000e+00  2.07999943e+00 
 1.72200000e+00  2.08228139e+00 
 1.72300000e+00  2.08456421e+00 
 1.72400000e+00  2.08684788e+00 
 1.72500000e+00  2.08913240e+00 
 1.72600000e+00  2.09141777e+00 
 1.72700000e+00  2.09370400e+00 
 1.72800000e+00  2.09599109e+00 
 1.72900000e+00  2.09827903e+00 
 1.73000000e+00  2.10056782e+00 
 1.73100000e+00  2.10285747e+00 
 1.73200000e+00  2.10514798e+00 
 1.73300000e+00  2.10743934e+00 
 1.73400000e+00  2.10973155e+00 
 1.73500000e+00  2.11202463e+00 
 1.73600000e+00  2.11431856e+00 
 1.73700000e+00  2.11661335e+00 
 1.73800000e+00  2.11890899e+00 
 1.73900000e+00  2.12120550e+00 
 1.74000000e+00  2.12350286e+00 
 1.74100000e+00  2.12580108e+00 
 1.74200000e+00  2.12810016e+00 
 1.74300000e+00  2.13040010e+00 
 1.74400000e+00  2.13270090e+00 
 1.74500000e+00  2.13500255e+00 
 1.74600000e+00  2.13730507e+00 
 1.74700000e+00  2.13960845e+00 
 1.74800000e+00  2.14191269e+00 
 1.74900000e+00  2.14421779e+00 
 1.75000000e+00  2.14652376e+00 
 1.75100000e+00  2.14883058e+00 
 1.75200000e+00  2.15113827e+00 
 1.75300000e+00  2.15344682e+00 
 1.75400000e+00  2.15575623e+00 
 1.75500000e+00  2.15806651e+00 
 1.75600000e+00  2.16037765e+00 
 1.75700000e+00  2.16268965e+00 
 1.75800000e+00  2.16500252e+00 
 1.75900000e+00  2.16731625e+00 
 1.76000000e+00  2.16963085e+00 
 1.76100000e+00  2.17194632e+00 
 1.76200000e+00  2.17426264e+00 
 1.76300000e+00  2.17657984e+00 
 1.76400000e+00  2.17889790e+00 
 1.76500000e+00  2.18121683e+00 
 1.76600000e+00  2.18353663e+00 
 1.76700000e+00  2.18585729e+00 
 1.76800000e+00  2.18817883e+00 
 1.76900000e+00  2.19050123e+00 
 1.77000000e+00  2.19282450e+00 
 1.77100000e+00  2.19514864e+00 
 1.77200000e+00  2.19747364e+00 
 1.77300000e+00  2.19979952e+00 
 1.77400000e+00  2.20212627e+00 
 1.77500000e+00  2.20445389e+00 
 1.77600000e+00  2.20678238e+00 
 1.77700000e+00  2.20911174e+00 
 1.77800000e+00  2.21144198e+00 
 1.77900000e+00  2.21377308e+00 
 1.78000000e+00  2.21610506e+00 
 1.78100000e+00  2.21843791e+00 
 1.78200000e+00  2.22077164e+00 
 1.78300000e+00  2.22310624e+00 
 1.78400000e+00  2.22544171e+00 
 1.78500000e+00  2.22777806e+00 
 1.78600000e+00  2.23011528e+00 
 1.78700000e+00  2.23245338e+00 
 1.78800000e+00  2.23479235e+00 
 1.78900000e+00  2.23713220e+00 
 1.79000000e+00  2.23947293e+00 
 1.79100000e+00  2.24181453e+00 
 1.79200000e+00  2.24415701e+00 
 1.79300000e+00  2.24650037e+00 
 1.79400000e+00  2.24884461e+00 
 1.79500000e+00  2.25118973e+00 
 1.79600000e+00  2.25353572e+00 
 1.79700000e+00  2.25588260e+00 
 1.79800000e+00  2.25823035e+00 
 1.79900000e+00  2.26057898e+00 
 1.80000000e+00  2.26292850e+00 
