 2.00000000e-01  4.65691120e+00 
 2.01000000e-01  4.81198034e+00 
 2.02000000e-01  4.91273301e+00 
 2.03000000e-01  4.97222541e+00 
 2.04000000e-01  5.05331902e+00 
 2.05000000e-01  5.13504159e+00 
 2.06000000e-01  5.21738091e+00 
 2.07000000e-01  5.30032377e+00 
 2.08000000e-01  5.38385699e+00 
 2.09000000e-01  5.46796735e+00 
 2.10000000e-01  5.55264161e+00 
 2.11000000e-01  5.63786644e+00 
 2.12000000e-01  5.72362851e+00 
 2.13000000e-01  5.80991452e+00 
 2.14000000e-01  5.89671120e+00 
 2.15000000e-01  5.98400528e+00 
 2.16000000e-01  6.07178352e+00 
 2.17000000e-01  6.16003276e+00 
 2.18000000e-01  6.24873993e+00 
 2.19000000e-01  6.33789203e+00 
 2.20000000e-01  6.42747612e+00 
 2.21000000e-01  6.51747937e+00 
 2.22000000e-01  6.60788911e+00 
 2.23000000e-01  6.69869272e+00 
 2.24000000e-01  6.78987772e+00 
 2.25000000e-01  6.88143180e+00 
 2.26000000e-01  6.97334279e+00 
 2.27000000e-01  7.06559861e+00 
 2.28000000e-01  7.15818735e+00 
 2.29000000e-01  7.25109731e+00 
 2.30000000e-01  7.34431691e+00 
 2.31000000e-01  7.43783468e+00 
 2.32000000e-01  7.53163942e+00 
 2.33000000e-01  7.62572006e+00 
 2.34000000e-01  7.72006563e+00 
 2.35000000e-01  7.81466547e+00 
 2.36000000e-01  7.90950904e+00 
 2.37000000e-01  8.00458590e+00 
 2.38000000e-01  8.09988590e+00 
 2.39000000e-01  8.19539903e+00 
 2.40000000e-01  8.29111542e+00 
 2.41000000e-01  8.38702553e+00 
 2.42000000e-01  8.48311974e+00 
 2.43000000e-01  8.57938881e+00 
 2.44000000e-01  8.67582373e+00 
 2.45000000e-01  8.77241549e+00 
 2.46000000e-01  8.86915530e+00 
 2.47000000e-01  8.96603468e+00 
 2.48000000e-01  9.06304522e+00 
 2.49000000e-01  9.16017866e+00 
 2.50000000e-01  9.25742695e+00 
 2.51000000e-01  9.35478228e+00 
 2.52000000e-01  9.45223692e+00 
 2.53000000e-01  9.54978329e+00 
 2.54000000e-01  9.64741403e+00 
 2.55000000e-01  9.74512200e+00 
 2.56000000e-01  9.84290010e+00 
 2.57000000e-01  9.94074144e+00 
 2.58000000e-01  1.00386393e+01 
 2.59000000e-01  1.01365872e+01 
 2.60000000e-01  1.02345786e+01 
 2.61000000e-01  1.03326072e+01 
 2.62000000e-01  1.04306670e+01 
 2.63000000e-01  1.05287521e+01 
 2.64000000e-01  1.06268564e+01 
 2.65000000e-01  1.07249744e+01 
 2.66000000e-01  1.08231005e+01 
 2.67000000e-01  1.09212293e+01 
 2.68000000e-01  1.10193555e+01 
 2.69000000e-01  1.11174739e+01 
 2.70000000e-01  1.12155794e+01 
 2.71000000e-01  1.13136674e+01 
 2.72000000e-01  1.14117328e+01 
 2.73000000e-01  1.15097712e+01 
 2.74000000e-01  1.16077779e+01 
 2.75000000e-01  1.17057484e+01 
 2.76000000e-01  1.18036786e+01 
 2.77000000e-01  1.19015642e+01 
 2.78000000e-01  1.19994010e+01 
 2.79000000e-01  1.20971851e+01 
 2.80000000e-01  1.21949128e+01 
 2.81000000e-01  1.22925801e+01 
 2.82000000e-01  1.23901835e+01 
 2.83000000e-01  1.24877191e+01 
 2.84000000e-01  1.25851837e+01 
 2.85000000e-01  1.26825739e+01 
 2.86000000e-01  1.27798863e+01 
 2.87000000e-01  1.28771177e+01 
 2.88000000e-01  1.29742649e+01 
 2.89000000e-01  1.30713251e+01 
 2.90000000e-01  1.31682952e+01 
 2.91000000e-01  1.32651724e+01 
 2.92000000e-01  1.33619536e+01 
 2.93000000e-01  1.34586364e+01 
 2.94000000e-01  1.35552181e+01 
 2.95000000e-01  1.36516962e+01 
 2.96000000e-01  1.37480681e+01 
 2.97000000e-01  1.38443313e+01 
 2.98000000e-01  1.39404836e+01 
 2.99000000e-01  1.40365228e+01 
 3.00000000e-01  1.41324463e+01 
 3.01000000e-01  1.42282523e+01 
 3.02000000e-01  1.43239387e+01 
 3.03000000e-01  1.44195031e+01 
 3.04000000e-01  1.45149440e+01 
 3.05000000e-01  1.46102593e+01 
 3.06000000e-01  1.47054471e+01 
 3.07000000e-01  1.48005056e+01 
 3.08000000e-01  1.48954332e+01 
 3.09000000e-01  1.49902280e+01 
 3.10000000e-01  1.50848885e+01 
 3.11000000e-01  1.51794129e+01 
 3.12000000e-01  1.52738000e+01 
 3.13000000e-01  1.53680482e+01 
 3.14000000e-01  1.54621558e+01 
 3.15000000e-01  1.55561218e+01 
 3.16000000e-01  1.56499447e+01 
 3.17000000e-01  1.57436230e+01 
 3.18000000e-01  1.58371556e+01 
 3.19000000e-01  1.59305412e+01 
 3.20000000e-01  1.60237789e+01 
 3.21000000e-01  1.61168671e+01 
 3.22000000e-01  1.62098051e+01 
 3.23000000e-01  1.63025916e+01 
 3.24000000e-01  1.63952256e+01 
 3.25000000e-01  1.64877061e+01 
 3.26000000e-01  1.65800323e+01 
 3.27000000e-01  1.66722031e+01 
 3.28000000e-01  1.67642177e+01 
 3.29000000e-01  1.68560752e+01 
 3.30000000e-01  1.69477749e+01 
 3.31000000e-01  1.70393159e+01 
 3.32000000e-01  1.71306971e+01 
 3.33000000e-01  1.72219183e+01 
 3.34000000e-01  1.73129787e+01 
 3.35000000e-01  1.74038774e+01 
 3.36000000e-01  1.74946139e+01 
 3.37000000e-01  1.75851876e+01 
 3.38000000e-01  1.76755978e+01 
 3.39000000e-01  1.77658439e+01 
 3.40000000e-01  1.78559256e+01 
 3.41000000e-01  1.79458419e+01 
 3.42000000e-01  1.80355930e+01 
 3.43000000e-01  1.81251779e+01 
 3.44000000e-01  1.82145961e+01 
 3.45000000e-01  1.83038476e+01 
 3.46000000e-01  1.83929316e+01 
 3.47000000e-01  1.84818479e+01 
 3.48000000e-01  1.85705961e+01 
 3.49000000e-01  1.86591759e+01 
 3.50000000e-01  1.87475870e+01 
 3.51000000e-01  1.88358288e+01 
 3.52000000e-01  1.89239012e+01 
 3.53000000e-01  1.90118041e+01 
 3.54000000e-01  1.90995370e+01 
 3.55000000e-01  1.91870997e+01 
 3.56000000e-01  1.92744922e+01 
 3.57000000e-01  1.93617142e+01 
 3.58000000e-01  1.94487653e+01 
 3.59000000e-01  1.95356456e+01 
 3.60000000e-01  1.96223547e+01 
 3.61000000e-01  1.97088924e+01 
 3.62000000e-01  1.97952588e+01 
 3.63000000e-01  1.98814539e+01 
 3.64000000e-01  1.99674776e+01 
 3.65000000e-01  2.00533293e+01 
 3.66000000e-01  2.01390092e+01 
 3.67000000e-01  2.02245178e+01 
 3.68000000e-01  2.03098542e+01 
 3.69000000e-01  2.03950188e+01 
 3.70000000e-01  2.04800114e+01 
 3.71000000e-01  2.05648323e+01 
 3.72000000e-01  2.06494812e+01 
 3.73000000e-01  2.07339581e+01 
 3.74000000e-01  2.08182632e+01 
 3.75000000e-01  2.09023962e+01 
 3.76000000e-01  2.09863576e+01 
 3.77000000e-01  2.10701474e+01 
 3.78000000e-01  2.11537654e+01 
 3.79000000e-01  2.12372118e+01 
 3.80000000e-01  2.13204865e+01 
 3.81000000e-01  2.14035895e+01 
 3.82000000e-01  2.14865217e+01 
 3.83000000e-01  2.15692825e+01 
 3.84000000e-01  2.16518715e+01 
 3.85000000e-01  2.17342899e+01 
 3.86000000e-01  2.18165378e+01 
 3.87000000e-01  2.18986145e+01 
 3.88000000e-01  2.19805206e+01 
 3.89000000e-01  2.20622563e+01 
 3.90000000e-01  2.21438213e+01 
 3.91000000e-01  2.22252164e+01 
 3.92000000e-01  2.23064419e+01 
 3.93000000e-01  2.23874973e+01 
 3.94000000e-01  2.24683831e+01 
 3.95000000e-01  2.25490995e+01 
 3.96000000e-01  2.26296465e+01 
 3.97000000e-01  2.27100245e+01 
 3.98000000e-01  2.27902339e+01 
 3.99000000e-01  2.28702747e+01 
 4.00000000e-01  2.29501466e+01 
 4.01000000e-01  2.30298508e+01 
 4.02000000e-01  2.31093870e+01 
 4.03000000e-01  2.31887553e+01 
 4.04000000e-01  2.32679565e+01 
 4.05000000e-01  2.33469903e+01 
 4.06000000e-01  2.34258569e+01 
 4.07000000e-01  2.35045571e+01 
 4.08000000e-01  2.35830909e+01 
 4.09000000e-01  2.36614583e+01 
 4.10000000e-01  2.37396595e+01 
 4.11000000e-01  2.38176951e+01 
 4.12000000e-01  2.38955660e+01 
 4.13000000e-01  2.39732716e+01 
 4.14000000e-01  2.40508117e+01 
 4.15000000e-01  2.41281873e+01 
 4.16000000e-01  2.42053991e+01 
 4.17000000e-01  2.42824470e+01 
 4.18000000e-01  2.43593309e+01 
 4.19000000e-01  2.44360517e+01 
 4.20000000e-01  2.45126094e+01 
 4.21000000e-01  2.45890041e+01 
 4.22000000e-01  2.46652365e+01 
 4.23000000e-01  2.47413065e+01 
 4.24000000e-01  2.48172148e+01 
 4.25000000e-01  2.48929615e+01 
 4.26000000e-01  2.49685469e+01 
 4.27000000e-01  2.50439717e+01 
 4.28000000e-01  2.51192359e+01 
 4.29000000e-01  2.51943396e+01 
 4.30000000e-01  2.52692834e+01 
 4.31000000e-01  2.53440679e+01 
 4.32000000e-01  2.54186928e+01 
 4.33000000e-01  2.54931590e+01 
 4.34000000e-01  2.55674664e+01 
 4.35000000e-01  2.56416157e+01 
 4.36000000e-01  2.57156070e+01 
 4.37000000e-01  2.57894405e+01 
 4.38000000e-01  2.58631166e+01 
 4.39000000e-01  2.59366361e+01 
 4.40000000e-01  2.60099995e+01 
 4.41000000e-01  2.60832061e+01 
 4.42000000e-01  2.61562563e+01 
 4.43000000e-01  2.62291518e+01 
 4.44000000e-01  2.63018926e+01 
 4.45000000e-01  2.63744775e+01 
 4.46000000e-01  2.64469080e+01 
 4.47000000e-01  2.65191851e+01 
 4.48000000e-01  2.65913079e+01 
 4.49000000e-01  2.66632775e+01 
 4.50000000e-01  2.67350936e+01 
 4.51000000e-01  2.68067572e+01 
 4.52000000e-01  2.68782692e+01 
 4.53000000e-01  2.69496283e+01 
 4.54000000e-01  2.70208358e+01 
 4.55000000e-01  2.70918928e+01 
 4.56000000e-01  2.71627980e+01 
 4.57000000e-01  2.72335532e+01 
 4.58000000e-01  2.73041583e+01 
 4.59000000e-01  2.73746131e+01 
 4.60000000e-01  2.74449191e+01 
 4.61000000e-01  2.75150754e+01 
 4.62000000e-01  2.75850832e+01 
 4.63000000e-01  2.76549423e+01 
 4.64000000e-01  2.77246537e+01 
 4.65000000e-01  2.77942180e+01 
 4.66000000e-01  2.78636344e+01 
 4.67000000e-01  2.79329040e+01 
 4.68000000e-01  2.80020274e+01 
 4.69000000e-01  2.80710041e+01 
 4.70000000e-01  2.81398353e+01 
 4.71000000e-01  2.82085213e+01 
 4.72000000e-01  2.82770621e+01 
 4.73000000e-01  2.83454578e+01 
 4.74000000e-01  2.84137096e+01 
 4.75000000e-01  2.84818176e+01 
 4.76000000e-01  2.85497813e+01 
 4.77000000e-01  2.86176024e+01 
 4.78000000e-01  2.86852807e+01 
 4.79000000e-01  2.87528161e+01 
 4.80000000e-01  2.88202093e+01 
 4.81000000e-01  2.88874612e+01 
 4.82000000e-01  2.89545718e+01 
 4.83000000e-01  2.90215414e+01 
 4.84000000e-01  2.90883701e+01 
 4.85000000e-01  2.91550581e+01 
 4.86000000e-01  2.92216066e+01 
 4.87000000e-01  2.92880157e+01 
 4.88000000e-01  2.93542863e+01 
 4.89000000e-01  2.94204169e+01 
 4.90000000e-01  2.94864093e+01 
 4.91000000e-01  2.95522640e+01 
 4.92000000e-01  2.96179810e+01 
 4.93000000e-01  2.96835603e+01 
 4.94000000e-01  2.97490026e+01 
 4.95000000e-01  2.98143089e+01 
 4.96000000e-01  2.98794788e+01 
 4.97000000e-01  2.99445127e+01 
 4.98000000e-01  3.00094104e+01 
 4.99000000e-01  3.00741741e+01 
 5.00000000e-01  3.01388027e+01 
 5.01000000e-01  3.02032964e+01 
 5.02000000e-01  3.02676559e+01 
 5.03000000e-01  3.03318820e+01 
 5.04000000e-01  3.03959752e+01 
 5.05000000e-01  3.04599354e+01 
 5.06000000e-01  3.05237626e+01 
 5.07000000e-01  3.05874575e+01 
 5.08000000e-01  3.06510208e+01 
 5.09000000e-01  3.07144524e+01 
 5.10000000e-01  3.07777536e+01 
 5.11000000e-01  3.08409228e+01 
 5.12000000e-01  3.09039617e+01 
 5.13000000e-01  3.09668707e+01 
 5.14000000e-01  3.10296495e+01 
 5.15000000e-01  3.10923001e+01 
 5.16000000e-01  3.11548211e+01 
 5.17000000e-01  3.12172140e+01 
 5.18000000e-01  3.12794780e+01 
 5.19000000e-01  3.13416129e+01 
 5.20000000e-01  3.14036217e+01 
 5.21000000e-01  3.14655023e+01 
 5.22000000e-01  3.15272569e+01 
 5.23000000e-01  3.15888850e+01 
 5.24000000e-01  3.16503857e+01 
 5.25000000e-01  3.17117614e+01 
 5.26000000e-01  3.17730116e+01 
 5.27000000e-01  3.18341366e+01 
 5.28000000e-01  3.18951355e+01 
 5.29000000e-01  3.19560117e+01 
 5.30000000e-01  3.20167643e+01 
 5.31000000e-01  3.20773907e+01 
 5.32000000e-01  3.21378945e+01 
 5.33000000e-01  3.21982768e+01 
 5.34000000e-01  3.22585356e+01 
 5.35000000e-01  3.23186701e+01 
 5.36000000e-01  3.23786847e+01 
 5.37000000e-01  3.24385777e+01 
 5.38000000e-01  3.24983478e+01 
 5.39000000e-01  3.25579975e+01 
 5.40000000e-01  3.26175265e+01 
 5.41000000e-01  3.26769351e+01 
 5.42000000e-01  3.27362239e+01 
 5.43000000e-01  3.27953937e+01 
 5.44000000e-01  3.28544431e+01 
 5.45000000e-01  3.29133733e+01 
 5.46000000e-01  3.29721854e+01 
 5.47000000e-01  3.30308784e+01 
 5.48000000e-01  3.30894538e+01 
 5.49000000e-01  3.31479126e+01 
 5.50000000e-01  3.32062531e+01 
 5.51000000e-01  3.32644768e+01 
 5.52000000e-01  3.33225834e+01 
 5.53000000e-01  3.33805732e+01 
 5.54000000e-01  3.34384472e+01 
 5.55000000e-01  3.34962068e+01 
 5.56000000e-01  3.35538504e+01 
 5.57000000e-01  3.36113776e+01 
 5.58000000e-01  3.36687918e+01 
 5.59000000e-01  3.37260901e+01 
 5.60000000e-01  3.37832752e+01 
 5.61000000e-01  3.38403464e+01 
 5.62000000e-01  3.38973037e+01 
 5.63000000e-01  3.39541495e+01 
 5.64000000e-01  3.40108809e+01 
 5.65000000e-01  3.40675000e+01 
 5.66000000e-01  3.41240072e+01 
 5.67000000e-01  3.41804020e+01 
 5.68000000e-01  3.42366858e+01 
 5.69000000e-01  3.42928591e+01 
 5.70000000e-01  3.43489208e+01 
 5.71000000e-01  3.44048708e+01 
 5.72000000e-01  3.44607110e+01 
 5.73000000e-01  3.45164427e+01 
 5.74000000e-01  3.45720636e+01 
 5.75000000e-01  3.46275741e+01 
 5.76000000e-01  3.46829774e+01 
 5.77000000e-01  3.47382723e+01 
 5.78000000e-01  3.47934567e+01 
 5.79000000e-01  3.48485341e+01 
 5.80000000e-01  3.49035039e+01 
 5.81000000e-01  3.49583653e+01 
 5.82000000e-01  3.50131212e+01 
 5.83000000e-01  3.50677683e+01 
 5.84000000e-01  3.51223093e+01 
 5.85000000e-01  3.51767456e+01 
 5.86000000e-01  3.52310739e+01 
 5.87000000e-01  3.52852967e+01 
 5.88000000e-01  3.53394151e+01 
 5.89000000e-01  3.53934275e+01 
 5.90000000e-01  3.54473354e+01 
 5.91000000e-01  3.55011391e+01 
 5.92000000e-01  3.55548378e+01 
 5.93000000e-01  3.56084327e+01 
 5.94000000e-01  3.56619253e+01 
 5.95000000e-01  3.57153143e+01 
 5.96000000e-01  3.57685979e+01 
 5.97000000e-01  3.58217800e+01 
 5.98000000e-01  3.58748619e+01 
 5.99000000e-01  3.59278404e+01 
 6.00000000e-01  3.59807154e+01 
 6.01000000e-01  3.60334896e+01 
 6.02000000e-01  3.60861629e+01 
 6.03000000e-01  3.61387346e+01 
 6.04000000e-01  3.61912050e+01 
 6.05000000e-01  3.62435761e+01 
 6.06000000e-01  3.62958481e+01 
 6.07000000e-01  3.63480186e+01 
 6.08000000e-01  3.64000903e+01 
 6.09000000e-01  3.64520622e+01 
 6.10000000e-01  3.65039338e+01 
 6.11000000e-01  3.65557088e+01 
 6.12000000e-01  3.66073854e+01 
 6.13000000e-01  3.66589607e+01 
 6.14000000e-01  3.67104406e+01 
 6.15000000e-01  3.67618235e+01 
 6.16000000e-01  3.68131073e+01 
 6.17000000e-01  3.68642941e+01 
 6.18000000e-01  3.69153849e+01 
 6.19000000e-01  3.69663798e+01 
 6.20000000e-01  3.70172762e+01 
 6.21000000e-01  3.70680782e+01 
 6.22000000e-01  3.71187843e+01 
 6.23000000e-01  3.71693946e+01 
 6.24000000e-01  3.72199094e+01 
 6.25000000e-01  3.72703300e+01 
 6.26000000e-01  3.73206551e+01 
 6.27000000e-01  3.73708865e+01 
 6.28000000e-01  3.74210244e+01 
 6.29000000e-01  3.74710666e+01 
 6.30000000e-01  3.75210162e+01 
 6.31000000e-01  3.75708719e+01 
 6.32000000e-01  3.76206352e+01 
 6.33000000e-01  3.76703044e+01 
 6.34000000e-01  3.77198820e+01 
 6.35000000e-01  3.77693693e+01 
 6.36000000e-01  3.78187622e+01 
 6.37000000e-01  3.78680627e+01 
 6.38000000e-01  3.79172732e+01 
 6.39000000e-01  3.79663915e+01 
 6.40000000e-01  3.80154178e+01 
 6.41000000e-01  3.80643558e+01 
 6.42000000e-01  3.81132031e+01 
 6.43000000e-01  3.81619593e+01 
 6.44000000e-01  3.82106247e+01 
 6.45000000e-01  3.82592005e+01 
 6.46000000e-01  3.83076866e+01 
 6.47000000e-01  3.83560835e+01 
 6.48000000e-01  3.84043939e+01 
 6.49000000e-01  3.84526130e+01 
 6.50000000e-01  3.85007449e+01 
 6.51000000e-01  3.85487871e+01 
 6.52000000e-01  3.85967419e+01 
 6.53000000e-01  3.86446095e+01 
 6.54000000e-01  3.86923884e+01 
 6.55000000e-01  3.87400817e+01 
 6.56000000e-01  3.87876862e+01 
 6.57000000e-01  3.88352041e+01 
 6.58000000e-01  3.88826365e+01 
 6.59000000e-01  3.89299818e+01 
 6.60000000e-01  3.89772412e+01 
 6.61000000e-01  3.90244155e+01 
 6.62000000e-01  3.90715025e+01 
 6.63000000e-01  3.91185052e+01 
 6.64000000e-01  3.91654225e+01 
 6.65000000e-01  3.92122554e+01 
 6.66000000e-01  3.92590037e+01 
 6.67000000e-01  3.93056669e+01 
 6.68000000e-01  3.93522463e+01 
 6.69000000e-01  3.93987415e+01 
 6.70000000e-01  3.94451534e+01 
 6.71000000e-01  3.94914800e+01 
 6.72000000e-01  3.95377252e+01 
 6.73000000e-01  3.95838876e+01 
 6.74000000e-01  3.96299656e+01 
 6.75000000e-01  3.96759630e+01 
 6.76000000e-01  3.97218767e+01 
 6.77000000e-01  3.97677097e+01 
 6.78000000e-01  3.98134603e+01 
 6.79000000e-01  3.98591263e+01 
 6.80000000e-01  3.99047136e+01 
 6.81000000e-01  3.99502188e+01 
 6.82000000e-01  3.99956426e+01 
 6.83000000e-01  4.00409880e+01 
 6.84000000e-01  4.00862517e+01 
 6.85000000e-01  4.01314336e+01 
 6.86000000e-01  4.01765359e+01 
 6.87000000e-01  4.02215609e+01 
 6.88000000e-01  4.02665035e+01 
 6.89000000e-01  4.03113662e+01 
 6.90000000e-01  4.03561520e+01 
 6.91000000e-01  4.04008574e+01 
 6.92000000e-01  4.04454826e+01 
 6.93000000e-01  4.04900308e+01 
 6.94000000e-01  4.05345019e+01 
 6.95000000e-01  4.05788931e+01 
 6.96000000e-01  4.06232058e+01 
 6.97000000e-01  4.06674417e+01 
 6.98000000e-01  4.07115994e+01 
 6.99000000e-01  4.07556815e+01 
 7.00000000e-01  4.07996860e+01 
 7.01000000e-01  4.08436117e+01 
 7.02000000e-01  4.08874637e+01 
 7.03000000e-01  4.09312369e+01 
 7.04000000e-01  4.09749327e+01 
 7.05000000e-01  4.10185552e+01 
 7.06000000e-01  4.10621025e+01 
 7.07000000e-01  4.11055724e+01 
 7.08000000e-01  4.11489660e+01 
 7.09000000e-01  4.11922850e+01 
 7.10000000e-01  4.12355302e+01 
 7.11000000e-01  4.12786984e+01 
 7.12000000e-01  4.13217921e+01 
 7.13000000e-01  4.13648150e+01 
 7.14000000e-01  4.14077604e+01 
 7.15000000e-01  4.14506329e+01 
 7.16000000e-01  4.14934312e+01 
 7.17000000e-01  4.15361549e+01 
 7.18000000e-01  4.15788072e+01 
 7.19000000e-01  4.16213853e+01 
 7.20000000e-01  4.16638902e+01 
 7.21000000e-01  4.17063213e+01 
 7.22000000e-01  4.17486811e+01 
 7.23000000e-01  4.17909704e+01 
 7.24000000e-01  4.18331852e+01 
 7.25000000e-01  4.18753251e+01 
 7.26000000e-01  4.19173967e+01 
 7.27000000e-01  4.19593982e+01 
 7.28000000e-01  4.20013243e+01 
 7.29000000e-01  4.20431799e+01 
 7.30000000e-01  4.20849674e+01 
 7.31000000e-01  4.21266807e+01 
 7.32000000e-01  4.21683242e+01 
 7.33000000e-01  4.22098977e+01 
 7.34000000e-01  4.22514005e+01 
 7.35000000e-01  4.22928347e+01 
 7.36000000e-01  4.23341967e+01 
 7.37000000e-01  4.23754911e+01 
 7.38000000e-01  4.24167131e+01 
 7.39000000e-01  4.24578658e+01 
 7.40000000e-01  4.24989539e+01 
 7.41000000e-01  4.25399690e+01 
 7.42000000e-01  4.25809154e+01 
 7.43000000e-01  4.26217947e+01 
 7.44000000e-01  4.26626036e+01 
 7.45000000e-01  4.27033437e+01 
 7.46000000e-01  4.27440192e+01 
 7.47000000e-01  4.27846259e+01 
 7.48000000e-01  4.28251603e+01 
 7.49000000e-01  4.28656321e+01 
 7.50000000e-01  4.29060371e+01 
 7.51000000e-01  4.29463697e+01 
 7.52000000e-01  4.29866397e+01 
 7.53000000e-01  4.30268432e+01 
 7.54000000e-01  4.30669747e+01 
 7.55000000e-01  4.31070443e+01 
 7.56000000e-01  4.31470472e+01 
 7.57000000e-01  4.31869823e+01 
 7.58000000e-01  4.32268540e+01 
 7.59000000e-01  4.32666577e+01 
 7.60000000e-01  4.33063955e+01 
 7.61000000e-01  4.33460699e+01 
 7.62000000e-01  4.33856777e+01 
 7.63000000e-01  4.34252196e+01 
 7.64000000e-01  4.34646970e+01 
 7.65000000e-01  4.35041116e+01 
 7.66000000e-01  4.35434601e+01 
 7.67000000e-01  4.35827424e+01 
 7.68000000e-01  4.36219627e+01 
 7.69000000e-01  4.36611184e+01 
 7.70000000e-01  4.37002119e+01 
 7.71000000e-01  4.37392405e+01 
 7.72000000e-01  4.37782037e+01 
 7.73000000e-01  4.38171032e+01 
 7.74000000e-01  4.38559407e+01 
 7.75000000e-01  4.38947170e+01 
 7.76000000e-01  4.39334283e+01 
 7.77000000e-01  4.39720769e+01 
 7.78000000e-01  4.40106623e+01 
 7.79000000e-01  4.40491875e+01 
 7.80000000e-01  4.40876494e+01 
 7.81000000e-01  4.41260471e+01 
 7.82000000e-01  4.41643874e+01 
 7.83000000e-01  4.42026623e+01 
 7.84000000e-01  4.42408745e+01 
 7.85000000e-01  4.42790298e+01 
 7.86000000e-01  4.43171192e+01 
 7.87000000e-01  4.43551486e+01 
 7.88000000e-01  4.43931205e+01 
 7.89000000e-01  4.44310283e+01 
 7.90000000e-01  4.44688757e+01 
 7.91000000e-01  4.45066620e+01 
 7.92000000e-01  4.45443883e+01 
 7.93000000e-01  4.45820546e+01 
 7.94000000e-01  4.46196612e+01 
 7.95000000e-01  4.46572092e+01 
 7.96000000e-01  4.46946963e+01 
 7.97000000e-01  4.47321251e+01 
 7.98000000e-01  4.47694916e+01 
 7.99000000e-01  4.48068003e+01 
 8.00000000e-01  4.48440505e+01 
 8.01000000e-01  4.48812388e+01 
 8.02000000e-01  4.49183703e+01 
 8.03000000e-01  4.49554451e+01 
 8.04000000e-01  4.49924592e+01 
 8.05000000e-01  4.50294149e+01 
 8.06000000e-01  4.50663138e+01 
 8.07000000e-01  4.51031529e+01 
 8.08000000e-01  4.51399345e+01 
 8.09000000e-01  4.51766577e+01 
 8.10000000e-01  4.52133238e+01 
 8.11000000e-01  4.52499338e+01 
 8.12000000e-01  4.52864879e+01 
 8.13000000e-01  4.53229805e+01 
 8.14000000e-01  4.53594158e+01 
 8.15000000e-01  4.53957989e+01 
 8.16000000e-01  4.54321244e+01 
 8.17000000e-01  4.54683903e+01 
 8.18000000e-01  4.55046002e+01 
 8.19000000e-01  4.55407543e+01 
 8.20000000e-01  4.55768528e+01 
 8.21000000e-01  4.56128956e+01 
 8.22000000e-01  4.56488789e+01 
 8.23000000e-01  4.56848114e+01 
 8.24000000e-01  4.57206894e+01 
 8.25000000e-01  4.57565075e+01 
 8.26000000e-01  4.57922708e+01 
 8.27000000e-01  4.58279779e+01 
 8.28000000e-01  4.58636336e+01 
 8.29000000e-01  4.58992330e+01 
 8.30000000e-01  4.59347770e+01 
 8.31000000e-01  4.59702664e+01 
 8.32000000e-01  4.60057003e+01 
 8.33000000e-01  4.60410846e+01 
 8.34000000e-01  4.60764085e+01 
 8.35000000e-01  4.61116800e+01 
 8.36000000e-01  4.61469017e+01 
 8.37000000e-01  4.61820645e+01 
 8.38000000e-01  4.62171773e+01 
 8.39000000e-01  4.62522364e+01 
 8.40000000e-01  4.62872371e+01 
 8.41000000e-01  4.63221866e+01 
 8.42000000e-01  4.63570864e+01 
 8.43000000e-01  4.63919332e+01 
 8.44000000e-01  4.64267225e+01 
 8.45000000e-01  4.64614618e+01 
 8.46000000e-01  4.64961495e+01 
 8.47000000e-01  4.65307840e+01 
 8.48000000e-01  4.65653645e+01 
 8.49000000e-01  4.65998933e+01 
 8.50000000e-01  4.66343736e+01 
 8.51000000e-01  4.66687964e+01 
 8.52000000e-01  4.67031698e+01 
 8.53000000e-01  4.67374934e+01 
 8.54000000e-01  4.67717624e+01 
 8.55000000e-01  4.68059842e+01 
 8.56000000e-01  4.68401513e+01 
 8.57000000e-01  4.68742657e+01 
 8.58000000e-01  4.69083317e+01 
 8.59000000e-01  4.69423461e+01 
 8.60000000e-01  4.69763099e+01 
 8.61000000e-01  4.70102255e+01 
 8.62000000e-01  4.70440867e+01 
 8.63000000e-01  4.70778967e+01 
 8.64000000e-01  4.71116596e+01 
 8.65000000e-01  4.71453719e+01 
 8.66000000e-01  4.71790338e+01 
 8.67000000e-01  4.72126459e+01 
 8.68000000e-01  4.72462067e+01 
 8.69000000e-01  4.72797171e+01 
 8.70000000e-01  4.73131808e+01 
 8.71000000e-01  4.73465947e+01 
 8.72000000e-01  4.73799587e+01 
 8.73000000e-01  4.74132750e+01 
 8.74000000e-01  4.74465411e+01 
 8.75000000e-01  4.74797545e+01 
 8.76000000e-01  4.75129226e+01 
 8.77000000e-01  4.75460442e+01 
 8.78000000e-01  4.75791135e+01 
 8.79000000e-01  4.76121340e+01 
 8.80000000e-01  4.76451094e+01 
 8.81000000e-01  4.76780333e+01 
 8.82000000e-01  4.77109110e+01 
 8.83000000e-01  4.77437440e+01 
 8.84000000e-01  4.77765245e+01 
 8.85000000e-01  4.78092551e+01 
 8.86000000e-01  4.78419426e+01 
 8.87000000e-01  4.78745808e+01 
 8.88000000e-01  4.79071727e+01 
 8.89000000e-01  4.79397182e+01 
 8.90000000e-01  4.79722121e+01 
 8.91000000e-01  4.80046614e+01 
 8.92000000e-01  4.80370648e+01 
 8.93000000e-01  4.80694225e+01 
 8.94000000e-01  4.81017295e+01 
 8.95000000e-01  4.81339903e+01 
 8.96000000e-01  4.81662083e+01 
 8.97000000e-01  4.81983791e+01 
 8.98000000e-01  4.82305026e+01 
 8.99000000e-01  4.82625786e+01 
 9.00000000e-01  4.82946082e+01 
 9.01000000e-01  4.83265935e+01 
 9.02000000e-01  4.83585342e+01 
 9.03000000e-01  4.83904309e+01 
 9.04000000e-01  4.84222790e+01 
 9.05000000e-01  4.84540759e+01 
 9.06000000e-01  4.84858332e+01 
 9.07000000e-01  4.85175497e+01 
 9.08000000e-01  4.85492144e+01 
 9.09000000e-01  4.85808371e+01 
 9.10000000e-01  4.86124130e+01 
 9.11000000e-01  4.86439417e+01 
 9.12000000e-01  4.86754319e+01 
 9.13000000e-01  4.87068743e+01 
 9.14000000e-01  4.87382734e+01 
 9.15000000e-01  4.87696265e+01 
 9.16000000e-01  4.88009344e+01 
 9.17000000e-01  4.88321993e+01 
 9.18000000e-01  4.88634198e+01 
 9.19000000e-01  4.88946000e+01 
 9.20000000e-01  4.89257325e+01 
 9.21000000e-01  4.89568205e+01 
 9.22000000e-01  4.89878636e+01 
 9.23000000e-01  4.90188661e+01 
 9.24000000e-01  4.90498278e+01 
 9.25000000e-01  4.90807425e+01 
 9.26000000e-01  4.91116137e+01 
 9.27000000e-01  4.91424415e+01 
 9.28000000e-01  4.91732264e+01 
 9.29000000e-01  4.92039708e+01 
 9.30000000e-01  4.92346732e+01 
 9.31000000e-01  4.92653265e+01 
 9.32000000e-01  4.92959426e+01 
 9.33000000e-01  4.93265157e+01 
 9.34000000e-01  4.93570438e+01 
 9.35000000e-01  4.93875334e+01 
 9.36000000e-01  4.94179767e+01 
 9.37000000e-01  4.94483791e+01 
 9.38000000e-01  4.94787379e+01 
 9.39000000e-01  4.95090570e+01 
 9.40000000e-01  4.95393348e+01 
 9.41000000e-01  4.95695726e+01 
 9.42000000e-01  4.95997651e+01 
 9.43000000e-01  4.96299157e+01 
 9.44000000e-01  4.96600276e+01 
 9.45000000e-01  4.96900950e+01 
 9.46000000e-01  4.97201254e+01 
 9.47000000e-01  4.97501117e+01 
 9.48000000e-01  4.97800559e+01 
 9.49000000e-01  4.98099612e+01 
 9.50000000e-01  4.98398259e+01 
 9.51000000e-01  4.98696510e+01 
 9.52000000e-01  4.98994300e+01 
 9.53000000e-01  4.99291703e+01 
 9.54000000e-01  4.99588764e+01 
 9.55000000e-01  4.99885353e+01 
 9.56000000e-01  5.00181555e+01 
 9.57000000e-01  5.00477376e+01 
 9.58000000e-01  5.00772756e+01 
 9.59000000e-01  5.01067768e+01 
 9.60000000e-01  5.01362366e+01 
 9.61000000e-01  5.01656590e+01 
 9.62000000e-01  5.01950393e+01 
 9.63000000e-01  5.02243809e+01 
 9.64000000e-01  5.02536827e+01 
 9.65000000e-01  5.02829417e+01 
 9.66000000e-01  5.03121661e+01 
 9.67000000e-01  5.03413521e+01 
 9.68000000e-01  5.03704954e+01 
 9.69000000e-01  5.03995965e+01 
 9.70000000e-01  5.04286649e+01 
 9.71000000e-01  5.04576929e+01 
 9.72000000e-01  5.04866832e+01 
 9.73000000e-01  5.05156342e+01 
 9.74000000e-01  5.05445420e+01 
 9.75000000e-01  5.05734121e+01 
 9.76000000e-01  5.06022472e+01 
 9.77000000e-01  5.06310447e+01 
 9.78000000e-01  5.06598015e+01 
 9.79000000e-01  5.06885210e+01 
 9.80000000e-01  5.07172026e+01 
 9.81000000e-01  5.07458477e+01 
 9.82000000e-01  5.07744495e+01 
 9.83000000e-01  5.08030147e+01 
 9.84000000e-01  5.08315479e+01 
 9.85000000e-01  5.08600424e+01 
 9.86000000e-01  5.08884928e+01 
 9.87000000e-01  5.09169084e+01 
 9.88000000e-01  5.09452897e+01 
 9.89000000e-01  5.09736280e+01 
 9.90000000e-01  5.10019350e+01 
 9.91000000e-01  5.10302038e+01 
 9.92000000e-01  5.10584318e+01 
 9.93000000e-01  5.10866256e+01 
 9.94000000e-01  5.11147831e+01 
 9.95000000e-01  5.11429046e+01 
 9.96000000e-01  5.11709885e+01 
 9.97000000e-01  5.11990339e+01 
 9.98000000e-01  5.12270388e+01 
 9.99000000e-01  5.12550124e+01 
 1.00000000e+00  5.12829537e+01 
 1.00100000e+00  5.13108508e+01 
 1.00200000e+00  5.13387182e+01 
 1.00300000e+00  5.13665454e+01 
 1.00400000e+00  5.13943333e+01 
 1.00500000e+00  5.14220939e+01 
 1.00600000e+00  5.14498129e+01 
 1.00700000e+00  5.14774954e+01 
 1.00800000e+00  5.15051467e+01 
 1.00900000e+00  5.15327579e+01 
 1.01000000e+00  5.15603343e+01 
 1.01100000e+00  5.15878781e+01 
 1.01200000e+00  5.16153848e+01 
 1.01300000e+00  5.16428561e+01 
 1.01400000e+00  5.16702892e+01 
 1.01500000e+00  5.16976879e+01 
 1.01600000e+00  5.17250559e+01 
 1.01700000e+00  5.17523851e+01 
 1.01800000e+00  5.17796827e+01 
 1.01900000e+00  5.18069453e+01 
 1.02000000e+00  5.18341665e+01 
 1.02100000e+00  5.18613555e+01 
 1.02200000e+00  5.18885120e+01 
 1.02300000e+00  5.19156363e+01 
 1.02400000e+00  5.19427246e+01 
 1.02500000e+00  5.19697773e+01 
 1.02600000e+00  5.19967952e+01 
 1.02700000e+00  5.20237807e+01 
 1.02800000e+00  5.20507311e+01 
 1.02900000e+00  5.20776459e+01 
 1.03000000e+00  5.21045263e+01 
 1.03100000e+00  5.21313732e+01 
 1.03200000e+00  5.21581890e+01 
 1.03300000e+00  5.21849705e+01 
 1.03400000e+00  5.22117166e+01 
 1.03500000e+00  5.22384294e+01 
 1.03600000e+00  5.22651111e+01 
 1.03700000e+00  5.22917570e+01 
 1.03800000e+00  5.23183672e+01 
 1.03900000e+00  5.23449443e+01 
 1.04000000e+00  5.23714896e+01 
 1.04100000e+00  5.23980075e+01 
 1.04200000e+00  5.24244875e+01 
 1.04300000e+00  5.24509268e+01 
 1.04400000e+00  5.24773415e+01 
 1.04500000e+00  5.25037276e+01 
 1.04600000e+00  5.25300731e+01 
 1.04700000e+00  5.25563860e+01 
 1.04800000e+00  5.25826709e+01 
 1.04900000e+00  5.26089208e+01 
 1.05000000e+00  5.26351379e+01 
 1.05100000e+00  5.26613195e+01 
 1.05200000e+00  5.26874712e+01 
 1.05300000e+00  5.27135955e+01 
 1.05400000e+00  5.27396794e+01 
 1.05500000e+00  5.27657337e+01 
 1.05600000e+00  5.27917640e+01 
 1.05700000e+00  5.28177530e+01 
 1.05800000e+00  5.28437058e+01 
 1.05900000e+00  5.28696361e+01 
 1.06000000e+00  5.28955333e+01 
 1.06100000e+00  5.29213983e+01 
 1.06200000e+00  5.29472302e+01 
 1.06300000e+00  5.29730297e+01 
 1.06400000e+00  5.29988010e+01 
 1.06500000e+00  5.30245324e+01 
 1.06600000e+00  5.30502413e+01 
 1.06700000e+00  5.30759193e+01 
 1.06800000e+00  5.31015584e+01 
 1.06900000e+00  5.31271731e+01 
 1.07000000e+00  5.31527542e+01 
 1.07100000e+00  5.31782994e+01 
 1.07200000e+00  5.32038187e+01 
 1.07300000e+00  5.32293120e+01 
 1.07400000e+00  5.32547684e+01 
 1.07500000e+00  5.32801911e+01 
 1.07600000e+00  5.33055883e+01 
 1.07700000e+00  5.33309525e+01 
 1.07800000e+00  5.33562868e+01 
 1.07900000e+00  5.33815943e+01 
 1.08000000e+00  5.34068662e+01 
 1.08100000e+00  5.34320997e+01 
 1.08200000e+00  5.34573167e+01 
 1.08300000e+00  5.34825046e+01 
 1.08400000e+00  5.35076525e+01 
 1.08500000e+00  5.35327754e+01 
 1.08600000e+00  5.35578698e+01 
 1.08700000e+00  5.35829273e+01 
 1.08800000e+00  5.36079583e+01 
 1.08900000e+00  5.36329630e+01 
 1.09000000e+00  5.36579347e+01 
 1.09100000e+00  5.36828776e+01 
 1.09200000e+00  5.37077856e+01 
 1.09300000e+00  5.37326656e+01 
 1.09400000e+00  5.37575226e+01 
 1.09500000e+00  5.37823530e+01 
 1.09600000e+00  5.38071494e+01 
 1.09700000e+00  5.38319074e+01 
 1.09800000e+00  5.38566367e+01 
 1.09900000e+00  5.38813479e+01 
 1.10000000e+00  5.39060325e+01 
 1.10100000e+00  5.39306809e+01 
 1.10200000e+00  5.39552902e+01 
 1.10300000e+00  5.39798807e+01 
 1.10400000e+00  5.40044431e+01 
 1.10500000e+00  5.40289745e+01 
 1.10600000e+00  5.40534853e+01 
 1.10700000e+00  5.40779583e+01 
 1.10800000e+00  5.41024001e+01 
 1.10900000e+00  5.41268211e+01 
 1.11000000e+00  5.41512064e+01 
 1.11100000e+00  5.41755684e+01 
 1.11200000e+00  5.41998975e+01 
 1.11300000e+00  5.42242000e+01 
 1.11400000e+00  5.42484859e+01 
 1.11500000e+00  5.42727252e+01 
 1.11600000e+00  5.42969369e+01 
 1.11700000e+00  5.43211346e+01 
 1.11800000e+00  5.43452948e+01 
 1.11900000e+00  5.43694272e+01 
 1.12000000e+00  5.43935409e+01 
 1.12100000e+00  5.44176178e+01 
 1.12200000e+00  5.44416638e+01 
 1.12300000e+00  5.44656893e+01 
 1.12400000e+00  5.44896843e+01 
 1.12500000e+00  5.45136531e+01 
 1.12600000e+00  5.45375927e+01 
 1.12700000e+00  5.45615012e+01 
 1.12800000e+00  5.45853812e+01 
 1.12900000e+00  5.46092452e+01 
 1.13000000e+00  5.46330798e+01 
 1.13100000e+00  5.46568748e+01 
 1.13200000e+00  5.46806507e+01 
 1.13300000e+00  5.47043970e+01 
 1.13400000e+00  5.47281183e+01 
 1.13500000e+00  5.47518145e+01 
 1.13600000e+00  5.47754838e+01 
 1.13700000e+00  5.47991217e+01 
 1.13800000e+00  5.48227308e+01 
 1.13900000e+00  5.48463192e+01 
 1.14000000e+00  5.48698739e+01 
 1.14100000e+00  5.48934073e+01 
 1.14200000e+00  5.49169198e+01 
 1.14300000e+00  5.49403986e+01 
 1.14400000e+00  5.49638466e+01 
 1.14500000e+00  5.49872686e+01 
 1.14600000e+00  5.50106703e+01 
 1.14700000e+00  5.50340472e+01 
 1.14800000e+00  5.50573939e+01 
 1.14900000e+00  5.50807102e+01 
 1.15000000e+00  5.51040071e+01 
 1.15100000e+00  5.51272727e+01 
 1.15200000e+00  5.51505140e+01 
 1.15300000e+00  5.51737358e+01 
 1.15400000e+00  5.51969152e+01 
 1.15500000e+00  5.52200748e+01 
 1.15600000e+00  5.52432199e+01 
 1.15700000e+00  5.52663369e+01 
 1.15800000e+00  5.52894228e+01 
 1.15900000e+00  5.53124734e+01 
 1.16000000e+00  5.53355109e+01 
 1.16100000e+00  5.53585268e+01 
 1.16200000e+00  5.53814987e+01 
 1.16300000e+00  5.54044555e+01 
 1.16400000e+00  5.54273978e+01 
 1.16500000e+00  5.54503001e+01 
 1.16600000e+00  5.54731751e+01 
 1.16700000e+00  5.54960329e+01 
 1.16800000e+00  5.55188640e+01 
 1.16900000e+00  5.55416732e+01 
 1.17000000e+00  5.55644559e+01 
 1.17100000e+00  5.55872060e+01 
 1.17200000e+00  5.56099350e+01 
 1.17300000e+00  5.56326344e+01 
 1.17400000e+00  5.56553129e+01 
 1.17500000e+00  5.56779768e+01 
 1.17600000e+00  5.57006027e+01 
 1.17700000e+00  5.57232057e+01 
 1.17800000e+00  5.57457953e+01 
 1.17900000e+00  5.57683494e+01 
 1.18000000e+00  5.57908666e+01 
 1.18100000e+00  5.58133743e+01 
 1.18200000e+00  5.58358694e+01 
 1.18300000e+00  5.58583220e+01 
 1.18400000e+00  5.58807447e+01 
 1.18500000e+00  5.59031516e+01 
 1.18600000e+00  5.59255389e+01 
 1.18700000e+00  5.59479042e+01 
 1.18800000e+00  5.59702362e+01 
 1.18900000e+00  5.59925446e+01 
 1.19000000e+00  5.60148348e+01 
 1.19100000e+00  5.60370949e+01 
 1.19200000e+00  5.60593337e+01 
 1.19300000e+00  5.60815506e+01 
 1.19400000e+00  5.61037432e+01 
 1.19500000e+00  5.61259000e+01 
 1.19600000e+00  5.61480384e+01 
 1.19700000e+00  5.61701707e+01 
 1.19800000e+00  5.61922604e+01 
 1.19900000e+00  5.62143223e+01 
 1.20000000e+00  5.62363774e+01 
 1.20100000e+00  5.62584074e+01 
 1.20200000e+00  5.62803974e+01 
 1.20300000e+00  5.63023764e+01 
 1.20400000e+00  5.63243316e+01 
 1.20500000e+00  5.63462555e+01 
 1.20600000e+00  5.63681675e+01 
 1.20700000e+00  5.63900500e+01 
 1.20800000e+00  5.64119075e+01 
 1.20900000e+00  5.64337443e+01 
 1.21000000e+00  5.64555560e+01 
 1.21100000e+00  5.64773418e+01 
 1.21200000e+00  5.64991132e+01 
 1.21300000e+00  5.65208501e+01 
 1.21400000e+00  5.65425726e+01 
 1.21500000e+00  5.65642746e+01 
 1.21600000e+00  5.65859412e+01 
 1.21700000e+00  5.66075943e+01 
 1.21800000e+00  5.66292288e+01 
 1.21900000e+00  5.66508300e+01 
 1.22000000e+00  5.66724071e+01 
 1.22100000e+00  5.66939787e+01 
 1.22200000e+00  5.67155101e+01 
 1.22300000e+00  5.67370212e+01 
 1.22400000e+00  5.67585175e+01 
 1.22500000e+00  5.67799917e+01 
 1.22600000e+00  5.68014406e+01 
 1.22700000e+00  5.68228599e+01 
 1.22800000e+00  5.68442612e+01 
 1.22900000e+00  5.68656363e+01 
 1.23000000e+00  5.68869962e+01 
 1.23100000e+00  5.69083361e+01 
 1.23200000e+00  5.69296426e+01 
 1.23300000e+00  5.69509334e+01 
 1.23400000e+00  5.69722080e+01 
 1.23500000e+00  5.69934516e+01 
 1.23600000e+00  5.70146745e+01 
 1.23700000e+00  5.70358810e+01 
 1.23800000e+00  5.70570585e+01 
 1.23900000e+00  5.70782111e+01 
 1.24000000e+00  5.70993540e+01 
 1.24100000e+00  5.71204726e+01 
 1.24200000e+00  5.71415619e+01 
 1.24300000e+00  5.71626271e+01 
 1.24400000e+00  5.71836854e+01 
 1.24500000e+00  5.72047106e+01 
 1.24600000e+00  5.72257103e+01 
 1.24700000e+00  5.72466978e+01 
 1.24800000e+00  5.72676586e+01 
 1.24900000e+00  5.72886049e+01 
 1.25000000e+00  5.73095232e+01 
 1.25100000e+00  5.73304160e+01 
 1.25200000e+00  5.73512995e+01 
 1.25300000e+00  5.73721513e+01 
 1.25400000e+00  5.73929835e+01 
 1.25500000e+00  5.74138095e+01 
 1.25600000e+00  5.74345925e+01 
 1.25700000e+00  5.74553552e+01 
 1.25800000e+00  5.74761142e+01 
 1.25900000e+00  5.74968371e+01 
 1.26000000e+00  5.75175430e+01 
 1.26100000e+00  5.75382351e+01 
 1.26200000e+00  5.75588970e+01 
 1.26300000e+00  5.75795451e+01 
 1.26400000e+00  5.76001661e+01 
 1.26500000e+00  5.76207687e+01 
 1.26600000e+00  5.76413508e+01 
 1.26700000e+00  5.76619047e+01 
 1.26800000e+00  5.76824478e+01 
 1.26900000e+00  5.77029673e+01 
 1.27000000e+00  5.77234715e+01 
 1.27100000e+00  5.77439517e+01 
 1.27200000e+00  5.77643966e+01 
 1.27300000e+00  5.77848402e+01 
 1.27400000e+00  5.78052594e+01 
 1.27500000e+00  5.78256497e+01 
 1.27600000e+00  5.78460221e+01 
 1.27700000e+00  5.78663853e+01 
 1.27800000e+00  5.78867209e+01 
 1.27900000e+00  5.79070254e+01 
 1.28000000e+00  5.79273255e+01 
 1.28100000e+00  5.79475959e+01 
 1.28200000e+00  5.79678473e+01 
 1.28300000e+00  5.79880868e+01 
 1.28400000e+00  5.80083014e+01 
 1.28500000e+00  5.80284862e+01 
 1.28600000e+00  5.80486574e+01 
 1.28700000e+00  5.80688200e+01 
 1.28800000e+00  5.80889525e+01 
 1.28900000e+00  5.81090629e+01 
 1.29000000e+00  5.81291568e+01 
 1.29100000e+00  5.81492286e+01 
 1.29200000e+00  5.81692826e+01 
 1.29300000e+00  5.81893212e+01 
 1.29400000e+00  5.82093251e+01 
 1.29500000e+00  5.82293228e+01 
 1.29600000e+00  5.82492983e+01 
 1.29700000e+00  5.82692508e+01 
 1.29800000e+00  5.82891892e+01 
 1.29900000e+00  5.83090949e+01 
 1.30000000e+00  5.83289979e+01 
 1.30100000e+00  5.83488742e+01 
 1.30200000e+00  5.83687273e+01 
 1.30300000e+00  5.83885703e+01 
 1.30400000e+00  5.84083849e+01 
 1.30500000e+00  5.84281846e+01 
 1.30600000e+00  5.84479698e+01 
 1.30700000e+00  5.84677260e+01 
 1.30800000e+00  5.84874556e+01 
 1.30900000e+00  5.85071762e+01 
 1.31000000e+00  5.85268934e+01 
 1.31100000e+00  5.85465780e+01 
 1.31200000e+00  5.85662360e+01 
 1.31300000e+00  5.85858721e+01 
 1.31400000e+00  5.86054952e+01 
 1.31500000e+00  5.86251158e+01 
 1.31600000e+00  5.86446999e+01 
 1.31700000e+00  5.86642642e+01 
 1.31800000e+00  5.86838126e+01 
 1.31900000e+00  5.87033455e+01 
 1.32000000e+00  5.87228608e+01 
 1.32100000e+00  5.87423510e+01 
 1.32200000e+00  5.87618235e+01 
 1.32300000e+00  5.87812744e+01 
 1.32400000e+00  5.88007149e+01 
 1.32500000e+00  5.88201369e+01 
 1.32600000e+00  5.88395359e+01 
 1.32700000e+00  5.88589118e+01 
 1.32800000e+00  5.88782737e+01 
 1.32900000e+00  5.88976168e+01 
 1.33000000e+00  5.89169390e+01 
 1.33100000e+00  5.89362487e+01 
 1.33200000e+00  5.89555410e+01 
 1.33300000e+00  5.89748068e+01 
 1.33400000e+00  5.89940520e+01 
 1.33500000e+00  5.90132875e+01 
 1.33600000e+00  5.90325007e+01 
 1.33700000e+00  5.90516948e+01 
 1.33800000e+00  5.90708803e+01 
 1.33900000e+00  5.90900302e+01 
 1.34000000e+00  5.91091659e+01 
 1.34100000e+00  5.91283053e+01 
 1.34200000e+00  5.91474062e+01 
 1.34300000e+00  5.91664840e+01 
 1.34400000e+00  5.91855490e+01 
 1.34500000e+00  5.92046036e+01 
 1.34600000e+00  5.92236322e+01 
 1.34700000e+00  5.92426439e+01 
 1.34800000e+00  5.92616463e+01 
 1.34900000e+00  5.92806253e+01 
 1.35000000e+00  5.92995816e+01 
 1.35100000e+00  5.93185201e+01 
 1.35200000e+00  5.93374431e+01 
 1.35300000e+00  5.93563485e+01 
 1.35400000e+00  5.93752440e+01 
 1.35500000e+00  5.93941189e+01 
 1.35600000e+00  5.94129614e+01 
 1.35700000e+00  5.94317921e+01 
 1.35800000e+00  5.94506122e+01 
 1.35900000e+00  5.94694109e+01 
 1.36000000e+00  5.94881953e+01 
 1.36100000e+00  5.95069586e+01 
 1.36200000e+00  5.95257079e+01 
 1.36300000e+00  5.95444320e+01 
 1.36400000e+00  5.95631405e+01 
 1.36500000e+00  5.95818409e+01 
 1.36600000e+00  5.96005078e+01 
 1.36700000e+00  5.96191663e+01 
 1.36800000e+00  5.96378053e+01 
 1.36900000e+00  5.96564320e+01 
 1.37000000e+00  5.96750522e+01 
 1.37100000e+00  5.96936269e+01 
 1.37200000e+00  5.97121917e+01 
 1.37300000e+00  5.97307478e+01 
 1.37400000e+00  5.97492894e+01 
 1.37500000e+00  5.97678092e+01 
 1.37600000e+00  5.97863060e+01 
 1.37700000e+00  5.98047951e+01 
 1.37800000e+00  5.98232672e+01 
 1.37900000e+00  5.98417100e+01 
 1.38000000e+00  5.98601372e+01 
 1.38100000e+00  5.98785555e+01 
 1.38200000e+00  5.98969569e+01 
 1.38300000e+00  5.99153305e+01 
 1.38400000e+00  5.99336916e+01 
 1.38500000e+00  5.99520534e+01 
 1.38600000e+00  5.99703864e+01 
 1.38700000e+00  5.99886893e+01 
 1.38800000e+00  6.00069820e+01 
 1.38900000e+00  6.00252642e+01 
 1.39000000e+00  6.00435227e+01 
 1.39100000e+00  6.00617723e+01 
 1.39200000e+00  6.00800029e+01 
 1.39300000e+00  6.00982102e+01 
 1.39400000e+00  6.01163960e+01 
 1.39500000e+00  6.01345760e+01 
 1.39600000e+00  6.01527390e+01 
 1.39700000e+00  6.01708817e+01 
 1.39800000e+00  6.01890123e+01 
 1.39900000e+00  6.02071262e+01 
 1.40000000e+00  6.02252213e+01 
 1.40100000e+00  6.02432819e+01 
 1.40200000e+00  6.02613447e+01 
 1.40300000e+00  6.02793906e+01 
 1.40400000e+00  6.02974094e+01 
 1.40500000e+00  6.03154269e+01 
 1.40600000e+00  6.03334187e+01 
 1.40700000e+00  6.03513899e+01 
 1.40800000e+00  6.03693477e+01 
 1.40900000e+00  6.03872946e+01 
 1.41000000e+00  6.04052294e+01 
 1.41100000e+00  6.04231350e+01 
 1.41200000e+00  6.04410251e+01 
 1.41300000e+00  6.04588983e+01 
 1.41400000e+00  6.04767588e+01 
 1.41500000e+00  6.04946012e+01 
 1.41600000e+00  6.05124270e+01 
 1.41700000e+00  6.05302354e+01 
 1.41800000e+00  6.05480323e+01 
 1.41900000e+00  6.05658070e+01 
 1.42000000e+00  6.05835655e+01 
 1.42100000e+00  6.06013157e+01 
 1.42200000e+00  6.06190374e+01 
 1.42300000e+00  6.06367485e+01 
 1.42400000e+00  6.06544495e+01 
 1.42500000e+00  6.06721295e+01 
 1.42600000e+00  6.06897859e+01 
 1.42700000e+00  6.07074383e+01 
 1.42800000e+00  6.07250586e+01 
 1.42900000e+00  6.07426690e+01 
 1.43000000e+00  6.07602741e+01 
 1.43100000e+00  6.07778550e+01 
 1.43200000e+00  6.07954225e+01 
 1.43300000e+00  6.08129577e+01 
 1.43400000e+00  6.08304883e+01 
 1.43500000e+00  6.08480097e+01 
 1.43600000e+00  6.08655066e+01 
 1.43700000e+00  6.08829849e+01 
 1.43800000e+00  6.09004510e+01 
 1.43900000e+00  6.09179131e+01 
 1.44000000e+00  6.09353388e+01 
 1.44100000e+00  6.09527542e+01 
 1.44200000e+00  6.09701623e+01 
 1.44300000e+00  6.09875337e+01 
 1.44400000e+00  6.10049066e+01 
 1.44500000e+00  6.10222611e+01 
 1.44600000e+00  6.10395919e+01 
 1.44700000e+00  6.10569216e+01 
 1.44800000e+00  6.10742323e+01 
 1.44900000e+00  6.10915062e+01 
 1.45000000e+00  6.11087681e+01 
 1.45100000e+00  6.11260365e+01 
 1.45200000e+00  6.11432784e+01 
 1.45300000e+00  6.11604940e+01 
 1.45400000e+00  6.11777026e+01 
 1.45500000e+00  6.11948945e+01 
 1.45600000e+00  6.12120650e+01 
 1.45700000e+00  6.12292226e+01 
 1.45800000e+00  6.12463719e+01 
 1.45900000e+00  6.12634966e+01 
 1.46000000e+00  6.12805998e+01 
 1.46100000e+00  6.12976932e+01 
 1.46200000e+00  6.13147646e+01 
 1.46300000e+00  6.13318276e+01 
 1.46400000e+00  6.13488782e+01 
 1.46500000e+00  6.13659049e+01 
 1.46600000e+00  6.13829162e+01 
 1.46700000e+00  6.13999155e+01 
 1.46800000e+00  6.14168857e+01 
 1.46900000e+00  6.14338584e+01 
 1.47000000e+00  6.14508095e+01 
 1.47100000e+00  6.14677279e+01 
 1.47200000e+00  6.14846522e+01 
 1.47300000e+00  6.15015492e+01 
 1.47400000e+00  6.15184306e+01 
 1.47500000e+00  6.15352993e+01 
 1.47600000e+00  6.15521454e+01 
 1.47700000e+00  6.15689826e+01 
 1.47800000e+00  6.15857984e+01 
 1.47900000e+00  6.16026001e+01 
 1.48000000e+00  6.16193907e+01 
 1.48100000e+00  6.16361529e+01 
 1.48200000e+00  6.16528995e+01 
 1.48300000e+00  6.16696376e+01 
 1.48400000e+00  6.16863613e+01 
 1.48500000e+00  6.17030656e+01 
 1.48600000e+00  6.17197607e+01 
 1.48700000e+00  6.17364259e+01 
 1.48800000e+00  6.17530697e+01 
 1.48900000e+00  6.17697169e+01 
 1.49000000e+00  6.17863413e+01 
 1.49100000e+00  6.18029465e+01 
 1.49200000e+00  6.18195397e+01 
 1.49300000e+00  6.18361063e+01 
 1.49400000e+00  6.18526664e+01 
 1.49500000e+00  6.18692055e+01 
 1.49600000e+00  6.18857228e+01 
 1.49700000e+00  6.19022308e+01 
 1.49800000e+00  6.19187270e+01 
 1.49900000e+00  6.19351976e+01 
 1.50000000e+00  6.19516521e+01 
 1.50100000e+00  6.19681035e+01 
 1.50200000e+00  6.19845174e+01 
 1.50300000e+00  6.20009216e+01 
 1.50400000e+00  6.20173205e+01 
 1.50500000e+00  6.20336931e+01 
 1.50600000e+00  6.20500511e+01 
 1.50700000e+00  6.20663942e+01 
 1.50800000e+00  6.20827226e+01 
 1.50900000e+00  6.20990346e+01 
 1.51000000e+00  6.21153122e+01 
 1.51100000e+00  6.21315825e+01 
 1.51200000e+00  6.21478535e+01 
 1.51300000e+00  6.21640873e+01 
 1.51400000e+00  6.21803133e+01 
 1.51500000e+00  6.21965249e+01 
 1.51600000e+00  6.22126974e+01 
 1.51700000e+00  6.22288762e+01 
 1.51800000e+00  6.22450387e+01 
 1.51900000e+00  6.22611735e+01 
 1.52000000e+00  6.22773003e+01 
 1.52100000e+00  6.22934073e+01 
 1.52200000e+00  6.23095005e+01 
 1.52300000e+00  6.23255662e+01 
 1.52400000e+00  6.23416080e+01 
 1.52500000e+00  6.23576581e+01 
 1.52600000e+00  6.23736717e+01 
 1.52700000e+00  6.23896595e+01 
 1.52800000e+00  6.24056604e+01 
 1.52900000e+00  6.24216380e+01 
 1.53000000e+00  6.24375769e+01 
 1.53100000e+00  6.24535074e+01 
 1.53200000e+00  6.24694239e+01 
 1.53300000e+00  6.24853108e+01 
 1.53400000e+00  6.25012032e+01 
 1.53500000e+00  6.25170676e+01 
 1.53600000e+00  6.25329009e+01 
 1.53700000e+00  6.25487263e+01 
 1.53800000e+00  6.25645508e+01 
 1.53900000e+00  6.25803383e+01 
 1.54000000e+00  6.25961057e+01 
 1.54100000e+00  6.26118744e+01 
 1.54200000e+00  6.26276015e+01 
 1.54300000e+00  6.26433196e+01 
 1.54400000e+00  6.26590188e+01 
 1.54500000e+00  6.26747111e+01 
 1.54600000e+00  6.26903809e+01 
 1.54700000e+00  6.27060170e+01 
 1.54800000e+00  6.27216479e+01 
 1.54900000e+00  6.27372629e+01 
 1.55000000e+00  6.27528592e+01 
 1.55100000e+00  6.27684378e+01 
 1.55200000e+00  6.27839909e+01 
 1.55300000e+00  6.27995258e+01 
 1.55400000e+00  6.28150473e+01 
 1.55500000e+00  6.28305495e+01 
 1.55600000e+00  6.28460212e+01 
 1.55700000e+00  6.28614875e+01 
 1.55800000e+00  6.28769407e+01 
 1.55900000e+00  6.28923597e+01 
 1.56000000e+00  6.29077665e+01 
 1.56100000e+00  6.29231524e+01 
 1.56200000e+00  6.29385347e+01 
 1.56300000e+00  6.29538816e+01 
 1.56400000e+00  6.29692014e+01 
 1.56500000e+00  6.29845119e+01 
 1.56600000e+00  6.29998104e+01 
 1.56700000e+00  6.30150835e+01 
 1.56800000e+00  6.30303287e+01 
 1.56900000e+00  6.30455727e+01 
 1.57000000e+00  6.30607802e+01 
 1.57100000e+00  6.30759797e+01 
 1.57200000e+00  6.30911589e+01 
 1.57300000e+00  6.31062983e+01 
 1.57400000e+00  6.31214373e+01 
 1.57500000e+00  6.31365609e+01 
 1.57600000e+00  6.31516415e+01 
 1.57700000e+00  6.31667133e+01 
 1.57800000e+00  6.31817933e+01 
 1.57900000e+00  6.31968137e+01 
 1.58000000e+00  6.32118213e+01 
 1.58100000e+00  6.32268137e+01 
 1.58200000e+00  6.32417823e+01 
 1.58300000e+00  6.32567490e+01 
 1.58400000e+00  6.32716831e+01 
 1.58500000e+00  6.32865928e+01 
 1.58600000e+00  6.33014759e+01 
 1.58700000e+00  6.33163450e+01 
 1.58800000e+00  6.33311942e+01 
 1.58900000e+00  6.33460097e+01 
 1.59000000e+00  6.33608035e+01 
 1.59100000e+00  6.33756023e+01 
 1.59200000e+00  6.33903715e+01 
 1.59300000e+00  6.34050996e+01 
 1.59400000e+00  6.34198217e+01 
 1.59500000e+00  6.34345296e+01 
 1.59600000e+00  6.34491995e+01 
 1.59700000e+00  6.34638455e+01 
 1.59800000e+00  6.34784772e+01 
 1.59900000e+00  6.34930900e+01 
 1.60000000e+00  6.35076687e+01 
 1.60100000e+00  6.35222339e+01 
 1.60200000e+00  6.35367861e+01 
 1.60300000e+00  6.35512916e+01 
 1.60400000e+00  6.35657854e+01 
 1.60500000e+00  6.35802624e+01 
 1.60600000e+00  6.35947102e+01 
 1.60700000e+00  6.36091359e+01 
 1.60800000e+00  6.36235347e+01 
 1.60900000e+00  6.36379183e+01 
 1.61000000e+00  6.36522711e+01 
 1.61100000e+00  6.36665990e+01 
 1.61200000e+00  6.36809099e+01 
 1.61300000e+00  6.36951940e+01 
 1.61400000e+00  6.37094721e+01 
 1.61500000e+00  6.37237030e+01 
 1.61600000e+00  6.37379015e+01 
 1.61700000e+00  6.37520920e+01 
 1.61800000e+00  6.37662527e+01 
 1.61900000e+00  6.37803939e+01 
 1.62000000e+00  6.37945020e+01 
 1.62100000e+00  6.38085876e+01 
 1.62200000e+00  6.38226572e+01 
 1.62300000e+00  6.38367016e+01 
 1.62400000e+00  6.38507090e+01 
 1.62500000e+00  6.38647007e+01 
 1.62600000e+00  6.38786574e+01 
 1.62700000e+00  6.38925802e+01 
 1.62800000e+00  6.39064974e+01 
 1.62900000e+00  6.39203766e+01 
 1.63000000e+00  6.39342377e+01 
 1.63100000e+00  6.39480643e+01 
 1.63200000e+00  6.39618691e+01 
 1.63300000e+00  6.39756518e+01 
 1.63400000e+00  6.39893930e+01 
 1.63500000e+00  6.40031080e+01 
 1.63600000e+00  6.40168065e+01 
 1.63700000e+00  6.40304941e+01 
 1.63800000e+00  6.40441195e+01 
 1.63900000e+00  6.40577218e+01 
 1.64000000e+00  6.40713125e+01 
 1.64100000e+00  6.40848694e+01 
 1.64200000e+00  6.40983983e+01 
 1.64300000e+00  6.41118961e+01 
 1.64400000e+00  6.41253654e+01 
 1.64500000e+00  6.41387964e+01 
 1.64600000e+00  6.41522101e+01 
 1.64700000e+00  6.41656093e+01 
 1.64800000e+00  6.41789588e+01 
 1.64900000e+00  6.41922633e+01 
 1.65000000e+00  6.42055631e+01 
 1.65100000e+00  6.42188392e+01 
 1.65200000e+00  6.42320641e+01 
 1.65300000e+00  6.42452672e+01 
 1.65400000e+00  6.42584387e+01 
 1.65500000e+00  6.42715658e+01 
 1.65600000e+00  6.42846837e+01 
 1.65700000e+00  6.42977727e+01 
 1.65800000e+00  6.43108133e+01 
 1.65900000e+00  6.43238184e+01 
 1.66000000e+00  6.43368174e+01 
 1.66100000e+00  6.43497666e+01 
 1.66200000e+00  6.43626730e+01 
 1.66300000e+00  6.43755609e+01 
 1.66400000e+00  6.43884169e+01 
 1.66500000e+00  6.44012558e+01 
 1.66600000e+00  6.44140347e+01 
 1.66700000e+00  6.44267748e+01 
 1.66800000e+00  6.44395025e+01 
 1.66900000e+00  6.44521936e+01 
 1.67000000e+00  6.44648482e+01 
 1.67100000e+00  6.44774529e+01 
 1.67200000e+00  6.44900309e+01 
 1.67300000e+00  6.45025916e+01 
 1.67400000e+00  6.45151065e+01 
 1.67500000e+00  6.45275884e+01 
 1.67600000e+00  6.45400283e+01 
 1.67700000e+00  6.45524270e+01 
 1.67800000e+00  6.45647869e+01 
 1.67900000e+00  6.45771325e+01 
 1.68000000e+00  6.45894350e+01 
 1.68100000e+00  6.46016805e+01 
 1.68200000e+00  6.46139083e+01 
 1.68300000e+00  6.46261032e+01 
 1.68400000e+00  6.46382443e+01 
 1.68500000e+00  6.46503454e+01 
 1.68600000e+00  6.46624153e+01 
 1.68700000e+00  6.46744592e+01 
 1.68800000e+00  6.46864482e+01 
 1.68900000e+00  6.46984074e+01 
 1.69000000e+00  6.47103210e+01 
 1.69100000e+00  6.47221833e+01 
 1.69200000e+00  6.47340323e+01 
 1.69300000e+00  6.47458285e+01 
 1.69400000e+00  6.47575804e+01 
 1.69500000e+00  6.47692888e+01 
 1.69600000e+00  6.47809680e+01 
 1.69700000e+00  6.47925928e+01 
 1.69800000e+00  6.48041879e+01 
 1.69900000e+00  6.48157512e+01 
 1.70000000e+00  6.48272347e+01 
 1.70100000e+00  6.48386925e+01 
 1.70200000e+00  6.48501234e+01 
 1.70300000e+00  6.48614999e+01 
 1.70400000e+00  6.48728369e+01 
 1.70500000e+00  6.48841146e+01 
 1.70600000e+00  6.48953542e+01 
 1.70700000e+00  6.49065545e+01 
 1.70800000e+00  6.49177170e+01 
 1.70900000e+00  6.49288273e+01 
 1.71000000e+00  6.49398916e+01 
 1.71100000e+00  6.49509078e+01 
 1.71200000e+00  6.49618683e+01 
 1.71300000e+00  6.49727984e+01 
 1.71400000e+00  6.49836760e+01 
 1.71500000e+00  6.49945063e+01 
 1.71600000e+00  6.50052903e+01 
 1.71700000e+00  6.50160164e+01 
 1.71800000e+00  6.50267095e+01 
 1.71900000e+00  6.50373618e+01 
 1.72000000e+00  6.50479364e+01 
 1.72100000e+00  6.50584605e+01 
 1.72200000e+00  6.50689552e+01 
 1.72300000e+00  6.50793932e+01 
 1.72400000e+00  6.50897873e+01 
 1.72500000e+00  6.51001313e+01 
 1.72600000e+00  6.51104010e+01 
 1.72700000e+00  6.51206387e+01 
 1.72800000e+00  6.51308237e+01 
 1.72900000e+00  6.51409453e+01 
 1.73000000e+00  6.51510189e+01 
 1.73100000e+00  6.51610367e+01 
 1.73200000e+00  6.51710069e+01 
 1.73300000e+00  6.51809266e+01 
 1.73400000e+00  6.51907783e+01 
 1.73500000e+00  6.52005826e+01 
 1.73600000e+00  6.52103305e+01 
 1.73700000e+00  6.52200218e+01 
 1.73800000e+00  6.52296628e+01 
 1.73900000e+00  6.52392268e+01 
 1.74000000e+00  6.52487418e+01 
 1.74100000e+00  6.52582271e+01 
 1.74200000e+00  6.52676339e+01 
 1.74300000e+00  6.52769576e+01 
 1.74400000e+00  6.52862578e+01 
 1.74500000e+00  6.52954991e+01 
 1.74600000e+00  6.53046568e+01 
 1.74700000e+00  6.53137573e+01 
 1.74800000e+00  6.53228056e+01 
 1.74900000e+00  6.53317919e+01 
 1.75000000e+00  6.53407326e+01 
 1.75100000e+00  6.53495786e+01 
 1.75200000e+00  6.53583765e+01 
 1.75300000e+00  6.53671219e+01 
 1.75400000e+00  6.53757827e+01 
 1.75500000e+00  6.53844068e+01 
 1.75600000e+00  6.53929375e+01 
 1.75700000e+00  6.54014218e+01 
 1.75800000e+00  6.54098349e+01 
 1.75900000e+00  6.54181635e+01 
 1.76000000e+00  6.54264509e+01 
 1.76100000e+00  6.54346738e+01 
 1.76200000e+00  6.54428067e+01 
 1.76300000e+00  6.54508909e+01 
 1.76400000e+00  6.54588993e+01 
 1.76500000e+00  6.54668233e+01 
 1.76600000e+00  6.54747098e+01 
 1.76700000e+00  6.54825163e+01 
 1.76800000e+00  6.54902311e+01 
 1.76900000e+00  6.54978872e+01 
 1.77000000e+00  6.55054782e+01 
 1.77100000e+00  6.55129812e+01 
 1.77200000e+00  6.55204172e+01 
 1.77300000e+00  6.55277816e+01 
 1.77400000e+00  6.55350740e+01 
 1.77500000e+00  6.55422912e+01 
 1.77600000e+00  6.55494374e+01 
 1.77700000e+00  6.55565093e+01 
 1.77800000e+00  6.55634899e+01 
 1.77900000e+00  6.55704007e+01 
 1.78000000e+00  6.55772488e+01 
 1.78100000e+00  6.55840026e+01 
 1.78200000e+00  6.55906692e+01 
 1.78300000e+00  6.55972530e+01 
 1.78400000e+00  6.56037702e+01 
 1.78500000e+00  6.56102338e+01 
 1.78600000e+00  6.56166043e+01 
 1.78700000e+00  6.56228594e+01 
 1.78800000e+00  6.56290448e+01 
 1.78900000e+00  6.56351589e+01 
 1.79000000e+00  6.56411776e+01 
 1.79100000e+00  6.56471253e+01 
 1.79200000e+00  6.56529953e+01 
 1.79300000e+00  6.56587536e+01 
 1.79400000e+00  6.56644330e+01 
 1.79500000e+00  6.56700448e+01 
 1.79600000e+00  6.56755585e+01 
 1.79700000e+00  6.56809833e+01 
 1.79800000e+00  6.56862953e+01 
 1.79900000e+00  6.56915541e+01 
 1.80000000e+00  6.56968261e+01 
