 2.00000000e-01  2.26173684e+00 
 2.01000000e-01  2.34350797e+00 
 2.02000000e-01  2.39705233e+00 
 2.03000000e-01  2.42910513e+00 
 2.04000000e-01  2.47297284e+00 
 2.05000000e-01  2.51756182e+00 
 2.06000000e-01  2.56287865e+00 
 2.07000000e-01  2.60892934e+00 
 2.08000000e-01  2.65571965e+00 
 2.09000000e-01  2.70325500e+00 
 2.10000000e-01  2.75154048e+00 
 2.11000000e-01  2.80058084e+00 
 2.12000000e-01  2.85038047e+00 
 2.13000000e-01  2.90094340e+00 
 2.14000000e-01  2.95227330e+00 
 2.15000000e-01  3.00437344e+00 
 2.16000000e-01  3.05724668e+00 
 2.17000000e-01  3.11089555e+00 
 2.18000000e-01  3.16532209e+00 
 2.19000000e-01  3.22052800e+00 
 2.20000000e-01  3.27651454e+00 
 2.21000000e-01  3.33328254e+00 
 2.22000000e-01  3.39083246e+00 
 2.23000000e-01  3.44916428e+00 
 2.24000000e-01  3.50827761e+00 
 2.25000000e-01  3.56817160e+00 
 2.26000000e-01  3.62884504e+00 
 2.27000000e-01  3.69029625e+00 
 2.28000000e-01  3.75252316e+00 
 2.29000000e-01  3.81552330e+00 
 2.30000000e-01  3.87929379e+00 
 2.31000000e-01  3.94383136e+00 
 2.32000000e-01  4.00913236e+00 
 2.33000000e-01  4.07519273e+00 
 2.34000000e-01  4.14200807e+00 
 2.35000000e-01  4.20957362e+00 
 2.36000000e-01  4.27788423e+00 
 2.37000000e-01  4.34693443e+00 
 2.38000000e-01  4.41671840e+00 
 2.39000000e-01  4.48723005e+00 
 2.40000000e-01  4.55846293e+00 
 2.41000000e-01  4.63041029e+00 
 2.42000000e-01  4.70306511e+00 
 2.43000000e-01  4.77642013e+00 
 2.44000000e-01  4.85046775e+00 
 2.45000000e-01  4.92520019e+00 
 2.46000000e-01  5.00060943e+00 
 2.47000000e-01  5.07668719e+00 
 2.48000000e-01  5.15342499e+00 
 2.49000000e-01  5.23081419e+00 
 2.50000000e-01  5.30884593e+00 
 2.51000000e-01  5.38751123e+00 
 2.52000000e-01  5.46680090e+00 
 2.53000000e-01  5.54670562e+00 
 2.54000000e-01  5.62721594e+00 
 2.55000000e-01  5.70832233e+00 
 2.56000000e-01  5.79001510e+00 
 2.57000000e-01  5.87228447e+00 
 2.58000000e-01  5.95512065e+00 
 2.59000000e-01  6.03851369e+00 
 2.60000000e-01  6.12245360e+00 
 2.61000000e-01  6.20693038e+00 
 2.62000000e-01  6.29193396e+00 
 2.63000000e-01  6.37745425e+00 
 2.64000000e-01  6.46348114e+00 
 2.65000000e-01  6.55000449e+00 
 2.66000000e-01  6.63701418e+00 
 2.67000000e-01  6.72450011e+00 
 2.68000000e-01  6.81245217e+00 
 2.69000000e-01  6.90086032e+00 
 2.70000000e-01  6.98971445e+00 
 2.71000000e-01  7.07900456e+00 
 2.72000000e-01  7.16872078e+00 
 2.73000000e-01  7.25885309e+00 
 2.74000000e-01  7.34939168e+00 
 2.75000000e-01  7.44032685e+00 
 2.76000000e-01  7.53164873e+00 
 2.77000000e-01  7.62334771e+00 
 2.78000000e-01  7.71541427e+00 
 2.79000000e-01  7.80783896e+00 
 2.80000000e-01  7.90061233e+00 
 2.81000000e-01  7.99372501e+00 
 2.82000000e-01  8.08716787e+00 
 2.83000000e-01  8.18093184e+00 
 2.84000000e-01  8.27500777e+00 
 2.85000000e-01  8.36938680e+00 
 2.86000000e-01  8.46406021e+00 
 2.87000000e-01  8.55901925e+00 
 2.88000000e-01  8.65425525e+00 
 2.89000000e-01  8.74975980e+00 
 2.90000000e-01  8.84552454e+00 
 2.91000000e-01  8.94154120e+00 
 2.92000000e-01  9.03780164e+00 
 2.93000000e-01  9.13429785e+00 
 2.94000000e-01  9.23102193e+00 
 2.95000000e-01  9.32796609e+00 
 2.96000000e-01  9.42512269e+00 
 2.97000000e-01  9.52248412e+00 
 2.98000000e-01  9.62004304e+00 
 2.99000000e-01  9.71779198e+00 
 3.00000000e-01  9.81572385e+00 
 3.01000000e-01  9.91383166e+00 
 3.02000000e-01  1.00121082e+01 
 3.03000000e-01  1.01105469e+01 
 3.04000000e-01  1.02091410e+01 
 3.05000000e-01  1.03078836e+01 
 3.06000000e-01  1.04067686e+01 
 3.07000000e-01  1.05057894e+01 
 3.08000000e-01  1.06049396e+01 
 3.09000000e-01  1.07042134e+01 
 3.10000000e-01  1.08036046e+01 
 3.11000000e-01  1.09031072e+01 
 3.12000000e-01  1.10027154e+01 
 3.13000000e-01  1.11024234e+01 
 3.14000000e-01  1.12022260e+01 
 3.15000000e-01  1.13021173e+01 
 3.16000000e-01  1.14020919e+01 
 3.17000000e-01  1.15021448e+01 
 3.18000000e-01  1.16022706e+01 
 3.19000000e-01  1.17024644e+01 
 3.20000000e-01  1.18027210e+01 
 3.21000000e-01  1.19030355e+01 
 3.22000000e-01  1.20034034e+01 
 3.23000000e-01  1.21038197e+01 
 3.24000000e-01  1.22042799e+01 
 3.25000000e-01  1.23047797e+01 
 3.26000000e-01  1.24053145e+01 
 3.27000000e-01  1.25058799e+01 
 3.28000000e-01  1.26064718e+01 
 3.29000000e-01  1.27070860e+01 
 3.30000000e-01  1.28077183e+01 
 3.31000000e-01  1.29083650e+01 
 3.32000000e-01  1.30090223e+01 
 3.33000000e-01  1.31096859e+01 
 3.34000000e-01  1.32103524e+01 
 3.35000000e-01  1.33110181e+01 
 3.36000000e-01  1.34116794e+01 
 3.37000000e-01  1.35123329e+01 
 3.38000000e-01  1.36129750e+01 
 3.39000000e-01  1.37136026e+01 
 3.40000000e-01  1.38142123e+01 
 3.41000000e-01  1.39148006e+01 
 3.42000000e-01  1.40153647e+01 
 3.43000000e-01  1.41159017e+01 
 3.44000000e-01  1.42164084e+01 
 3.45000000e-01  1.43168818e+01 
 3.46000000e-01  1.44173189e+01 
 3.47000000e-01  1.45177170e+01 
 3.48000000e-01  1.46180736e+01 
 3.49000000e-01  1.47183859e+01 
 3.50000000e-01  1.48186512e+01 
 3.51000000e-01  1.49188669e+01 
 3.52000000e-01  1.50190305e+01 
 3.53000000e-01  1.51191398e+01 
 3.54000000e-01  1.52191922e+01 
 3.55000000e-01  1.53191853e+01 
 3.56000000e-01  1.54191169e+01 
 3.57000000e-01  1.55189847e+01 
 3.58000000e-01  1.56187867e+01 
 3.59000000e-01  1.57185206e+01 
 3.60000000e-01  1.58181846e+01 
 3.61000000e-01  1.59177764e+01 
 3.62000000e-01  1.60172937e+01 
 3.63000000e-01  1.61167352e+01 
 3.64000000e-01  1.62160988e+01 
 3.65000000e-01  1.63153823e+01 
 3.66000000e-01  1.64145844e+01 
 3.67000000e-01  1.65137031e+01 
 3.68000000e-01  1.66127368e+01 
 3.69000000e-01  1.67116836e+01 
 3.70000000e-01  1.68105418e+01 
 3.71000000e-01  1.69093103e+01 
 3.72000000e-01  1.70079871e+01 
 3.73000000e-01  1.71065706e+01 
 3.74000000e-01  1.72050597e+01 
 3.75000000e-01  1.73034528e+01 
 3.76000000e-01  1.74017486e+01 
 3.77000000e-01  1.74999453e+01 
 3.78000000e-01  1.75980418e+01 
 3.79000000e-01  1.76960370e+01 
 3.80000000e-01  1.77939295e+01 
 3.81000000e-01  1.78917180e+01 
 3.82000000e-01  1.79894009e+01 
 3.83000000e-01  1.80869778e+01 
 3.84000000e-01  1.81844470e+01 
 3.85000000e-01  1.82818072e+01 
 3.86000000e-01  1.83790581e+01 
 3.87000000e-01  1.84761983e+01 
 3.88000000e-01  1.85732261e+01 
 3.89000000e-01  1.86701413e+01 
 3.90000000e-01  1.87669425e+01 
 3.91000000e-01  1.88636288e+01 
 3.92000000e-01  1.89602000e+01 
 3.93000000e-01  1.90566540e+01 
 3.94000000e-01  1.91529901e+01 
 3.95000000e-01  1.92492082e+01 
 3.96000000e-01  1.93453072e+01 
 3.97000000e-01  1.94412859e+01 
 3.98000000e-01  1.95371439e+01 
 3.99000000e-01  1.96328798e+01 
 4.00000000e-01  1.97284937e+01 
 4.01000000e-01  1.98239847e+01 
 4.02000000e-01  1.99193519e+01 
 4.03000000e-01  2.00145946e+01 
 4.04000000e-01  2.01097119e+01 
 4.05000000e-01  2.02047036e+01 
 4.06000000e-01  2.02995690e+01 
 4.07000000e-01  2.03943068e+01 
 4.08000000e-01  2.04889176e+01 
 4.09000000e-01  2.05834004e+01 
 4.10000000e-01  2.06777537e+01 
 4.11000000e-01  2.07719780e+01 
 4.12000000e-01  2.08660729e+01 
 4.13000000e-01  2.09600376e+01 
 4.14000000e-01  2.10538710e+01 
 4.15000000e-01  2.11475734e+01 
 4.16000000e-01  2.12411443e+01 
 4.17000000e-01  2.13345832e+01 
 4.18000000e-01  2.14278889e+01 
 4.19000000e-01  2.15210618e+01 
 4.20000000e-01  2.16141019e+01 
 4.21000000e-01  2.17070081e+01 
 4.22000000e-01  2.17997797e+01 
 4.23000000e-01  2.18924169e+01 
 4.24000000e-01  2.19849198e+01 
 4.25000000e-01  2.20772877e+01 
 4.26000000e-01  2.21695198e+01 
 4.27000000e-01  2.22616156e+01 
 4.28000000e-01  2.23535759e+01 
 4.29000000e-01  2.24454002e+01 
 4.30000000e-01  2.25370878e+01 
 4.31000000e-01  2.26286383e+01 
 4.32000000e-01  2.27200518e+01 
 4.33000000e-01  2.28113280e+01 
 4.34000000e-01  2.29024666e+01 
 4.35000000e-01  2.29934677e+01 
 4.36000000e-01  2.30843305e+01 
 4.37000000e-01  2.31750551e+01 
 4.38000000e-01  2.32656419e+01 
 4.39000000e-01  2.33560901e+01 
 4.40000000e-01  2.34463992e+01 
 4.41000000e-01  2.35365693e+01 
 4.42000000e-01  2.36266009e+01 
 4.43000000e-01  2.37164937e+01 
 4.44000000e-01  2.38062469e+01 
 4.45000000e-01  2.38958608e+01 
 4.46000000e-01  2.39853354e+01 
 4.47000000e-01  2.40746704e+01 
 4.48000000e-01  2.41638656e+01 
 4.49000000e-01  2.42529209e+01 
 4.50000000e-01  2.43418360e+01 
 4.51000000e-01  2.44306119e+01 
 4.52000000e-01  2.45192481e+01 
 4.53000000e-01  2.46077439e+01 
 4.54000000e-01  2.46961000e+01 
 4.55000000e-01  2.47843156e+01 
 4.56000000e-01  2.48723907e+01 
 4.57000000e-01  2.49603258e+01 
 4.58000000e-01  2.50481214e+01 
 4.59000000e-01  2.51357761e+01 
 4.60000000e-01  2.52232908e+01 
 4.61000000e-01  2.53106654e+01 
 4.62000000e-01  2.53978994e+01 
 4.63000000e-01  2.54849940e+01 
 4.64000000e-01  2.55719477e+01 
 4.65000000e-01  2.56587611e+01 
 4.66000000e-01  2.57454343e+01 
 4.67000000e-01  2.58319679e+01 
 4.68000000e-01  2.59183613e+01 
 4.69000000e-01  2.60046144e+01 
 4.70000000e-01  2.60907275e+01 
 4.71000000e-01  2.61767010e+01 
 4.72000000e-01  2.62625345e+01 
 4.73000000e-01  2.63482271e+01 
 4.74000000e-01  2.64337810e+01 
 4.75000000e-01  2.65191951e+01 
 4.76000000e-01  2.66044687e+01 
 4.77000000e-01  2.66896038e+01 
 4.78000000e-01  2.67745993e+01 
 4.79000000e-01  2.68594553e+01 
 4.80000000e-01  2.69441717e+01 
 4.81000000e-01  2.70287481e+01 
 4.82000000e-01  2.71131869e+01 
 4.83000000e-01  2.71974860e+01 
 4.84000000e-01  2.72816460e+01 
 4.85000000e-01  2.73656677e+01 
 4.86000000e-01  2.74495502e+01 
 4.87000000e-01  2.75332943e+01 
 4.88000000e-01  2.76169001e+01 
 4.89000000e-01  2.77003678e+01 
 4.90000000e-01  2.77836964e+01 
 4.91000000e-01  2.78668869e+01 
 4.92000000e-01  2.79499411e+01 
 4.93000000e-01  2.80328560e+01 
 4.94000000e-01  2.81156331e+01 
 4.95000000e-01  2.81982731e+01 
 4.96000000e-01  2.82807753e+01 
 4.97000000e-01  2.83631408e+01 
 4.98000000e-01  2.84453695e+01 
 4.99000000e-01  2.85274610e+01 
 5.00000000e-01  2.86094152e+01 
 5.01000000e-01  2.86912325e+01 
 5.02000000e-01  2.87729140e+01 
 5.03000000e-01  2.88544589e+01 
 5.04000000e-01  2.89358679e+01 
 5.05000000e-01  2.90171413e+01 
 5.06000000e-01  2.90982778e+01 
 5.07000000e-01  2.91792788e+01 
 5.08000000e-01  2.92601450e+01 
 5.09000000e-01  2.93408760e+01 
 5.10000000e-01  2.94214715e+01 
 5.11000000e-01  2.95019317e+01 
 5.12000000e-01  2.95822572e+01 
 5.13000000e-01  2.96624481e+01 
 5.14000000e-01  2.97425048e+01 
 5.15000000e-01  2.98224284e+01 
 5.16000000e-01  2.99022170e+01 
 5.17000000e-01  2.99818708e+01 
 5.18000000e-01  3.00613912e+01 
 5.19000000e-01  3.01407792e+01 
 5.20000000e-01  3.02200346e+01 
 5.21000000e-01  3.02991560e+01 
 5.22000000e-01  3.03781427e+01 
 5.23000000e-01  3.04569986e+01 
 5.24000000e-01  3.05357232e+01 
 5.25000000e-01  3.06143137e+01 
 5.26000000e-01  3.06927726e+01 
 5.27000000e-01  3.07710998e+01 
 5.28000000e-01  3.08492944e+01 
 5.29000000e-01  3.09273590e+01 
 5.30000000e-01  3.10052920e+01 
 5.31000000e-01  3.10830936e+01 
 5.32000000e-01  3.11607644e+01 
 5.33000000e-01  3.12383053e+01 
 5.34000000e-01  3.13157159e+01 
 5.35000000e-01  3.13929948e+01 
 5.36000000e-01  3.14701444e+01 
 5.37000000e-01  3.15471650e+01 
 5.38000000e-01  3.16240558e+01 
 5.39000000e-01  3.17008173e+01 
 5.40000000e-01  3.17774496e+01 
 5.41000000e-01  3.18539522e+01 
 5.42000000e-01  3.19303270e+01 
 5.43000000e-01  3.20065739e+01 
 5.44000000e-01  3.20826923e+01 
 5.45000000e-01  3.21586826e+01 
 5.46000000e-01  3.22345446e+01 
 5.47000000e-01  3.23102804e+01 
 5.48000000e-01  3.23858883e+01 
 5.49000000e-01  3.24613674e+01 
 5.50000000e-01  3.25367211e+01 
 5.51000000e-01  3.26119496e+01 
 5.52000000e-01  3.26870497e+01 
 5.53000000e-01  3.27620243e+01 
 5.54000000e-01  3.28368736e+01 
 5.55000000e-01  3.29115962e+01 
 5.56000000e-01  3.29861941e+01 
 5.57000000e-01  3.30606674e+01 
 5.58000000e-01  3.31350148e+01 
 5.59000000e-01  3.32092363e+01 
 5.60000000e-01  3.32833339e+01 
 5.61000000e-01  3.33573091e+01 
 5.62000000e-01  3.34311582e+01 
 5.63000000e-01  3.35048840e+01 
 5.64000000e-01  3.35784872e+01 
 5.65000000e-01  3.36519657e+01 
 5.66000000e-01  3.37253217e+01 
 5.67000000e-01  3.37985536e+01 
 5.68000000e-01  3.38716645e+01 
 5.69000000e-01  3.39446529e+01 
 5.70000000e-01  3.40175188e+01 
 5.71000000e-01  3.40902622e+01 
 5.72000000e-01  3.41628848e+01 
 5.73000000e-01  3.42353862e+01 
 5.74000000e-01  3.43077638e+01 
 5.75000000e-01  3.43800231e+01 
 5.76000000e-01  3.44521613e+01 
 5.77000000e-01  3.45241771e+01 
 5.78000000e-01  3.45960742e+01 
 5.79000000e-01  3.46678528e+01 
 5.80000000e-01  3.47395098e+01 
 5.81000000e-01  3.48110460e+01 
 5.82000000e-01  3.48824648e+01 
 5.83000000e-01  3.49537648e+01 
 5.84000000e-01  3.50249444e+01 
 5.85000000e-01  3.50960057e+01 
 5.86000000e-01  3.51669491e+01 
 5.87000000e-01  3.52377748e+01 
 5.88000000e-01  3.53084824e+01 
 5.89000000e-01  3.53790710e+01 
 5.90000000e-01  3.54495443e+01 
 5.91000000e-01  3.55199007e+01 
 5.92000000e-01  3.55901380e+01 
 5.93000000e-01  3.56602591e+01 
 5.94000000e-01  3.57302644e+01 
 5.95000000e-01  3.58001532e+01 
 5.96000000e-01  3.58699248e+01 
 5.97000000e-01  3.59395825e+01 
 5.98000000e-01  3.60091261e+01 
 5.99000000e-01  3.60785522e+01 
 6.00000000e-01  3.61478629e+01 
 6.01000000e-01  3.62170607e+01 
 6.02000000e-01  3.62861420e+01 
 6.03000000e-01  3.63551097e+01 
 6.04000000e-01  3.64239639e+01 
 6.05000000e-01  3.64927033e+01 
 6.06000000e-01  3.65613311e+01 
 6.07000000e-01  3.66298444e+01 
 6.08000000e-01  3.66982444e+01 
 6.09000000e-01  3.67665310e+01 
 6.10000000e-01  3.68347064e+01 
 6.11000000e-01  3.69027692e+01 
 6.12000000e-01  3.69707175e+01 
 6.13000000e-01  3.70385568e+01 
 6.14000000e-01  3.71062834e+01 
 6.15000000e-01  3.71738981e+01 
 6.16000000e-01  3.72414013e+01 
 6.17000000e-01  3.73087943e+01 
 6.18000000e-01  3.73760770e+01 
 6.19000000e-01  3.74432485e+01 
 6.20000000e-01  3.75103114e+01 
 6.21000000e-01  3.75772615e+01 
 6.22000000e-01  3.76441039e+01 
 6.23000000e-01  3.77108368e+01 
 6.24000000e-01  3.77774595e+01 
 6.25000000e-01  3.78439721e+01 
 6.26000000e-01  3.79103761e+01 
 6.27000000e-01  3.79766739e+01 
 6.28000000e-01  3.80428631e+01 
 6.29000000e-01  3.81089419e+01 
 6.30000000e-01  3.81749142e+01 
 6.31000000e-01  3.82407790e+01 
 6.32000000e-01  3.83065346e+01 
 6.33000000e-01  3.83721856e+01 
 6.34000000e-01  3.84377274e+01 
 6.35000000e-01  3.85031626e+01 
 6.36000000e-01  3.85684944e+01 
 6.37000000e-01  3.86337174e+01 
 6.38000000e-01  3.86988335e+01 
 6.39000000e-01  3.87638453e+01 
 6.40000000e-01  3.88287504e+01 
 6.41000000e-01  3.88935516e+01 
 6.42000000e-01  3.89582467e+01 
 6.43000000e-01  3.90228378e+01 
 6.44000000e-01  3.90873247e+01 
 6.45000000e-01  3.91517035e+01 
 6.46000000e-01  3.92159822e+01 
 6.47000000e-01  3.92801568e+01 
 6.48000000e-01  3.93442239e+01 
 6.49000000e-01  3.94081899e+01 
 6.50000000e-01  3.94720521e+01 
 6.51000000e-01  3.95358131e+01 
 6.52000000e-01  3.95994713e+01 
 6.53000000e-01  3.96630234e+01 
 6.54000000e-01  3.97264753e+01 
 6.55000000e-01  3.97898270e+01 
 6.56000000e-01  3.98530729e+01 
 6.57000000e-01  3.99162177e+01 
 6.58000000e-01  3.99792656e+01 
 6.59000000e-01  4.00422069e+01 
 6.60000000e-01  4.01050493e+01 
 6.61000000e-01  4.01677912e+01 
 6.62000000e-01  4.02304318e+01 
 6.63000000e-01  4.02929738e+01 
 6.64000000e-01  4.03554115e+01 
 6.65000000e-01  4.04177525e+01 
 6.66000000e-01  4.04799943e+01 
 6.67000000e-01  4.05421356e+01 
 6.68000000e-01  4.06041781e+01 
 6.69000000e-01  4.06661198e+01 
 6.70000000e-01  4.07279645e+01 
 6.71000000e-01  4.07897120e+01 
 6.72000000e-01  4.08513570e+01 
 6.73000000e-01  4.09129063e+01 
 6.74000000e-01  4.09743589e+01 
 6.75000000e-01  4.10357105e+01 
 6.76000000e-01  4.10969659e+01 
 6.77000000e-01  4.11581250e+01 
 6.78000000e-01  4.12191861e+01 
 6.79000000e-01  4.12801521e+01 
 6.80000000e-01  4.13410198e+01 
 6.81000000e-01  4.14017908e+01 
 6.82000000e-01  4.14624688e+01 
 6.83000000e-01  4.15230448e+01 
 6.84000000e-01  4.15835294e+01 
 6.85000000e-01  4.16439186e+01 
 6.86000000e-01  4.17042105e+01 
 6.87000000e-01  4.17644070e+01 
 6.88000000e-01  4.18245091e+01 
 6.89000000e-01  4.18845188e+01 
 6.90000000e-01  4.19444307e+01 
 6.91000000e-01  4.20042513e+01 
 6.92000000e-01  4.20639763e+01 
 6.93000000e-01  4.21236063e+01 
 6.94000000e-01  4.21831462e+01 
 6.95000000e-01  4.22425879e+01 
 6.96000000e-01  4.23019392e+01 
 6.97000000e-01  4.23611983e+01 
 6.98000000e-01  4.24203606e+01 
 6.99000000e-01  4.24794345e+01 
 7.00000000e-01  4.25384128e+01 
 7.01000000e-01  4.25972996e+01 
 7.02000000e-01  4.26560975e+01 
 7.03000000e-01  4.27148024e+01 
 7.04000000e-01  4.27734141e+01 
 7.05000000e-01  4.28319334e+01 
 7.06000000e-01  4.28903615e+01 
 7.07000000e-01  4.29487020e+01 
 7.08000000e-01  4.30069504e+01 
 7.09000000e-01  4.30651059e+01 
 7.10000000e-01  4.31231749e+01 
 7.11000000e-01  4.31811505e+01 
 7.12000000e-01  4.32390393e+01 
 7.13000000e-01  4.32968377e+01 
 7.14000000e-01  4.33545415e+01 
 7.15000000e-01  4.34121590e+01 
 7.16000000e-01  4.34696892e+01 
 7.17000000e-01  4.35271304e+01 
 7.18000000e-01  4.35844794e+01 
 7.19000000e-01  4.36417416e+01 
 7.20000000e-01  4.36989172e+01 
 7.21000000e-01  4.37560056e+01 
 7.22000000e-01  4.38130029e+01 
 7.23000000e-01  4.38699107e+01 
 7.24000000e-01  4.39267348e+01 
 7.25000000e-01  4.39834691e+01 
 7.26000000e-01  4.40401198e+01 
 7.27000000e-01  4.40966819e+01 
 7.28000000e-01  4.41531531e+01 
 7.29000000e-01  4.42095405e+01 
 7.30000000e-01  4.42658441e+01 
 7.31000000e-01  4.43220599e+01 
 7.32000000e-01  4.43781853e+01 
 7.33000000e-01  4.44342302e+01 
 7.34000000e-01  4.44901898e+01 
 7.35000000e-01  4.45460600e+01 
 7.36000000e-01  4.46018481e+01 
 7.37000000e-01  4.46575482e+01 
 7.38000000e-01  4.47131654e+01 
 7.39000000e-01  4.47686993e+01 
 7.40000000e-01  4.48241476e+01 
 7.41000000e-01  4.48795104e+01 
 7.42000000e-01  4.49347888e+01 
 7.43000000e-01  4.49899846e+01 
 7.44000000e-01  4.50450954e+01 
 7.45000000e-01  4.51001266e+01 
 7.46000000e-01  4.51550716e+01 
 7.47000000e-01  4.52099291e+01 
 7.48000000e-01  4.52647092e+01 
 7.49000000e-01  4.53194054e+01 
 7.50000000e-01  4.53740189e+01 
 7.51000000e-01  4.54285502e+01 
 7.52000000e-01  4.54829969e+01 
 7.53000000e-01  4.55373619e+01 
 7.54000000e-01  4.55916462e+01 
 7.55000000e-01  4.56458532e+01 
 7.56000000e-01  4.56999732e+01 
 7.57000000e-01  4.57540107e+01 
 7.58000000e-01  4.58079708e+01 
 7.59000000e-01  4.58618508e+01 
 7.60000000e-01  4.59156455e+01 
 7.61000000e-01  4.59693610e+01 
 7.62000000e-01  4.60229989e+01 
 7.63000000e-01  4.60765515e+01 
 7.64000000e-01  4.61300259e+01 
 7.65000000e-01  4.61834252e+01 
 7.66000000e-01  4.62367418e+01 
 7.67000000e-01  4.62899759e+01 
 7.68000000e-01  4.63431312e+01 
 7.69000000e-01  4.63962079e+01 
 7.70000000e-01  4.64492082e+01 
 7.71000000e-01  4.65021317e+01 
 7.72000000e-01  4.65549698e+01 
 7.73000000e-01  4.66077310e+01 
 7.74000000e-01  4.66604166e+01 
 7.75000000e-01  4.67130212e+01 
 7.76000000e-01  4.67655533e+01 
 7.77000000e-01  4.68180028e+01 
 7.78000000e-01  4.68703730e+01 
 7.79000000e-01  4.69226678e+01 
 7.80000000e-01  4.69748863e+01 
 7.81000000e-01  4.70270301e+01 
 7.82000000e-01  4.70790909e+01 
 7.83000000e-01  4.71310796e+01 
 7.84000000e-01  4.71829904e+01 
 7.85000000e-01  4.72348232e+01 
 7.86000000e-01  4.72865839e+01 
 7.87000000e-01  4.73382615e+01 
 7.88000000e-01  4.73898651e+01 
 7.89000000e-01  4.74414002e+01 
 7.90000000e-01  4.74928542e+01 
 7.91000000e-01  4.75442321e+01 
 7.92000000e-01  4.75955385e+01 
 7.93000000e-01  4.76467647e+01 
 7.94000000e-01  4.76979165e+01 
 7.95000000e-01  4.77489946e+01 
 7.96000000e-01  4.78000000e+01 
 7.97000000e-01  4.78509341e+01 
 7.98000000e-01  4.79017867e+01 
 7.99000000e-01  4.79525692e+01 
 8.00000000e-01  4.80032783e+01 
 8.01000000e-01  4.80539097e+01 
 8.02000000e-01  4.81044716e+01 
 8.03000000e-01  4.81549557e+01 
 8.04000000e-01  4.82053695e+01 
 8.05000000e-01  4.82557111e+01 
 8.06000000e-01  4.83059774e+01 
 8.07000000e-01  4.83561730e+01 
 8.08000000e-01  4.84062921e+01 
 8.09000000e-01  4.84563421e+01 
 8.10000000e-01  4.85063215e+01 
 8.11000000e-01  4.85562272e+01 
 8.12000000e-01  4.86060593e+01 
 8.13000000e-01  4.86558181e+01 
 8.14000000e-01  4.87055094e+01 
 8.15000000e-01  4.87551272e+01 
 8.16000000e-01  4.88046740e+01 
 8.17000000e-01  4.88541475e+01 
 8.18000000e-01  4.89035519e+01 
 8.19000000e-01  4.89528846e+01 
 8.20000000e-01  4.90021454e+01 
 8.21000000e-01  4.90513398e+01 
 8.22000000e-01  4.91004606e+01 
 8.23000000e-01  4.91495136e+01 
 8.24000000e-01  4.91984943e+01 
 8.25000000e-01  4.92474016e+01 
 8.26000000e-01  4.92962433e+01 
 8.27000000e-01  4.93450181e+01 
 8.28000000e-01  4.93937208e+01 
 8.29000000e-01  4.94423509e+01 
 8.30000000e-01  4.94909129e+01 
 8.31000000e-01  4.95394079e+01 
 8.32000000e-01  4.95878366e+01 
 8.33000000e-01  4.96361903e+01 
 8.34000000e-01  4.96844751e+01 
 8.35000000e-01  4.97326980e+01 
 8.36000000e-01  4.97808515e+01 
 8.37000000e-01  4.98289331e+01 
 8.38000000e-01  4.98769465e+01 
 8.39000000e-01  4.99248936e+01 
 8.40000000e-01  4.99727701e+01 
 8.41000000e-01  5.00205831e+01 
 8.42000000e-01  5.00683296e+01 
 8.43000000e-01  5.01160037e+01 
 8.44000000e-01  5.01636137e+01 
 8.45000000e-01  5.02111609e+01 
 8.46000000e-01  5.02586357e+01 
 8.47000000e-01  5.03060406e+01 
 8.48000000e-01  5.03533850e+01 
 8.49000000e-01  5.04006659e+01 
 8.50000000e-01  5.04478720e+01 
 8.51000000e-01  5.04950145e+01 
 8.52000000e-01  5.05420966e+01 
 8.53000000e-01  5.05891078e+01 
 8.54000000e-01  5.06360498e+01 
 8.55000000e-01  5.06829322e+01 
 8.56000000e-01  5.07297515e+01 
 8.57000000e-01  5.07764968e+01 
 8.58000000e-01  5.08231837e+01 
 8.59000000e-01  5.08698061e+01 
 8.60000000e-01  5.09163556e+01 
 8.61000000e-01  5.09628491e+01 
 8.62000000e-01  5.10092767e+01 
 8.63000000e-01  5.10556328e+01 
 8.64000000e-01  5.11019308e+01 
 8.65000000e-01  5.11481686e+01 
 8.66000000e-01  5.11943335e+01 
 8.67000000e-01  5.12404367e+01 
 8.68000000e-01  5.12864806e+01 
 8.69000000e-01  5.13324584e+01 
 8.70000000e-01  5.13783725e+01 
 8.71000000e-01  5.14242232e+01 
 8.72000000e-01  5.14700133e+01 
 8.73000000e-01  5.15157323e+01 
 8.74000000e-01  5.15613966e+01 
 8.75000000e-01  5.16069995e+01 
 8.76000000e-01  5.16525320e+01 
 8.77000000e-01  5.16980008e+01 
 8.78000000e-01  5.17434116e+01 
 8.79000000e-01  5.17887687e+01 
 8.80000000e-01  5.18340514e+01 
 8.81000000e-01  5.18792736e+01 
 8.82000000e-01  5.19244430e+01 
 8.83000000e-01  5.19695436e+01 
 8.84000000e-01  5.20145804e+01 
 8.85000000e-01  5.20595535e+01 
 8.86000000e-01  5.21044710e+01 
 8.87000000e-01  5.21493331e+01 
 8.88000000e-01  5.21941276e+01 
 8.89000000e-01  5.22388602e+01 
 8.90000000e-01  5.22835311e+01 
 8.91000000e-01  5.23281433e+01 
 8.92000000e-01  5.23726962e+01 
 8.93000000e-01  5.24171821e+01 
 8.94000000e-01  5.24616126e+01 
 8.95000000e-01  5.25059891e+01 
 8.96000000e-01  5.25502986e+01 
 8.97000000e-01  5.25945469e+01 
 8.98000000e-01  5.26387396e+01 
 8.99000000e-01  5.26828703e+01 
 9.00000000e-01  5.27269449e+01 
 9.01000000e-01  5.27709585e+01 
 9.02000000e-01  5.28149075e+01 
 9.03000000e-01  5.28587991e+01 
 9.04000000e-01  5.29026337e+01 
 9.05000000e-01  5.29464144e+01 
 9.06000000e-01  5.29901282e+01 
 9.07000000e-01  5.30337858e+01 
 9.08000000e-01  5.30773887e+01 
 9.09000000e-01  5.31209286e+01 
 9.10000000e-01  5.31644113e+01 
 9.11000000e-01  5.32078376e+01 
 9.12000000e-01  5.32512042e+01 
 9.13000000e-01  5.32945132e+01 
 9.14000000e-01  5.33377634e+01 
 9.15000000e-01  5.33809561e+01 
 9.16000000e-01  5.34240962e+01 
 9.17000000e-01  5.34671758e+01 
 9.18000000e-01  5.35101955e+01 
 9.19000000e-01  5.35531547e+01 
 9.20000000e-01  5.35960662e+01 
 9.21000000e-01  5.36389188e+01 
 9.22000000e-01  5.36817071e+01 
 9.23000000e-01  5.37244448e+01 
 9.24000000e-01  5.37671271e+01 
 9.25000000e-01  5.38097483e+01 
 9.26000000e-01  5.38523105e+01 
 9.27000000e-01  5.38948241e+01 
 9.28000000e-01  5.39372823e+01 
 9.29000000e-01  5.39796794e+01 
 9.30000000e-01  5.40220233e+01 
 9.31000000e-01  5.40643137e+01 
 9.32000000e-01  5.41065406e+01 
 9.33000000e-01  5.41487168e+01 
 9.34000000e-01  5.41908373e+01 
 9.35000000e-01  5.42329016e+01 
 9.36000000e-01  5.42749135e+01 
 9.37000000e-01  5.43168703e+01 
 9.38000000e-01  5.43587689e+01 
 9.39000000e-01  5.44006108e+01 
 9.40000000e-01  5.44424050e+01 
 9.41000000e-01  5.44841387e+01 
 9.42000000e-01  5.45258229e+01 
 9.43000000e-01  5.45674461e+01 
 9.44000000e-01  5.46090189e+01 
 9.45000000e-01  5.46505411e+01 
 9.46000000e-01  5.46920030e+01 
 9.47000000e-01  5.47334112e+01 
 9.48000000e-01  5.47747704e+01 
 9.49000000e-01  5.48160772e+01 
 9.50000000e-01  5.48573213e+01 
 9.51000000e-01  5.48985157e+01 
 9.52000000e-01  5.49396603e+01 
 9.53000000e-01  5.49807499e+01 
 9.54000000e-01  5.50217870e+01 
 9.55000000e-01  5.50627690e+01 
 9.56000000e-01  5.51036961e+01 
 9.57000000e-01  5.51445783e+01 
 9.58000000e-01  5.51854020e+01 
 9.59000000e-01  5.52261719e+01 
 9.60000000e-01  5.52668928e+01 
 9.61000000e-01  5.53075543e+01 
 9.62000000e-01  5.53481695e+01 
 9.63000000e-01  5.53887386e+01 
 9.64000000e-01  5.54292497e+01 
 9.65000000e-01  5.54697034e+01 
 9.66000000e-01  5.55101089e+01 
 9.67000000e-01  5.55504620e+01 
 9.68000000e-01  5.55907700e+01 
 9.69000000e-01  5.56310230e+01 
 9.70000000e-01  5.56712203e+01 
 9.71000000e-01  5.57113691e+01 
 9.72000000e-01  5.57514612e+01 
 9.73000000e-01  5.57915143e+01 
 9.74000000e-01  5.58315166e+01 
 9.75000000e-01  5.58714485e+01 
 9.76000000e-01  5.59113392e+01 
 9.77000000e-01  5.59511936e+01 
 9.78000000e-01  5.59909801e+01 
 9.79000000e-01  5.60307258e+01 
 9.80000000e-01  5.60704228e+01 
 9.81000000e-01  5.61100557e+01 
 9.82000000e-01  5.61496436e+01 
 9.83000000e-01  5.61891880e+01 
 9.84000000e-01  5.62286829e+01 
 9.85000000e-01  5.62681229e+01 
 9.86000000e-01  5.63075097e+01 
 9.87000000e-01  5.63468521e+01 
 9.88000000e-01  5.63861547e+01 
 9.89000000e-01  5.64253871e+01 
 9.90000000e-01  5.64645774e+01 
 9.91000000e-01  5.65037288e+01 
 9.92000000e-01  5.65428224e+01 
 9.93000000e-01  5.65818643e+01 
 9.94000000e-01  5.66208575e+01 
 9.95000000e-01  5.66598175e+01 
 9.96000000e-01  5.66987108e+01 
 9.97000000e-01  5.67375572e+01 
 9.98000000e-01  5.67763654e+01 
 9.99000000e-01  5.68151114e+01 
 1.00000000e+00  5.68538183e+01 
 1.00100000e+00  5.68924802e+01 
 1.00200000e+00  5.69310839e+01 
 1.00300000e+00  5.69696435e+01 
 1.00400000e+00  5.70081562e+01 
 1.00500000e+00  5.70466238e+01 
 1.00600000e+00  5.70850417e+01 
 1.00700000e+00  5.71234102e+01 
 1.00800000e+00  5.71617318e+01 
 1.00900000e+00  5.72000030e+01 
 1.01000000e+00  5.72382314e+01 
 1.01100000e+00  5.72764000e+01 
 1.01200000e+00  5.73145345e+01 
 1.01300000e+00  5.73526292e+01 
 1.01400000e+00  5.73906621e+01 
 1.01500000e+00  5.74286589e+01 
 1.01600000e+00  5.74665937e+01 
 1.01700000e+00  5.75044890e+01 
 1.01800000e+00  5.75423547e+01 
 1.01900000e+00  5.75801495e+01 
 1.02000000e+00  5.76179003e+01 
 1.02100000e+00  5.76556124e+01 
 1.02200000e+00  5.76932873e+01 
 1.02300000e+00  5.77309027e+01 
 1.02400000e+00  5.77684652e+01 
 1.02500000e+00  5.78060007e+01 
 1.02600000e+00  5.78434852e+01 
 1.02700000e+00  5.78809173e+01 
 1.02800000e+00  5.79182983e+01 
 1.02900000e+00  5.79556447e+01 
 1.03000000e+00  5.79929411e+01 
 1.03100000e+00  5.80301905e+01 
 1.03200000e+00  5.80674043e+01 
 1.03300000e+00  5.81045729e+01 
 1.03400000e+00  5.81416804e+01 
 1.03500000e+00  5.81787468e+01 
 1.03600000e+00  5.82157800e+01 
 1.03700000e+00  5.82527531e+01 
 1.03800000e+00  5.82896979e+01 
 1.03900000e+00  5.83265940e+01 
 1.04000000e+00  5.83634393e+01 
 1.04100000e+00  5.84002358e+01 
 1.04200000e+00  5.84369840e+01 
 1.04300000e+00  5.84737097e+01 
 1.04400000e+00  5.85103897e+01 
 1.04500000e+00  5.85470035e+01 
 1.04600000e+00  5.85835804e+01 
 1.04700000e+00  5.86201230e+01 
 1.04800000e+00  5.86566088e+01 
 1.04900000e+00  5.86930640e+01 
 1.05000000e+00  5.87294755e+01 
 1.05100000e+00  5.87658243e+01 
 1.05200000e+00  5.88021469e+01 
 1.05300000e+00  5.88384243e+01 
 1.05400000e+00  5.88746520e+01 
 1.05500000e+00  5.89108466e+01 
 1.05600000e+00  5.89469833e+01 
 1.05700000e+00  5.89830881e+01 
 1.05800000e+00  5.90191457e+01 
 1.05900000e+00  5.90551539e+01 
 1.06000000e+00  5.90911305e+01 
 1.06100000e+00  5.91270652e+01 
 1.06200000e+00  5.91629473e+01 
 1.06300000e+00  5.91987937e+01 
 1.06400000e+00  5.92345958e+01 
 1.06500000e+00  5.92703422e+01 
 1.06600000e+00  5.93060646e+01 
 1.06700000e+00  5.93417416e+01 
 1.06800000e+00  5.93773746e+01 
 1.06900000e+00  5.94129605e+01 
 1.07000000e+00  5.94485075e+01 
 1.07100000e+00  5.94840191e+01 
 1.07200000e+00  5.95194800e+01 
 1.07300000e+00  5.95548982e+01 
 1.07400000e+00  5.95902774e+01 
 1.07500000e+00  5.96256179e+01 
 1.07600000e+00  5.96609221e+01 
 1.07700000e+00  5.96961767e+01 
 1.07800000e+00  5.97313805e+01 
 1.07900000e+00  5.97665506e+01 
 1.08000000e+00  5.98016915e+01 
 1.08100000e+00  5.98367809e+01 
 1.08200000e+00  5.98718170e+01 
 1.08300000e+00  5.99068260e+01 
 1.08400000e+00  5.99417975e+01 
 1.08500000e+00  5.99767285e+01 
 1.08600000e+00  6.00116061e+01 
 1.08700000e+00  6.00464468e+01 
 1.08800000e+00  6.00812532e+01 
 1.08900000e+00  6.01160192e+01 
 1.09000000e+00  6.01507455e+01 
 1.09100000e+00  6.01854247e+01 
 1.09200000e+00  6.02200578e+01 
 1.09300000e+00  6.02546713e+01 
 1.09400000e+00  6.02892312e+01 
 1.09500000e+00  6.03237464e+01 
 1.09600000e+00  6.03582290e+01 
 1.09700000e+00  6.03926603e+01 
 1.09800000e+00  6.04270683e+01 
 1.09900000e+00  6.04614290e+01 
 1.10000000e+00  6.04957543e+01 
 1.10100000e+00  6.05300383e+01 
 1.10200000e+00  6.05642752e+01 
 1.10300000e+00  6.05984811e+01 
 1.10400000e+00  6.06326459e+01 
 1.10500000e+00  6.06667651e+01 
 1.10600000e+00  6.07008574e+01 
 1.10700000e+00  6.07348971e+01 
 1.10800000e+00  6.07689006e+01 
 1.10900000e+00  6.08028758e+01 
 1.11000000e+00  6.08368007e+01 
 1.11100000e+00  6.08706872e+01 
 1.11200000e+00  6.09045410e+01 
 1.11300000e+00  6.09383544e+01 
 1.11400000e+00  6.09721268e+01 
 1.11500000e+00  6.10058622e+01 
 1.11600000e+00  6.10395514e+01 
 1.11700000e+00  6.10732109e+01 
 1.11800000e+00  6.11068396e+01 
 1.11900000e+00  6.11404106e+01 
 1.12000000e+00  6.11739530e+01 
 1.12100000e+00  6.12074692e+01 
 1.12200000e+00  6.12409322e+01 
 1.12300000e+00  6.12743532e+01 
 1.12400000e+00  6.13077402e+01 
 1.12500000e+00  6.13410952e+01 
 1.12600000e+00  6.13744180e+01 
 1.12700000e+00  6.14076921e+01 
 1.12800000e+00  6.14409255e+01 
 1.12900000e+00  6.14741304e+01 
 1.13000000e+00  6.15072913e+01 
 1.13100000e+00  6.15404251e+01 
 1.13200000e+00  6.15735097e+01 
 1.13300000e+00  6.16065682e+01 
 1.13400000e+00  6.16395892e+01 
 1.13500000e+00  6.16725522e+01 
 1.13600000e+00  6.17054925e+01 
 1.13700000e+00  6.17383999e+01 
 1.13800000e+00  6.17712623e+01 
 1.13900000e+00  6.18040901e+01 
 1.14000000e+00  6.18368872e+01 
 1.14100000e+00  6.18696526e+01 
 1.14200000e+00  6.19023704e+01 
 1.14300000e+00  6.19350386e+01 
 1.14400000e+00  6.19676950e+01 
 1.14500000e+00  6.20003042e+01 
 1.14600000e+00  6.20328755e+01 
 1.14700000e+00  6.20654224e+01 
 1.14800000e+00  6.20979119e+01 
 1.14900000e+00  6.21303757e+01 
 1.15000000e+00  6.21628049e+01 
 1.15100000e+00  6.21951950e+01 
 1.15200000e+00  6.22275576e+01 
 1.15300000e+00  6.22598685e+01 
 1.15400000e+00  6.22921596e+01 
 1.15500000e+00  6.23244135e+01 
 1.15600000e+00  6.23566155e+01 
 1.15700000e+00  6.23888030e+01 
 1.15800000e+00  6.24209378e+01 
 1.15900000e+00  6.24530393e+01 
 1.16000000e+00  6.24851165e+01 
 1.16100000e+00  6.25171414e+01 
 1.16200000e+00  6.25491551e+01 
 1.16300000e+00  6.25811161e+01 
 1.16400000e+00  6.26130295e+01 
 1.16500000e+00  6.26449376e+01 
 1.16600000e+00  6.26767974e+01 
 1.16700000e+00  6.27086136e+01 
 1.16800000e+00  6.27404107e+01 
 1.16900000e+00  6.27721675e+01 
 1.17000000e+00  6.28038775e+01 
 1.17100000e+00  6.28355522e+01 
 1.17200000e+00  6.28672054e+01 
 1.17300000e+00  6.28988294e+01 
 1.17400000e+00  6.29304046e+01 
 1.17500000e+00  6.29619579e+01 
 1.17600000e+00  6.29934770e+01 
 1.17700000e+00  6.30249396e+01 
 1.17800000e+00  6.30563816e+01 
 1.17900000e+00  6.30877944e+01 
 1.18000000e+00  6.31191638e+01 
 1.18100000e+00  6.31505082e+01 
 1.18200000e+00  6.31818057e+01 
 1.18300000e+00  6.32130706e+01 
 1.18400000e+00  6.32443178e+01 
 1.18500000e+00  6.32755299e+01 
 1.18600000e+00  6.33066945e+01 
 1.18700000e+00  6.33378310e+01 
 1.18800000e+00  6.33689351e+01 
 1.18900000e+00  6.33999971e+01 
 1.19000000e+00  6.34310356e+01 
 1.19100000e+00  6.34620349e+01 
 1.19200000e+00  6.34930008e+01 
 1.19300000e+00  6.35239391e+01 
 1.19400000e+00  6.35548420e+01 
 1.19500000e+00  6.35857059e+01 
 1.19600000e+00  6.36165438e+01 
 1.19700000e+00  6.36473494e+01 
 1.19800000e+00  6.36781101e+01 
 1.19900000e+00  6.37088457e+01 
 1.20000000e+00  6.37395422e+01 
 1.20100000e+00  6.37702164e+01 
 1.20200000e+00  6.38008633e+01 
 1.20300000e+00  6.38314521e+01 
 1.20400000e+00  6.38620188e+01 
 1.20500000e+00  6.38925624e+01 
 1.20600000e+00  6.39230715e+01 
 1.20700000e+00  6.39535549e+01 
 1.20800000e+00  6.39839850e+01 
 1.20900000e+00  6.40143794e+01 
 1.21000000e+00  6.40447746e+01 
 1.21100000e+00  6.40751138e+01 
 1.21200000e+00  6.41054051e+01 
 1.21300000e+00  6.41356886e+01 
 1.21400000e+00  6.41659408e+01 
 1.21500000e+00  6.41961536e+01 
 1.21600000e+00  6.42263292e+01 
 1.21700000e+00  6.42564797e+01 
 1.21800000e+00  6.42866078e+01 
 1.21900000e+00  6.43166851e+01 
 1.22000000e+00  6.43467351e+01 
 1.22100000e+00  6.43767674e+01 
 1.22200000e+00  6.44067627e+01 
 1.22300000e+00  6.44367048e+01 
 1.22400000e+00  6.44666256e+01 
 1.22500000e+00  6.44965339e+01 
 1.22600000e+00  6.45263892e+01 
 1.22700000e+00  6.45562223e+01 
 1.22800000e+00  6.45860237e+01 
 1.22900000e+00  6.46157810e+01 
 1.23000000e+00  6.46455363e+01 
 1.23100000e+00  6.46752448e+01 
 1.23200000e+00  6.47049049e+01 
 1.23300000e+00  6.47345551e+01 
 1.23400000e+00  6.47641614e+01 
 1.23500000e+00  6.47937362e+01 
 1.23600000e+00  6.48232954e+01 
 1.23700000e+00  6.48528089e+01 
 1.23800000e+00  6.48822948e+01 
 1.23900000e+00  6.49117586e+01 
 1.24000000e+00  6.49411777e+01 
 1.24100000e+00  6.49705833e+01 
 1.24200000e+00  6.49999515e+01 
 1.24300000e+00  6.50292738e+01 
 1.24400000e+00  6.50585854e+01 
 1.24500000e+00  6.50878527e+01 
 1.24600000e+00  6.51170866e+01 
 1.24700000e+00  6.51463048e+01 
 1.24800000e+00  6.51754893e+01 
 1.24900000e+00  6.52046463e+01 
 1.25000000e+00  6.52337583e+01 
 1.25100000e+00  6.52628333e+01 
 1.25200000e+00  6.52918961e+01 
 1.25300000e+00  6.53209410e+01 
 1.25400000e+00  6.53499448e+01 
 1.25500000e+00  6.53789044e+01 
 1.25600000e+00  6.54078434e+01 
 1.25700000e+00  6.54367453e+01 
 1.25800000e+00  6.54656167e+01 
 1.25900000e+00  6.54944844e+01 
 1.26000000e+00  6.55233091e+01 
 1.26100000e+00  6.55520826e+01 
 1.26200000e+00  6.55808388e+01 
 1.26300000e+00  6.56095762e+01 
 1.26400000e+00  6.56382722e+01 
 1.26500000e+00  6.56669428e+01 
 1.26600000e+00  6.56955820e+01 
 1.26700000e+00  6.57241903e+01 
 1.26800000e+00  6.57527703e+01 
 1.26900000e+00  6.57813222e+01 
 1.27000000e+00  6.58098555e+01 
 1.27100000e+00  6.58383426e+01 
 1.27200000e+00  6.58667996e+01 
 1.27300000e+00  6.58952328e+01 
 1.27400000e+00  6.59236427e+01 
 1.27500000e+00  6.59520183e+01 
 1.27600000e+00  6.59803609e+01 
 1.27700000e+00  6.60086803e+01 
 1.27800000e+00  6.60369680e+01 
 1.27900000e+00  6.60652253e+01 
 1.28000000e+00  6.60934543e+01 
 1.28100000e+00  6.61216521e+01 
 1.28200000e+00  6.61498214e+01 
 1.28300000e+00  6.61779763e+01 
 1.28400000e+00  6.62060953e+01 
 1.28500000e+00  6.62341635e+01 
 1.28600000e+00  6.62622150e+01 
 1.28700000e+00  6.62902599e+01 
 1.28800000e+00  6.63182505e+01 
 1.28900000e+00  6.63462102e+01 
 1.29000000e+00  6.63741644e+01 
 1.29100000e+00  6.64020810e+01 
 1.29200000e+00  6.64299509e+01 
 1.29300000e+00  6.64577995e+01 
 1.29400000e+00  6.64856353e+01 
 1.29500000e+00  6.65134341e+01 
 1.29600000e+00  6.65412138e+01 
 1.29700000e+00  6.65689472e+01 
 1.29800000e+00  6.65966508e+01 
 1.29900000e+00  6.66243432e+01 
 1.30000000e+00  6.66520051e+01 
 1.30100000e+00  6.66796424e+01 
 1.30200000e+00  6.67072242e+01 
 1.30300000e+00  6.67347925e+01 
 1.30400000e+00  6.67623455e+01 
 1.30500000e+00  6.67898462e+01 
 1.30600000e+00  6.68173356e+01 
 1.30700000e+00  6.68448024e+01 
 1.30800000e+00  6.68722409e+01 
 1.30900000e+00  6.68996516e+01 
 1.31000000e+00  6.69270130e+01 
 1.31100000e+00  6.69543463e+01 
 1.31200000e+00  6.69816694e+01 
 1.31300000e+00  6.70089728e+01 
 1.31400000e+00  6.70362434e+01 
 1.31500000e+00  6.70634661e+01 
 1.31600000e+00  6.70906659e+01 
 1.31700000e+00  6.71178627e+01 
 1.31800000e+00  6.71449965e+01 
 1.31900000e+00  6.71721152e+01 
 1.32000000e+00  6.71992236e+01 
 1.32100000e+00  6.72262958e+01 
 1.32200000e+00  6.72533512e+01 
 1.32300000e+00  6.72803584e+01 
 1.32400000e+00  6.73073240e+01 
 1.32500000e+00  6.73342793e+01 
 1.32600000e+00  6.73612272e+01 
 1.32700000e+00  6.73881198e+01 
 1.32800000e+00  6.74149978e+01 
 1.32900000e+00  6.74418594e+01 
 1.33000000e+00  6.74686669e+01 
 1.33100000e+00  6.74954516e+01 
 1.33200000e+00  6.75222349e+01 
 1.33300000e+00  6.75489824e+01 
 1.33400000e+00  6.75756742e+01 
 1.33500000e+00  6.76023601e+01 
 1.33600000e+00  6.76290286e+01 
 1.33700000e+00  6.76556458e+01 
 1.33800000e+00  6.76822356e+01 
 1.33900000e+00  6.77088191e+01 
 1.34000000e+00  6.77353714e+01 
 1.34100000e+00  6.77618903e+01 
 1.34200000e+00  6.77883881e+01 
 1.34300000e+00  6.78148564e+01 
 1.34400000e+00  6.78412832e+01 
 1.34500000e+00  6.78676913e+01 
 1.34600000e+00  6.78940985e+01 
 1.34700000e+00  6.79204460e+01 
 1.34800000e+00  6.79467725e+01 
 1.34900000e+00  6.79730790e+01 
 1.35000000e+00  6.79993375e+01 
 1.35100000e+00  6.80256063e+01 
 1.35200000e+00  6.80518248e+01 
 1.35300000e+00  6.80780146e+01 
 1.35400000e+00  6.81041744e+01 
 1.35500000e+00  6.81303159e+01 
 1.35600000e+00  6.81564425e+01 
 1.35700000e+00  6.81825147e+01 
 1.35800000e+00  6.82085793e+01 
 1.35900000e+00  6.82346104e+01 
 1.36000000e+00  6.82606254e+01 
 1.36100000e+00  6.82866061e+01 
 1.36200000e+00  6.83125467e+01 
 1.36300000e+00  6.83384762e+01 
 1.36400000e+00  6.83643760e+01 
 1.36500000e+00  6.83902401e+01 
 1.36600000e+00  6.84160711e+01 
 1.36700000e+00  6.84419083e+01 
 1.36800000e+00  6.84676962e+01 
 1.36900000e+00  6.84934493e+01 
 1.37000000e+00  6.85191864e+01 
 1.37100000e+00  6.85449008e+01 
 1.37200000e+00  6.85705895e+01 
 1.37300000e+00  6.85962386e+01 
 1.37400000e+00  6.86218631e+01 
 1.37500000e+00  6.86474665e+01 
 1.37600000e+00  6.86730504e+01 
 1.37700000e+00  6.86985880e+01 
 1.37800000e+00  6.87241016e+01 
 1.37900000e+00  6.87496142e+01 
 1.38000000e+00  6.87750883e+01 
 1.38100000e+00  6.88005027e+01 
 1.38200000e+00  6.88259095e+01 
 1.38300000e+00  6.88513108e+01 
 1.38400000e+00  6.88766775e+01 
 1.38500000e+00  6.89020019e+01 
 1.38600000e+00  6.89273017e+01 
 1.38700000e+00  6.89525817e+01 
 1.38800000e+00  6.89778419e+01 
 1.38900000e+00  6.90030713e+01 
 1.39000000e+00  6.90282401e+01 
 1.39100000e+00  6.90534272e+01 
 1.39200000e+00  6.90785698e+01 
 1.39300000e+00  6.91036770e+01 
 1.39400000e+00  6.91287856e+01 
 1.39500000e+00  6.91538336e+01 
 1.39600000e+00  6.91788753e+01 
 1.39700000e+00  6.92038889e+01 
 1.39800000e+00  6.92288650e+01 
 1.39900000e+00  6.92538177e+01 
 1.40000000e+00  6.92787409e+01 
 1.40100000e+00  6.93036323e+01 
 1.40200000e+00  6.93285193e+01 
 1.40300000e+00  6.93533699e+01 
 1.40400000e+00  6.93781602e+01 
 1.40500000e+00  6.94029463e+01 
 1.40600000e+00  6.94277441e+01 
 1.40700000e+00  6.94524822e+01 
 1.40800000e+00  6.94771738e+01 
 1.40900000e+00  6.95018440e+01 
 1.41000000e+00  6.95264971e+01 
 1.41100000e+00  6.95511352e+01 
 1.41200000e+00  6.95757441e+01 
 1.41300000e+00  6.96003064e+01 
 1.41400000e+00  6.96248520e+01 
 1.41500000e+00  6.96493757e+01 
 1.41600000e+00  6.96738466e+01 
 1.41700000e+00  6.96983015e+01 
 1.41800000e+00  6.97227543e+01 
 1.41900000e+00  6.97471739e+01 
 1.42000000e+00  6.97715293e+01 
 1.42100000e+00  6.97958746e+01 
 1.42200000e+00  6.98202102e+01 
 1.42300000e+00  6.98445196e+01 
 1.42400000e+00  6.98687704e+01 
 1.42500000e+00  6.98930026e+01 
 1.42600000e+00  6.99172159e+01 
 1.42700000e+00  6.99414066e+01 
 1.42800000e+00  6.99655756e+01 
 1.42900000e+00  6.99896968e+01 
 1.43000000e+00  7.00137933e+01 
 1.43100000e+00  7.00378490e+01 
 1.43200000e+00  7.00618995e+01 
 1.43300000e+00  7.00859273e+01 
 1.43400000e+00  7.01099147e+01 
 1.43500000e+00  7.01338570e+01 
 1.43600000e+00  7.01577883e+01 
 1.43700000e+00  7.01817039e+01 
 1.43800000e+00  7.02055698e+01 
 1.43900000e+00  7.02294126e+01 
 1.44000000e+00  7.02532262e+01 
 1.44100000e+00  7.02770222e+01 
 1.44200000e+00  7.03007799e+01 
 1.44300000e+00  7.03245070e+01 
 1.44400000e+00  7.03481949e+01 
 1.44500000e+00  7.03718724e+01 
 1.44600000e+00  7.03955326e+01 
 1.44700000e+00  7.04191292e+01 
 1.44800000e+00  7.04427134e+01 
 1.44900000e+00  7.04662891e+01 
 1.45000000e+00  7.04897931e+01 
 1.45100000e+00  7.05132873e+01 
 1.45200000e+00  7.05367649e+01 
 1.45300000e+00  7.05602039e+01 
 1.45400000e+00  7.05836165e+01 
 1.45500000e+00  7.06069954e+01 
 1.45600000e+00  7.06303387e+01 
 1.45700000e+00  7.06536656e+01 
 1.45800000e+00  7.06769512e+01 
 1.45900000e+00  7.07002033e+01 
 1.46000000e+00  7.07234593e+01 
 1.46100000e+00  7.07466395e+01 
 1.46200000e+00  7.07697980e+01 
 1.46300000e+00  7.07929414e+01 
 1.46400000e+00  7.08160697e+01 
 1.46500000e+00  7.08391522e+01 
 1.46600000e+00  7.08621840e+01 
 1.46700000e+00  7.08852011e+01 
 1.46800000e+00  7.09081977e+01 
 1.46900000e+00  7.09311395e+01 
 1.47000000e+00  7.09540669e+01 
 1.47100000e+00  7.09769811e+01 
 1.47200000e+00  7.09998201e+01 
 1.47300000e+00  7.10226606e+01 
 1.47400000e+00  7.10454676e+01 
 1.47500000e+00  7.10682279e+01 
 1.47600000e+00  7.10909751e+01 
 1.47700000e+00  7.11136766e+01 
 1.47800000e+00  7.11363505e+01 
 1.47900000e+00  7.11589912e+01 
 1.48000000e+00  7.11816002e+01 
 1.48100000e+00  7.12041953e+01 
 1.48200000e+00  7.12267344e+01 
 1.48300000e+00  7.12492392e+01 
 1.48400000e+00  7.12717260e+01 
 1.48500000e+00  7.12941634e+01 
 1.48600000e+00  7.13165895e+01 
 1.48700000e+00  7.13389904e+01 
 1.48800000e+00  7.13613301e+01 
 1.48900000e+00  7.13836351e+01 
 1.49000000e+00  7.14059338e+01 
 1.49100000e+00  7.14281971e+01 
 1.49200000e+00  7.14503889e+01 
 1.49300000e+00  7.14725871e+01 
 1.49400000e+00  7.14947490e+01 
 1.49500000e+00  7.15168619e+01 
 1.49600000e+00  7.15389449e+01 
 1.49700000e+00  7.15609733e+01 
 1.49800000e+00  7.15830055e+01 
 1.49900000e+00  7.16049952e+01 
 1.50000000e+00  7.16269162e+01 
 1.50100000e+00  7.16488478e+01 
 1.50200000e+00  7.16707303e+01 
 1.50300000e+00  7.16925636e+01 
 1.50400000e+00  7.17143728e+01 
 1.50500000e+00  7.17361333e+01 
 1.50600000e+00  7.17578707e+01 
 1.50700000e+00  7.17795791e+01 
 1.50800000e+00  7.18012432e+01 
 1.50900000e+00  7.18228793e+01 
 1.51000000e+00  7.18444616e+01 
 1.51100000e+00  7.18660169e+01 
 1.51200000e+00  7.18875576e+01 
 1.51300000e+00  7.19090229e+01 
 1.51400000e+00  7.19304806e+01 
 1.51500000e+00  7.19518880e+01 
 1.51600000e+00  7.19732652e+01 
 1.51700000e+00  7.19945927e+01 
 1.51800000e+00  7.20158827e+01 
 1.51900000e+00  7.20371587e+01 
 1.52000000e+00  7.20583759e+01 
 1.52100000e+00  7.20795625e+01 
 1.52200000e+00  7.21006959e+01 
 1.52300000e+00  7.21218205e+01 
 1.52400000e+00  7.21429041e+01 
 1.52500000e+00  7.21639196e+01 
 1.52600000e+00  7.21849011e+01 
 1.52700000e+00  7.22058605e+01 
 1.52800000e+00  7.22267697e+01 
 1.52900000e+00  7.22476383e+01 
 1.53000000e+00  7.22684916e+01 
 1.53100000e+00  7.22892898e+01 
 1.53200000e+00  7.23100364e+01 
 1.53300000e+00  7.23307420e+01 
 1.53400000e+00  7.23514148e+01 
 1.53500000e+00  7.23720375e+01 
 1.53600000e+00  7.23926409e+01 
 1.53700000e+00  7.24131917e+01 
 1.53800000e+00  7.24336976e+01 
 1.53900000e+00  7.24541810e+01 
 1.54000000e+00  7.24745834e+01 
 1.54100000e+00  7.24949621e+01 
 1.54200000e+00  7.25153063e+01 
 1.54300000e+00  7.25356068e+01 
 1.54400000e+00  7.25558678e+01 
 1.54500000e+00  7.25760629e+01 
 1.54600000e+00  7.25962189e+01 
 1.54700000e+00  7.26163664e+01 
 1.54800000e+00  7.26364482e+01 
 1.54900000e+00  7.26564649e+01 
 1.55000000e+00  7.26764621e+01 
 1.55100000e+00  7.26964192e+01 
 1.55200000e+00  7.27163139e+01 
 1.55300000e+00  7.27361455e+01 
 1.55400000e+00  7.27559693e+01 
 1.55500000e+00  7.27757534e+01 
 1.55600000e+00  7.27954554e+01 
 1.55700000e+00  7.28151210e+01 
 1.55800000e+00  7.28347503e+01 
 1.55900000e+00  7.28543280e+01 
 1.56000000e+00  7.28738546e+01 
 1.56100000e+00  7.28933513e+01 
 1.56200000e+00  7.29127919e+01 
 1.56300000e+00  7.29321557e+01 
 1.56400000e+00  7.29515142e+01 
 1.56500000e+00  7.29708018e+01 
 1.56600000e+00  7.29900354e+01 
 1.56700000e+00  7.30092295e+01 
 1.56800000e+00  7.30283718e+01 
 1.56900000e+00  7.30474635e+01 
 1.57000000e+00  7.30665075e+01 
 1.57100000e+00  7.30854928e+01 
 1.57200000e+00  7.31044370e+01 
 1.57300000e+00  7.31233497e+01 
 1.57400000e+00  7.31421675e+01 
 1.57500000e+00  7.31609470e+01 
 1.57600000e+00  7.31796935e+01 
 1.57700000e+00  7.31983570e+01 
 1.57800000e+00  7.32169800e+01 
 1.57900000e+00  7.32355802e+01 
 1.58000000e+00  7.32541100e+01 
 1.58100000e+00  7.32725631e+01 
 1.58200000e+00  7.32909638e+01 
 1.58300000e+00  7.33093389e+01 
 1.58400000e+00  7.33276438e+01 
 1.58500000e+00  7.33458893e+01 
 1.58600000e+00  7.33640851e+01 
 1.58700000e+00  7.33822202e+01 
 1.58800000e+00  7.34002951e+01 
 1.58900000e+00  7.34183139e+01 
 1.59000000e+00  7.34362851e+01 
 1.59100000e+00  7.34541775e+01 
 1.59200000e+00  7.34720411e+01 
 1.59300000e+00  7.34898588e+01 
 1.59400000e+00  7.35075745e+01 
 1.59500000e+00  7.35252349e+01 
 1.59600000e+00  7.35428607e+01 
 1.59700000e+00  7.35604200e+01 
 1.59800000e+00  7.35779076e+01 
 1.59900000e+00  7.35953518e+01 
 1.60000000e+00  7.36127260e+01 
 1.60100000e+00  7.36300258e+01 
 1.60200000e+00  7.36472771e+01 
 1.60300000e+00  7.36644723e+01 
 1.60400000e+00  7.36815934e+01 
 1.60500000e+00  7.36986441e+01 
 1.60600000e+00  7.37156304e+01 
 1.60700000e+00  7.37325769e+01 
 1.60800000e+00  7.37494571e+01 
 1.60900000e+00  7.37662305e+01 
 1.61000000e+00  7.37829880e+01 
 1.61100000e+00  7.37996510e+01 
 1.61200000e+00  7.38162329e+01 
 1.61300000e+00  7.38328043e+01 
 1.61400000e+00  7.38492951e+01 
 1.61500000e+00  7.38656674e+01 
 1.61600000e+00  7.38819818e+01 
 1.61700000e+00  7.38982779e+01 
 1.61800000e+00  7.39144564e+01 
 1.61900000e+00  7.39305860e+01 
 1.62000000e+00  7.39466612e+01 
 1.62100000e+00  7.39626432e+01 
 1.62200000e+00  7.39785469e+01 
 1.62300000e+00  7.39943684e+01 
 1.62400000e+00  7.40101456e+01 
 1.62500000e+00  7.40258554e+01 
 1.62600000e+00  7.40414790e+01 
 1.62700000e+00  7.40570388e+01 
 1.62800000e+00  7.40725078e+01 
 1.62900000e+00  7.40879028e+01 
 1.63000000e+00  7.41032373e+01 
 1.63100000e+00  7.41184815e+01 
 1.63200000e+00  7.41336500e+01 
 1.63300000e+00  7.41487373e+01 
 1.63400000e+00  7.41637644e+01 
 1.63500000e+00  7.41787063e+01 
 1.63600000e+00  7.41935816e+01 
 1.63700000e+00  7.42083614e+01 
 1.63800000e+00  7.42230463e+01 
 1.63900000e+00  7.42376656e+01 
 1.64000000e+00  7.42522293e+01 
 1.64100000e+00  7.42667040e+01 
 1.64200000e+00  7.42810532e+01 
 1.64300000e+00  7.42953540e+01 
 1.64400000e+00  7.43095743e+01 
 1.64500000e+00  7.43236700e+01 
 1.64600000e+00  7.43377146e+01 
 1.64700000e+00  7.43517161e+01 
 1.64800000e+00  7.43655820e+01 
 1.64900000e+00  7.43793563e+01 
 1.65000000e+00  7.43930444e+01 
 1.65100000e+00  7.44066658e+01 
 1.65200000e+00  7.44201927e+01 
 1.65300000e+00  7.44336100e+01 
 1.65400000e+00  7.44469772e+01 
 1.65500000e+00  7.44602389e+01 
 1.65600000e+00  7.44734045e+01 
 1.65700000e+00  7.44864877e+01 
 1.65800000e+00  7.44994417e+01 
 1.65900000e+00  7.45123346e+01 
 1.66000000e+00  7.45251379e+01 
 1.66100000e+00  7.45378445e+01 
 1.66200000e+00  7.45504645e+01 
 1.66300000e+00  7.45629699e+01 
 1.66400000e+00  7.45753746e+01 
 1.66500000e+00  7.45876777e+01 
 1.66600000e+00  7.45999046e+01 
 1.66700000e+00  7.46120621e+01 
 1.66800000e+00  7.46240849e+01 
 1.66900000e+00  7.46359837e+01 
 1.67000000e+00  7.46478096e+01 
 1.67100000e+00  7.46595448e+01 
 1.67200000e+00  7.46711880e+01 
 1.67300000e+00  7.46827080e+01 
 1.67400000e+00  7.46941244e+01 
 1.67500000e+00  7.47054174e+01 
 1.67600000e+00  7.47166218e+01 
 1.67700000e+00  7.47277546e+01 
 1.67800000e+00  7.47387320e+01 
 1.67900000e+00  7.47496155e+01 
 1.68000000e+00  7.47604341e+01 
 1.68100000e+00  7.47711001e+01 
 1.68200000e+00  7.47816586e+01 
 1.68300000e+00  7.47921132e+01 
 1.68400000e+00  7.48024709e+01 
 1.68500000e+00  7.48127194e+01 
 1.68600000e+00  7.48228251e+01 
 1.68700000e+00  7.48328315e+01 
 1.68800000e+00  7.48427344e+01 
 1.68900000e+00  7.48525207e+01 
 1.69000000e+00  7.48621764e+01 
 1.69100000e+00  7.48717257e+01 
 1.69200000e+00  7.48811849e+01 
 1.69300000e+00  7.48904853e+01 
 1.69400000e+00  7.48996770e+01 
 1.69500000e+00  7.49087656e+01 
 1.69600000e+00  7.49177353e+01 
 1.69700000e+00  7.49265737e+01 
 1.69800000e+00  7.49352674e+01 
 1.69900000e+00  7.49438775e+01 
 1.70000000e+00  7.49523376e+01 
 1.70100000e+00  7.49606694e+01 
 1.70200000e+00  7.49688924e+01 
 1.70300000e+00  7.49769990e+01 
 1.70400000e+00  7.49849738e+01 
 1.70500000e+00  7.49927859e+01 
 1.70600000e+00  7.50004955e+01 
 1.70700000e+00  7.50080876e+01 
 1.70800000e+00  7.50155431e+01 
 1.70900000e+00  7.50228703e+01 
 1.71000000e+00  7.50300394e+01 
 1.71100000e+00  7.50370737e+01 
 1.71200000e+00  7.50440081e+01 
 1.71300000e+00  7.50507990e+01 
 1.71400000e+00  7.50574407e+01 
 1.71500000e+00  7.50639657e+01 
 1.71600000e+00  7.50703150e+01 
 1.71700000e+00  7.50765366e+01 
 1.71800000e+00  7.50826586e+01 
 1.71900000e+00  7.50885925e+01 
 1.72000000e+00  7.50944023e+01 
 1.72100000e+00  7.51000816e+01 
 1.72200000e+00  7.51055937e+01 
 1.72300000e+00  7.51109823e+01 
 1.72400000e+00  7.51162253e+01 
 1.72500000e+00  7.51213055e+01 
 1.72600000e+00  7.51262510e+01 
 1.72700000e+00  7.51310400e+01 
 1.72800000e+00  7.51356537e+01 
 1.72900000e+00  7.51401575e+01 
 1.73000000e+00  7.51445226e+01 
 1.73100000e+00  7.51487034e+01 
 1.73200000e+00  7.51527202e+01 
 1.73300000e+00  7.51566173e+01 
 1.73400000e+00  7.51603479e+01 
 1.73500000e+00  7.51639087e+01 
 1.73600000e+00  7.51672932e+01 
 1.73700000e+00  7.51705501e+01 
 1.73800000e+00  7.51736821e+01 
 1.73900000e+00  7.51765932e+01 
 1.74000000e+00  7.51793562e+01 
 1.74100000e+00  7.51819627e+01 
 1.74200000e+00  7.51844144e+01 
 1.74300000e+00  7.51866844e+01 
 1.74400000e+00  7.51887958e+01 
 1.74500000e+00  7.51907666e+01 
 1.74600000e+00  7.51925099e+01 
 1.74700000e+00  7.51941158e+01 
 1.74800000e+00  7.51955816e+01 
 1.74900000e+00  7.51968469e+01 
 1.75000000e+00  7.51979329e+01 
 1.75100000e+00  7.51988595e+01 
 1.75200000e+00  7.51995978e+01 
 1.75300000e+00  7.52001522e+01 
 1.75400000e+00  7.52005568e+01 
 1.75500000e+00  7.52007885e+01 
 1.75600000e+00  7.52008119e+01 
 1.75700000e+00  7.52006701e+01 
 1.75800000e+00  7.52003457e+01 
 1.75900000e+00  7.51998458e+01 
 1.76000000e+00  7.51991627e+01 
 1.76100000e+00  7.51982436e+01 
 1.76200000e+00  7.51972096e+01 
 1.76300000e+00  7.51959853e+01 
 1.76400000e+00  7.51945309e+01 
 1.76500000e+00  7.51928760e+01 
 1.76600000e+00  7.51910657e+01 
 1.76700000e+00  7.51890967e+01 
 1.76800000e+00  7.51868919e+01 
 1.76900000e+00  7.51844682e+01 
 1.77000000e+00  7.51818692e+01 
 1.77100000e+00  7.51791148e+01 
 1.77200000e+00  7.51761352e+01 
 1.77300000e+00  7.51729445e+01 
 1.77400000e+00  7.51695639e+01 
 1.77500000e+00  7.51659690e+01 
 1.77600000e+00  7.51621652e+01 
 1.77700000e+00  7.51582057e+01 
 1.77800000e+00  7.51540141e+01 
 1.77900000e+00  7.51495996e+01 
 1.78000000e+00  7.51450046e+01 
 1.78100000e+00  7.51401689e+01 
 1.78200000e+00  7.51351463e+01 
 1.78300000e+00  7.51299268e+01 
 1.78400000e+00  7.51244758e+01 
 1.78500000e+00  7.51188183e+01 
 1.78600000e+00  7.51129552e+01 
 1.78700000e+00  7.51068557e+01 
 1.78800000e+00  7.51005437e+01 
 1.78900000e+00  7.50940020e+01 
 1.79000000e+00  7.50872576e+01 
 1.79100000e+00  7.50803093e+01 
 1.79200000e+00  7.50731259e+01 
 1.79300000e+00  7.50656915e+01 
 1.79400000e+00  7.50580824e+01 
 1.79500000e+00  7.50502251e+01 
 1.79600000e+00  7.50421083e+01 
 1.79700000e+00  7.50338135e+01 
 1.79800000e+00  7.50252484e+01 
 1.79900000e+00  7.50164800e+01 
 1.80000000e+00  7.50076407e+01 
