 2.00000000e-01  5.59303321e+00 
 2.01000000e-01  5.78330113e+00 
 2.02000000e-01  5.90493671e+00 
 2.03000000e-01  5.97145180e+00 
 2.04000000e-01  6.06195826e+00 
 2.05000000e-01  6.15292862e+00 
 2.06000000e-01  6.24434533e+00 
 2.07000000e-01  6.33618971e+00 
 2.08000000e-01  6.42844328e+00 
 2.09000000e-01  6.52108768e+00 
 2.10000000e-01  6.61410461e+00 
 2.11000000e-01  6.70747592e+00 
 2.12000000e-01  6.80118360e+00 
 2.13000000e-01  6.89520978e+00 
 2.14000000e-01  6.98953681e+00 
 2.15000000e-01  7.08414717e+00 
 2.16000000e-01  7.17902357e+00 
 2.17000000e-01  7.27414893e+00 
 2.18000000e-01  7.36950640e+00 
 2.19000000e-01  7.46507931e+00 
 2.20000000e-01  7.56085126e+00 
 2.21000000e-01  7.65680618e+00 
 2.22000000e-01  7.75292815e+00 
 2.23000000e-01  7.84920151e+00 
 2.24000000e-01  7.94561094e+00 
 2.25000000e-01  8.04214137e+00 
 2.26000000e-01  8.13877802e+00 
 2.27000000e-01  8.23550638e+00 
 2.28000000e-01  8.33231215e+00 
 2.29000000e-01  8.42918145e+00 
 2.30000000e-01  8.52610067e+00 
 2.31000000e-01  8.62305641e+00 
 2.32000000e-01  8.72003565e+00 
 2.33000000e-01  8.81702558e+00 
 2.34000000e-01  8.91401372e+00 
 2.35000000e-01  9.01098798e+00 
 2.36000000e-01  9.10793643e+00 
 2.37000000e-01  9.20484748e+00 
 2.38000000e-01  9.30170990e+00 
 2.39000000e-01  9.39851262e+00 
 2.40000000e-01  9.49524493e+00 
 2.41000000e-01  9.59189645e+00 
 2.42000000e-01  9.68845696e+00 
 2.43000000e-01  9.78491661e+00 
 2.44000000e-01  9.88126588e+00 
 2.45000000e-01  9.97749540e+00 
 2.46000000e-01  1.00735961e+01 
 2.47000000e-01  1.01695592e+01 
 2.48000000e-01  1.02653763e+01 
 2.49000000e-01  1.03610390e+01 
 2.50000000e-01  1.04565394e+01 
 2.51000000e-01  1.05518697e+01 
 2.52000000e-01  1.06470224e+01 
 2.53000000e-01  1.07419902e+01 
 2.54000000e-01  1.08367661e+01 
 2.55000000e-01  1.09313434e+01 
 2.56000000e-01  1.10257154e+01 
 2.57000000e-01  1.11198759e+01 
 2.58000000e-01  1.12138188e+01 
 2.59000000e-01  1.13075380e+01 
 2.60000000e-01  1.14010281e+01 
 2.61000000e-01  1.14942834e+01 
 2.62000000e-01  1.15872987e+01 
 2.63000000e-01  1.16800690e+01 
 2.64000000e-01  1.17725894e+01 
 2.65000000e-01  1.18648552e+01 
 2.66000000e-01  1.19568617e+01 
 2.67000000e-01  1.20486049e+01 
 2.68000000e-01  1.21400806e+01 
 2.69000000e-01  1.22312846e+01 
 2.70000000e-01  1.23222132e+01 
 2.71000000e-01  1.24128630e+01 
 2.72000000e-01  1.25032303e+01 
 2.73000000e-01  1.25933117e+01 
 2.74000000e-01  1.26831043e+01 
 2.75000000e-01  1.27726050e+01 
 2.76000000e-01  1.28618107e+01 
 2.77000000e-01  1.29507189e+01 
 2.78000000e-01  1.30393271e+01 
 2.79000000e-01  1.31276325e+01 
 2.80000000e-01  1.32156331e+01 
 2.81000000e-01  1.33033265e+01 
 2.82000000e-01  1.33907106e+01 
 2.83000000e-01  1.34777837e+01 
 2.84000000e-01  1.35645437e+01 
 2.85000000e-01  1.36509889e+01 
 2.86000000e-01  1.37371178e+01 
 2.87000000e-01  1.38229287e+01 
 2.88000000e-01  1.39084205e+01 
 2.89000000e-01  1.39935916e+01 
 2.90000000e-01  1.40784409e+01 
 2.91000000e-01  1.41629674e+01 
 2.92000000e-01  1.42471697e+01 
 2.93000000e-01  1.43310472e+01 
 2.94000000e-01  1.44145992e+01 
 2.95000000e-01  1.44978245e+01 
 2.96000000e-01  1.45807226e+01 
 2.97000000e-01  1.46632930e+01 
 2.98000000e-01  1.47455350e+01 
 2.99000000e-01  1.48274484e+01 
 3.00000000e-01  1.49090325e+01 
 3.01000000e-01  1.49902871e+01 
 3.02000000e-01  1.50712121e+01 
 3.03000000e-01  1.51518073e+01 
 3.04000000e-01  1.52320724e+01 
 3.05000000e-01  1.53120075e+01 
 3.06000000e-01  1.53916124e+01 
 3.07000000e-01  1.54708874e+01 
 3.08000000e-01  1.55498326e+01 
 3.09000000e-01  1.56284480e+01 
 3.10000000e-01  1.57067338e+01 
 3.11000000e-01  1.57846904e+01 
 3.12000000e-01  1.58623182e+01 
 3.13000000e-01  1.59396175e+01 
 3.14000000e-01  1.60165885e+01 
 3.15000000e-01  1.60932319e+01 
 3.16000000e-01  1.61695480e+01 
 3.17000000e-01  1.62455376e+01 
 3.18000000e-01  1.63212009e+01 
 3.19000000e-01  1.63965388e+01 
 3.20000000e-01  1.64715519e+01 
 3.21000000e-01  1.65462407e+01 
 3.22000000e-01  1.66206062e+01 
 3.23000000e-01  1.66946488e+01 
 3.24000000e-01  1.67683695e+01 
 3.25000000e-01  1.68417692e+01 
 3.26000000e-01  1.69148485e+01 
 3.27000000e-01  1.69876082e+01 
 3.28000000e-01  1.70600494e+01 
 3.29000000e-01  1.71321729e+01 
 3.30000000e-01  1.72039796e+01 
 3.31000000e-01  1.72754708e+01 
 3.32000000e-01  1.73466469e+01 
 3.33000000e-01  1.74175092e+01 
 3.34000000e-01  1.74880590e+01 
 3.35000000e-01  1.75582969e+01 
 3.36000000e-01  1.76282240e+01 
 3.37000000e-01  1.76978415e+01 
 3.38000000e-01  1.77671504e+01 
 3.39000000e-01  1.78361521e+01 
 3.40000000e-01  1.79048476e+01 
 3.41000000e-01  1.79732376e+01 
 3.42000000e-01  1.80413236e+01 
 3.43000000e-01  1.81091068e+01 
 3.44000000e-01  1.81765884e+01 
 3.45000000e-01  1.82437695e+01 
 3.46000000e-01  1.83106512e+01 
 3.47000000e-01  1.83772350e+01 
 3.48000000e-01  1.84435217e+01 
 3.49000000e-01  1.85095129e+01 
 3.50000000e-01  1.85752098e+01 
 3.51000000e-01  1.86406133e+01 
 3.52000000e-01  1.87057249e+01 
 3.53000000e-01  1.87705460e+01 
 3.54000000e-01  1.88350779e+01 
 3.55000000e-01  1.88993214e+01 
 3.56000000e-01  1.89632780e+01 
 3.57000000e-01  1.90269492e+01 
 3.58000000e-01  1.90903361e+01 
 3.59000000e-01  1.91534400e+01 
 3.60000000e-01  1.92162623e+01 
 3.61000000e-01  1.92788044e+01 
 3.62000000e-01  1.93410670e+01 
 3.63000000e-01  1.94030522e+01 
 3.64000000e-01  1.94647608e+01 
 3.65000000e-01  1.95261941e+01 
 3.66000000e-01  1.95873540e+01 
 3.67000000e-01  1.96482411e+01 
 3.68000000e-01  1.97088570e+01 
 3.69000000e-01  1.97692031e+01 
 3.70000000e-01  1.98292805e+01 
 3.71000000e-01  1.98890907e+01 
 3.72000000e-01  1.99486352e+01 
 3.73000000e-01  2.00079148e+01 
 3.74000000e-01  2.00669311e+01 
 3.75000000e-01  2.01256858e+01 
 3.76000000e-01  2.01841794e+01 
 3.77000000e-01  2.02424138e+01 
 3.78000000e-01  2.03003903e+01 
 3.79000000e-01  2.03581098e+01 
 3.80000000e-01  2.04155741e+01 
 3.81000000e-01  2.04727843e+01 
 3.82000000e-01  2.05297417e+01 
 3.83000000e-01  2.05864476e+01 
 3.84000000e-01  2.06429031e+01 
 3.85000000e-01  2.06991098e+01 
 3.86000000e-01  2.07550693e+01 
 3.87000000e-01  2.08107821e+01 
 3.88000000e-01  2.08662500e+01 
 3.89000000e-01  2.09214742e+01 
 3.90000000e-01  2.09764557e+01 
 3.91000000e-01  2.10311961e+01 
 3.92000000e-01  2.10856970e+01 
 3.93000000e-01  2.11399591e+01 
 3.94000000e-01  2.11939836e+01 
 3.95000000e-01  2.12477723e+01 
 3.96000000e-01  2.13013261e+01 
 3.97000000e-01  2.13546461e+01 
 3.98000000e-01  2.14077341e+01 
 3.99000000e-01  2.14605911e+01 
 4.00000000e-01  2.15132181e+01 
 4.01000000e-01  2.15656166e+01 
 4.02000000e-01  2.16177876e+01 
 4.03000000e-01  2.16697327e+01 
 4.04000000e-01  2.17214528e+01 
 4.05000000e-01  2.17729489e+01 
 4.06000000e-01  2.18242233e+01 
 4.07000000e-01  2.18752761e+01 
 4.08000000e-01  2.19261084e+01 
 4.09000000e-01  2.19767222e+01 
 4.10000000e-01  2.20271187e+01 
 4.11000000e-01  2.20772983e+01 
 4.12000000e-01  2.21272628e+01 
 4.13000000e-01  2.21770133e+01 
 4.14000000e-01  2.22265505e+01 
 4.15000000e-01  2.22758763e+01 
 4.16000000e-01  2.23249915e+01 
 4.17000000e-01  2.23738973e+01 
 4.18000000e-01  2.24225946e+01 
 4.19000000e-01  2.24710847e+01 
 4.20000000e-01  2.25193693e+01 
 4.21000000e-01  2.25674488e+01 
 4.22000000e-01  2.26153244e+01 
 4.23000000e-01  2.26629977e+01 
 4.24000000e-01  2.27104691e+01 
 4.25000000e-01  2.27577405e+01 
 4.26000000e-01  2.28048127e+01 
 4.27000000e-01  2.28516864e+01 
 4.28000000e-01  2.28983633e+01 
 4.29000000e-01  2.29448440e+01 
 4.30000000e-01  2.29911302e+01 
 4.31000000e-01  2.30372225e+01 
 4.32000000e-01  2.30831220e+01 
 4.33000000e-01  2.31288296e+01 
 4.34000000e-01  2.31743467e+01 
 4.35000000e-01  2.32196746e+01 
 4.36000000e-01  2.32648138e+01 
 4.37000000e-01  2.33097655e+01 
 4.38000000e-01  2.33545308e+01 
 4.39000000e-01  2.33991108e+01 
 4.40000000e-01  2.34435062e+01 
 4.41000000e-01  2.34877186e+01 
 4.42000000e-01  2.35317488e+01 
 4.43000000e-01  2.35755974e+01 
 4.44000000e-01  2.36192658e+01 
 4.45000000e-01  2.36627548e+01 
 4.46000000e-01  2.37060656e+01 
 4.47000000e-01  2.37491992e+01 
 4.48000000e-01  2.37921563e+01 
 4.49000000e-01  2.38349381e+01 
 4.50000000e-01  2.38775458e+01 
 4.51000000e-01  2.39199800e+01 
 4.52000000e-01  2.39622412e+01 
 4.53000000e-01  2.40043312e+01 
 4.54000000e-01  2.40462510e+01 
 4.55000000e-01  2.40880012e+01 
 4.56000000e-01  2.41295825e+01 
 4.57000000e-01  2.41709960e+01 
 4.58000000e-01  2.42122426e+01 
 4.59000000e-01  2.42533234e+01 
 4.60000000e-01  2.42942394e+01 
 4.61000000e-01  2.43349915e+01 
 4.62000000e-01  2.43755799e+01 
 4.63000000e-01  2.44160062e+01 
 4.64000000e-01  2.44562716e+01 
 4.65000000e-01  2.44963761e+01 
 4.66000000e-01  2.45363212e+01 
 4.67000000e-01  2.45761076e+01 
 4.68000000e-01  2.46157359e+01 
 4.69000000e-01  2.46552074e+01 
 4.70000000e-01  2.46945229e+01 
 4.71000000e-01  2.47336831e+01 
 4.72000000e-01  2.47726884e+01 
 4.73000000e-01  2.48115410e+01 
 4.74000000e-01  2.48502404e+01 
 4.75000000e-01  2.48887880e+01 
 4.76000000e-01  2.49271849e+01 
 4.77000000e-01  2.49654310e+01 
 4.78000000e-01  2.50035276e+01 
 4.79000000e-01  2.50414764e+01 
 4.80000000e-01  2.50792771e+01 
 4.81000000e-01  2.51169305e+01 
 4.82000000e-01  2.51544382e+01 
 4.83000000e-01  2.51918002e+01 
 4.84000000e-01  2.52290176e+01 
 4.85000000e-01  2.52660914e+01 
 4.86000000e-01  2.53030222e+01 
 4.87000000e-01  2.53398106e+01 
 4.88000000e-01  2.53764577e+01 
 4.89000000e-01  2.54129641e+01 
 4.90000000e-01  2.54493302e+01 
 4.91000000e-01  2.54855576e+01 
 4.92000000e-01  2.55216468e+01 
 4.93000000e-01  2.55575980e+01 
 4.94000000e-01  2.55934119e+01 
 4.95000000e-01  2.56290899e+01 
 4.96000000e-01  2.56646324e+01 
 4.97000000e-01  2.57000406e+01 
 4.98000000e-01  2.57353145e+01 
 4.99000000e-01  2.57704548e+01 
 5.00000000e-01  2.58054627e+01 
 5.01000000e-01  2.58403386e+01 
 5.02000000e-01  2.58750842e+01 
 5.03000000e-01  2.59096988e+01 
 5.04000000e-01  2.59441832e+01 
 5.05000000e-01  2.59785392e+01 
 5.06000000e-01  2.60127667e+01 
 5.07000000e-01  2.60468662e+01 
 5.08000000e-01  2.60808385e+01 
 5.09000000e-01  2.61146849e+01 
 5.10000000e-01  2.61484058e+01 
 5.11000000e-01  2.61820018e+01 
 5.12000000e-01  2.62154730e+01 
 5.13000000e-01  2.62488208e+01 
 5.14000000e-01  2.62820455e+01 
 5.15000000e-01  2.63151479e+01 
 5.16000000e-01  2.63481286e+01 
 5.17000000e-01  2.63809880e+01 
 5.18000000e-01  2.64137276e+01 
 5.19000000e-01  2.64463467e+01 
 5.20000000e-01  2.64788468e+01 
 5.21000000e-01  2.65112292e+01 
 5.22000000e-01  2.65434928e+01 
 5.23000000e-01  2.65756387e+01 
 5.24000000e-01  2.66076688e+01 
 5.25000000e-01  2.66395826e+01 
 5.26000000e-01  2.66713808e+01 
 5.27000000e-01  2.67030644e+01 
 5.28000000e-01  2.67346340e+01 
 5.29000000e-01  2.67660895e+01 
 5.30000000e-01  2.67974314e+01 
 5.31000000e-01  2.68286617e+01 
 5.32000000e-01  2.68597800e+01 
 5.33000000e-01  2.68907863e+01 
 5.34000000e-01  2.69216825e+01 
 5.35000000e-01  2.69524689e+01 
 5.36000000e-01  2.69831454e+01 
 5.37000000e-01  2.70137125e+01 
 5.38000000e-01  2.70441708e+01 
 5.39000000e-01  2.70745219e+01 
 5.40000000e-01  2.71047656e+01 
 5.41000000e-01  2.71349027e+01 
 5.42000000e-01  2.71649338e+01 
 5.43000000e-01  2.71948581e+01 
 5.44000000e-01  2.72246775e+01 
 5.45000000e-01  2.72543928e+01 
 5.46000000e-01  2.72840043e+01 
 5.47000000e-01  2.73135118e+01 
 5.48000000e-01  2.73429161e+01 
 5.49000000e-01  2.73722186e+01 
 5.50000000e-01  2.74014182e+01 
 5.51000000e-01  2.74305168e+01 
 5.52000000e-01  2.74595146e+01 
 5.53000000e-01  2.74884119e+01 
 5.54000000e-01  2.75172094e+01 
 5.55000000e-01  2.75459072e+01 
 5.56000000e-01  2.75745066e+01 
 5.57000000e-01  2.76030068e+01 
 5.58000000e-01  2.76314097e+01 
 5.59000000e-01  2.76597154e+01 
 5.60000000e-01  2.76879232e+01 
 5.61000000e-01  2.77160356e+01 
 5.62000000e-01  2.77440523e+01 
 5.63000000e-01  2.77719721e+01 
 5.64000000e-01  2.77997979e+01 
 5.65000000e-01  2.78275296e+01 
 5.66000000e-01  2.78551659e+01 
 5.67000000e-01  2.78827097e+01 
 5.68000000e-01  2.79101604e+01 
 5.69000000e-01  2.79375177e+01 
 5.70000000e-01  2.79647840e+01 
 5.71000000e-01  2.79919577e+01 
 5.72000000e-01  2.80190399e+01 
 5.73000000e-01  2.80460323e+01 
 5.74000000e-01  2.80729340e+01 
 5.75000000e-01  2.80997452e+01 
 5.76000000e-01  2.81264676e+01 
 5.77000000e-01  2.81531009e+01 
 5.78000000e-01  2.81796450e+01 
 5.79000000e-01  2.82061018e+01 
 5.80000000e-01  2.82324705e+01 
 5.81000000e-01  2.82587517e+01 
 5.82000000e-01  2.82849464e+01 
 5.83000000e-01  2.83110547e+01 
 5.84000000e-01  2.83370771e+01 
 5.85000000e-01  2.83630135e+01 
 5.86000000e-01  2.83888648e+01 
 5.87000000e-01  2.84146315e+01 
 5.88000000e-01  2.84403134e+01 
 5.89000000e-01  2.84659116e+01 
 5.90000000e-01  2.84914276e+01 
 5.91000000e-01  2.85168594e+01 
 5.92000000e-01  2.85422077e+01 
 5.93000000e-01  2.85674743e+01 
 5.94000000e-01  2.85926600e+01 
 5.95000000e-01  2.86177632e+01 
 5.96000000e-01  2.86427846e+01 
 5.97000000e-01  2.86677271e+01 
 5.98000000e-01  2.86925879e+01 
 5.99000000e-01  2.87173693e+01 
 6.00000000e-01  2.87420716e+01 
 6.01000000e-01  2.87666931e+01 
 6.02000000e-01  2.87912371e+01 
 6.03000000e-01  2.88157026e+01 
 6.04000000e-01  2.88400895e+01 
 6.05000000e-01  2.88643992e+01 
 6.06000000e-01  2.88886313e+01 
 6.07000000e-01  2.89127868e+01 
 6.08000000e-01  2.89368655e+01 
 6.09000000e-01  2.89608679e+01 
 6.10000000e-01  2.89847941e+01 
 6.11000000e-01  2.90086454e+01 
 6.12000000e-01  2.90324217e+01 
 6.13000000e-01  2.90561227e+01 
 6.14000000e-01  2.90797494e+01 
 6.15000000e-01  2.91033022e+01 
 6.16000000e-01  2.91267818e+01 
 6.17000000e-01  2.91501874e+01 
 6.18000000e-01  2.91735196e+01 
 6.19000000e-01  2.91967793e+01 
 6.20000000e-01  2.92199671e+01 
 6.21000000e-01  2.92430829e+01 
 6.22000000e-01  2.92661265e+01 
 6.23000000e-01  2.92890988e+01 
 6.24000000e-01  2.93120012e+01 
 6.25000000e-01  2.93348322e+01 
 6.26000000e-01  2.93575915e+01 
 6.27000000e-01  2.93802824e+01 
 6.28000000e-01  2.94029034e+01 
 6.29000000e-01  2.94254549e+01 
 6.30000000e-01  2.94479373e+01 
 6.31000000e-01  2.94703504e+01 
 6.32000000e-01  2.94926962e+01 
 6.33000000e-01  2.95149737e+01 
 6.34000000e-01  2.95371824e+01 
 6.35000000e-01  2.95593238e+01 
 6.36000000e-01  2.95813990e+01 
 6.37000000e-01  2.96034072e+01 
 6.38000000e-01  2.96253485e+01 
 6.39000000e-01  2.96472236e+01 
 6.40000000e-01  2.96690327e+01 
 6.41000000e-01  2.96907757e+01 
 6.42000000e-01  2.97124542e+01 
 6.43000000e-01  2.97340680e+01 
 6.44000000e-01  2.97556158e+01 
 6.45000000e-01  2.97770991e+01 
 6.46000000e-01  2.97985193e+01 
 6.47000000e-01  2.98198759e+01 
 6.48000000e-01  2.98411682e+01 
 6.49000000e-01  2.98623962e+01 
 6.50000000e-01  2.98835622e+01 
 6.51000000e-01  2.99046659e+01 
 6.52000000e-01  2.99257070e+01 
 6.53000000e-01  2.99466862e+01 
 6.54000000e-01  2.99676022e+01 
 6.55000000e-01  2.99884570e+01 
 6.56000000e-01  3.00092521e+01 
 6.57000000e-01  3.00299850e+01 
 6.58000000e-01  3.00506564e+01 
 6.59000000e-01  3.00712682e+01 
 6.60000000e-01  3.00918191e+01 
 6.61000000e-01  3.01123108e+01 
 6.62000000e-01  3.01327426e+01 
 6.63000000e-01  3.01531148e+01 
 6.64000000e-01  3.01734282e+01 
 6.65000000e-01  3.01936824e+01 
 6.66000000e-01  3.02138777e+01 
 6.67000000e-01  3.02340146e+01 
 6.68000000e-01  3.02540939e+01 
 6.69000000e-01  3.02741150e+01 
 6.70000000e-01  3.02940789e+01 
 6.71000000e-01  3.03139844e+01 
 6.72000000e-01  3.03338339e+01 
 6.73000000e-01  3.03536264e+01 
 6.74000000e-01  3.03733609e+01 
 6.75000000e-01  3.03930411e+01 
 6.76000000e-01  3.04126643e+01 
 6.77000000e-01  3.04322307e+01 
 6.78000000e-01  3.04517429e+01 
 6.79000000e-01  3.04711997e+01 
 6.80000000e-01  3.04906006e+01 
 6.81000000e-01  3.05099465e+01 
 6.82000000e-01  3.05292378e+01 
 6.83000000e-01  3.05484746e+01 
 6.84000000e-01  3.05676583e+01 
 6.85000000e-01  3.05867876e+01 
 6.86000000e-01  3.06058617e+01 
 6.87000000e-01  3.06248834e+01 
 6.88000000e-01  3.06438523e+01 
 6.89000000e-01  3.06627680e+01 
 6.90000000e-01  3.06816308e+01 
 6.91000000e-01  3.07004409e+01 
 6.92000000e-01  3.07191989e+01 
 6.93000000e-01  3.07379037e+01 
 6.94000000e-01  3.07565573e+01 
 6.95000000e-01  3.07751603e+01 
 6.96000000e-01  3.07937104e+01 
 6.97000000e-01  3.08122089e+01 
 6.98000000e-01  3.08306583e+01 
 6.99000000e-01  3.08490562e+01 
 7.00000000e-01  3.08674024e+01 
 7.01000000e-01  3.08856987e+01 
 7.02000000e-01  3.09039453e+01 
 7.03000000e-01  3.09221415e+01 
 7.04000000e-01  3.09402877e+01 
 7.05000000e-01  3.09583859e+01 
 7.06000000e-01  3.09764341e+01 
 7.07000000e-01  3.09944325e+01 
 7.08000000e-01  3.10123813e+01 
 7.09000000e-01  3.10302825e+01 
 7.10000000e-01  3.10481364e+01 
 7.11000000e-01  3.10659401e+01 
 7.12000000e-01  3.10836965e+01 
 7.13000000e-01  3.11014047e+01 
 7.14000000e-01  3.11190649e+01 
 7.15000000e-01  3.11366793e+01 
 7.16000000e-01  3.11542452e+01 
 7.17000000e-01  3.11717630e+01 
 7.18000000e-01  3.11892358e+01 
 7.19000000e-01  3.12066614e+01 
 7.20000000e-01  3.12240388e+01 
 7.21000000e-01  3.12413713e+01 
 7.22000000e-01  3.12586587e+01 
 7.23000000e-01  3.12758985e+01 
 7.24000000e-01  3.12930924e+01 
 7.25000000e-01  3.13102421e+01 
 7.26000000e-01  3.13273466e+01 
 7.27000000e-01  3.13444046e+01 
 7.28000000e-01  3.13614177e+01 
 7.29000000e-01  3.13783864e+01 
 7.30000000e-01  3.13953108e+01 
 7.31000000e-01  3.14121904e+01 
 7.32000000e-01  3.14290262e+01 
 7.33000000e-01  3.14458173e+01 
 7.34000000e-01  3.14625641e+01 
 7.35000000e-01  3.14792687e+01 
 7.36000000e-01  3.14959284e+01 
 7.37000000e-01  3.15125452e+01 
 7.38000000e-01  3.15291186e+01 
 7.39000000e-01  3.15456491e+01 
 7.40000000e-01  3.15621373e+01 
 7.41000000e-01  3.15785823e+01 
 7.42000000e-01  3.15949846e+01 
 7.43000000e-01  3.16113450e+01 
 7.44000000e-01  3.16276635e+01 
 7.45000000e-01  3.16439394e+01 
 7.46000000e-01  3.16601742e+01 
 7.47000000e-01  3.16763664e+01 
 7.48000000e-01  3.16925177e+01 
 7.49000000e-01  3.17086275e+01 
 7.50000000e-01  3.17246961e+01 
 7.51000000e-01  3.17407252e+01 
 7.52000000e-01  3.17567115e+01 
 7.53000000e-01  3.17726566e+01 
 7.54000000e-01  3.17885622e+01 
 7.55000000e-01  3.18044292e+01 
 7.56000000e-01  3.18202546e+01 
 7.57000000e-01  3.18360391e+01 
 7.58000000e-01  3.18517841e+01 
 7.59000000e-01  3.18674903e+01 
 7.60000000e-01  3.18831570e+01 
 7.61000000e-01  3.18987833e+01 
 7.62000000e-01  3.19143709e+01 
 7.63000000e-01  3.19299196e+01 
 7.64000000e-01  3.19454294e+01 
 7.65000000e-01  3.19608997e+01 
 7.66000000e-01  3.19763323e+01 
 7.67000000e-01  3.19917266e+01 
 7.68000000e-01  3.20070817e+01 
 7.69000000e-01  3.20223990e+01 
 7.70000000e-01  3.20376791e+01 
 7.71000000e-01  3.20529205e+01 
 7.72000000e-01  3.20681229e+01 
 7.73000000e-01  3.20832888e+01 
 7.74000000e-01  3.20984186e+01 
 7.75000000e-01  3.21135109e+01 
 7.76000000e-01  3.21285644e+01 
 7.77000000e-01  3.21435820e+01 
 7.78000000e-01  3.21585620e+01 
 7.79000000e-01  3.21735053e+01 
 7.80000000e-01  3.21884141e+01 
 7.81000000e-01  3.22032843e+01 
 7.82000000e-01  3.22181190e+01 
 7.83000000e-01  3.22329177e+01 
 7.84000000e-01  3.22476794e+01 
 7.85000000e-01  3.22624070e+01 
 7.86000000e-01  3.22770974e+01 
 7.87000000e-01  3.22917525e+01 
 7.88000000e-01  3.23063728e+01 
 7.89000000e-01  3.23209570e+01 
 7.90000000e-01  3.23355071e+01 
 7.91000000e-01  3.23500206e+01 
 7.92000000e-01  3.23644999e+01 
 7.93000000e-01  3.23789455e+01 
 7.94000000e-01  3.23933558e+01 
 7.95000000e-01  3.24077302e+01 
 7.96000000e-01  3.24220715e+01 
 7.97000000e-01  3.24363795e+01 
 7.98000000e-01  3.24506514e+01 
 7.99000000e-01  3.24648899e+01 
 8.00000000e-01  3.24790953e+01 
 8.01000000e-01  3.24932659e+01 
 8.02000000e-01  3.25074038e+01 
 8.03000000e-01  3.25215086e+01 
 8.04000000e-01  3.25355787e+01 
 8.05000000e-01  3.25496161e+01 
 8.06000000e-01  3.25636215e+01 
 8.07000000e-01  3.25775928e+01 
 8.08000000e-01  3.25915312e+01 
 8.09000000e-01  3.26054363e+01 
 8.10000000e-01  3.26193091e+01 
 8.11000000e-01  3.26331509e+01 
 8.12000000e-01  3.26469595e+01 
 8.13000000e-01  3.26607367e+01 
 8.14000000e-01  3.26744804e+01 
 8.15000000e-01  3.26881912e+01 
 8.16000000e-01  3.27018718e+01 
 8.17000000e-01  3.27155203e+01 
 8.18000000e-01  3.27291368e+01 
 8.19000000e-01  3.27427219e+01 
 8.20000000e-01  3.27562765e+01 
 8.21000000e-01  3.27697994e+01 
 8.22000000e-01  3.27832900e+01 
 8.23000000e-01  3.27967495e+01 
 8.24000000e-01  3.28101793e+01 
 8.25000000e-01  3.28235783e+01 
 8.26000000e-01  3.28369457e+01 
 8.27000000e-01  3.28502824e+01 
 8.28000000e-01  3.28635889e+01 
 8.29000000e-01  3.28768661e+01 
 8.30000000e-01  3.28901115e+01 
 8.31000000e-01  3.29033275e+01 
 8.32000000e-01  3.29165139e+01 
 8.33000000e-01  3.29296689e+01 
 8.34000000e-01  3.29427941e+01 
 8.35000000e-01  3.29558913e+01 
 8.36000000e-01  3.29689581e+01 
 8.37000000e-01  3.29819943e+01 
 8.38000000e-01  3.29950026e+01 
 8.39000000e-01  3.30079810e+01 
 8.40000000e-01  3.30209292e+01 
 8.41000000e-01  3.30338502e+01 
 8.42000000e-01  3.30467417e+01 
 8.43000000e-01  3.30596024e+01 
 8.44000000e-01  3.30724356e+01 
 8.45000000e-01  3.30852421e+01 
 8.46000000e-01  3.30980178e+01 
 8.47000000e-01  3.31107646e+01 
 8.48000000e-01  3.31234846e+01 
 8.49000000e-01  3.31361765e+01 
 8.50000000e-01  3.31488394e+01 
 8.51000000e-01  3.31614725e+01 
 8.52000000e-01  3.31740795e+01 
 8.53000000e-01  3.31866600e+01 
 8.54000000e-01  3.31992115e+01 
 8.55000000e-01  3.32117338e+01 
 8.56000000e-01  3.32242300e+01 
 8.57000000e-01  3.32366993e+01 
 8.58000000e-01  3.32491412e+01 
 8.59000000e-01  3.32615547e+01 
 8.60000000e-01  3.32739401e+01 
 8.61000000e-01  3.32863010e+01 
 8.62000000e-01  3.32986344e+01 
 8.63000000e-01  3.33109394e+01 
 8.64000000e-01  3.33232171e+01 
 8.65000000e-01  3.33354703e+01 
 8.66000000e-01  3.33476963e+01 
 8.67000000e-01  3.33598947e+01 
 8.68000000e-01  3.33720695e+01 
 8.69000000e-01  3.33842147e+01 
 8.70000000e-01  3.33963338e+01 
 8.71000000e-01  3.34084299e+01 
 8.72000000e-01  3.34204975e+01 
 8.73000000e-01  3.34325391e+01 
 8.74000000e-01  3.34445559e+01 
 8.75000000e-01  3.34565458e+01 
 8.76000000e-01  3.34685103e+01 
 8.77000000e-01  3.34804497e+01 
 8.78000000e-01  3.34923631e+01 
 8.79000000e-01  3.35042508e+01 
 8.80000000e-01  3.35161143e+01 
 8.81000000e-01  3.35279532e+01 
 8.82000000e-01  3.35397650e+01 
 8.83000000e-01  3.35515511e+01 
 8.84000000e-01  3.35633134e+01 
 8.85000000e-01  3.35750516e+01 
 8.86000000e-01  3.35867658e+01 
 8.87000000e-01  3.35984528e+01 
 8.88000000e-01  3.36101152e+01 
 8.89000000e-01  3.36217549e+01 
 8.90000000e-01  3.36333688e+01 
 8.91000000e-01  3.36449577e+01 
 8.92000000e-01  3.36565245e+01 
 8.93000000e-01  3.36680665e+01 
 8.94000000e-01  3.36795832e+01 
 8.95000000e-01  3.36910767e+01 
 8.96000000e-01  3.37025445e+01 
 8.97000000e-01  3.37139901e+01 
 8.98000000e-01  3.37254120e+01 
 8.99000000e-01  3.37368095e+01 
 9.00000000e-01  3.37481848e+01 
 9.01000000e-01  3.37595355e+01 
 9.02000000e-01  3.37708619e+01 
 9.03000000e-01  3.37821640e+01 
 9.04000000e-01  3.37934457e+01 
 9.05000000e-01  3.38047028e+01 
 9.06000000e-01  3.38159357e+01 
 9.07000000e-01  3.38271471e+01 
 9.08000000e-01  3.38383356e+01 
 9.09000000e-01  3.38495009e+01 
 9.10000000e-01  3.38606415e+01 
 9.11000000e-01  3.38717599e+01 
 9.12000000e-01  3.38828579e+01 
 9.13000000e-01  3.38939322e+01 
 9.14000000e-01  3.39049817e+01 
 9.15000000e-01  3.39160106e+01 
 9.16000000e-01  3.39270180e+01 
 9.17000000e-01  3.39380022e+01 
 9.18000000e-01  3.39489631e+01 
 9.19000000e-01  3.39599032e+01 
 9.20000000e-01  3.39708212e+01 
 9.21000000e-01  3.39817153e+01 
 9.22000000e-01  3.39925887e+01 
 9.23000000e-01  3.40034417e+01 
 9.24000000e-01  3.40142706e+01 
 9.25000000e-01  3.40250788e+01 
 9.26000000e-01  3.40358656e+01 
 9.27000000e-01  3.40466293e+01 
 9.28000000e-01  3.40573733e+01 
 9.29000000e-01  3.40680951e+01 
 9.30000000e-01  3.40787953e+01 
 9.31000000e-01  3.40894738e+01 
 9.32000000e-01  3.41001321e+01 
 9.33000000e-01  3.41107687e+01 
 9.34000000e-01  3.41213833e+01 
 9.35000000e-01  3.41319783e+01 
 9.36000000e-01  3.41425521e+01 
 9.37000000e-01  3.41531040e+01 
 9.38000000e-01  3.41636364e+01 
 9.39000000e-01  3.41741479e+01 
 9.40000000e-01  3.41846365e+01 
 9.41000000e-01  3.41951066e+01 
 9.42000000e-01  3.42055566e+01 
 9.43000000e-01  3.42159842e+01 
 9.44000000e-01  3.42263935e+01 
 9.45000000e-01  3.42367808e+01 
 9.46000000e-01  3.42471468e+01 
 9.47000000e-01  3.42574957e+01 
 9.48000000e-01  3.42678229e+01 
 9.49000000e-01  3.42781286e+01 
 9.50000000e-01  3.42884158e+01 
 9.51000000e-01  3.42986839e+01 
 9.52000000e-01  3.43089301e+01 
 9.53000000e-01  3.43191570e+01 
 9.54000000e-01  3.43293654e+01 
 9.55000000e-01  3.43395521e+01 
 9.56000000e-01  3.43497209e+01 
 9.57000000e-01  3.43598699e+01 
 9.58000000e-01  3.43699966e+01 
 9.59000000e-01  3.43801070e+01 
 9.60000000e-01  3.43901983e+01 
 9.61000000e-01  3.44002674e+01 
 9.62000000e-01  3.44103185e+01 
 9.63000000e-01  3.44203515e+01 
 9.64000000e-01  3.44303657e+01 
 9.65000000e-01  3.44403598e+01 
 9.66000000e-01  3.44503329e+01 
 9.67000000e-01  3.44602895e+01 
 9.68000000e-01  3.44702273e+01 
 9.69000000e-01  3.44801442e+01 
 9.70000000e-01  3.44900444e+01 
 9.71000000e-01  3.44999255e+01 
 9.72000000e-01  3.45097868e+01 
 9.73000000e-01  3.45196286e+01 
 9.74000000e-01  3.45294533e+01 
 9.75000000e-01  3.45392624e+01 
 9.76000000e-01  3.45490498e+01 
 9.77000000e-01  3.45588170e+01 
 9.78000000e-01  3.45685691e+01 
 9.79000000e-01  3.45783032e+01 
 9.80000000e-01  3.45880165e+01 
 9.81000000e-01  3.45977137e+01 
 9.82000000e-01  3.46073925e+01 
 9.83000000e-01  3.46170519e+01 
 9.84000000e-01  3.46266937e+01 
 9.85000000e-01  3.46363197e+01 
 9.86000000e-01  3.46459269e+01 
 9.87000000e-01  3.46555129e+01 
 9.88000000e-01  3.46650845e+01 
 9.89000000e-01  3.46746384e+01 
 9.90000000e-01  3.46841740e+01 
 9.91000000e-01  3.46936926e+01 
 9.92000000e-01  3.47031933e+01 
 9.93000000e-01  3.47126761e+01 
 9.94000000e-01  3.47221399e+01 
 9.95000000e-01  3.47315895e+01 
 9.96000000e-01  3.47410209e+01 
 9.97000000e-01  3.47504338e+01 
 9.98000000e-01  3.47598309e+01 
 9.99000000e-01  3.47692087e+01 
 1.00000000e+00  3.47785708e+01 
 1.00100000e+00  3.47879165e+01 
 1.00200000e+00  3.47972449e+01 
 1.00300000e+00  3.48065559e+01 
 1.00400000e+00  3.48158495e+01 
 1.00500000e+00  3.48251271e+01 
 1.00600000e+00  3.48343862e+01 
 1.00700000e+00  3.48436315e+01 
 1.00800000e+00  3.48528583e+01 
 1.00900000e+00  3.48620680e+01 
 1.01000000e+00  3.48712626e+01 
 1.01100000e+00  3.48804396e+01 
 1.01200000e+00  3.48896014e+01 
 1.01300000e+00  3.48987443e+01 
 1.01400000e+00  3.49078725e+01 
 1.01500000e+00  3.49169834e+01 
 1.01600000e+00  3.49260791e+01 
 1.01700000e+00  3.49351591e+01 
 1.01800000e+00  3.49442202e+01 
 1.01900000e+00  3.49532671e+01 
 1.02000000e+00  3.49622986e+01 
 1.02100000e+00  3.49713139e+01 
 1.02200000e+00  3.49803118e+01 
 1.02300000e+00  3.49892937e+01 
 1.02400000e+00  3.49982611e+01 
 1.02500000e+00  3.50072113e+01 
 1.02600000e+00  3.50161464e+01 
 1.02700000e+00  3.50250665e+01 
 1.02800000e+00  3.50339700e+01 
 1.02900000e+00  3.50428574e+01 
 1.03000000e+00  3.50517289e+01 
 1.03100000e+00  3.50605862e+01 
 1.03200000e+00  3.50694269e+01 
 1.03300000e+00  3.50782513e+01 
 1.03400000e+00  3.50870632e+01 
 1.03500000e+00  3.50958571e+01 
 1.03600000e+00  3.51046370e+01 
 1.03700000e+00  3.51134027e+01 
 1.03800000e+00  3.51221490e+01 
 1.03900000e+00  3.51308824e+01 
 1.04000000e+00  3.51396035e+01 
 1.04100000e+00  3.51483058e+01 
 1.04200000e+00  3.51569929e+01 
 1.04300000e+00  3.51656679e+01 
 1.04400000e+00  3.51743242e+01 
 1.04500000e+00  3.51829666e+01 
 1.04600000e+00  3.51915975e+01 
 1.04700000e+00  3.52002111e+01 
 1.04800000e+00  3.52088102e+01 
 1.04900000e+00  3.52173937e+01 
 1.05000000e+00  3.52259628e+01 
 1.05100000e+00  3.52345164e+01 
 1.05200000e+00  3.52430564e+01 
 1.05300000e+00  3.52515839e+01 
 1.05400000e+00  3.52600940e+01 
 1.05500000e+00  3.52685900e+01 
 1.05600000e+00  3.52770712e+01 
 1.05700000e+00  3.52855390e+01 
 1.05800000e+00  3.52939918e+01 
 1.05900000e+00  3.53024298e+01 
 1.06000000e+00  3.53108551e+01 
 1.06100000e+00  3.53192655e+01 
 1.06200000e+00  3.53276618e+01 
 1.06300000e+00  3.53360446e+01 
 1.06400000e+00  3.53444113e+01 
 1.06500000e+00  3.53527628e+01 
 1.06600000e+00  3.53611035e+01 
 1.06700000e+00  3.53694282e+01 
 1.06800000e+00  3.53777397e+01 
 1.06900000e+00  3.53860390e+01 
 1.07000000e+00  3.53943217e+01 
 1.07100000e+00  3.54025931e+01 
 1.07200000e+00  3.54108480e+01 
 1.07300000e+00  3.54190893e+01 
 1.07400000e+00  3.54273179e+01 
 1.07500000e+00  3.54355333e+01 
 1.07600000e+00  3.54437362e+01 
 1.07700000e+00  3.54519214e+01 
 1.07800000e+00  3.54600962e+01 
 1.07900000e+00  3.54682572e+01 
 1.08000000e+00  3.54764008e+01 
 1.08100000e+00  3.54845372e+01 
 1.08200000e+00  3.54926596e+01 
 1.08300000e+00  3.55007647e+01 
 1.08400000e+00  3.55088544e+01 
 1.08500000e+00  3.55169355e+01 
 1.08600000e+00  3.55250053e+01 
 1.08700000e+00  3.55330583e+01 
 1.08800000e+00  3.55410968e+01 
 1.08900000e+00  3.55491242e+01 
 1.09000000e+00  3.55571402e+01 
 1.09100000e+00  3.55651392e+01 
 1.09200000e+00  3.55731280e+01 
 1.09300000e+00  3.55811037e+01 
 1.09400000e+00  3.55890657e+01 
 1.09500000e+00  3.55970145e+01 
 1.09600000e+00  3.56049506e+01 
 1.09700000e+00  3.56128732e+01 
 1.09800000e+00  3.56207831e+01 
 1.09900000e+00  3.56286818e+01 
 1.10000000e+00  3.56365662e+01 
 1.10100000e+00  3.56444378e+01 
 1.10200000e+00  3.56522974e+01 
 1.10300000e+00  3.56601447e+01 
 1.10400000e+00  3.56679801e+01 
 1.10500000e+00  3.56758017e+01 
 1.10600000e+00  3.56836109e+01 
 1.10700000e+00  3.56914072e+01 
 1.10800000e+00  3.56991884e+01 
 1.10900000e+00  3.57069618e+01 
 1.11000000e+00  3.57147229e+01 
 1.11100000e+00  3.57224707e+01 
 1.11200000e+00  3.57302048e+01 
 1.11300000e+00  3.57379268e+01 
 1.11400000e+00  3.57456352e+01 
 1.11500000e+00  3.57533323e+01 
 1.11600000e+00  3.57610213e+01 
 1.11700000e+00  3.57686927e+01 
 1.11800000e+00  3.57763551e+01 
 1.11900000e+00  3.57840060e+01 
 1.12000000e+00  3.57916406e+01 
 1.12100000e+00  3.57992654e+01 
 1.12200000e+00  3.58068809e+01 
 1.12300000e+00  3.58144802e+01 
 1.12400000e+00  3.58220684e+01 
 1.12500000e+00  3.58296473e+01 
 1.12600000e+00  3.58372127e+01 
 1.12700000e+00  3.58447670e+01 
 1.12800000e+00  3.58523105e+01 
 1.12900000e+00  3.58598401e+01 
 1.13000000e+00  3.58673555e+01 
 1.13100000e+00  3.58748622e+01 
 1.13200000e+00  3.58823589e+01 
 1.13300000e+00  3.58898438e+01 
 1.13400000e+00  3.58973159e+01 
 1.13500000e+00  3.59047750e+01 
 1.13600000e+00  3.59122204e+01 
 1.13700000e+00  3.59196581e+01 
 1.13800000e+00  3.59270879e+01 
 1.13900000e+00  3.59345033e+01 
 1.14000000e+00  3.59419022e+01 
 1.14100000e+00  3.59492910e+01 
 1.14200000e+00  3.59566753e+01 
 1.14300000e+00  3.59640454e+01 
 1.14400000e+00  3.59714015e+01 
 1.14500000e+00  3.59787476e+01 
 1.14600000e+00  3.59860808e+01 
 1.14700000e+00  3.59934043e+01 
 1.14800000e+00  3.60007176e+01 
 1.14900000e+00  3.60080204e+01 
 1.15000000e+00  3.60153086e+01 
 1.15100000e+00  3.60225889e+01 
 1.15200000e+00  3.60298597e+01 
 1.15300000e+00  3.60371141e+01 
 1.15400000e+00  3.60443607e+01 
 1.15500000e+00  3.60515940e+01 
 1.15600000e+00  3.60588188e+01 
 1.15700000e+00  3.60660338e+01 
 1.15800000e+00  3.60732361e+01 
 1.15900000e+00  3.60804294e+01 
 1.16000000e+00  3.60876074e+01 
 1.16100000e+00  3.60947766e+01 
 1.16200000e+00  3.61019397e+01 
 1.16300000e+00  3.61090870e+01 
 1.16400000e+00  3.61162238e+01 
 1.16500000e+00  3.61233502e+01 
 1.16600000e+00  3.61304634e+01 
 1.16700000e+00  3.61375715e+01 
 1.16800000e+00  3.61446696e+01 
 1.16900000e+00  3.61517540e+01 
 1.17000000e+00  3.61588290e+01 
 1.17100000e+00  3.61658909e+01 
 1.17200000e+00  3.61729442e+01 
 1.17300000e+00  3.61799867e+01 
 1.17400000e+00  3.61870193e+01 
 1.17500000e+00  3.61940390e+01 
 1.17600000e+00  3.62010509e+01 
 1.17700000e+00  3.62080557e+01 
 1.17800000e+00  3.62150440e+01 
 1.17900000e+00  3.62220235e+01 
 1.18000000e+00  3.62289941e+01 
 1.18100000e+00  3.62359550e+01 
 1.18200000e+00  3.62429044e+01 
 1.18300000e+00  3.62498452e+01 
 1.18400000e+00  3.62567759e+01 
 1.18500000e+00  3.62636926e+01 
 1.18600000e+00  3.62706006e+01 
 1.18700000e+00  3.62775016e+01 
 1.18800000e+00  3.62843907e+01 
 1.18900000e+00  3.62912720e+01 
 1.19000000e+00  3.62981400e+01 
 1.19100000e+00  3.63049961e+01 
 1.19200000e+00  3.63118466e+01 
 1.19300000e+00  3.63186877e+01 
 1.19400000e+00  3.63255159e+01 
 1.19500000e+00  3.63323358e+01 
 1.19600000e+00  3.63391433e+01 
 1.19700000e+00  3.63459432e+01 
 1.19800000e+00  3.63527355e+01 
 1.19900000e+00  3.63595129e+01 
 1.20000000e+00  3.63662843e+01 
 1.20100000e+00  3.63730480e+01 
 1.20200000e+00  3.63797966e+01 
 1.20300000e+00  3.63865374e+01 
 1.20400000e+00  3.63932726e+01 
 1.20500000e+00  3.63999907e+01 
 1.20600000e+00  3.64067040e+01 
 1.20700000e+00  3.64134099e+01 
 1.20800000e+00  3.64201000e+01 
 1.20900000e+00  3.64267844e+01 
 1.21000000e+00  3.64334591e+01 
 1.21100000e+00  3.64401247e+01 
 1.21200000e+00  3.64467796e+01 
 1.21300000e+00  3.64534240e+01 
 1.21400000e+00  3.64600621e+01 
 1.21500000e+00  3.64666898e+01 
 1.21600000e+00  3.64733070e+01 
 1.21700000e+00  3.64799163e+01 
 1.21800000e+00  3.64865153e+01 
 1.21900000e+00  3.64931038e+01 
 1.22000000e+00  3.64996834e+01 
 1.22100000e+00  3.65062568e+01 
 1.22200000e+00  3.65128204e+01 
 1.22300000e+00  3.65193725e+01 
 1.22400000e+00  3.65259155e+01 
 1.22500000e+00  3.65324488e+01 
 1.22600000e+00  3.65389761e+01 
 1.22700000e+00  3.65454926e+01 
 1.22800000e+00  3.65520003e+01 
 1.22900000e+00  3.65584987e+01 
 1.23000000e+00  3.65649855e+01 
 1.23100000e+00  3.65714664e+01 
 1.23200000e+00  3.65779375e+01 
 1.23300000e+00  3.65844014e+01 
 1.23400000e+00  3.65908550e+01 
 1.23500000e+00  3.65972989e+01 
 1.23600000e+00  3.66037348e+01 
 1.23700000e+00  3.66101607e+01 
 1.23800000e+00  3.66165778e+01 
 1.23900000e+00  3.66229873e+01 
 1.24000000e+00  3.66293896e+01 
 1.24100000e+00  3.66357777e+01 
 1.24200000e+00  3.66421584e+01 
 1.24300000e+00  3.66485358e+01 
 1.24400000e+00  3.66549013e+01 
 1.24500000e+00  3.66612558e+01 
 1.24600000e+00  3.66676027e+01 
 1.24700000e+00  3.66739440e+01 
 1.24800000e+00  3.66802732e+01 
 1.24900000e+00  3.66865921e+01 
 1.25000000e+00  3.66929075e+01 
 1.25100000e+00  3.66992124e+01 
 1.25200000e+00  3.67055076e+01 
 1.25300000e+00  3.67117968e+01 
 1.25400000e+00  3.67180778e+01 
 1.25500000e+00  3.67243443e+01 
 1.25600000e+00  3.67306072e+01 
 1.25700000e+00  3.67368599e+01 
 1.25800000e+00  3.67431039e+01 
 1.25900000e+00  3.67493433e+01 
 1.26000000e+00  3.67555686e+01 
 1.26100000e+00  3.67617890e+01 
 1.26200000e+00  3.67680008e+01 
 1.26300000e+00  3.67742039e+01 
 1.26400000e+00  3.67803982e+01 
 1.26500000e+00  3.67865846e+01 
 1.26600000e+00  3.67927655e+01 
 1.26700000e+00  3.67989345e+01 
 1.26800000e+00  3.68050944e+01 
 1.26900000e+00  3.68112471e+01 
 1.27000000e+00  3.68173928e+01 
 1.27100000e+00  3.68235322e+01 
 1.27200000e+00  3.68296598e+01 
 1.27300000e+00  3.68357812e+01 
 1.27400000e+00  3.68418930e+01 
 1.27500000e+00  3.68479946e+01 
 1.27600000e+00  3.68540920e+01 
 1.27700000e+00  3.68601807e+01 
 1.27800000e+00  3.68662617e+01 
 1.27900000e+00  3.68723351e+01 
 1.28000000e+00  3.68783981e+01 
 1.28100000e+00  3.68844548e+01 
 1.28200000e+00  3.68905047e+01 
 1.28300000e+00  3.68965416e+01 
 1.28400000e+00  3.69025746e+01 
 1.28500000e+00  3.69086005e+01 
 1.28600000e+00  3.69146161e+01 
 1.28700000e+00  3.69206260e+01 
 1.28800000e+00  3.69266234e+01 
 1.28900000e+00  3.69326165e+01 
 1.29000000e+00  3.69386054e+01 
 1.29100000e+00  3.69445796e+01 
 1.29200000e+00  3.69505485e+01 
 1.29300000e+00  3.69565110e+01 
 1.29400000e+00  3.69624638e+01 
 1.29500000e+00  3.69684094e+01 
 1.29600000e+00  3.69743499e+01 
 1.29700000e+00  3.69802813e+01 
 1.29800000e+00  3.69862018e+01 
 1.29900000e+00  3.69921182e+01 
 1.30000000e+00  3.69980271e+01 
 1.30100000e+00  3.70039259e+01 
 1.30200000e+00  3.70098165e+01 
 1.30300000e+00  3.70157005e+01 
 1.30400000e+00  3.70215808e+01 
 1.30500000e+00  3.70274488e+01 
 1.30600000e+00  3.70333074e+01 
 1.30700000e+00  3.70391649e+01 
 1.30800000e+00  3.70450146e+01 
 1.30900000e+00  3.70508517e+01 
 1.31000000e+00  3.70566814e+01 
 1.31100000e+00  3.70625091e+01 
 1.31200000e+00  3.70683237e+01 
 1.31300000e+00  3.70741290e+01 
 1.31400000e+00  3.70799350e+01 
 1.31500000e+00  3.70857325e+01 
 1.31600000e+00  3.70915178e+01 
 1.31700000e+00  3.70972942e+01 
 1.31800000e+00  3.71030667e+01 
 1.31900000e+00  3.71088340e+01 
 1.32000000e+00  3.71145922e+01 
 1.32100000e+00  3.71203406e+01 
 1.32200000e+00  3.71260843e+01 
 1.32300000e+00  3.71318209e+01 
 1.32400000e+00  3.71375482e+01 
 1.32500000e+00  3.71432717e+01 
 1.32600000e+00  3.71489813e+01 
 1.32700000e+00  3.71546891e+01 
 1.32800000e+00  3.71603906e+01 
 1.32900000e+00  3.71660806e+01 
 1.33000000e+00  3.71717686e+01 
 1.33100000e+00  3.71774428e+01 
 1.33200000e+00  3.71831129e+01 
 1.33300000e+00  3.71887809e+01 
 1.33400000e+00  3.71944364e+01 
 1.33500000e+00  3.72000840e+01 
 1.33600000e+00  3.72057252e+01 
 1.33700000e+00  3.72113588e+01 
 1.33800000e+00  3.72169880e+01 
 1.33900000e+00  3.72226094e+01 
 1.34000000e+00  3.72282241e+01 
 1.34100000e+00  3.72338309e+01 
 1.34200000e+00  3.72394288e+01 
 1.34300000e+00  3.72450205e+01 
 1.34400000e+00  3.72506081e+01 
 1.34500000e+00  3.72561888e+01 
 1.34600000e+00  3.72617584e+01 
 1.34700000e+00  3.72673236e+01 
 1.34800000e+00  3.72728793e+01 
 1.34900000e+00  3.72784288e+01 
 1.35000000e+00  3.72839768e+01 
 1.35100000e+00  3.72895123e+01 
 1.35200000e+00  3.72950406e+01 
 1.35300000e+00  3.73005641e+01 
 1.35400000e+00  3.73060815e+01 
 1.35500000e+00  3.73115899e+01 
 1.35600000e+00  3.73170944e+01 
 1.35700000e+00  3.73225891e+01 
 1.35800000e+00  3.73280767e+01 
 1.35900000e+00  3.73335621e+01 
 1.36000000e+00  3.73390360e+01 
 1.36100000e+00  3.73445020e+01 
 1.36200000e+00  3.73499637e+01 
 1.36300000e+00  3.73554192e+01 
 1.36400000e+00  3.73608673e+01 
 1.36500000e+00  3.73663128e+01 
 1.36600000e+00  3.73717456e+01 
 1.36700000e+00  3.73771683e+01 
 1.36800000e+00  3.73825921e+01 
 1.36900000e+00  3.73880085e+01 
 1.37000000e+00  3.73934168e+01 
 1.37100000e+00  3.73988157e+01 
 1.37200000e+00  3.74042108e+01 
 1.37300000e+00  3.74096018e+01 
 1.37400000e+00  3.74149774e+01 
 1.37500000e+00  3.74203511e+01 
 1.37600000e+00  3.74257209e+01 
 1.37700000e+00  3.74310831e+01 
 1.37800000e+00  3.74364396e+01 
 1.37900000e+00  3.74417847e+01 
 1.38000000e+00  3.74471276e+01 
 1.38100000e+00  3.74524613e+01 
 1.38200000e+00  3.74577892e+01 
 1.38300000e+00  3.74631115e+01 
 1.38400000e+00  3.74684244e+01 
 1.38500000e+00  3.74737351e+01 
 1.38600000e+00  3.74790373e+01 
 1.38700000e+00  3.74843319e+01 
 1.38800000e+00  3.74896201e+01 
 1.38900000e+00  3.74949035e+01 
 1.39000000e+00  3.75001776e+01 
 1.39100000e+00  3.75054468e+01 
 1.39200000e+00  3.75107124e+01 
 1.39300000e+00  3.75159697e+01 
 1.39400000e+00  3.75212176e+01 
 1.39500000e+00  3.75264602e+01 
 1.39600000e+00  3.75317000e+01 
 1.39700000e+00  3.75369291e+01 
 1.39800000e+00  3.75421518e+01 
 1.39900000e+00  3.75473715e+01 
 1.40000000e+00  3.75525817e+01 
 1.40100000e+00  3.75577833e+01 
 1.40200000e+00  3.75629848e+01 
 1.40300000e+00  3.75681813e+01 
 1.40400000e+00  3.75733633e+01 
 1.40500000e+00  3.75785392e+01 
 1.40600000e+00  3.75837151e+01 
 1.40700000e+00  3.75888828e+01 
 1.40800000e+00  3.75940412e+01 
 1.40900000e+00  3.75991949e+01 
 1.41000000e+00  3.76043402e+01 
 1.41100000e+00  3.76094830e+01 
 1.41200000e+00  3.76146214e+01 
 1.41300000e+00  3.76197456e+01 
 1.41400000e+00  3.76248651e+01 
 1.41500000e+00  3.76299842e+01 
 1.41600000e+00  3.76350943e+01 
 1.41700000e+00  3.76401966e+01 
 1.41800000e+00  3.76452935e+01 
 1.41900000e+00  3.76503835e+01 
 1.42000000e+00  3.76554680e+01 
 1.42100000e+00  3.76605456e+01 
 1.42200000e+00  3.76656161e+01 
 1.42300000e+00  3.76706796e+01 
 1.42400000e+00  3.76757415e+01 
 1.42500000e+00  3.76807935e+01 
 1.42600000e+00  3.76858395e+01 
 1.42700000e+00  3.76908806e+01 
 1.42800000e+00  3.76959108e+01 
 1.42900000e+00  3.77009413e+01 
 1.43000000e+00  3.77059622e+01 
 1.43100000e+00  3.77109779e+01 
 1.43200000e+00  3.77159870e+01 
 1.43300000e+00  3.77209854e+01 
 1.43400000e+00  3.77259858e+01 
 1.43500000e+00  3.77309759e+01 
 1.43600000e+00  3.77359550e+01 
 1.43700000e+00  3.77409350e+01 
 1.43800000e+00  3.77459077e+01 
 1.43900000e+00  3.77508716e+01 
 1.44000000e+00  3.77558294e+01 
 1.44100000e+00  3.77607821e+01 
 1.44200000e+00  3.77657300e+01 
 1.44300000e+00  3.77706701e+01 
 1.44400000e+00  3.77756047e+01 
 1.44500000e+00  3.77805295e+01 
 1.44600000e+00  3.77854504e+01 
 1.44700000e+00  3.77903645e+01 
 1.44800000e+00  3.77952739e+01 
 1.44900000e+00  3.78001798e+01 
 1.45000000e+00  3.78050750e+01 
 1.45100000e+00  3.78099646e+01 
 1.45200000e+00  3.78148500e+01 
 1.45300000e+00  3.78197252e+01 
 1.45400000e+00  3.78245955e+01 
 1.45500000e+00  3.78294625e+01 
 1.45600000e+00  3.78343230e+01 
 1.45700000e+00  3.78391757e+01 
 1.45800000e+00  3.78440178e+01 
 1.45900000e+00  3.78488602e+01 
 1.46000000e+00  3.78536978e+01 
 1.46100000e+00  3.78585221e+01 
 1.46200000e+00  3.78633431e+01 
 1.46300000e+00  3.78681615e+01 
 1.46400000e+00  3.78729667e+01 
 1.46500000e+00  3.78777687e+01 
 1.46600000e+00  3.78825694e+01 
 1.46700000e+00  3.78873585e+01 
 1.46800000e+00  3.78921395e+01 
 1.46900000e+00  3.78969202e+01 
 1.47000000e+00  3.79016917e+01 
 1.47100000e+00  3.79064543e+01 
 1.47200000e+00  3.79112138e+01 
 1.47300000e+00  3.79159693e+01 
 1.47400000e+00  3.79207141e+01 
 1.47500000e+00  3.79254519e+01 
 1.47600000e+00  3.79301882e+01 
 1.47700000e+00  3.79349139e+01 
 1.47800000e+00  3.79396356e+01 
 1.47900000e+00  3.79443523e+01 
 1.48000000e+00  3.79490598e+01 
 1.48100000e+00  3.79537601e+01 
 1.48200000e+00  3.79584579e+01 
 1.48300000e+00  3.79631492e+01 
 1.48400000e+00  3.79678284e+01 
 1.48500000e+00  3.79725029e+01 
 1.48600000e+00  3.79771759e+01 
 1.48700000e+00  3.79818410e+01 
 1.48800000e+00  3.79864969e+01 
 1.48900000e+00  3.79911511e+01 
 1.49000000e+00  3.79957969e+01 
 1.49100000e+00  3.80004319e+01 
 1.49200000e+00  3.80050658e+01 
 1.49300000e+00  3.80096921e+01 
 1.49400000e+00  3.80143095e+01 
 1.49500000e+00  3.80189218e+01 
 1.49600000e+00  3.80235307e+01 
 1.49700000e+00  3.80281314e+01 
 1.49800000e+00  3.80327217e+01 
 1.49900000e+00  3.80373076e+01 
 1.50000000e+00  3.80418929e+01 
 1.50100000e+00  3.80464664e+01 
 1.50200000e+00  3.80510309e+01 
 1.50300000e+00  3.80555915e+01 
 1.50400000e+00  3.80601472e+01 
 1.50500000e+00  3.80646962e+01 
 1.50600000e+00  3.80692355e+01 
 1.50700000e+00  3.80737703e+01 
 1.50800000e+00  3.80782985e+01 
 1.50900000e+00  3.80828213e+01 
 1.51000000e+00  3.80873395e+01 
 1.51100000e+00  3.80918457e+01 
 1.51200000e+00  3.80963448e+01 
 1.51300000e+00  3.81008412e+01 
 1.51400000e+00  3.81053277e+01 
 1.51500000e+00  3.81098152e+01 
 1.51600000e+00  3.81142890e+01 
 1.51700000e+00  3.81187533e+01 
 1.51800000e+00  3.81232168e+01 
 1.51900000e+00  3.81276704e+01 
 1.52000000e+00  3.81321205e+01 
 1.52100000e+00  3.81365604e+01 
 1.52200000e+00  3.81409979e+01 
 1.52300000e+00  3.81454276e+01 
 1.52400000e+00  3.81498444e+01 
 1.52500000e+00  3.81542601e+01 
 1.52600000e+00  3.81586639e+01 
 1.52700000e+00  3.81630661e+01 
 1.52800000e+00  3.81674630e+01 
 1.52900000e+00  3.81718473e+01 
 1.53000000e+00  3.81762263e+01 
 1.53100000e+00  3.81805995e+01 
 1.53200000e+00  3.81849658e+01 
 1.53300000e+00  3.81893245e+01 
 1.53400000e+00  3.81936760e+01 
 1.53500000e+00  3.81980222e+01 
 1.53600000e+00  3.82023603e+01 
 1.53700000e+00  3.82066893e+01 
 1.53800000e+00  3.82110129e+01 
 1.53900000e+00  3.82153273e+01 
 1.54000000e+00  3.82196370e+01 
 1.54100000e+00  3.82239418e+01 
 1.54200000e+00  3.82282352e+01 
 1.54300000e+00  3.82325242e+01 
 1.54400000e+00  3.82368044e+01 
 1.54500000e+00  3.82410759e+01 
 1.54600000e+00  3.82453429e+01 
 1.54700000e+00  3.82495998e+01 
 1.54800000e+00  3.82538549e+01 
 1.54900000e+00  3.82580982e+01 
 1.55000000e+00  3.82623304e+01 
 1.55100000e+00  3.82665613e+01 
 1.55200000e+00  3.82707859e+01 
 1.55300000e+00  3.82749970e+01 
 1.55400000e+00  3.82792021e+01 
 1.55500000e+00  3.82834045e+01 
 1.55600000e+00  3.82875945e+01 
 1.55700000e+00  3.82917805e+01 
 1.55800000e+00  3.82959595e+01 
 1.55900000e+00  3.83001254e+01 
 1.56000000e+00  3.83042864e+01 
 1.56100000e+00  3.83084384e+01 
 1.56200000e+00  3.83125825e+01 
 1.56300000e+00  3.83167225e+01 
 1.56400000e+00  3.83208545e+01 
 1.56500000e+00  3.83249771e+01 
 1.56600000e+00  3.83290877e+01 
 1.56700000e+00  3.83331948e+01 
 1.56800000e+00  3.83372948e+01 
 1.56900000e+00  3.83413847e+01 
 1.57000000e+00  3.83454675e+01 
 1.57100000e+00  3.83495431e+01 
 1.57200000e+00  3.83536104e+01 
 1.57300000e+00  3.83576673e+01 
 1.57400000e+00  3.83617165e+01 
 1.57500000e+00  3.83657608e+01 
 1.57600000e+00  3.83697920e+01 
 1.57700000e+00  3.83738178e+01 
 1.57800000e+00  3.83778359e+01 
 1.57900000e+00  3.83818446e+01 
 1.58000000e+00  3.83858465e+01 
 1.58100000e+00  3.83898376e+01 
 1.58200000e+00  3.83938227e+01 
 1.58300000e+00  3.83977996e+01 
 1.58400000e+00  3.84017659e+01 
 1.58500000e+00  3.84057191e+01 
 1.58600000e+00  3.84096692e+01 
 1.58700000e+00  3.84136121e+01 
 1.58800000e+00  3.84175445e+01 
 1.58900000e+00  3.84214695e+01 
 1.59000000e+00  3.84253805e+01 
 1.59100000e+00  3.84292903e+01 
 1.59200000e+00  3.84331854e+01 
 1.59300000e+00  3.84370718e+01 
 1.59400000e+00  3.84409544e+01 
 1.59500000e+00  3.84448219e+01 
 1.59600000e+00  3.84486836e+01 
 1.59700000e+00  3.84525354e+01 
 1.59800000e+00  3.84563768e+01 
 1.59900000e+00  3.84602126e+01 
 1.60000000e+00  3.84640394e+01 
 1.60100000e+00  3.84678519e+01 
 1.60200000e+00  3.84716558e+01 
 1.60300000e+00  3.84754523e+01 
 1.60400000e+00  3.84792390e+01 
 1.60500000e+00  3.84830181e+01 
 1.60600000e+00  3.84867848e+01 
 1.60700000e+00  3.84905413e+01 
 1.60800000e+00  3.84942935e+01 
 1.60900000e+00  3.84980314e+01 
 1.61000000e+00  3.85017560e+01 
 1.61100000e+00  3.85054750e+01 
 1.61200000e+00  3.85091886e+01 
 1.61300000e+00  3.85128864e+01 
 1.61400000e+00  3.85165744e+01 
 1.61500000e+00  3.85202551e+01 
 1.61600000e+00  3.85239260e+01 
 1.61700000e+00  3.85275863e+01 
 1.61800000e+00  3.85312301e+01 
 1.61900000e+00  3.85348690e+01 
 1.62000000e+00  3.85384978e+01 
 1.62100000e+00  3.85421151e+01 
 1.62200000e+00  3.85457231e+01 
 1.62300000e+00  3.85493206e+01 
 1.62400000e+00  3.85529038e+01 
 1.62500000e+00  3.85564750e+01 
 1.62600000e+00  3.85600473e+01 
 1.62700000e+00  3.85636017e+01 
 1.62800000e+00  3.85671397e+01 
 1.62900000e+00  3.85706732e+01 
 1.63000000e+00  3.85741968e+01 
 1.63100000e+00  3.85777054e+01 
 1.63200000e+00  3.85812047e+01 
 1.63300000e+00  3.85846902e+01 
 1.63400000e+00  3.85881635e+01 
 1.63500000e+00  3.85916329e+01 
 1.63600000e+00  3.85950900e+01 
 1.63700000e+00  3.85985272e+01 
 1.63800000e+00  3.86019593e+01 
 1.63900000e+00  3.86053769e+01 
 1.64000000e+00  3.86087798e+01 
 1.64100000e+00  3.86121812e+01 
 1.64200000e+00  3.86155647e+01 
 1.64300000e+00  3.86189369e+01 
 1.64400000e+00  3.86222963e+01 
 1.64500000e+00  3.86256424e+01 
 1.64600000e+00  3.86289753e+01 
 1.64700000e+00  3.86322994e+01 
 1.64800000e+00  3.86356152e+01 
 1.64900000e+00  3.86389096e+01 
 1.65000000e+00  3.86421939e+01 
 1.65100000e+00  3.86454706e+01 
 1.65200000e+00  3.86487296e+01 
 1.65300000e+00  3.86519769e+01 
 1.65400000e+00  3.86552117e+01 
 1.65500000e+00  3.86584373e+01 
 1.65600000e+00  3.86616491e+01 
 1.65700000e+00  3.86648423e+01 
 1.65800000e+00  3.86680239e+01 
 1.65900000e+00  3.86711922e+01 
 1.66000000e+00  3.86743463e+01 
 1.66100000e+00  3.86774934e+01 
 1.66200000e+00  3.86806227e+01 
 1.66300000e+00  3.86837346e+01 
 1.66400000e+00  3.86868390e+01 
 1.66500000e+00  3.86899296e+01 
 1.66600000e+00  3.86930054e+01 
 1.66700000e+00  3.86960640e+01 
 1.66800000e+00  3.86991101e+01 
 1.66900000e+00  3.87021419e+01 
 1.67000000e+00  3.87051634e+01 
 1.67100000e+00  3.87081658e+01 
 1.67200000e+00  3.87111520e+01 
 1.67300000e+00  3.87141264e+01 
 1.67400000e+00  3.87170850e+01 
 1.67500000e+00  3.87200335e+01 
 1.67600000e+00  3.87229624e+01 
 1.67700000e+00  3.87258770e+01 
 1.67800000e+00  3.87287817e+01 
 1.67900000e+00  3.87316637e+01 
 1.68000000e+00  3.87345341e+01 
 1.68100000e+00  3.87373897e+01 
 1.68200000e+00  3.87402238e+01 
 1.68300000e+00  3.87430484e+01 
 1.68400000e+00  3.87458599e+01 
 1.68500000e+00  3.87486512e+01 
 1.68600000e+00  3.87514234e+01 
 1.68700000e+00  3.87541812e+01 
 1.68800000e+00  3.87569284e+01 
 1.68900000e+00  3.87596594e+01 
 1.69000000e+00  3.87623646e+01 
 1.69100000e+00  3.87650569e+01 
 1.69200000e+00  3.87677401e+01 
 1.69300000e+00  3.87703986e+01 
 1.69400000e+00  3.87730436e+01 
 1.69500000e+00  3.87756724e+01 
 1.69600000e+00  3.87782788e+01 
 1.69700000e+00  3.87808714e+01 
 1.69800000e+00  3.87834482e+01 
 1.69900000e+00  3.87860101e+01 
 1.70000000e+00  3.87885465e+01 
 1.70100000e+00  3.87910673e+01 
 1.70200000e+00  3.87935734e+01 
 1.70300000e+00  3.87960588e+01 
 1.70400000e+00  3.87985318e+01 
 1.70500000e+00  3.88009819e+01 
 1.70600000e+00  3.88034102e+01 
 1.70700000e+00  3.88058292e+01 
 1.70800000e+00  3.88082218e+01 
 1.70900000e+00  3.88105946e+01 
 1.71000000e+00  3.88129574e+01 
 1.71100000e+00  3.88152943e+01 
 1.71200000e+00  3.88176137e+01 
 1.71300000e+00  3.88199150e+01 
 1.71400000e+00  3.88221900e+01 
 1.71500000e+00  3.88244510e+01 
 1.71600000e+00  3.88266939e+01 
 1.71700000e+00  3.88289184e+01 
 1.71800000e+00  3.88311201e+01 
 1.71900000e+00  3.88332988e+01 
 1.72000000e+00  3.88354601e+01 
 1.72100000e+00  3.88375983e+01 
 1.72200000e+00  3.88397184e+01 
 1.72300000e+00  3.88418222e+01 
 1.72400000e+00  3.88439007e+01 
 1.72500000e+00  3.88459536e+01 
 1.72600000e+00  3.88479888e+01 
 1.72700000e+00  3.88500055e+01 
 1.72800000e+00  3.88519984e+01 
 1.72900000e+00  3.88539677e+01 
 1.73000000e+00  3.88559201e+01 
 1.73100000e+00  3.88578498e+01 
 1.73200000e+00  3.88597544e+01 
 1.73300000e+00  3.88616359e+01 
 1.73400000e+00  3.88634935e+01 
 1.73500000e+00  3.88653360e+01 
 1.73600000e+00  3.88671563e+01 
 1.73700000e+00  3.88689421e+01 
 1.73800000e+00  3.88707123e+01 
 1.73900000e+00  3.88724612e+01 
 1.74000000e+00  3.88741822e+01 
 1.74100000e+00  3.88758828e+01 
 1.74200000e+00  3.88775560e+01 
 1.74300000e+00  3.88792086e+01 
 1.74400000e+00  3.88808383e+01 
 1.74500000e+00  3.88824396e+01 
 1.74600000e+00  3.88840185e+01 
 1.74700000e+00  3.88855729e+01 
 1.74800000e+00  3.88871012e+01 
 1.74900000e+00  3.88886045e+01 
 1.75000000e+00  3.88900830e+01 
 1.75100000e+00  3.88915384e+01 
 1.75200000e+00  3.88929702e+01 
 1.75300000e+00  3.88943719e+01 
 1.75400000e+00  3.88957465e+01 
 1.75500000e+00  3.88970991e+01 
 1.75600000e+00  3.88984196e+01 
 1.75700000e+00  3.88997174e+01 
 1.75800000e+00  3.89009918e+01 
 1.75900000e+00  3.89022350e+01 
 1.76000000e+00  3.89034518e+01 
 1.76100000e+00  3.89046418e+01 
 1.76200000e+00  3.89058027e+01 
 1.76300000e+00  3.89069393e+01 
 1.76400000e+00  3.89080490e+01 
 1.76500000e+00  3.89091282e+01 
 1.76600000e+00  3.89101773e+01 
 1.76700000e+00  3.89112001e+01 
 1.76800000e+00  3.89121976e+01 
 1.76900000e+00  3.89131603e+01 
 1.77000000e+00  3.89140954e+01 
 1.77100000e+00  3.89150017e+01 
 1.77200000e+00  3.89158781e+01 
 1.77300000e+00  3.89167267e+01 
 1.77400000e+00  3.89175488e+01 
 1.77500000e+00  3.89183385e+01 
 1.77600000e+00  3.89190912e+01 
 1.77700000e+00  3.89198190e+01 
 1.77800000e+00  3.89205173e+01 
 1.77900000e+00  3.89211835e+01 
 1.78000000e+00  3.89218163e+01 
 1.78100000e+00  3.89224174e+01 
 1.78200000e+00  3.89229901e+01 
 1.78300000e+00  3.89235283e+01 
 1.78400000e+00  3.89240375e+01 
 1.78500000e+00  3.89245164e+01 
 1.78600000e+00  3.89249545e+01 
 1.78700000e+00  3.89253612e+01 
 1.78800000e+00  3.89257459e+01 
 1.78900000e+00  3.89260919e+01 
 1.79000000e+00  3.89263976e+01 
 1.79100000e+00  3.89266755e+01 
 1.79200000e+00  3.89269183e+01 
 1.79300000e+00  3.89271284e+01 
 1.79400000e+00  3.89273071e+01 
 1.79500000e+00  3.89274433e+01 
 1.79600000e+00  3.89275476e+01 
 1.79700000e+00  3.89276195e+01 
 1.79800000e+00  3.89276523e+01 
 1.79900000e+00  3.89276565e+01 
 1.80000000e+00  3.89276496e+01 
