 2.00000000e-01  5.59283271e+00 
 2.01000000e-01  5.74743934e+00 
 2.02000000e-01  5.84243090e+00 
 2.03000000e-01  5.88678542e+00 
 2.04000000e-01  5.94665429e+00 
 2.05000000e-01  6.00626037e+00 
 2.06000000e-01  6.06559519e+00 
 2.07000000e-01  6.12464957e+00 
 2.08000000e-01  6.18341487e+00 
 2.09000000e-01  6.24188292e+00 
 2.10000000e-01  6.30004597e+00 
 2.11000000e-01  6.35789663e+00 
 2.12000000e-01  6.41542796e+00 
 2.13000000e-01  6.47263342e+00 
 2.14000000e-01  6.52950684e+00 
 2.15000000e-01  6.58604245e+00 
 2.16000000e-01  6.64223484e+00 
 2.17000000e-01  6.69807897e+00 
 2.18000000e-01  6.75357017e+00 
 2.19000000e-01  6.80870406e+00 
 2.20000000e-01  6.86347664e+00 
 2.21000000e-01  6.91788422e+00 
 2.22000000e-01  6.97192345e+00 
 2.23000000e-01  7.02559122e+00 
 2.24000000e-01  7.07888475e+00 
 2.25000000e-01  7.13180157e+00 
 2.26000000e-01  7.18433946e+00 
 2.27000000e-01  7.23649642e+00 
 2.28000000e-01  7.28827079e+00 
 2.29000000e-01  7.33966111e+00 
 2.30000000e-01  7.39066613e+00 
 2.31000000e-01  7.44128487e+00 
 2.32000000e-01  7.49151657e+00 
 2.33000000e-01  7.54136067e+00 
 2.34000000e-01  7.59081674e+00 
 2.35000000e-01  7.63988466e+00 
 2.36000000e-01  7.68856442e+00 
 2.37000000e-01  7.73685621e+00 
 2.38000000e-01  7.78476039e+00 
 2.39000000e-01  7.83227742e+00 
 2.40000000e-01  7.87940803e+00 
 2.41000000e-01  7.92615301e+00 
 2.42000000e-01  7.97251327e+00 
 2.43000000e-01  8.01848992e+00 
 2.44000000e-01  8.06408416e+00 
 2.45000000e-01  8.10929729e+00 
 2.46000000e-01  8.15413078e+00 
 2.47000000e-01  8.19858613e+00 
 2.48000000e-01  8.24266498e+00 
 2.49000000e-01  8.28636910e+00 
 2.50000000e-01  8.32970030e+00 
 2.51000000e-01  8.37266047e+00 
 2.52000000e-01  8.41525159e+00 
 2.53000000e-01  8.45747572e+00 
 2.54000000e-01  8.49933498e+00 
 2.55000000e-01  8.54083160e+00 
 2.56000000e-01  8.58196783e+00 
 2.57000000e-01  8.62274592e+00 
 2.58000000e-01  8.66316826e+00 
 2.59000000e-01  8.70323731e+00 
 2.60000000e-01  8.74295542e+00 
 2.61000000e-01  8.78232518e+00 
 2.62000000e-01  8.82134910e+00 
 2.63000000e-01  8.86002969e+00 
 2.64000000e-01  8.89836960e+00 
 2.65000000e-01  8.93637145e+00 
 2.66000000e-01  8.97403789e+00 
 2.67000000e-01  9.01137159e+00 
 2.68000000e-01  9.04837524e+00 
 2.69000000e-01  9.08505157e+00 
 2.70000000e-01  9.12140326e+00 
 2.71000000e-01  9.15743310e+00 
 2.72000000e-01  9.19314381e+00 
 2.73000000e-01  9.22853817e+00 
 2.74000000e-01  9.26361896e+00 
 2.75000000e-01  9.29838891e+00 
 2.76000000e-01  9.33285082e+00 
 2.77000000e-01  9.36700744e+00 
 2.78000000e-01  9.40086162e+00 
 2.79000000e-01  9.43441606e+00 
 2.80000000e-01  9.46767355e+00 
 2.81000000e-01  9.50063689e+00 
 2.82000000e-01  9.53330879e+00 
 2.83000000e-01  9.56569204e+00 
 2.84000000e-01  9.59778942e+00 
 2.85000000e-01  9.62960361e+00 
 2.86000000e-01  9.66113739e+00 
 2.87000000e-01  9.69239343e+00 
 2.88000000e-01  9.72337441e+00 
 2.89000000e-01  9.75408311e+00 
 2.90000000e-01  9.78452220e+00 
 2.91000000e-01  9.81469433e+00 
 2.92000000e-01  9.84460210e+00 
 2.93000000e-01  9.87424818e+00 
 2.94000000e-01  9.90363528e+00 
 2.95000000e-01  9.93276589e+00 
 2.96000000e-01  9.96164257e+00 
 2.97000000e-01  9.99026798e+00 
 2.98000000e-01  1.00186447e+01 
 2.99000000e-01  1.00467752e+01 
 3.00000000e-01  1.00746619e+01 
 3.01000000e-01  1.01023075e+01 
 3.02000000e-01  1.01297143e+01 
 3.03000000e-01  1.01568849e+01 
 3.04000000e-01  1.01838216e+01 
 3.05000000e-01  1.02105268e+01 
 3.06000000e-01  1.02370032e+01 
 3.07000000e-01  1.02632527e+01 
 3.08000000e-01  1.02892781e+01 
 3.09000000e-01  1.03150814e+01 
 3.10000000e-01  1.03406650e+01 
 3.11000000e-01  1.03660313e+01 
 3.12000000e-01  1.03911826e+01 
 3.13000000e-01  1.04161209e+01 
 3.14000000e-01  1.04408486e+01 
 3.15000000e-01  1.04653679e+01 
 3.16000000e-01  1.04896810e+01 
 3.17000000e-01  1.05137900e+01 
 3.18000000e-01  1.05376970e+01 
 3.19000000e-01  1.05614042e+01 
 3.20000000e-01  1.05849137e+01 
 3.21000000e-01  1.06082276e+01 
 3.22000000e-01  1.06313479e+01 
 3.23000000e-01  1.06542766e+01 
 3.24000000e-01  1.06770157e+01 
 3.25000000e-01  1.06995673e+01 
 3.26000000e-01  1.07219333e+01 
 3.27000000e-01  1.07441157e+01 
 3.28000000e-01  1.07661164e+01 
 3.29000000e-01  1.07879372e+01 
 3.30000000e-01  1.08095802e+01 
 3.31000000e-01  1.08310470e+01 
 3.32000000e-01  1.08523397e+01 
 3.33000000e-01  1.08734600e+01 
 3.34000000e-01  1.08944098e+01 
 3.35000000e-01  1.09151907e+01 
 3.36000000e-01  1.09358047e+01 
 3.37000000e-01  1.09562533e+01 
 3.38000000e-01  1.09765384e+01 
 3.39000000e-01  1.09966617e+01 
 3.40000000e-01  1.10166248e+01 
 3.41000000e-01  1.10364295e+01 
 3.42000000e-01  1.10560773e+01 
 3.43000000e-01  1.10755698e+01 
 3.44000000e-01  1.10949089e+01 
 3.45000000e-01  1.11140958e+01 
 3.46000000e-01  1.11331324e+01 
 3.47000000e-01  1.11520202e+01 
 3.48000000e-01  1.11707606e+01 
 3.49000000e-01  1.11893552e+01 
 3.50000000e-01  1.12078056e+01 
 3.51000000e-01  1.12261130e+01 
 3.52000000e-01  1.12442792e+01 
 3.53000000e-01  1.12623055e+01 
 3.54000000e-01  1.12801934e+01 
 3.55000000e-01  1.12979443e+01 
 3.56000000e-01  1.13155594e+01 
 3.57000000e-01  1.13330404e+01 
 3.58000000e-01  1.13503885e+01 
 3.59000000e-01  1.13676051e+01 
 3.60000000e-01  1.13846916e+01 
 3.61000000e-01  1.14016492e+01 
 3.62000000e-01  1.14184792e+01 
 3.63000000e-01  1.14351831e+01 
 3.64000000e-01  1.14517619e+01 
 3.65000000e-01  1.14682170e+01 
 3.66000000e-01  1.14845498e+01 
 3.67000000e-01  1.15007613e+01 
 3.68000000e-01  1.15168527e+01 
 3.69000000e-01  1.15328254e+01 
 3.70000000e-01  1.15486805e+01 
 3.71000000e-01  1.15644191e+01 
 3.72000000e-01  1.15800425e+01 
 3.73000000e-01  1.15955518e+01 
 3.74000000e-01  1.16109481e+01 
 3.75000000e-01  1.16262325e+01 
 3.76000000e-01  1.16414062e+01 
 3.77000000e-01  1.16564702e+01 
 3.78000000e-01  1.16714257e+01 
 3.79000000e-01  1.16862737e+01 
 3.80000000e-01  1.17010152e+01 
 3.81000000e-01  1.17156514e+01 
 3.82000000e-01  1.17301831e+01 
 3.83000000e-01  1.17446117e+01 
 3.84000000e-01  1.17589377e+01 
 3.85000000e-01  1.17731625e+01 
 3.86000000e-01  1.17872870e+01 
 3.87000000e-01  1.18013121e+01 
 3.88000000e-01  1.18152388e+01 
 3.89000000e-01  1.18290681e+01 
 3.90000000e-01  1.18428009e+01 
 3.91000000e-01  1.18564380e+01 
 3.92000000e-01  1.18699805e+01 
 3.93000000e-01  1.18834293e+01 
 3.94000000e-01  1.18967853e+01 
 3.95000000e-01  1.19100492e+01 
 3.96000000e-01  1.19232221e+01 
 3.97000000e-01  1.19363048e+01 
 3.98000000e-01  1.19492982e+01 
 3.99000000e-01  1.19622030e+01 
 4.00000000e-01  1.19750202e+01 
 4.01000000e-01  1.19877505e+01 
 4.02000000e-01  1.20003949e+01 
 4.03000000e-01  1.20129539e+01 
 4.04000000e-01  1.20254286e+01 
 4.05000000e-01  1.20378197e+01 
 4.06000000e-01  1.20501279e+01 
 4.07000000e-01  1.20623541e+01 
 4.08000000e-01  1.20744990e+01 
 4.09000000e-01  1.20865634e+01 
 4.10000000e-01  1.20985480e+01 
 4.11000000e-01  1.21104535e+01 
 4.12000000e-01  1.21222806e+01 
 4.13000000e-01  1.21340303e+01 
 4.14000000e-01  1.21457030e+01 
 4.15000000e-01  1.21572995e+01 
 4.16000000e-01  1.21688206e+01 
 4.17000000e-01  1.21802668e+01 
 4.18000000e-01  1.21916389e+01 
 4.19000000e-01  1.22029376e+01 
 4.20000000e-01  1.22141637e+01 
 4.21000000e-01  1.22253175e+01 
 4.22000000e-01  1.22363999e+01 
 4.23000000e-01  1.22474114e+01 
 4.24000000e-01  1.22583528e+01 
 4.25000000e-01  1.22692248e+01 
 4.26000000e-01  1.22800277e+01 
 4.27000000e-01  1.22907623e+01 
 4.28000000e-01  1.23014293e+01 
 4.29000000e-01  1.23120292e+01 
 4.30000000e-01  1.23225626e+01 
 4.31000000e-01  1.23330300e+01 
 4.32000000e-01  1.23434323e+01 
 4.33000000e-01  1.23537698e+01 
 4.34000000e-01  1.23640430e+01 
 4.35000000e-01  1.23742527e+01 
 4.36000000e-01  1.23843994e+01 
 4.37000000e-01  1.23944835e+01 
 4.38000000e-01  1.24045057e+01 
 4.39000000e-01  1.24144665e+01 
 4.40000000e-01  1.24243665e+01 
 4.41000000e-01  1.24342060e+01 
 4.42000000e-01  1.24439859e+01 
 4.43000000e-01  1.24537064e+01 
 4.44000000e-01  1.24633680e+01 
 4.45000000e-01  1.24729714e+01 
 4.46000000e-01  1.24825170e+01 
 4.47000000e-01  1.24920054e+01 
 4.48000000e-01  1.25014370e+01 
 4.49000000e-01  1.25108122e+01 
 4.50000000e-01  1.25201316e+01 
 4.51000000e-01  1.25293958e+01 
 4.52000000e-01  1.25386048e+01 
 4.53000000e-01  1.25477595e+01 
 4.54000000e-01  1.25568604e+01 
 4.55000000e-01  1.25659077e+01 
 4.56000000e-01  1.25749019e+01 
 4.57000000e-01  1.25838435e+01 
 4.58000000e-01  1.25927329e+01 
 4.59000000e-01  1.26015706e+01 
 4.60000000e-01  1.26103570e+01 
 4.61000000e-01  1.26190926e+01 
 4.62000000e-01  1.26277775e+01 
 4.63000000e-01  1.26364126e+01 
 4.64000000e-01  1.26449980e+01 
 4.65000000e-01  1.26535342e+01 
 4.66000000e-01  1.26620217e+01 
 4.67000000e-01  1.26704606e+01 
 4.68000000e-01  1.26788516e+01 
 4.69000000e-01  1.26871949e+01 
 4.70000000e-01  1.26954910e+01 
 4.71000000e-01  1.27037402e+01 
 4.72000000e-01  1.27119430e+01 
 4.73000000e-01  1.27200998e+01 
 4.74000000e-01  1.27282108e+01 
 4.75000000e-01  1.27362764e+01 
 4.76000000e-01  1.27442970e+01 
 4.77000000e-01  1.27522731e+01 
 4.78000000e-01  1.27602049e+01 
 4.79000000e-01  1.27680928e+01 
 4.80000000e-01  1.27759371e+01 
 4.81000000e-01  1.27837382e+01 
 4.82000000e-01  1.27914965e+01 
 4.83000000e-01  1.27992121e+01 
 4.84000000e-01  1.28068857e+01 
 4.85000000e-01  1.28145173e+01 
 4.86000000e-01  1.28221074e+01 
 4.87000000e-01  1.28296564e+01 
 4.88000000e-01  1.28371644e+01 
 4.89000000e-01  1.28446320e+01 
 4.90000000e-01  1.28520592e+01 
 4.91000000e-01  1.28594465e+01 
 4.92000000e-01  1.28667943e+01 
 4.93000000e-01  1.28741027e+01 
 4.94000000e-01  1.28813721e+01 
 4.95000000e-01  1.28886028e+01 
 4.96000000e-01  1.28957951e+01 
 4.97000000e-01  1.29029493e+01 
 4.98000000e-01  1.29100656e+01 
 4.99000000e-01  1.29171445e+01 
 5.00000000e-01  1.29241863e+01 
 5.01000000e-01  1.29311909e+01 
 5.02000000e-01  1.29381588e+01 
 5.03000000e-01  1.29450905e+01 
 5.04000000e-01  1.29519860e+01 
 5.05000000e-01  1.29588457e+01 
 5.06000000e-01  1.29656698e+01 
 5.07000000e-01  1.29724585e+01 
 5.08000000e-01  1.29792122e+01 
 5.09000000e-01  1.29859313e+01 
 5.10000000e-01  1.29926157e+01 
 5.11000000e-01  1.29992659e+01 
 5.12000000e-01  1.30058821e+01 
 5.13000000e-01  1.30124645e+01 
 5.14000000e-01  1.30190136e+01 
 5.15000000e-01  1.30255292e+01 
 5.16000000e-01  1.30320120e+01 
 5.17000000e-01  1.30384620e+01 
 5.18000000e-01  1.30448793e+01 
 5.19000000e-01  1.30512645e+01 
 5.20000000e-01  1.30576177e+01 
 5.21000000e-01  1.30639391e+01 
 5.22000000e-01  1.30702288e+01 
 5.23000000e-01  1.30764871e+01 
 5.24000000e-01  1.30827144e+01 
 5.25000000e-01  1.30889108e+01 
 5.26000000e-01  1.30950765e+01 
 5.27000000e-01  1.31012119e+01 
 5.28000000e-01  1.31073170e+01 
 5.29000000e-01  1.31133920e+01 
 5.30000000e-01  1.31194373e+01 
 5.31000000e-01  1.31254529e+01 
 5.32000000e-01  1.31314393e+01 
 5.33000000e-01  1.31373966e+01 
 5.34000000e-01  1.31433248e+01 
 5.35000000e-01  1.31492243e+01 
 5.36000000e-01  1.31550953e+01 
 5.37000000e-01  1.31609379e+01 
 5.38000000e-01  1.31667524e+01 
 5.39000000e-01  1.31725390e+01 
 5.40000000e-01  1.31782979e+01 
 5.41000000e-01  1.31840291e+01 
 5.42000000e-01  1.31897331e+01 
 5.43000000e-01  1.31954099e+01 
 5.44000000e-01  1.32010597e+01 
 5.45000000e-01  1.32066828e+01 
 5.46000000e-01  1.32122791e+01 
 5.47000000e-01  1.32178492e+01 
 5.48000000e-01  1.32233930e+01 
 5.49000000e-01  1.32289108e+01 
 5.50000000e-01  1.32344027e+01 
 5.51000000e-01  1.32398690e+01 
 5.52000000e-01  1.32453097e+01 
 5.53000000e-01  1.32507251e+01 
 5.54000000e-01  1.32561152e+01 
 5.55000000e-01  1.32614805e+01 
 5.56000000e-01  1.32668210e+01 
 5.57000000e-01  1.32721367e+01 
 5.58000000e-01  1.32774280e+01 
 5.59000000e-01  1.32826950e+01 
 5.60000000e-01  1.32879379e+01 
 5.61000000e-01  1.32931567e+01 
 5.62000000e-01  1.32983516e+01 
 5.63000000e-01  1.33035232e+01 
 5.64000000e-01  1.33086709e+01 
 5.65000000e-01  1.33137954e+01 
 5.66000000e-01  1.33188968e+01 
 5.67000000e-01  1.33239750e+01 
 5.68000000e-01  1.33290305e+01 
 5.69000000e-01  1.33340631e+01 
 5.70000000e-01  1.33390732e+01 
 5.71000000e-01  1.33440609e+01 
 5.72000000e-01  1.33490262e+01 
 5.73000000e-01  1.33539695e+01 
 5.74000000e-01  1.33588907e+01 
 5.75000000e-01  1.33637902e+01 
 5.76000000e-01  1.33686680e+01 
 5.77000000e-01  1.33735239e+01 
 5.78000000e-01  1.33783587e+01 
 5.79000000e-01  1.33831722e+01 
 5.80000000e-01  1.33879644e+01 
 5.81000000e-01  1.33927358e+01 
 5.82000000e-01  1.33974863e+01 
 5.83000000e-01  1.34022160e+01 
 5.84000000e-01  1.34069252e+01 
 5.85000000e-01  1.34116138e+01 
 5.86000000e-01  1.34162821e+01 
 5.87000000e-01  1.34209304e+01 
 5.88000000e-01  1.34255584e+01 
 5.89000000e-01  1.34301664e+01 
 5.90000000e-01  1.34347548e+01 
 5.91000000e-01  1.34393234e+01 
 5.92000000e-01  1.34438725e+01 
 5.93000000e-01  1.34484022e+01 
 5.94000000e-01  1.34529124e+01 
 5.95000000e-01  1.34574035e+01 
 5.96000000e-01  1.34618755e+01 
 5.97000000e-01  1.34663286e+01 
 5.98000000e-01  1.34707629e+01 
 5.99000000e-01  1.34751784e+01 
 6.00000000e-01  1.34795754e+01 
 6.01000000e-01  1.34839539e+01 
 6.02000000e-01  1.34883139e+01 
 6.03000000e-01  1.34926558e+01 
 6.04000000e-01  1.34969796e+01 
 6.05000000e-01  1.35012852e+01 
 6.06000000e-01  1.35055729e+01 
 6.07000000e-01  1.35098430e+01 
 6.08000000e-01  1.35140952e+01 
 6.09000000e-01  1.35183299e+01 
 6.10000000e-01  1.35225472e+01 
 6.11000000e-01  1.35267472e+01 
 6.12000000e-01  1.35309297e+01 
 6.13000000e-01  1.35350950e+01 
 6.14000000e-01  1.35392436e+01 
 6.15000000e-01  1.35433752e+01 
 6.16000000e-01  1.35474897e+01 
 6.17000000e-01  1.35515875e+01 
 6.18000000e-01  1.35556688e+01 
 6.19000000e-01  1.35597334e+01 
 6.20000000e-01  1.35637817e+01 
 6.21000000e-01  1.35678137e+01 
 6.22000000e-01  1.35718294e+01 
 6.23000000e-01  1.35758291e+01 
 6.24000000e-01  1.35798126e+01 
 6.25000000e-01  1.35837800e+01 
 6.26000000e-01  1.35877317e+01 
 6.27000000e-01  1.35916678e+01 
 6.28000000e-01  1.35955881e+01 
 6.29000000e-01  1.35994928e+01 
 6.30000000e-01  1.36033820e+01 
 6.31000000e-01  1.36072558e+01 
 6.32000000e-01  1.36111143e+01 
 6.33000000e-01  1.36149578e+01 
 6.34000000e-01  1.36187862e+01 
 6.35000000e-01  1.36225993e+01 
 6.36000000e-01  1.36263975e+01 
 6.37000000e-01  1.36301810e+01 
 6.38000000e-01  1.36339496e+01 
 6.39000000e-01  1.36377036e+01 
 6.40000000e-01  1.36414431e+01 
 6.41000000e-01  1.36451680e+01 
 6.42000000e-01  1.36488784e+01 
 6.43000000e-01  1.36525744e+01 
 6.44000000e-01  1.36562564e+01 
 6.45000000e-01  1.36599242e+01 
 6.46000000e-01  1.36635777e+01 
 6.47000000e-01  1.36672172e+01 
 6.48000000e-01  1.36708429e+01 
 6.49000000e-01  1.36744548e+01 
 6.50000000e-01  1.36780530e+01 
 6.51000000e-01  1.36816372e+01 
 6.52000000e-01  1.36852079e+01 
 6.53000000e-01  1.36887651e+01 
 6.54000000e-01  1.36923089e+01 
 6.55000000e-01  1.36958393e+01 
 6.56000000e-01  1.36993563e+01 
 6.57000000e-01  1.37028602e+01 
 6.58000000e-01  1.37063510e+01 
 6.59000000e-01  1.37098286e+01 
 6.60000000e-01  1.37132931e+01 
 6.61000000e-01  1.37167447e+01 
 6.62000000e-01  1.37201834e+01 
 6.63000000e-01  1.37236096e+01 
 6.64000000e-01  1.37270230e+01 
 6.65000000e-01  1.37304236e+01 
 6.66000000e-01  1.37338115e+01 
 6.67000000e-01  1.37371871e+01 
 6.68000000e-01  1.37405503e+01 
 6.69000000e-01  1.37439010e+01 
 6.70000000e-01  1.37472396e+01 
 6.71000000e-01  1.37505659e+01 
 6.72000000e-01  1.37538799e+01 
 6.73000000e-01  1.37571818e+01 
 6.74000000e-01  1.37604717e+01 
 6.75000000e-01  1.37637498e+01 
 6.76000000e-01  1.37670158e+01 
 6.77000000e-01  1.37702700e+01 
 6.78000000e-01  1.37735126e+01 
 6.79000000e-01  1.37767434e+01 
 6.80000000e-01  1.37799626e+01 
 6.81000000e-01  1.37831701e+01 
 6.82000000e-01  1.37863660e+01 
 6.83000000e-01  1.37895508e+01 
 6.84000000e-01  1.37927240e+01 
 6.85000000e-01  1.37958859e+01 
 6.86000000e-01  1.37990365e+01 
 6.87000000e-01  1.38021758e+01 
 6.88000000e-01  1.38053040e+01 
 6.89000000e-01  1.38084213e+01 
 6.90000000e-01  1.38115275e+01 
 6.91000000e-01  1.38146228e+01 
 6.92000000e-01  1.38177070e+01 
 6.93000000e-01  1.38207803e+01 
 6.94000000e-01  1.38238430e+01 
 6.95000000e-01  1.38268949e+01 
 6.96000000e-01  1.38299362e+01 
 6.97000000e-01  1.38329669e+01 
 6.98000000e-01  1.38359868e+01 
 6.99000000e-01  1.38389963e+01 
 7.00000000e-01  1.38419953e+01 
 7.01000000e-01  1.38449840e+01 
 7.02000000e-01  1.38479624e+01 
 7.03000000e-01  1.38509303e+01 
 7.04000000e-01  1.38538882e+01 
 7.05000000e-01  1.38568359e+01 
 7.06000000e-01  1.38597735e+01 
 7.07000000e-01  1.38627008e+01 
 7.08000000e-01  1.38656180e+01 
 7.09000000e-01  1.38685256e+01 
 7.10000000e-01  1.38714230e+01 
 7.11000000e-01  1.38743105e+01 
 7.12000000e-01  1.38771885e+01 
 7.13000000e-01  1.38800566e+01 
 7.14000000e-01  1.38829148e+01 
 7.15000000e-01  1.38857634e+01 
 7.16000000e-01  1.38886026e+01 
 7.17000000e-01  1.38914321e+01 
 7.18000000e-01  1.38942520e+01 
 7.19000000e-01  1.38970624e+01 
 7.20000000e-01  1.38998635e+01 
 7.21000000e-01  1.39026553e+01 
 7.22000000e-01  1.39054377e+01 
 7.23000000e-01  1.39082106e+01 
 7.24000000e-01  1.39109744e+01 
 7.25000000e-01  1.39137291e+01 
 7.26000000e-01  1.39164748e+01 
 7.27000000e-01  1.39192113e+01 
 7.28000000e-01  1.39219385e+01 
 7.29000000e-01  1.39246568e+01 
 7.30000000e-01  1.39273664e+01 
 7.31000000e-01  1.39300670e+01 
 7.32000000e-01  1.39327585e+01 
 7.33000000e-01  1.39354414e+01 
 7.34000000e-01  1.39381155e+01 
 7.35000000e-01  1.39407808e+01 
 7.36000000e-01  1.39434374e+01 
 7.37000000e-01  1.39460855e+01 
 7.38000000e-01  1.39487248e+01 
 7.39000000e-01  1.39513557e+01 
 7.40000000e-01  1.39539780e+01 
 7.41000000e-01  1.39565917e+01 
 7.42000000e-01  1.39591973e+01 
 7.43000000e-01  1.39617943e+01 
 7.44000000e-01  1.39643828e+01 
 7.45000000e-01  1.39669633e+01 
 7.46000000e-01  1.39695354e+01 
 7.47000000e-01  1.39720991e+01 
 7.48000000e-01  1.39746548e+01 
 7.49000000e-01  1.39772024e+01 
 7.50000000e-01  1.39797418e+01 
 7.51000000e-01  1.39822730e+01 
 7.52000000e-01  1.39847964e+01 
 7.53000000e-01  1.39873117e+01 
 7.54000000e-01  1.39898191e+01 
 7.55000000e-01  1.39923184e+01 
 7.56000000e-01  1.39948100e+01 
 7.57000000e-01  1.39972937e+01 
 7.58000000e-01  1.39997698e+01 
 7.59000000e-01  1.40022380e+01 
 7.60000000e-01  1.40046982e+01 
 7.61000000e-01  1.40071509e+01 
 7.62000000e-01  1.40095962e+01 
 7.63000000e-01  1.40120337e+01 
 7.64000000e-01  1.40144635e+01 
 7.65000000e-01  1.40168858e+01 
 7.66000000e-01  1.40193006e+01 
 7.67000000e-01  1.40217081e+01 
 7.68000000e-01  1.40241081e+01 
 7.69000000e-01  1.40265007e+01 
 7.70000000e-01  1.40288857e+01 
 7.71000000e-01  1.40312636e+01 
 7.72000000e-01  1.40336342e+01 
 7.73000000e-01  1.40359975e+01 
 7.74000000e-01  1.40383536e+01 
 7.75000000e-01  1.40407024e+01 
 7.76000000e-01  1.40430442e+01 
 7.77000000e-01  1.40453787e+01 
 7.78000000e-01  1.40477062e+01 
 7.79000000e-01  1.40500267e+01 
 7.80000000e-01  1.40523401e+01 
 7.81000000e-01  1.40546465e+01 
 7.82000000e-01  1.40569461e+01 
 7.83000000e-01  1.40592385e+01 
 7.84000000e-01  1.40615242e+01 
 7.85000000e-01  1.40638031e+01 
 7.86000000e-01  1.40660747e+01 
 7.87000000e-01  1.40683399e+01 
 7.88000000e-01  1.40705984e+01 
 7.89000000e-01  1.40728499e+01 
 7.90000000e-01  1.40750949e+01 
 7.91000000e-01  1.40773331e+01 
 7.92000000e-01  1.40795647e+01 
 7.93000000e-01  1.40817897e+01 
 7.94000000e-01  1.40840080e+01 
 7.95000000e-01  1.40862199e+01 
 7.96000000e-01  1.40884253e+01 
 7.97000000e-01  1.40906240e+01 
 7.98000000e-01  1.40928162e+01 
 7.99000000e-01  1.40950023e+01 
 8.00000000e-01  1.40971819e+01 
 8.01000000e-01  1.40993548e+01 
 8.02000000e-01  1.41015216e+01 
 8.03000000e-01  1.41036821e+01 
 8.04000000e-01  1.41058363e+01 
 8.05000000e-01  1.41079841e+01 
 8.06000000e-01  1.41101257e+01 
 8.07000000e-01  1.41122611e+01 
 8.08000000e-01  1.41143904e+01 
 8.09000000e-01  1.41165138e+01 
 8.10000000e-01  1.41186307e+01 
 8.11000000e-01  1.41207414e+01 
 8.12000000e-01  1.41228462e+01 
 8.13000000e-01  1.41249449e+01 
 8.14000000e-01  1.41270378e+01 
 8.15000000e-01  1.41291247e+01 
 8.16000000e-01  1.41312054e+01 
 8.17000000e-01  1.41332801e+01 
 8.18000000e-01  1.41353492e+01 
 8.19000000e-01  1.41374123e+01 
 8.20000000e-01  1.41394694e+01 
 8.21000000e-01  1.41415207e+01 
 8.22000000e-01  1.41435662e+01 
 8.23000000e-01  1.41456063e+01 
 8.24000000e-01  1.41476403e+01 
 8.25000000e-01  1.41496683e+01 
 8.26000000e-01  1.41516910e+01 
 8.27000000e-01  1.41537081e+01 
 8.28000000e-01  1.41557191e+01 
 8.29000000e-01  1.41577248e+01 
 8.30000000e-01  1.41597248e+01 
 8.31000000e-01  1.41617191e+01 
 8.32000000e-01  1.41637082e+01 
 8.33000000e-01  1.41656914e+01 
 8.34000000e-01  1.41676692e+01 
 8.35000000e-01  1.41696416e+01 
 8.36000000e-01  1.41716084e+01 
 8.37000000e-01  1.41735698e+01 
 8.38000000e-01  1.41755258e+01 
 8.39000000e-01  1.41774766e+01 
 8.40000000e-01  1.41794216e+01 
 8.41000000e-01  1.41813616e+01 
 8.42000000e-01  1.41832962e+01 
 8.43000000e-01  1.41852253e+01 
 8.44000000e-01  1.41871495e+01 
 8.45000000e-01  1.41890683e+01 
 8.46000000e-01  1.41909815e+01 
 8.47000000e-01  1.41928899e+01 
 8.48000000e-01  1.41947931e+01 
 8.49000000e-01  1.41966910e+01 
 8.50000000e-01  1.41985838e+01 
 8.51000000e-01  1.42004713e+01 
 8.52000000e-01  1.42023539e+01 
 8.53000000e-01  1.42042314e+01 
 8.54000000e-01  1.42061037e+01 
 8.55000000e-01  1.42079711e+01 
 8.56000000e-01  1.42098336e+01 
 8.57000000e-01  1.42116909e+01 
 8.58000000e-01  1.42135431e+01 
 8.59000000e-01  1.42153907e+01 
 8.60000000e-01  1.42172333e+01 
 8.61000000e-01  1.42190707e+01 
 8.62000000e-01  1.42209033e+01 
 8.63000000e-01  1.42227312e+01 
 8.64000000e-01  1.42245542e+01 
 8.65000000e-01  1.42263724e+01 
 8.66000000e-01  1.42281856e+01 
 8.67000000e-01  1.42299940e+01 
 8.68000000e-01  1.42317978e+01 
 8.69000000e-01  1.42335970e+01 
 8.70000000e-01  1.42353912e+01 
 8.71000000e-01  1.42371807e+01 
 8.72000000e-01  1.42389655e+01 
 8.73000000e-01  1.42407456e+01 
 8.74000000e-01  1.42425213e+01 
 8.75000000e-01  1.42442920e+01 
 8.76000000e-01  1.42460583e+01 
 8.77000000e-01  1.42478202e+01 
 8.78000000e-01  1.42495771e+01 
 8.79000000e-01  1.42513295e+01 
 8.80000000e-01  1.42530777e+01 
 8.81000000e-01  1.42548211e+01 
 8.82000000e-01  1.42565600e+01 
 8.83000000e-01  1.42582945e+01 
 8.84000000e-01  1.42600244e+01 
 8.85000000e-01  1.42617500e+01 
 8.86000000e-01  1.42634710e+01 
 8.87000000e-01  1.42651878e+01 
 8.88000000e-01  1.42669001e+01 
 8.89000000e-01  1.42686079e+01 
 8.90000000e-01  1.42703116e+01 
 8.91000000e-01  1.42720108e+01 
 8.92000000e-01  1.42737055e+01 
 8.93000000e-01  1.42753962e+01 
 8.94000000e-01  1.42770825e+01 
 8.95000000e-01  1.42787644e+01 
 8.96000000e-01  1.42804421e+01 
 8.97000000e-01  1.42821155e+01 
 8.98000000e-01  1.42837849e+01 
 8.99000000e-01  1.42854501e+01 
 9.00000000e-01  1.42871110e+01 
 9.01000000e-01  1.42887673e+01 
 9.02000000e-01  1.42904199e+01 
 9.03000000e-01  1.42920686e+01 
 9.04000000e-01  1.42937127e+01 
 9.05000000e-01  1.42953527e+01 
 9.06000000e-01  1.42969888e+01 
 9.07000000e-01  1.42986209e+01 
 9.08000000e-01  1.43002489e+01 
 9.09000000e-01  1.43018725e+01 
 9.10000000e-01  1.43034924e+01 
 9.11000000e-01  1.43051084e+01 
 9.12000000e-01  1.43067200e+01 
 9.13000000e-01  1.43083280e+01 
 9.14000000e-01  1.43099319e+01 
 9.15000000e-01  1.43115316e+01 
 9.16000000e-01  1.43131277e+01 
 9.17000000e-01  1.43147200e+01 
 9.18000000e-01  1.43163080e+01 
 9.19000000e-01  1.43178922e+01 
 9.20000000e-01  1.43194724e+01 
 9.21000000e-01  1.43210491e+01 
 9.22000000e-01  1.43226221e+01 
 9.23000000e-01  1.43241907e+01 
 9.24000000e-01  1.43257555e+01 
 9.25000000e-01  1.43273170e+01 
 9.26000000e-01  1.43288746e+01 
 9.27000000e-01  1.43304281e+01 
 9.28000000e-01  1.43319780e+01 
 9.29000000e-01  1.43335241e+01 
 9.30000000e-01  1.43350665e+01 
 9.31000000e-01  1.43366053e+01 
 9.32000000e-01  1.43381405e+01 
 9.33000000e-01  1.43396718e+01 
 9.34000000e-01  1.43411993e+01 
 9.35000000e-01  1.43427234e+01 
 9.36000000e-01  1.43442439e+01 
 9.37000000e-01  1.43457606e+01 
 9.38000000e-01  1.43472735e+01 
 9.39000000e-01  1.43487830e+01 
 9.40000000e-01  1.43502892e+01 
 9.41000000e-01  1.43517915e+01 
 9.42000000e-01  1.43532900e+01 
 9.43000000e-01  1.43547854e+01 
 9.44000000e-01  1.43562772e+01 
 9.45000000e-01  1.43577653e+01 
 9.46000000e-01  1.43592498e+01 
 9.47000000e-01  1.43607310e+01 
 9.48000000e-01  1.43622088e+01 
 9.49000000e-01  1.43636830e+01 
 9.50000000e-01  1.43651539e+01 
 9.51000000e-01  1.43666211e+01 
 9.52000000e-01  1.43680848e+01 
 9.53000000e-01  1.43695452e+01 
 9.54000000e-01  1.43710024e+01 
 9.55000000e-01  1.43724560e+01 
 9.56000000e-01  1.43739064e+01 
 9.57000000e-01  1.43753535e+01 
 9.58000000e-01  1.43767966e+01 
 9.59000000e-01  1.43782368e+01 
 9.60000000e-01  1.43796740e+01 
 9.61000000e-01  1.43811074e+01 
 9.62000000e-01  1.43825376e+01 
 9.63000000e-01  1.43839648e+01 
 9.64000000e-01  1.43853882e+01 
 9.65000000e-01  1.43868085e+01 
 9.66000000e-01  1.43882258e+01 
 9.67000000e-01  1.43896399e+01 
 9.68000000e-01  1.43910503e+01 
 9.69000000e-01  1.43924577e+01 
 9.70000000e-01  1.43938620e+01 
 9.71000000e-01  1.43952630e+01 
 9.72000000e-01  1.43966608e+01 
 9.73000000e-01  1.43980555e+01 
 9.74000000e-01  1.43994470e+01 
 9.75000000e-01  1.44008351e+01 
 9.76000000e-01  1.44022205e+01 
 9.77000000e-01  1.44036025e+01 
 9.78000000e-01  1.44049815e+01 
 9.79000000e-01  1.44063575e+01 
 9.80000000e-01  1.44077299e+01 
 9.81000000e-01  1.44090994e+01 
 9.82000000e-01  1.44104662e+01 
 9.83000000e-01  1.44118300e+01 
 9.84000000e-01  1.44131903e+01 
 9.85000000e-01  1.44145474e+01 
 9.86000000e-01  1.44159018e+01 
 9.87000000e-01  1.44172535e+01 
 9.88000000e-01  1.44186017e+01 
 9.89000000e-01  1.44199468e+01 
 9.90000000e-01  1.44212896e+01 
 9.91000000e-01  1.44226287e+01 
 9.92000000e-01  1.44239651e+01 
 9.93000000e-01  1.44252988e+01 
 9.94000000e-01  1.44266290e+01 
 9.95000000e-01  1.44279567e+01 
 9.96000000e-01  1.44292815e+01 
 9.97000000e-01  1.44306031e+01 
 9.98000000e-01  1.44319218e+01 
 9.99000000e-01  1.44332379e+01 
 1.00000000e+00  1.44345511e+01 
 1.00100000e+00  1.44358611e+01 
 1.00200000e+00  1.44371684e+01 
 1.00300000e+00  1.44384730e+01 
 1.00400000e+00  1.44397744e+01 
 1.00500000e+00  1.44410733e+01 
 1.00600000e+00  1.44423695e+01 
 1.00700000e+00  1.44436622e+01 
 1.00800000e+00  1.44449527e+01 
 1.00900000e+00  1.44462403e+01 
 1.01000000e+00  1.44475248e+01 
 1.01100000e+00  1.44488069e+01 
 1.01200000e+00  1.44500865e+01 
 1.01300000e+00  1.44513629e+01 
 1.01400000e+00  1.44526363e+01 
 1.01500000e+00  1.44539074e+01 
 1.01600000e+00  1.44551756e+01 
 1.01700000e+00  1.44564411e+01 
 1.01800000e+00  1.44577041e+01 
 1.01900000e+00  1.44589644e+01 
 1.02000000e+00  1.44602217e+01 
 1.02100000e+00  1.44614763e+01 
 1.02200000e+00  1.44627283e+01 
 1.02300000e+00  1.44639776e+01 
 1.02400000e+00  1.44652247e+01 
 1.02500000e+00  1.44664687e+01 
 1.02600000e+00  1.44677101e+01 
 1.02700000e+00  1.44689492e+01 
 1.02800000e+00  1.44701853e+01 
 1.02900000e+00  1.44714190e+01 
 1.03000000e+00  1.44726499e+01 
 1.03100000e+00  1.44738782e+01 
 1.03200000e+00  1.44751045e+01 
 1.03300000e+00  1.44763278e+01 
 1.03400000e+00  1.44775482e+01 
 1.03500000e+00  1.44787664e+01 
 1.03600000e+00  1.44799820e+01 
 1.03700000e+00  1.44811950e+01 
 1.03800000e+00  1.44824058e+01 
 1.03900000e+00  1.44836140e+01 
 1.04000000e+00  1.44848195e+01 
 1.04100000e+00  1.44860224e+01 
 1.04200000e+00  1.44872226e+01 
 1.04300000e+00  1.44884207e+01 
 1.04400000e+00  1.44896163e+01 
 1.04500000e+00  1.44908094e+01 
 1.04600000e+00  1.44920002e+01 
 1.04700000e+00  1.44931882e+01 
 1.04800000e+00  1.44943741e+01 
 1.04900000e+00  1.44955574e+01 
 1.05000000e+00  1.44967379e+01 
 1.05100000e+00  1.44979168e+01 
 1.05200000e+00  1.44990927e+01 
 1.05300000e+00  1.45002659e+01 
 1.05400000e+00  1.45014374e+01 
 1.05500000e+00  1.45026062e+01 
 1.05600000e+00  1.45037725e+01 
 1.05700000e+00  1.45049366e+01 
 1.05800000e+00  1.45060985e+01 
 1.05900000e+00  1.45072577e+01 
 1.06000000e+00  1.45084146e+01 
 1.06100000e+00  1.45095696e+01 
 1.06200000e+00  1.45107217e+01 
 1.06300000e+00  1.45118714e+01 
 1.06400000e+00  1.45130193e+01 
 1.06500000e+00  1.45141648e+01 
 1.06600000e+00  1.45153077e+01 
 1.06700000e+00  1.45164484e+01 
 1.06800000e+00  1.45175868e+01 
 1.06900000e+00  1.45187232e+01 
 1.07000000e+00  1.45198572e+01 
 1.07100000e+00  1.45209887e+01 
 1.07200000e+00  1.45221180e+01 
 1.07300000e+00  1.45232451e+01 
 1.07400000e+00  1.45243702e+01 
 1.07500000e+00  1.45254926e+01 
 1.07600000e+00  1.45266128e+01 
 1.07700000e+00  1.45277313e+01 
 1.07800000e+00  1.45288475e+01 
 1.07900000e+00  1.45299608e+01 
 1.08000000e+00  1.45310724e+01 
 1.08100000e+00  1.45321822e+01 
 1.08200000e+00  1.45332888e+01 
 1.08300000e+00  1.45343939e+01 
 1.08400000e+00  1.45354969e+01 
 1.08500000e+00  1.45365975e+01 
 1.08600000e+00  1.45376961e+01 
 1.08700000e+00  1.45387923e+01 
 1.08800000e+00  1.45398862e+01 
 1.08900000e+00  1.45409785e+01 
 1.09000000e+00  1.45420688e+01 
 1.09100000e+00  1.45431563e+01 
 1.09200000e+00  1.45442416e+01 
 1.09300000e+00  1.45453255e+01 
 1.09400000e+00  1.45464072e+01 
 1.09500000e+00  1.45474863e+01 
 1.09600000e+00  1.45485634e+01 
 1.09700000e+00  1.45496391e+01 
 1.09800000e+00  1.45507116e+01 
 1.09900000e+00  1.45517827e+01 
 1.10000000e+00  1.45528519e+01 
 1.10100000e+00  1.45539186e+01 
 1.10200000e+00  1.45549838e+01 
 1.10300000e+00  1.45560464e+01 
 1.10400000e+00  1.45571070e+01 
 1.10500000e+00  1.45581661e+01 
 1.10600000e+00  1.45592227e+01 
 1.10700000e+00  1.45602769e+01 
 1.10800000e+00  1.45613299e+01 
 1.10900000e+00  1.45623807e+01 
 1.11000000e+00  1.45634291e+01 
 1.11100000e+00  1.45644758e+01 
 1.11200000e+00  1.45655205e+01 
 1.11300000e+00  1.45665633e+01 
 1.11400000e+00  1.45676040e+01 
 1.11500000e+00  1.45686428e+01 
 1.11600000e+00  1.45696794e+01 
 1.11700000e+00  1.45707144e+01 
 1.11800000e+00  1.45717472e+01 
 1.11900000e+00  1.45727782e+01 
 1.12000000e+00  1.45738071e+01 
 1.12100000e+00  1.45748338e+01 
 1.12200000e+00  1.45758594e+01 
 1.12300000e+00  1.45768826e+01 
 1.12400000e+00  1.45779039e+01 
 1.12500000e+00  1.45789231e+01 
 1.12600000e+00  1.45799403e+01 
 1.12700000e+00  1.45809561e+01 
 1.12800000e+00  1.45819698e+01 
 1.12900000e+00  1.45829815e+01 
 1.13000000e+00  1.45839914e+01 
 1.13100000e+00  1.45849997e+01 
 1.13200000e+00  1.45860056e+01 
 1.13300000e+00  1.45870098e+01 
 1.13400000e+00  1.45880122e+01 
 1.13500000e+00  1.45890129e+01 
 1.13600000e+00  1.45900116e+01 
 1.13700000e+00  1.45910085e+01 
 1.13800000e+00  1.45920037e+01 
 1.13900000e+00  1.45929967e+01 
 1.14000000e+00  1.45939880e+01 
 1.14100000e+00  1.45949777e+01 
 1.14200000e+00  1.45959656e+01 
 1.14300000e+00  1.45969516e+01 
 1.14400000e+00  1.45979355e+01 
 1.14500000e+00  1.45989180e+01 
 1.14600000e+00  1.45998985e+01 
 1.14700000e+00  1.46008770e+01 
 1.14800000e+00  1.46018542e+01 
 1.14900000e+00  1.46028295e+01 
 1.15000000e+00  1.46038026e+01 
 1.15100000e+00  1.46047746e+01 
 1.15200000e+00  1.46057448e+01 
 1.15300000e+00  1.46067125e+01 
 1.15400000e+00  1.46076789e+01 
 1.15500000e+00  1.46086439e+01 
 1.15600000e+00  1.46096070e+01 
 1.15700000e+00  1.46105677e+01 
 1.15800000e+00  1.46115272e+01 
 1.15900000e+00  1.46124853e+01 
 1.16000000e+00  1.46134410e+01 
 1.16100000e+00  1.46143951e+01 
 1.16200000e+00  1.46153477e+01 
 1.16300000e+00  1.46162989e+01 
 1.16400000e+00  1.46172483e+01 
 1.16500000e+00  1.46181957e+01 
 1.16600000e+00  1.46191413e+01 
 1.16700000e+00  1.46200854e+01 
 1.16800000e+00  1.46210281e+01 
 1.16900000e+00  1.46219687e+01 
 1.17000000e+00  1.46229078e+01 
 1.17100000e+00  1.46238451e+01 
 1.17200000e+00  1.46247812e+01 
 1.17300000e+00  1.46257155e+01 
 1.17400000e+00  1.46266474e+01 
 1.17500000e+00  1.46275783e+01 
 1.17600000e+00  1.46285078e+01 
 1.17700000e+00  1.46294354e+01 
 1.17800000e+00  1.46303612e+01 
 1.17900000e+00  1.46312855e+01 
 1.18000000e+00  1.46322082e+01 
 1.18100000e+00  1.46331294e+01 
 1.18200000e+00  1.46340485e+01 
 1.18300000e+00  1.46349665e+01 
 1.18400000e+00  1.46358832e+01 
 1.18500000e+00  1.46367974e+01 
 1.18600000e+00  1.46377104e+01 
 1.18700000e+00  1.46386222e+01 
 1.18800000e+00  1.46395317e+01 
 1.18900000e+00  1.46404403e+01 
 1.19000000e+00  1.46413471e+01 
 1.19100000e+00  1.46422521e+01 
 1.19200000e+00  1.46431558e+01 
 1.19300000e+00  1.46440576e+01 
 1.19400000e+00  1.46449579e+01 
 1.19500000e+00  1.46458572e+01 
 1.19600000e+00  1.46467546e+01 
 1.19700000e+00  1.46476502e+01 
 1.19800000e+00  1.46485446e+01 
 1.19900000e+00  1.46494373e+01 
 1.20000000e+00  1.46503286e+01 
 1.20100000e+00  1.46512186e+01 
 1.20200000e+00  1.46521066e+01 
 1.20300000e+00  1.46529929e+01 
 1.20400000e+00  1.46538784e+01 
 1.20500000e+00  1.46547621e+01 
 1.20600000e+00  1.46556440e+01 
 1.20700000e+00  1.46565247e+01 
 1.20800000e+00  1.46574041e+01 
 1.20900000e+00  1.46582816e+01 
 1.21000000e+00  1.46591578e+01 
 1.21100000e+00  1.46600325e+01 
 1.21200000e+00  1.46609056e+01 
 1.21300000e+00  1.46617773e+01 
 1.21400000e+00  1.46626473e+01 
 1.21500000e+00  1.46635165e+01 
 1.21600000e+00  1.46643839e+01 
 1.21700000e+00  1.46652496e+01 
 1.21800000e+00  1.46661141e+01 
 1.21900000e+00  1.46669772e+01 
 1.22000000e+00  1.46678384e+01 
 1.22100000e+00  1.46686983e+01 
 1.22200000e+00  1.46695573e+01 
 1.22300000e+00  1.46704143e+01 
 1.22400000e+00  1.46712698e+01 
 1.22500000e+00  1.46721247e+01 
 1.22600000e+00  1.46729776e+01 
 1.22700000e+00  1.46738291e+01 
 1.22800000e+00  1.46746789e+01 
 1.22900000e+00  1.46755276e+01 
 1.23000000e+00  1.46763752e+01 
 1.23100000e+00  1.46772205e+01 
 1.23200000e+00  1.46780650e+01 
 1.23300000e+00  1.46789084e+01 
 1.23400000e+00  1.46797500e+01 
 1.23500000e+00  1.46805901e+01 
 1.23600000e+00  1.46814291e+01 
 1.23700000e+00  1.46822671e+01 
 1.23800000e+00  1.46831028e+01 
 1.23900000e+00  1.46839374e+01 
 1.24000000e+00  1.46847712e+01 
 1.24100000e+00  1.46856030e+01 
 1.24200000e+00  1.46864335e+01 
 1.24300000e+00  1.46872630e+01 
 1.24400000e+00  1.46880912e+01 
 1.24500000e+00  1.46889178e+01 
 1.24600000e+00  1.46897427e+01 
 1.24700000e+00  1.46905667e+01 
 1.24800000e+00  1.46913894e+01 
 1.24900000e+00  1.46922107e+01 
 1.25000000e+00  1.46930307e+01 
 1.25100000e+00  1.46938492e+01 
 1.25200000e+00  1.46946663e+01 
 1.25300000e+00  1.46954823e+01 
 1.25400000e+00  1.46962969e+01 
 1.25500000e+00  1.46971102e+01 
 1.25600000e+00  1.46979222e+01 
 1.25700000e+00  1.46987328e+01 
 1.25800000e+00  1.46995421e+01 
 1.25900000e+00  1.47003503e+01 
 1.26000000e+00  1.47011573e+01 
 1.26100000e+00  1.47019625e+01 
 1.26200000e+00  1.47027664e+01 
 1.26300000e+00  1.47035692e+01 
 1.26400000e+00  1.47043711e+01 
 1.26500000e+00  1.47051718e+01 
 1.26600000e+00  1.47059706e+01 
 1.26700000e+00  1.47067684e+01 
 1.26800000e+00  1.47075649e+01 
 1.26900000e+00  1.47083600e+01 
 1.27000000e+00  1.47091540e+01 
 1.27100000e+00  1.47099465e+01 
 1.27200000e+00  1.47107382e+01 
 1.27300000e+00  1.47115287e+01 
 1.27400000e+00  1.47123176e+01 
 1.27500000e+00  1.47131048e+01 
 1.27600000e+00  1.47138914e+01 
 1.27700000e+00  1.47146767e+01 
 1.27800000e+00  1.47154608e+01 
 1.27900000e+00  1.47162435e+01 
 1.28000000e+00  1.47170244e+01 
 1.28100000e+00  1.47178048e+01 
 1.28200000e+00  1.47185842e+01 
 1.28300000e+00  1.47193617e+01 
 1.28400000e+00  1.47201384e+01 
 1.28500000e+00  1.47209143e+01 
 1.28600000e+00  1.47216880e+01 
 1.28700000e+00  1.47224607e+01 
 1.28800000e+00  1.47232327e+01 
 1.28900000e+00  1.47240032e+01 
 1.29000000e+00  1.47247729e+01 
 1.29100000e+00  1.47255407e+01 
 1.29200000e+00  1.47263076e+01 
 1.29300000e+00  1.47270733e+01 
 1.29400000e+00  1.47278379e+01 
 1.29500000e+00  1.47286016e+01 
 1.29600000e+00  1.47293633e+01 
 1.29700000e+00  1.47301244e+01 
 1.29800000e+00  1.47308840e+01 
 1.29900000e+00  1.47316427e+01 
 1.30000000e+00  1.47324006e+01 
 1.30100000e+00  1.47331568e+01 
 1.30200000e+00  1.47339116e+01 
 1.30300000e+00  1.47346659e+01 
 1.30400000e+00  1.47354184e+01 
 1.30500000e+00  1.47361703e+01 
 1.30600000e+00  1.47369209e+01 
 1.30700000e+00  1.47376699e+01 
 1.30800000e+00  1.47384184e+01 
 1.30900000e+00  1.47391650e+01 
 1.31000000e+00  1.47399108e+01 
 1.31100000e+00  1.47406557e+01 
 1.31200000e+00  1.47413996e+01 
 1.31300000e+00  1.47421420e+01 
 1.31400000e+00  1.47428829e+01 
 1.31500000e+00  1.47436235e+01 
 1.31600000e+00  1.47443625e+01 
 1.31700000e+00  1.47451004e+01 
 1.31800000e+00  1.47458373e+01 
 1.31900000e+00  1.47465731e+01 
 1.32000000e+00  1.47473076e+01 
 1.32100000e+00  1.47480407e+01 
 1.32200000e+00  1.47487734e+01 
 1.32300000e+00  1.47495045e+01 
 1.32400000e+00  1.47502345e+01 
 1.32500000e+00  1.47509639e+01 
 1.32600000e+00  1.47516916e+01 
 1.32700000e+00  1.47524181e+01 
 1.32800000e+00  1.47531442e+01 
 1.32900000e+00  1.47538688e+01 
 1.33000000e+00  1.47545922e+01 
 1.33100000e+00  1.47553147e+01 
 1.33200000e+00  1.47560361e+01 
 1.33300000e+00  1.47567561e+01 
 1.33400000e+00  1.47574754e+01 
 1.33500000e+00  1.47581938e+01 
 1.33600000e+00  1.47589107e+01 
 1.33700000e+00  1.47596264e+01 
 1.33800000e+00  1.47603410e+01 
 1.33900000e+00  1.47610551e+01 
 1.34000000e+00  1.47617680e+01 
 1.34100000e+00  1.47624796e+01 
 1.34200000e+00  1.47631900e+01 
 1.34300000e+00  1.47638999e+01 
 1.34400000e+00  1.47646081e+01 
 1.34500000e+00  1.47653149e+01 
 1.34600000e+00  1.47660218e+01 
 1.34700000e+00  1.47667274e+01 
 1.34800000e+00  1.47674314e+01 
 1.34900000e+00  1.47681348e+01 
 1.35000000e+00  1.47688368e+01 
 1.35100000e+00  1.47695375e+01 
 1.35200000e+00  1.47702374e+01 
 1.35300000e+00  1.47709368e+01 
 1.35400000e+00  1.47716353e+01 
 1.35500000e+00  1.47723321e+01 
 1.35600000e+00  1.47730278e+01 
 1.35700000e+00  1.47737220e+01 
 1.35800000e+00  1.47744161e+01 
 1.35900000e+00  1.47751092e+01 
 1.36000000e+00  1.47758013e+01 
 1.36100000e+00  1.47764919e+01 
 1.36200000e+00  1.47771811e+01 
 1.36300000e+00  1.47778702e+01 
 1.36400000e+00  1.47785578e+01 
 1.36500000e+00  1.47792446e+01 
 1.36600000e+00  1.47799303e+01 
 1.36700000e+00  1.47806147e+01 
 1.36800000e+00  1.47812986e+01 
 1.36900000e+00  1.47819812e+01 
 1.37000000e+00  1.47826629e+01 
 1.37100000e+00  1.47833434e+01 
 1.37200000e+00  1.47840229e+01 
 1.37300000e+00  1.47847015e+01 
 1.37400000e+00  1.47853794e+01 
 1.37500000e+00  1.47860560e+01 
 1.37600000e+00  1.47867311e+01 
 1.37700000e+00  1.47874062e+01 
 1.37800000e+00  1.47880797e+01 
 1.37900000e+00  1.47887524e+01 
 1.38000000e+00  1.47894243e+01 
 1.38100000e+00  1.47900949e+01 
 1.38200000e+00  1.47907644e+01 
 1.38300000e+00  1.47914328e+01 
 1.38400000e+00  1.47921010e+01 
 1.38500000e+00  1.47927677e+01 
 1.38600000e+00  1.47934331e+01 
 1.38700000e+00  1.47940978e+01 
 1.38800000e+00  1.47947618e+01 
 1.38900000e+00  1.47954251e+01 
 1.39000000e+00  1.47960866e+01 
 1.39100000e+00  1.47967479e+01 
 1.39200000e+00  1.47974076e+01 
 1.39300000e+00  1.47980660e+01 
 1.39400000e+00  1.47987245e+01 
 1.39500000e+00  1.47993816e+01 
 1.39600000e+00  1.48000375e+01 
 1.39700000e+00  1.48006926e+01 
 1.39800000e+00  1.48013468e+01 
 1.39900000e+00  1.48019998e+01 
 1.40000000e+00  1.48026519e+01 
 1.40100000e+00  1.48033037e+01 
 1.40200000e+00  1.48039540e+01 
 1.40300000e+00  1.48046031e+01 
 1.40400000e+00  1.48052518e+01 
 1.40500000e+00  1.48058991e+01 
 1.40600000e+00  1.48065452e+01 
 1.40700000e+00  1.48071909e+01 
 1.40800000e+00  1.48078363e+01 
 1.40900000e+00  1.48084794e+01 
 1.41000000e+00  1.48091220e+01 
 1.41100000e+00  1.48097641e+01 
 1.41200000e+00  1.48104047e+01 
 1.41300000e+00  1.48110445e+01 
 1.41400000e+00  1.48116838e+01 
 1.41500000e+00  1.48123221e+01 
 1.41600000e+00  1.48129587e+01 
 1.41700000e+00  1.48135950e+01 
 1.41800000e+00  1.48142304e+01 
 1.41900000e+00  1.48148641e+01 
 1.42000000e+00  1.48154983e+01 
 1.42100000e+00  1.48161308e+01 
 1.42200000e+00  1.48167617e+01 
 1.42300000e+00  1.48173923e+01 
 1.42400000e+00  1.48180221e+01 
 1.42500000e+00  1.48186509e+01 
 1.42600000e+00  1.48192787e+01 
 1.42700000e+00  1.48199056e+01 
 1.42800000e+00  1.48205312e+01 
 1.42900000e+00  1.48211566e+01 
 1.43000000e+00  1.48217813e+01 
 1.43100000e+00  1.48224042e+01 
 1.43200000e+00  1.48230257e+01 
 1.43300000e+00  1.48236470e+01 
 1.43400000e+00  1.48242681e+01 
 1.43500000e+00  1.48248879e+01 
 1.43600000e+00  1.48255061e+01 
 1.43700000e+00  1.48261235e+01 
 1.43800000e+00  1.48267409e+01 
 1.43900000e+00  1.48273565e+01 
 1.44000000e+00  1.48279710e+01 
 1.44100000e+00  1.48285855e+01 
 1.44200000e+00  1.48291988e+01 
 1.44300000e+00  1.48298109e+01 
 1.44400000e+00  1.48304219e+01 
 1.44500000e+00  1.48310321e+01 
 1.44600000e+00  1.48316423e+01 
 1.44700000e+00  1.48322506e+01 
 1.44800000e+00  1.48328579e+01 
 1.44900000e+00  1.48334652e+01 
 1.45000000e+00  1.48340710e+01 
 1.45100000e+00  1.48346759e+01 
 1.45200000e+00  1.48352796e+01 
 1.45300000e+00  1.48358829e+01 
 1.45400000e+00  1.48364851e+01 
 1.45500000e+00  1.48370864e+01 
 1.45600000e+00  1.48376874e+01 
 1.45700000e+00  1.48382867e+01 
 1.45800000e+00  1.48388848e+01 
 1.45900000e+00  1.48394825e+01 
 1.46000000e+00  1.48400794e+01 
 1.46100000e+00  1.48406759e+01 
 1.46200000e+00  1.48412709e+01 
 1.46300000e+00  1.48418647e+01 
 1.46400000e+00  1.48424578e+01 
 1.46500000e+00  1.48430501e+01 
 1.46600000e+00  1.48436418e+01 
 1.46700000e+00  1.48442321e+01 
 1.46800000e+00  1.48448219e+01 
 1.46900000e+00  1.48454107e+01 
 1.47000000e+00  1.48459979e+01 
 1.47100000e+00  1.48465850e+01 
 1.47200000e+00  1.48471713e+01 
 1.47300000e+00  1.48477561e+01 
 1.47400000e+00  1.48483404e+01 
 1.47500000e+00  1.48489236e+01 
 1.47600000e+00  1.48495064e+01 
 1.47700000e+00  1.48500882e+01 
 1.47800000e+00  1.48506685e+01 
 1.47900000e+00  1.48512481e+01 
 1.48000000e+00  1.48518270e+01 
 1.48100000e+00  1.48524047e+01 
 1.48200000e+00  1.48529820e+01 
 1.48300000e+00  1.48535580e+01 
 1.48400000e+00  1.48541327e+01 
 1.48500000e+00  1.48547069e+01 
 1.48600000e+00  1.48552809e+01 
 1.48700000e+00  1.48558536e+01 
 1.48800000e+00  1.48564249e+01 
 1.48900000e+00  1.48569954e+01 
 1.49000000e+00  1.48575653e+01 
 1.49100000e+00  1.48581341e+01 
 1.49200000e+00  1.48587021e+01 
 1.49300000e+00  1.48592694e+01 
 1.49400000e+00  1.48598359e+01 
 1.49500000e+00  1.48604012e+01 
 1.49600000e+00  1.48609649e+01 
 1.49700000e+00  1.48615285e+01 
 1.49800000e+00  1.48620914e+01 
 1.49900000e+00  1.48626530e+01 
 1.50000000e+00  1.48632135e+01 
 1.50100000e+00  1.48637731e+01 
 1.50200000e+00  1.48643323e+01 
 1.50300000e+00  1.48648901e+01 
 1.50400000e+00  1.48654475e+01 
 1.50500000e+00  1.48660042e+01 
 1.50600000e+00  1.48665591e+01 
 1.50700000e+00  1.48671130e+01 
 1.50800000e+00  1.48676669e+01 
 1.50900000e+00  1.48682195e+01 
 1.51000000e+00  1.48687704e+01 
 1.51100000e+00  1.48693216e+01 
 1.51200000e+00  1.48698717e+01 
 1.51300000e+00  1.48704199e+01 
 1.51400000e+00  1.48709683e+01 
 1.51500000e+00  1.48715154e+01 
 1.51600000e+00  1.48720613e+01 
 1.51700000e+00  1.48726066e+01 
 1.51800000e+00  1.48731507e+01 
 1.51900000e+00  1.48736943e+01 
 1.52000000e+00  1.48742367e+01 
 1.52100000e+00  1.48747777e+01 
 1.52200000e+00  1.48753185e+01 
 1.52300000e+00  1.48758583e+01 
 1.52400000e+00  1.48763971e+01 
 1.52500000e+00  1.48769344e+01 
 1.52600000e+00  1.48774711e+01 
 1.52700000e+00  1.48780074e+01 
 1.52800000e+00  1.48785422e+01 
 1.52900000e+00  1.48790766e+01 
 1.53000000e+00  1.48796093e+01 
 1.53100000e+00  1.48801410e+01 
 1.53200000e+00  1.48806726e+01 
 1.53300000e+00  1.48812029e+01 
 1.53400000e+00  1.48817325e+01 
 1.53500000e+00  1.48822608e+01 
 1.53600000e+00  1.48827875e+01 
 1.53700000e+00  1.48833142e+01 
 1.53800000e+00  1.48838403e+01 
 1.53900000e+00  1.48843647e+01 
 1.54000000e+00  1.48848880e+01 
 1.54100000e+00  1.48854101e+01 
 1.54200000e+00  1.48859321e+01 
 1.54300000e+00  1.48864533e+01 
 1.54400000e+00  1.48869727e+01 
 1.54500000e+00  1.48874916e+01 
 1.54600000e+00  1.48880093e+01 
 1.54700000e+00  1.48885260e+01 
 1.54800000e+00  1.48890419e+01 
 1.54900000e+00  1.48895566e+01 
 1.55000000e+00  1.48900704e+01 
 1.55100000e+00  1.48905837e+01 
 1.55200000e+00  1.48910955e+01 
 1.55300000e+00  1.48916063e+01 
 1.55400000e+00  1.48921164e+01 
 1.55500000e+00  1.48926254e+01 
 1.55600000e+00  1.48931336e+01 
 1.55700000e+00  1.48936401e+01 
 1.55800000e+00  1.48941462e+01 
 1.55900000e+00  1.48946513e+01 
 1.56000000e+00  1.48951551e+01 
 1.56100000e+00  1.48956581e+01 
 1.56200000e+00  1.48961602e+01 
 1.56300000e+00  1.48966610e+01 
 1.56400000e+00  1.48971609e+01 
 1.56500000e+00  1.48976601e+01 
 1.56600000e+00  1.48981579e+01 
 1.56700000e+00  1.48986551e+01 
 1.56800000e+00  1.48991506e+01 
 1.56900000e+00  1.48996452e+01 
 1.57000000e+00  1.49001396e+01 
 1.57100000e+00  1.49006328e+01 
 1.57200000e+00  1.49011236e+01 
 1.57300000e+00  1.49016140e+01 
 1.57400000e+00  1.49021046e+01 
 1.57500000e+00  1.49025932e+01 
 1.57600000e+00  1.49030803e+01 
 1.57700000e+00  1.49035668e+01 
 1.57800000e+00  1.49040524e+01 
 1.57900000e+00  1.49045369e+01 
 1.58000000e+00  1.49050203e+01 
 1.58100000e+00  1.49055023e+01 
 1.58200000e+00  1.49059831e+01 
 1.58300000e+00  1.49064636e+01 
 1.58400000e+00  1.49069428e+01 
 1.58500000e+00  1.49074205e+01 
 1.58600000e+00  1.49078976e+01 
 1.58700000e+00  1.49083733e+01 
 1.58800000e+00  1.49088479e+01 
 1.58900000e+00  1.49093216e+01 
 1.59000000e+00  1.49097941e+01 
 1.59100000e+00  1.49102657e+01 
 1.59200000e+00  1.49107359e+01 
 1.59300000e+00  1.49112047e+01 
 1.59400000e+00  1.49116733e+01 
 1.59500000e+00  1.49121403e+01 
 1.59600000e+00  1.49126060e+01 
 1.59700000e+00  1.49130711e+01 
 1.59800000e+00  1.49135339e+01 
 1.59900000e+00  1.49139962e+01 
 1.60000000e+00  1.49144581e+01 
 1.60100000e+00  1.49149182e+01 
 1.60200000e+00  1.49153769e+01 
 1.60300000e+00  1.49158343e+01 
 1.60400000e+00  1.49162918e+01 
 1.60500000e+00  1.49167475e+01 
 1.60600000e+00  1.49172011e+01 
 1.60700000e+00  1.49176544e+01 
 1.60800000e+00  1.49181067e+01 
 1.60900000e+00  1.49185575e+01 
 1.61000000e+00  1.49190070e+01 
 1.61100000e+00  1.49194553e+01 
 1.61200000e+00  1.49199025e+01 
 1.61300000e+00  1.49203486e+01 
 1.61400000e+00  1.49207937e+01 
 1.61500000e+00  1.49212371e+01 
 1.61600000e+00  1.49216794e+01 
 1.61700000e+00  1.49221207e+01 
 1.61800000e+00  1.49225607e+01 
 1.61900000e+00  1.49229994e+01 
 1.62000000e+00  1.49234368e+01 
 1.62100000e+00  1.49238735e+01 
 1.62200000e+00  1.49243083e+01 
 1.62300000e+00  1.49247413e+01 
 1.62400000e+00  1.49251743e+01 
 1.62500000e+00  1.49256060e+01 
 1.62600000e+00  1.49260354e+01 
 1.62700000e+00  1.49264637e+01 
 1.62800000e+00  1.49268916e+01 
 1.62900000e+00  1.49273173e+01 
 1.63000000e+00  1.49277418e+01 
 1.63100000e+00  1.49281660e+01 
 1.63200000e+00  1.49285878e+01 
 1.63300000e+00  1.49290085e+01 
 1.63400000e+00  1.49294285e+01 
 1.63500000e+00  1.49298464e+01 
 1.63600000e+00  1.49302634e+01 
 1.63700000e+00  1.49306786e+01 
 1.63800000e+00  1.49310928e+01 
 1.63900000e+00  1.49315061e+01 
 1.64000000e+00  1.49319176e+01 
 1.64100000e+00  1.49323274e+01 
 1.64200000e+00  1.49327357e+01 
 1.64300000e+00  1.49331438e+01 
 1.64400000e+00  1.49335497e+01 
 1.64500000e+00  1.49339541e+01 
 1.64600000e+00  1.49343573e+01 
 1.64700000e+00  1.49347584e+01 
 1.64800000e+00  1.49351591e+01 
 1.64900000e+00  1.49355584e+01 
 1.65000000e+00  1.49359560e+01 
 1.65100000e+00  1.49363517e+01 
 1.65200000e+00  1.49367463e+01 
 1.65300000e+00  1.49371398e+01 
 1.65400000e+00  1.49375313e+01 
 1.65500000e+00  1.49379215e+01 
 1.65600000e+00  1.49383102e+01 
 1.65700000e+00  1.49386976e+01 
 1.65800000e+00  1.49390832e+01 
 1.65900000e+00  1.49394681e+01 
 1.66000000e+00  1.49398510e+01 
 1.66100000e+00  1.49402316e+01 
 1.66200000e+00  1.49406114e+01 
 1.66300000e+00  1.49409898e+01 
 1.66400000e+00  1.49413667e+01 
 1.66500000e+00  1.49417417e+01 
 1.66600000e+00  1.49421155e+01 
 1.66700000e+00  1.49424874e+01 
 1.66800000e+00  1.49428575e+01 
 1.66900000e+00  1.49432267e+01 
 1.67000000e+00  1.49435937e+01 
 1.67100000e+00  1.49439595e+01 
 1.67200000e+00  1.49443243e+01 
 1.67300000e+00  1.49446864e+01 
 1.67400000e+00  1.49450468e+01 
 1.67500000e+00  1.49454067e+01 
 1.67600000e+00  1.49457645e+01 
 1.67700000e+00  1.49461201e+01 
 1.67800000e+00  1.49464740e+01 
 1.67900000e+00  1.49468264e+01 
 1.68000000e+00  1.49471780e+01 
 1.68100000e+00  1.49475271e+01 
 1.68200000e+00  1.49478748e+01 
 1.68300000e+00  1.49482209e+01 
 1.68400000e+00  1.49485650e+01 
 1.68500000e+00  1.49489070e+01 
 1.68600000e+00  1.49492474e+01 
 1.68700000e+00  1.49495868e+01 
 1.68800000e+00  1.49499236e+01 
 1.68900000e+00  1.49502592e+01 
 1.69000000e+00  1.49505933e+01 
 1.69100000e+00  1.49509249e+01 
 1.69200000e+00  1.49512547e+01 
 1.69300000e+00  1.49515830e+01 
 1.69400000e+00  1.49519098e+01 
 1.69500000e+00  1.49522343e+01 
 1.69600000e+00  1.49525568e+01 
 1.69700000e+00  1.49528778e+01 
 1.69800000e+00  1.49531972e+01 
 1.69900000e+00  1.49535143e+01 
 1.70000000e+00  1.49538298e+01 
 1.70100000e+00  1.49541428e+01 
 1.70200000e+00  1.49544537e+01 
 1.70300000e+00  1.49547641e+01 
 1.70400000e+00  1.49550723e+01 
 1.70500000e+00  1.49553779e+01 
 1.70600000e+00  1.49556811e+01 
 1.70700000e+00  1.49559829e+01 
 1.70800000e+00  1.49562833e+01 
 1.70900000e+00  1.49565810e+01 
 1.71000000e+00  1.49568769e+01 
 1.71100000e+00  1.49571709e+01 
 1.71200000e+00  1.49574625e+01 
 1.71300000e+00  1.49577522e+01 
 1.71400000e+00  1.49580404e+01 
 1.71500000e+00  1.49583262e+01 
 1.71600000e+00  1.49586097e+01 
 1.71700000e+00  1.49588910e+01 
 1.71800000e+00  1.49591705e+01 
 1.71900000e+00  1.49594484e+01 
 1.72000000e+00  1.49597231e+01 
 1.72100000e+00  1.49599965e+01 
 1.72200000e+00  1.49602680e+01 
 1.72300000e+00  1.49605367e+01 
 1.72400000e+00  1.49608032e+01 
 1.72500000e+00  1.49610677e+01 
 1.72600000e+00  1.49613298e+01 
 1.72700000e+00  1.49615900e+01 
 1.72800000e+00  1.49618481e+01 
 1.72900000e+00  1.49621035e+01 
 1.73000000e+00  1.49623566e+01 
 1.73100000e+00  1.49626082e+01 
 1.73200000e+00  1.49628575e+01 
 1.73300000e+00  1.49631037e+01 
 1.73400000e+00  1.49633473e+01 
 1.73500000e+00  1.49635900e+01 
 1.73600000e+00  1.49638296e+01 
 1.73700000e+00  1.49640662e+01 
 1.73800000e+00  1.49643018e+01 
 1.73900000e+00  1.49645345e+01 
 1.74000000e+00  1.49647643e+01 
 1.74100000e+00  1.49649917e+01 
 1.74200000e+00  1.49652175e+01 
 1.74300000e+00  1.49654401e+01 
 1.74400000e+00  1.49656600e+01 
 1.74500000e+00  1.49658789e+01 
 1.74600000e+00  1.49660944e+01 
 1.74700000e+00  1.49663070e+01 
 1.74800000e+00  1.49665176e+01 
 1.74900000e+00  1.49667254e+01 
 1.75000000e+00  1.49669305e+01 
 1.75100000e+00  1.49671336e+01 
 1.75200000e+00  1.49673343e+01 
 1.75300000e+00  1.49675313e+01 
 1.75400000e+00  1.49677265e+01 
 1.75500000e+00  1.49679194e+01 
 1.75600000e+00  1.49681087e+01 
 1.75700000e+00  1.49682964e+01 
 1.75800000e+00  1.49684808e+01 
 1.75900000e+00  1.49686622e+01 
 1.76000000e+00  1.49688416e+01 
 1.76100000e+00  1.49690180e+01 
 1.76200000e+00  1.49691919e+01 
 1.76300000e+00  1.49693623e+01 
 1.76400000e+00  1.49695302e+01 
 1.76500000e+00  1.49696961e+01 
 1.76600000e+00  1.49698586e+01 
 1.76700000e+00  1.49700184e+01 
 1.76800000e+00  1.49701751e+01 
 1.76900000e+00  1.49703288e+01 
 1.77000000e+00  1.49704802e+01 
 1.77100000e+00  1.49706282e+01 
 1.77200000e+00  1.49707735e+01 
 1.77300000e+00  1.49709161e+01 
 1.77400000e+00  1.49710557e+01 
 1.77500000e+00  1.49711920e+01 
 1.77600000e+00  1.49713254e+01 
 1.77700000e+00  1.49714562e+01 
 1.77800000e+00  1.49715834e+01 
 1.77900000e+00  1.49717076e+01 
 1.78000000e+00  1.49718295e+01 
 1.78100000e+00  1.49719473e+01 
 1.78200000e+00  1.49720625e+01 
 1.78300000e+00  1.49721748e+01 
 1.78400000e+00  1.49722832e+01 
 1.78500000e+00  1.49723896e+01 
 1.78600000e+00  1.49724925e+01 
 1.78700000e+00  1.49725913e+01 
 1.78800000e+00  1.49726873e+01 
 1.78900000e+00  1.49727806e+01 
 1.79000000e+00  1.49728704e+01 
 1.79100000e+00  1.49729564e+01 
 1.79200000e+00  1.49730395e+01 
 1.79300000e+00  1.49731195e+01 
 1.79400000e+00  1.49731960e+01 
 1.79500000e+00  1.49732691e+01 
 1.79600000e+00  1.49733384e+01 
 1.79700000e+00  1.49734048e+01 
 1.79800000e+00  1.49734684e+01 
 1.79900000e+00  1.49735276e+01 
 1.80000000e+00  1.49735836e+01 
