 2.00000000e-01  3.58858015e+00 
 2.01000000e-01  3.71689051e+00 
 2.02000000e-01  3.80065043e+00 
 2.03000000e-01  3.85035971e+00 
 2.04000000e-01  3.91828424e+00 
 2.05000000e-01  3.98699258e+00 
 2.06000000e-01  4.05647847e+00 
 2.07000000e-01  4.12673458e+00 
 2.08000000e-01  4.19775328e+00 
 2.09000000e-01  4.26952657e+00 
 2.10000000e-01  4.34204612e+00 
 2.11000000e-01  4.41530326e+00 
 2.12000000e-01  4.48928898e+00 
 2.13000000e-01  4.56399401e+00 
 2.14000000e-01  4.63940881e+00 
 2.15000000e-01  4.71552353e+00 
 2.16000000e-01  4.79232811e+00 
 2.17000000e-01  4.86981228e+00 
 2.18000000e-01  4.94796553e+00 
 2.19000000e-01  5.02677717e+00 
 2.20000000e-01  5.10623636e+00 
 2.21000000e-01  5.18633209e+00 
 2.22000000e-01  5.26705317e+00 
 2.23000000e-01  5.34838838e+00 
 2.24000000e-01  5.43032632e+00 
 2.25000000e-01  5.51285551e+00 
 2.26000000e-01  5.59596440e+00 
 2.27000000e-01  5.67964140e+00 
 2.28000000e-01  5.76387488e+00 
 2.29000000e-01  5.84865310e+00 
 2.30000000e-01  5.93396438e+00 
 2.31000000e-01  6.01979704e+00 
 2.32000000e-01  6.10613932e+00 
 2.33000000e-01  6.19297954e+00 
 2.34000000e-01  6.28030607e+00 
 2.35000000e-01  6.36810725e+00 
 2.36000000e-01  6.45637152e+00 
 2.37000000e-01  6.54508734e+00 
 2.38000000e-01  6.63424325e+00 
 2.39000000e-01  6.72382789e+00 
 2.40000000e-01  6.81382995e+00 
 2.41000000e-01  6.90423820e+00 
 2.42000000e-01  6.99504153e+00 
 2.43000000e-01  7.08622896e+00 
 2.44000000e-01  7.17778951e+00 
 2.45000000e-01  7.26971242e+00 
 2.46000000e-01  7.36198705e+00 
 2.47000000e-01  7.45460282e+00 
 2.48000000e-01  7.54754929e+00 
 2.49000000e-01  7.64081613e+00 
 2.50000000e-01  7.73439322e+00 
 2.51000000e-01  7.82827053e+00 
 2.52000000e-01  7.92243817e+00 
 2.53000000e-01  8.01688637e+00 
 2.54000000e-01  8.11160551e+00 
 2.55000000e-01  8.20658619e+00 
 2.56000000e-01  8.30181904e+00 
 2.57000000e-01  8.39729491e+00 
 2.58000000e-01  8.49300480e+00 
 2.59000000e-01  8.58893977e+00 
 2.60000000e-01  8.68509117e+00 
 2.61000000e-01  8.78145043e+00 
 2.62000000e-01  8.87800907e+00 
 2.63000000e-01  8.97475885e+00 
 2.64000000e-01  9.07169162e+00 
 2.65000000e-01  9.16879944e+00 
 2.66000000e-01  9.26607449e+00 
 2.67000000e-01  9.36350906e+00 
 2.68000000e-01  9.46109555e+00 
 2.69000000e-01  9.55882664e+00 
 2.70000000e-01  9.65669511e+00 
 2.71000000e-01  9.75469377e+00 
 2.72000000e-01  9.85281571e+00 
 2.73000000e-01  9.95105414e+00 
 2.74000000e-01  1.00494023e+01 
 2.75000000e-01  1.01478536e+01 
 2.76000000e-01  1.02464017e+01 
 2.77000000e-01  1.03450404e+01 
 2.78000000e-01  1.04437634e+01 
 2.79000000e-01  1.05425648e+01 
 2.80000000e-01  1.06414385e+01 
 2.81000000e-01  1.07403790e+01 
 2.82000000e-01  1.08393805e+01 
 2.83000000e-01  1.09384375e+01 
 2.84000000e-01  1.10375446e+01 
 2.85000000e-01  1.11366965e+01 
 2.86000000e-01  1.12358881e+01 
 2.87000000e-01  1.13351142e+01 
 2.88000000e-01  1.14343701e+01 
 2.89000000e-01  1.15336509e+01 
 2.90000000e-01  1.16329517e+01 
 2.91000000e-01  1.17322681e+01 
 2.92000000e-01  1.18315955e+01 
 2.93000000e-01  1.19309294e+01 
 2.94000000e-01  1.20302657e+01 
 2.95000000e-01  1.21296001e+01 
 2.96000000e-01  1.22289285e+01 
 2.97000000e-01  1.23282470e+01 
 2.98000000e-01  1.24275515e+01 
 2.99000000e-01  1.25268382e+01 
 3.00000000e-01  1.26261034e+01 
 3.01000000e-01  1.27253436e+01 
 3.02000000e-01  1.28245551e+01 
 3.03000000e-01  1.29237343e+01 
 3.04000000e-01  1.30228780e+01 
 3.05000000e-01  1.31219831e+01 
 3.06000000e-01  1.32210459e+01 
 3.07000000e-01  1.33200634e+01 
 3.08000000e-01  1.34190327e+01 
 3.09000000e-01  1.35179506e+01 
 3.10000000e-01  1.36168143e+01 
 3.11000000e-01  1.37156210e+01 
 3.12000000e-01  1.38143679e+01 
 3.13000000e-01  1.39130520e+01 
 3.14000000e-01  1.40116709e+01 
 3.15000000e-01  1.41102221e+01 
 3.16000000e-01  1.42087029e+01 
 3.17000000e-01  1.43071109e+01 
 3.18000000e-01  1.44054437e+01 
 3.19000000e-01  1.45036990e+01 
 3.20000000e-01  1.46018747e+01 
 3.21000000e-01  1.46999683e+01 
 3.22000000e-01  1.47979776e+01 
 3.23000000e-01  1.48959007e+01 
 3.24000000e-01  1.49937356e+01 
 3.25000000e-01  1.50914799e+01 
 3.26000000e-01  1.51891323e+01 
 3.27000000e-01  1.52866904e+01 
 3.28000000e-01  1.53841525e+01 
 3.29000000e-01  1.54815170e+01 
 3.30000000e-01  1.55787817e+01 
 3.31000000e-01  1.56759452e+01 
 3.32000000e-01  1.57730061e+01 
 3.33000000e-01  1.58699622e+01 
 3.34000000e-01  1.59668122e+01 
 3.35000000e-01  1.60635547e+01 
 3.36000000e-01  1.61601882e+01 
 3.37000000e-01  1.62567110e+01 
 3.38000000e-01  1.63531221e+01 
 3.39000000e-01  1.64494198e+01 
 3.40000000e-01  1.65456027e+01 
 3.41000000e-01  1.66416698e+01 
 3.42000000e-01  1.67376197e+01 
 3.43000000e-01  1.68334513e+01 
 3.44000000e-01  1.69291632e+01 
 3.45000000e-01  1.70247546e+01 
 3.46000000e-01  1.71202239e+01 
 3.47000000e-01  1.72155701e+01 
 3.48000000e-01  1.73107925e+01 
 3.49000000e-01  1.74058901e+01 
 3.50000000e-01  1.75008614e+01 
 3.51000000e-01  1.75957058e+01 
 3.52000000e-01  1.76904222e+01 
 3.53000000e-01  1.77850097e+01 
 3.54000000e-01  1.78794680e+01 
 3.55000000e-01  1.79737953e+01 
 3.56000000e-01  1.80679911e+01 
 3.57000000e-01  1.81620549e+01 
 3.58000000e-01  1.82559860e+01 
 3.59000000e-01  1.83497832e+01 
 3.60000000e-01  1.84434456e+01 
 3.61000000e-01  1.85369733e+01 
 3.62000000e-01  1.86303650e+01 
 3.63000000e-01  1.87236203e+01 
 3.64000000e-01  1.88167385e+01 
 3.65000000e-01  1.89097188e+01 
 3.66000000e-01  1.90025609e+01 
 3.67000000e-01  1.90952639e+01 
 3.68000000e-01  1.91878277e+01 
 3.69000000e-01  1.92802516e+01 
 3.70000000e-01  1.93725347e+01 
 3.71000000e-01  1.94646770e+01 
 3.72000000e-01  1.95566779e+01 
 3.73000000e-01  1.96485365e+01 
 3.74000000e-01  1.97402530e+01 
 3.75000000e-01  1.98318268e+01 
 3.76000000e-01  1.99232571e+01 
 3.77000000e-01  2.00145441e+01 
 3.78000000e-01  2.01056870e+01 
 3.79000000e-01  2.01966856e+01 
 3.80000000e-01  2.02875392e+01 
 3.81000000e-01  2.03782480e+01 
 3.82000000e-01  2.04688118e+01 
 3.83000000e-01  2.05592297e+01 
 3.84000000e-01  2.06495019e+01 
 3.85000000e-01  2.07396279e+01 
 3.86000000e-01  2.08296072e+01 
 3.87000000e-01  2.09194398e+01 
 3.88000000e-01  2.10091256e+01 
 3.89000000e-01  2.10986640e+01 
 3.90000000e-01  2.11880556e+01 
 3.91000000e-01  2.12772996e+01 
 3.92000000e-01  2.13663954e+01 
 3.93000000e-01  2.14553436e+01 
 3.94000000e-01  2.15441435e+01 
 3.95000000e-01  2.16327956e+01 
 3.96000000e-01  2.17212991e+01 
 3.97000000e-01  2.18096540e+01 
 3.98000000e-01  2.18978606e+01 
 3.99000000e-01  2.19859182e+01 
 4.00000000e-01  2.20738268e+01 
 4.01000000e-01  2.21615870e+01 
 4.02000000e-01  2.22491979e+01 
 4.03000000e-01  2.23366599e+01 
 4.04000000e-01  2.24239728e+01 
 4.05000000e-01  2.25111361e+01 
 4.06000000e-01  2.25981508e+01 
 4.07000000e-01  2.26850160e+01 
 4.08000000e-01  2.27717313e+01 
 4.09000000e-01  2.28582977e+01 
 4.10000000e-01  2.29447153e+01 
 4.11000000e-01  2.30309832e+01 
 4.12000000e-01  2.31171017e+01 
 4.13000000e-01  2.32030708e+01 
 4.14000000e-01  2.32888903e+01 
 4.15000000e-01  2.33745611e+01 
 4.16000000e-01  2.34600827e+01 
 4.17000000e-01  2.35454544e+01 
 4.18000000e-01  2.36306771e+01 
 4.19000000e-01  2.37157506e+01 
 4.20000000e-01  2.38006755e+01 
 4.21000000e-01  2.38854516e+01 
 4.22000000e-01  2.39700780e+01 
 4.23000000e-01  2.40545556e+01 
 4.24000000e-01  2.41388846e+01 
 4.25000000e-01  2.42230648e+01 
 4.26000000e-01  2.43070965e+01 
 4.27000000e-01  2.43909794e+01 
 4.28000000e-01  2.44747143e+01 
 4.29000000e-01  2.45583007e+01 
 4.30000000e-01  2.46417385e+01 
 4.31000000e-01  2.47250283e+01 
 4.32000000e-01  2.48081708e+01 
 4.33000000e-01  2.48911647e+01 
 4.34000000e-01  2.49740108e+01 
 4.35000000e-01  2.50567095e+01 
 4.36000000e-01  2.51392610e+01 
 4.37000000e-01  2.52216652e+01 
 4.38000000e-01  2.53039214e+01 
 4.39000000e-01  2.53860310e+01 
 4.40000000e-01  2.54679940e+01 
 4.41000000e-01  2.55498102e+01 
 4.42000000e-01  2.56314795e+01 
 4.43000000e-01  2.57130021e+01 
 4.44000000e-01  2.57943792e+01 
 4.45000000e-01  2.58756100e+01 
 4.46000000e-01  2.59566951e+01 
 4.47000000e-01  2.60376339e+01 
 4.48000000e-01  2.61184272e+01 
 4.49000000e-01  2.61990756e+01 
 4.50000000e-01  2.62795785e+01 
 4.51000000e-01  2.63599366e+01 
 4.52000000e-01  2.64401500e+01 
 4.53000000e-01  2.65202185e+01 
 4.54000000e-01  2.66001426e+01 
 4.55000000e-01  2.66799228e+01 
 4.56000000e-01  2.67595585e+01 
 4.57000000e-01  2.68390511e+01 
 4.58000000e-01  2.69183996e+01 
 4.59000000e-01  2.69976040e+01 
 4.60000000e-01  2.70766662e+01 
 4.61000000e-01  2.71555857e+01 
 4.62000000e-01  2.72343625e+01 
 4.63000000e-01  2.73129962e+01 
 4.64000000e-01  2.73914875e+01 
 4.65000000e-01  2.74698372e+01 
 4.66000000e-01  2.75480445e+01 
 4.67000000e-01  2.76261103e+01 
 4.68000000e-01  2.77040350e+01 
 4.69000000e-01  2.77818185e+01 
 4.70000000e-01  2.78594608e+01 
 4.71000000e-01  2.79369632e+01 
 4.72000000e-01  2.80143244e+01 
 4.73000000e-01  2.80915451e+01 
 4.74000000e-01  2.81686265e+01 
 4.75000000e-01  2.82455675e+01 
 4.76000000e-01  2.83223692e+01 
 4.77000000e-01  2.83990326e+01 
 4.78000000e-01  2.84755561e+01 
 4.79000000e-01  2.85519406e+01 
 4.80000000e-01  2.86281874e+01 
 4.81000000e-01  2.87042956e+01 
 4.82000000e-01  2.87802654e+01 
 4.83000000e-01  2.88560976e+01 
 4.84000000e-01  2.89317920e+01 
 4.85000000e-01  2.90073497e+01 
 4.86000000e-01  2.90827700e+01 
 4.87000000e-01  2.91580537e+01 
 4.88000000e-01  2.92332016e+01 
 4.89000000e-01  2.93082123e+01 
 4.90000000e-01  2.93830868e+01 
 4.91000000e-01  2.94578267e+01 
 4.92000000e-01  2.95324303e+01 
 4.93000000e-01  2.96068985e+01 
 4.94000000e-01  2.96812331e+01 
 4.95000000e-01  2.97554326e+01 
 4.96000000e-01  2.98294968e+01 
 4.97000000e-01  2.99034268e+01 
 4.98000000e-01  2.99772230e+01 
 4.99000000e-01  3.00508861e+01 
 5.00000000e-01  3.01244169e+01 
 5.01000000e-01  3.01978132e+01 
 5.02000000e-01  3.02710761e+01 
 5.03000000e-01  3.03442086e+01 
 5.04000000e-01  3.04172075e+01 
 5.05000000e-01  3.04900741e+01 
 5.06000000e-01  3.05628088e+01 
 5.07000000e-01  3.06354131e+01 
 5.08000000e-01  3.07078859e+01 
 5.09000000e-01  3.07802273e+01 
 5.10000000e-01  3.08524388e+01 
 5.11000000e-01  3.09245189e+01 
 5.12000000e-01  3.09964697e+01 
 5.13000000e-01  3.10682907e+01 
 5.14000000e-01  3.11399816e+01 
 5.15000000e-01  3.12115441e+01 
 5.16000000e-01  3.12829766e+01 
 5.17000000e-01  3.13542802e+01 
 5.18000000e-01  3.14254569e+01 
 5.19000000e-01  3.14965045e+01 
 5.20000000e-01  3.15674243e+01 
 5.21000000e-01  3.16382162e+01 
 5.22000000e-01  3.17088805e+01 
 5.23000000e-01  3.17794180e+01 
 5.24000000e-01  3.18498285e+01 
 5.25000000e-01  3.19201129e+01 
 5.26000000e-01  3.19902714e+01 
 5.27000000e-01  3.20603035e+01 
 5.28000000e-01  3.21302094e+01 
 5.29000000e-01  3.21999909e+01 
 5.30000000e-01  3.22696471e+01 
 5.31000000e-01  3.23391769e+01 
 5.32000000e-01  3.24085831e+01 
 5.33000000e-01  3.24778652e+01 
 5.34000000e-01  3.25470234e+01 
 5.35000000e-01  3.26160577e+01 
 5.36000000e-01  3.26849679e+01 
 5.37000000e-01  3.27537558e+01 
 5.38000000e-01  3.28224211e+01 
 5.39000000e-01  3.28909624e+01 
 5.40000000e-01  3.29593813e+01 
 5.41000000e-01  3.30276789e+01 
 5.42000000e-01  3.30958545e+01 
 5.43000000e-01  3.31639089e+01 
 5.44000000e-01  3.32318412e+01 
 5.45000000e-01  3.32996526e+01 
 5.46000000e-01  3.33673438e+01 
 5.47000000e-01  3.34349140e+01 
 5.48000000e-01  3.35023646e+01 
 5.49000000e-01  3.35696947e+01 
 5.50000000e-01  3.36369054e+01 
 5.51000000e-01  3.37039975e+01 
 5.52000000e-01  3.37709696e+01 
 5.53000000e-01  3.38378221e+01 
 5.54000000e-01  3.39045572e+01 
 5.55000000e-01  3.39711744e+01 
 5.56000000e-01  3.40376735e+01 
 5.57000000e-01  3.41040546e+01 
 5.58000000e-01  3.41703171e+01 
 5.59000000e-01  3.42364641e+01 
 5.60000000e-01  3.43024932e+01 
 5.61000000e-01  3.43684059e+01 
 5.62000000e-01  3.44342030e+01 
 5.63000000e-01  3.44998829e+01 
 5.64000000e-01  3.45654471e+01 
 5.65000000e-01  3.46308955e+01 
 5.66000000e-01  3.46962293e+01 
 5.67000000e-01  3.47614491e+01 
 5.68000000e-01  3.48265535e+01 
 5.69000000e-01  3.48915418e+01 
 5.70000000e-01  3.49564170e+01 
 5.71000000e-01  3.50211782e+01 
 5.72000000e-01  3.50858254e+01 
 5.73000000e-01  3.51503609e+01 
 5.74000000e-01  3.52147816e+01 
 5.75000000e-01  3.52790902e+01 
 5.76000000e-01  3.53432855e+01 
 5.77000000e-01  3.54073682e+01 
 5.78000000e-01  3.54713413e+01 
 5.79000000e-01  3.55351993e+01 
 5.80000000e-01  3.55989477e+01 
 5.81000000e-01  3.56625848e+01 
 5.82000000e-01  3.57261085e+01 
 5.83000000e-01  3.57895249e+01 
 5.84000000e-01  3.58528295e+01 
 5.85000000e-01  3.59160224e+01 
 5.86000000e-01  3.59791075e+01 
 5.87000000e-01  3.60420833e+01 
 5.88000000e-01  3.61049469e+01 
 5.89000000e-01  3.61677026e+01 
 5.90000000e-01  3.62303498e+01 
 5.91000000e-01  3.62928875e+01 
 5.92000000e-01  3.63553193e+01 
 5.93000000e-01  3.64176405e+01 
 5.94000000e-01  3.64798535e+01 
 5.95000000e-01  3.65419610e+01 
 5.96000000e-01  3.66039591e+01 
 5.97000000e-01  3.66658511e+01 
 5.98000000e-01  3.67276364e+01 
 5.99000000e-01  3.67893155e+01 
 6.00000000e-01  3.68508871e+01 
 6.01000000e-01  3.69123528e+01 
 6.02000000e-01  3.69737141e+01 
 6.03000000e-01  3.70349668e+01 
 6.04000000e-01  3.70961165e+01 
 6.05000000e-01  3.71571624e+01 
 6.06000000e-01  3.72181021e+01 
 6.07000000e-01  3.72789363e+01 
 6.08000000e-01  3.73396658e+01 
 6.09000000e-01  3.74002932e+01 
 6.10000000e-01  3.74608156e+01 
 6.11000000e-01  3.75212343e+01 
 6.12000000e-01  3.75815512e+01 
 6.13000000e-01  3.76417637e+01 
 6.14000000e-01  3.77018748e+01 
 6.15000000e-01  3.77618815e+01 
 6.16000000e-01  3.78217860e+01 
 6.17000000e-01  3.78815891e+01 
 6.18000000e-01  3.79412913e+01 
 6.19000000e-01  3.80008905e+01 
 6.20000000e-01  3.80603893e+01 
 6.21000000e-01  3.81197867e+01 
 6.22000000e-01  3.81790814e+01 
 6.23000000e-01  3.82382796e+01 
 6.24000000e-01  3.82973752e+01 
 6.25000000e-01  3.83563705e+01 
 6.26000000e-01  3.84152656e+01 
 6.27000000e-01  3.84740605e+01 
 6.28000000e-01  3.85327579e+01 
 6.29000000e-01  3.85913552e+01 
 6.30000000e-01  3.86498551e+01 
 6.31000000e-01  3.87082550e+01 
 6.32000000e-01  3.87665543e+01 
 6.33000000e-01  3.88247580e+01 
 6.34000000e-01  3.88828653e+01 
 6.35000000e-01  3.89408735e+01 
 6.36000000e-01  3.89987817e+01 
 6.37000000e-01  3.90565947e+01 
 6.38000000e-01  3.91143126e+01 
 6.39000000e-01  3.91719311e+01 
 6.40000000e-01  3.92294530e+01 
 6.41000000e-01  3.92868791e+01 
 6.42000000e-01  3.93442096e+01 
 6.43000000e-01  3.94014447e+01 
 6.44000000e-01  3.94585837e+01 
 6.45000000e-01  3.95156281e+01 
 6.46000000e-01  3.95725749e+01 
 6.47000000e-01  3.96294297e+01 
 6.48000000e-01  3.96861895e+01 
 6.49000000e-01  3.97428515e+01 
 6.50000000e-01  3.97994227e+01 
 6.51000000e-01  3.98558992e+01 
 6.52000000e-01  3.99122828e+01 
 6.53000000e-01  3.99685718e+01 
 6.54000000e-01  4.00247651e+01 
 6.55000000e-01  4.00808698e+01 
 6.56000000e-01  4.01368790e+01 
 6.57000000e-01  4.01927959e+01 
 6.58000000e-01  4.02486220e+01 
 6.59000000e-01  4.03043532e+01 
 6.60000000e-01  4.03599952e+01 
 6.61000000e-01  4.04155435e+01 
 6.62000000e-01  4.04710000e+01 
 6.63000000e-01  4.05263683e+01 
 6.64000000e-01  4.05816431e+01 
 6.65000000e-01  4.06368271e+01 
 6.66000000e-01  4.06919199e+01 
 6.67000000e-01  4.07469239e+01 
 6.68000000e-01  4.08018372e+01 
 6.69000000e-01  4.08566592e+01 
 6.70000000e-01  4.09113944e+01 
 6.71000000e-01  4.09660393e+01 
 6.72000000e-01  4.10205927e+01 
 6.73000000e-01  4.10750562e+01 
 6.74000000e-01  4.11294343e+01 
 6.75000000e-01  4.11837233e+01 
 6.76000000e-01  4.12379213e+01 
 6.77000000e-01  4.12920337e+01 
 6.78000000e-01  4.13460572e+01 
 6.79000000e-01  4.13999920e+01 
 6.80000000e-01  4.14538416e+01 
 6.81000000e-01  4.15076021e+01 
 6.82000000e-01  4.15612728e+01 
 6.83000000e-01  4.16148593e+01 
 6.84000000e-01  4.16683622e+01 
 6.85000000e-01  4.17217753e+01 
 6.86000000e-01  4.17751001e+01 
 6.87000000e-01  4.18283405e+01 
 6.88000000e-01  4.18814957e+01 
 6.89000000e-01  4.19345661e+01 
 6.90000000e-01  4.19875501e+01 
 6.91000000e-01  4.20404473e+01 
 6.92000000e-01  4.20932608e+01 
 6.93000000e-01  4.21459898e+01 
 6.94000000e-01  4.21986335e+01 
 6.95000000e-01  4.22511923e+01 
 6.96000000e-01  4.23036668e+01 
 6.97000000e-01  4.23560591e+01 
 6.98000000e-01  4.24083650e+01 
 6.99000000e-01  4.24605884e+01 
 7.00000000e-01  4.25127298e+01 
 7.01000000e-01  4.25647867e+01 
 7.02000000e-01  4.26167608e+01 
 7.03000000e-01  4.26686497e+01 
 7.04000000e-01  4.27204599e+01 
 7.05000000e-01  4.27721855e+01 
 7.06000000e-01  4.28238278e+01 
 7.07000000e-01  4.28753904e+01 
 7.08000000e-01  4.29268688e+01 
 7.09000000e-01  4.29782671e+01 
 7.10000000e-01  4.30295842e+01 
 7.11000000e-01  4.30808210e+01 
 7.12000000e-01  4.31319744e+01 
 7.13000000e-01  4.31830474e+01 
 7.14000000e-01  4.32340401e+01 
 7.15000000e-01  4.32849514e+01 
 7.16000000e-01  4.33357840e+01 
 7.17000000e-01  4.33865354e+01 
 7.18000000e-01  4.34372088e+01 
 7.19000000e-01  4.34878009e+01 
 7.20000000e-01  4.35383119e+01 
 7.21000000e-01  4.35887454e+01 
 7.22000000e-01  4.36391012e+01 
 7.23000000e-01  4.36893770e+01 
 7.24000000e-01  4.37395731e+01 
 7.25000000e-01  4.37896911e+01 
 7.26000000e-01  4.38397290e+01 
 7.27000000e-01  4.38896895e+01 
 7.28000000e-01  4.39395744e+01 
 7.29000000e-01  4.39893790e+01 
 7.30000000e-01  4.40391081e+01 
 7.31000000e-01  4.40887587e+01 
 7.32000000e-01  4.41383296e+01 
 7.33000000e-01  4.41878268e+01 
 7.34000000e-01  4.42372468e+01 
 7.35000000e-01  4.42865913e+01 
 7.36000000e-01  4.43358559e+01 
 7.37000000e-01  4.43850427e+01 
 7.38000000e-01  4.44341573e+01 
 7.39000000e-01  4.44831960e+01 
 7.40000000e-01  4.45321576e+01 
 7.41000000e-01  4.45810420e+01 
 7.42000000e-01  4.46298521e+01 
 7.43000000e-01  4.46785887e+01 
 7.44000000e-01  4.47272509e+01 
 7.45000000e-01  4.47758362e+01 
 7.46000000e-01  4.48243437e+01 
 7.47000000e-01  4.48727787e+01 
 7.48000000e-01  4.49211422e+01 
 7.49000000e-01  4.49694303e+01 
 7.50000000e-01  4.50176449e+01 
 7.51000000e-01  4.50657835e+01 
 7.52000000e-01  4.51138474e+01 
 7.53000000e-01  4.51618427e+01 
 7.54000000e-01  4.52097615e+01 
 7.55000000e-01  4.52576058e+01 
 7.56000000e-01  4.53053796e+01 
 7.57000000e-01  4.53530795e+01 
 7.58000000e-01  4.54007071e+01 
 7.59000000e-01  4.54482621e+01 
 7.60000000e-01  4.54957455e+01 
 7.61000000e-01  4.55431548e+01 
 7.62000000e-01  4.55904936e+01 
 7.63000000e-01  4.56377622e+01 
 7.64000000e-01  4.56849562e+01 
 7.65000000e-01  4.57320822e+01 
 7.66000000e-01  4.57791350e+01 
 7.67000000e-01  4.58261147e+01 
 7.68000000e-01  4.58730240e+01 
 7.69000000e-01  4.59198644e+01 
 7.70000000e-01  4.59666353e+01 
 7.71000000e-01  4.60133347e+01 
 7.72000000e-01  4.60599635e+01 
 7.73000000e-01  4.61065213e+01 
 7.74000000e-01  4.61530091e+01 
 7.75000000e-01  4.61994286e+01 
 7.76000000e-01  4.62457789e+01 
 7.77000000e-01  4.62920576e+01 
 7.78000000e-01  4.63382685e+01 
 7.79000000e-01  4.63844084e+01 
 7.80000000e-01  4.64304809e+01 
 7.81000000e-01  4.64764871e+01 
 7.82000000e-01  4.65224199e+01 
 7.83000000e-01  4.65682850e+01 
 7.84000000e-01  4.66140853e+01 
 7.85000000e-01  4.66598160e+01 
 7.86000000e-01  4.67054763e+01 
 7.87000000e-01  4.67510714e+01 
 7.88000000e-01  4.67966007e+01 
 7.89000000e-01  4.68420573e+01 
 7.90000000e-01  4.68874472e+01 
 7.91000000e-01  4.69327742e+01 
 7.92000000e-01  4.69780325e+01 
 7.93000000e-01  4.70232214e+01 
 7.94000000e-01  4.70683456e+01 
 7.95000000e-01  4.71134036e+01 
 7.96000000e-01  4.71583924e+01 
 7.97000000e-01  4.72033183e+01 
 7.98000000e-01  4.72481777e+01 
 7.99000000e-01  4.72929668e+01 
 8.00000000e-01  4.73376950e+01 
 8.01000000e-01  4.73823590e+01 
 8.02000000e-01  4.74269517e+01 
 8.03000000e-01  4.74714817e+01 
 8.04000000e-01  4.75159491e+01 
 8.05000000e-01  4.75603473e+01 
 8.06000000e-01  4.76046818e+01 
 8.07000000e-01  4.76489547e+01 
 8.08000000e-01  4.76931599e+01 
 8.09000000e-01  4.77372995e+01 
 8.10000000e-01  4.77813783e+01 
 8.11000000e-01  4.78253913e+01 
 8.12000000e-01  4.78693398e+01 
 8.13000000e-01  4.79132252e+01 
 8.14000000e-01  4.79570452e+01 
 8.15000000e-01  4.80008052e+01 
 8.16000000e-01  4.80445004e+01 
 8.17000000e-01  4.80881294e+01 
 8.18000000e-01  4.81316964e+01 
 8.19000000e-01  4.81752021e+01 
 8.20000000e-01  4.82186427e+01 
 8.21000000e-01  4.82620249e+01 
 8.22000000e-01  4.83053433e+01 
 8.23000000e-01  4.83485964e+01 
 8.24000000e-01  4.83917874e+01 
 8.25000000e-01  4.84349172e+01 
 8.26000000e-01  4.84779891e+01 
 8.27000000e-01  4.85209936e+01 
 8.28000000e-01  4.85639384e+01 
 8.29000000e-01  4.86068224e+01 
 8.30000000e-01  4.86496448e+01 
 8.31000000e-01  4.86924048e+01 
 8.32000000e-01  4.87351023e+01 
 8.33000000e-01  4.87777442e+01 
 8.34000000e-01  4.88203210e+01 
 8.35000000e-01  4.88628372e+01 
 8.36000000e-01  4.89052943e+01 
 8.37000000e-01  4.89476909e+01 
 8.38000000e-01  4.89900273e+01 
 8.39000000e-01  4.90322996e+01 
 8.40000000e-01  4.90745167e+01 
 8.41000000e-01  4.91166739e+01 
 8.42000000e-01  4.91587680e+01 
 8.43000000e-01  4.92008061e+01 
 8.44000000e-01  4.92427826e+01 
 8.45000000e-01  4.92847018e+01 
 8.46000000e-01  4.93265608e+01 
 8.47000000e-01  4.93683583e+01 
 8.48000000e-01  4.94101007e+01 
 8.49000000e-01  4.94517821e+01 
 8.50000000e-01  4.94934034e+01 
 8.51000000e-01  4.95349681e+01 
 8.52000000e-01  4.95764757e+01 
 8.53000000e-01  4.96179222e+01 
 8.54000000e-01  4.96593137e+01 
 8.55000000e-01  4.97006465e+01 
 8.56000000e-01  4.97419183e+01 
 8.57000000e-01  4.97831325e+01 
 8.58000000e-01  4.98242929e+01 
 8.59000000e-01  4.98653947e+01 
 8.60000000e-01  4.99064402e+01 
 8.61000000e-01  4.99474251e+01 
 8.62000000e-01  4.99883552e+01 
 8.63000000e-01  5.00292310e+01 
 8.64000000e-01  5.00700435e+01 
 8.65000000e-01  5.01108007e+01 
 8.66000000e-01  5.01515046e+01 
 8.67000000e-01  5.01921540e+01 
 8.68000000e-01  5.02327397e+01 
 8.69000000e-01  5.02732731e+01 
 8.70000000e-01  5.03137533e+01 
 8.71000000e-01  5.03541743e+01 
 8.72000000e-01  5.03945408e+01 
 8.73000000e-01  5.04348500e+01 
 8.74000000e-01  5.04751067e+01 
 8.75000000e-01  5.05153035e+01 
 8.76000000e-01  5.05554446e+01 
 8.77000000e-01  5.05955386e+01 
 8.78000000e-01  5.06355738e+01 
 8.79000000e-01  5.06755486e+01 
 8.80000000e-01  5.07154713e+01 
 8.81000000e-01  5.07553428e+01 
 8.82000000e-01  5.07951562e+01 
 8.83000000e-01  5.08349165e+01 
 8.84000000e-01  5.08746239e+01 
 8.85000000e-01  5.09142730e+01 
 8.86000000e-01  5.09538738e+01 
 8.87000000e-01  5.09934178e+01 
 8.88000000e-01  5.10329053e+01 
 8.89000000e-01  5.10723400e+01 
 8.90000000e-01  5.11117215e+01 
 8.91000000e-01  5.11510552e+01 
 8.92000000e-01  5.11903320e+01 
 8.93000000e-01  5.12295529e+01 
 8.94000000e-01  5.12687168e+01 
 8.95000000e-01  5.13078343e+01 
 8.96000000e-01  5.13469019e+01 
 8.97000000e-01  5.13859114e+01 
 8.98000000e-01  5.14248686e+01 
 8.99000000e-01  5.14637739e+01 
 9.00000000e-01  5.15026285e+01 
 9.01000000e-01  5.15414264e+01 
 9.02000000e-01  5.15801735e+01 
 9.03000000e-01  5.16188742e+01 
 9.04000000e-01  5.16575177e+01 
 9.05000000e-01  5.16961082e+01 
 9.06000000e-01  5.17346505e+01 
 9.07000000e-01  5.17731378e+01 
 9.08000000e-01  5.18115751e+01 
 9.09000000e-01  5.18499634e+01 
 9.10000000e-01  5.18882991e+01 
 9.11000000e-01  5.19265835e+01 
 9.12000000e-01  5.19648158e+01 
 9.13000000e-01  5.20029979e+01 
 9.14000000e-01  5.20411284e+01 
 9.15000000e-01  5.20792078e+01 
 9.16000000e-01  5.21172396e+01 
 9.17000000e-01  5.21552185e+01 
 9.18000000e-01  5.21931440e+01 
 9.19000000e-01  5.22310233e+01 
 9.20000000e-01  5.22688569e+01 
 9.21000000e-01  5.23066321e+01 
 9.22000000e-01  5.23443564e+01 
 9.23000000e-01  5.23820406e+01 
 9.24000000e-01  5.24196708e+01 
 9.25000000e-01  5.24572442e+01 
 9.26000000e-01  5.24947770e+01 
 9.27000000e-01  5.25322577e+01 
 9.28000000e-01  5.25696843e+01 
 9.29000000e-01  5.26070729e+01 
 9.30000000e-01  5.26444019e+01 
 9.31000000e-01  5.26816861e+01 
 9.32000000e-01  5.27189232e+01 
 9.33000000e-01  5.27561039e+01 
 9.34000000e-01  5.27932470e+01 
 9.35000000e-01  5.28303369e+01 
 9.36000000e-01  5.28673750e+01 
 9.37000000e-01  5.29043651e+01 
 9.38000000e-01  5.29413099e+01 
 9.39000000e-01  5.29782063e+01 
 9.40000000e-01  5.30150563e+01 
 9.41000000e-01  5.30518579e+01 
 9.42000000e-01  5.30886024e+01 
 9.43000000e-01  5.31253094e+01 
 9.44000000e-01  5.31619717e+01 
 9.45000000e-01  5.31985788e+01 
 9.46000000e-01  5.32351352e+01 
 9.47000000e-01  5.32716497e+01 
 9.48000000e-01  5.33081215e+01 
 9.49000000e-01  5.33445410e+01 
 9.50000000e-01  5.33809185e+01 
 9.51000000e-01  5.34172448e+01 
 9.52000000e-01  5.34535182e+01 
 9.53000000e-01  5.34897506e+01 
 9.54000000e-01  5.35259379e+01 
 9.55000000e-01  5.35620798e+01 
 9.56000000e-01  5.35981730e+01 
 9.57000000e-01  5.36342241e+01 
 9.58000000e-01  5.36702220e+01 
 9.59000000e-01  5.37061747e+01 
 9.60000000e-01  5.37420871e+01 
 9.61000000e-01  5.37779477e+01 
 9.62000000e-01  5.38137641e+01 
 9.63000000e-01  5.38495361e+01 
 9.64000000e-01  5.38852649e+01 
 9.65000000e-01  5.39209425e+01 
 9.66000000e-01  5.39565792e+01 
 9.67000000e-01  5.39921692e+01 
 9.68000000e-01  5.40277126e+01 
 9.69000000e-01  5.40632121e+01 
 9.70000000e-01  5.40986639e+01 
 9.71000000e-01  5.41340741e+01 
 9.72000000e-01  5.41694426e+01 
 9.73000000e-01  5.42047632e+01 
 9.74000000e-01  5.42400320e+01 
 9.75000000e-01  5.42752616e+01 
 9.76000000e-01  5.43104513e+01 
 9.77000000e-01  5.43455957e+01 
 9.78000000e-01  5.43806960e+01 
 9.79000000e-01  5.44157447e+01 
 9.80000000e-01  5.44507510e+01 
 9.81000000e-01  5.44857204e+01 
 9.82000000e-01  5.45206444e+01 
 9.83000000e-01  5.45555216e+01 
 9.84000000e-01  5.45903497e+01 
 9.85000000e-01  5.46251403e+01 
 9.86000000e-01  5.46598923e+01 
 9.87000000e-01  5.46945958e+01 
 9.88000000e-01  5.47292558e+01 
 9.89000000e-01  5.47638708e+01 
 9.90000000e-01  5.47984454e+01 
 9.91000000e-01  5.48329795e+01 
 9.92000000e-01  5.48674628e+01 
 9.93000000e-01  5.49019094e+01 
 9.94000000e-01  5.49363105e+01 
 9.95000000e-01  5.49706691e+01 
 9.96000000e-01  5.50049886e+01 
 9.97000000e-01  5.50392597e+01 
 9.98000000e-01  5.50734931e+01 
 9.99000000e-01  5.51076835e+01 
 1.00000000e+00  5.51418283e+01 
 1.00100000e+00  5.51759356e+01 
 1.00200000e+00  5.52099987e+01 
 1.00300000e+00  5.52440218e+01 
 1.00400000e+00  5.52780018e+01 
 1.00500000e+00  5.53119346e+01 
 1.00600000e+00  5.53458324e+01 
 1.00700000e+00  5.53796828e+01 
 1.00800000e+00  5.54134938e+01 
 1.00900000e+00  5.54472713e+01 
 1.01000000e+00  5.54810006e+01 
 1.01100000e+00  5.55146889e+01 
 1.01200000e+00  5.55483361e+01 
 1.01300000e+00  5.55819385e+01 
 1.01400000e+00  5.56155066e+01 
 1.01500000e+00  5.56490335e+01 
 1.01600000e+00  5.56825134e+01 
 1.01700000e+00  5.57159520e+01 
 1.01800000e+00  5.57493581e+01 
 1.01900000e+00  5.57827179e+01 
 1.02000000e+00  5.58160352e+01 
 1.02100000e+00  5.58493176e+01 
 1.02200000e+00  5.58825570e+01 
 1.02300000e+00  5.59157653e+01 
 1.02400000e+00  5.59489188e+01 
 1.02500000e+00  5.59820300e+01 
 1.02600000e+00  5.60151151e+01 
 1.02700000e+00  5.60481607e+01 
 1.02800000e+00  5.60811594e+01 
 1.02900000e+00  5.61141111e+01 
 1.03000000e+00  5.61470356e+01 
 1.03100000e+00  5.61799216e+01 
 1.03200000e+00  5.62127592e+01 
 1.03300000e+00  5.62455622e+01 
 1.03400000e+00  5.62783226e+01 
 1.03500000e+00  5.63110385e+01 
 1.03600000e+00  5.63437261e+01 
 1.03700000e+00  5.63763758e+01 
 1.03800000e+00  5.64089801e+01 
 1.03900000e+00  5.64415469e+01 
 1.04000000e+00  5.64740671e+01 
 1.04100000e+00  5.65065559e+01 
 1.04200000e+00  5.65390152e+01 
 1.04300000e+00  5.65714274e+01 
 1.04400000e+00  5.66037934e+01 
 1.04500000e+00  5.66361242e+01 
 1.04600000e+00  5.66684292e+01 
 1.04700000e+00  5.67006867e+01 
 1.04800000e+00  5.67329044e+01 
 1.04900000e+00  5.67650869e+01 
 1.05000000e+00  5.67972246e+01 
 1.05100000e+00  5.68293337e+01 
 1.05200000e+00  5.68614011e+01 
 1.05300000e+00  5.68934316e+01 
 1.05400000e+00  5.69254219e+01 
 1.05500000e+00  5.69573715e+01 
 1.05600000e+00  5.69892949e+01 
 1.05700000e+00  5.70211717e+01 
 1.05800000e+00  5.70530154e+01 
 1.05900000e+00  5.70848209e+01 
 1.06000000e+00  5.71165866e+01 
 1.06100000e+00  5.71483127e+01 
 1.06200000e+00  5.71800020e+01 
 1.06300000e+00  5.72116568e+01 
 1.06400000e+00  5.72432837e+01 
 1.06500000e+00  5.72748662e+01 
 1.06600000e+00  5.73063962e+01 
 1.06700000e+00  5.73379120e+01 
 1.06800000e+00  5.73693850e+01 
 1.06900000e+00  5.74008153e+01 
 1.07000000e+00  5.74322176e+01 
 1.07100000e+00  5.74635772e+01 
 1.07200000e+00  5.74948982e+01 
 1.07300000e+00  5.75261894e+01 
 1.07400000e+00  5.75574420e+01 
 1.07500000e+00  5.75886543e+01 
 1.07600000e+00  5.76198326e+01 
 1.07700000e+00  5.76509803e+01 
 1.07800000e+00  5.76820888e+01 
 1.07900000e+00  5.77131593e+01 
 1.08000000e+00  5.77442026e+01 
 1.08100000e+00  5.77751970e+01 
 1.08200000e+00  5.78061548e+01 
 1.08300000e+00  5.78370974e+01 
 1.08400000e+00  5.78679903e+01 
 1.08500000e+00  5.78988368e+01 
 1.08600000e+00  5.79296618e+01 
 1.08700000e+00  5.79604523e+01 
 1.08800000e+00  5.79912045e+01 
 1.08900000e+00  5.80219200e+01 
 1.09000000e+00  5.80526003e+01 
 1.09100000e+00  5.80832460e+01 
 1.09200000e+00  5.81138533e+01 
 1.09300000e+00  5.81444349e+01 
 1.09400000e+00  5.81749810e+01 
 1.09500000e+00  5.82054841e+01 
 1.09600000e+00  5.82359571e+01 
 1.09700000e+00  5.82663907e+01 
 1.09800000e+00  5.82967907e+01 
 1.09900000e+00  5.83271668e+01 
 1.10000000e+00  5.83575003e+01 
 1.10100000e+00  5.83878021e+01 
 1.10200000e+00  5.84180714e+01 
 1.10300000e+00  5.84482921e+01 
 1.10400000e+00  5.84784909e+01 
 1.10500000e+00  5.85086562e+01 
 1.10600000e+00  5.85387814e+01 
 1.10700000e+00  5.85688830e+01 
 1.10800000e+00  5.85989465e+01 
 1.10900000e+00  5.86289663e+01 
 1.11000000e+00  5.86589577e+01 
 1.11100000e+00  5.86889270e+01 
 1.11200000e+00  5.87188528e+01 
 1.11300000e+00  5.87487386e+01 
 1.11400000e+00  5.87785955e+01 
 1.11500000e+00  5.88084190e+01 
 1.11600000e+00  5.88382161e+01 
 1.11700000e+00  5.88679749e+01 
 1.11800000e+00  5.88977004e+01 
 1.11900000e+00  5.89274025e+01 
 1.12000000e+00  5.89570635e+01 
 1.12100000e+00  5.89866801e+01 
 1.12200000e+00  5.90162741e+01 
 1.12300000e+00  5.90458376e+01 
 1.12400000e+00  5.90753616e+01 
 1.12500000e+00  5.91048605e+01 
 1.12600000e+00  5.91343232e+01 
 1.12700000e+00  5.91637476e+01 
 1.12800000e+00  5.91931447e+01 
 1.12900000e+00  5.92225161e+01 
 1.13000000e+00  5.92518472e+01 
 1.13100000e+00  5.92811362e+01 
 1.13200000e+00  5.93104062e+01 
 1.13300000e+00  5.93396507e+01 
 1.13400000e+00  5.93688588e+01 
 1.13500000e+00  5.93980230e+01 
 1.13600000e+00  5.94271572e+01 
 1.13700000e+00  5.94562666e+01 
 1.13800000e+00  5.94853373e+01 
 1.13900000e+00  5.95143886e+01 
 1.14000000e+00  5.95433977e+01 
 1.14100000e+00  5.95723673e+01 
 1.14200000e+00  5.96013288e+01 
 1.14300000e+00  5.96302396e+01 
 1.14400000e+00  5.96591166e+01 
 1.14500000e+00  5.96879762e+01 
 1.14600000e+00  5.97167936e+01 
 1.14700000e+00  5.97455889e+01 
 1.14800000e+00  5.97743503e+01 
 1.14900000e+00  5.98030743e+01 
 1.15000000e+00  5.98317669e+01 
 1.15100000e+00  5.98604333e+01 
 1.15200000e+00  5.98890689e+01 
 1.15300000e+00  5.99176759e+01 
 1.15400000e+00  5.99462437e+01 
 1.15500000e+00  5.99747791e+01 
 1.15600000e+00  6.00032995e+01 
 1.15700000e+00  6.00317720e+01 
 1.15800000e+00  6.00602179e+01 
 1.15900000e+00  6.00886460e+01 
 1.16000000e+00  6.01170212e+01 
 1.16100000e+00  6.01453785e+01 
 1.16200000e+00  6.01737148e+01 
 1.16300000e+00  6.02020070e+01 
 1.16400000e+00  6.02302721e+01 
 1.16500000e+00  6.02585089e+01 
 1.16600000e+00  6.02867098e+01 
 1.16700000e+00  6.03148812e+01 
 1.16800000e+00  6.03430269e+01 
 1.16900000e+00  6.03711474e+01 
 1.17000000e+00  6.03992349e+01 
 1.17100000e+00  6.04272816e+01 
 1.17200000e+00  6.04553034e+01 
 1.17300000e+00  6.04832970e+01 
 1.17400000e+00  6.05112687e+01 
 1.17500000e+00  6.05391980e+01 
 1.17600000e+00  6.05671101e+01 
 1.17700000e+00  6.05949858e+01 
 1.17800000e+00  6.06228182e+01 
 1.17900000e+00  6.06506444e+01 
 1.18000000e+00  6.06784304e+01 
 1.18100000e+00  6.07061879e+01 
 1.18200000e+00  6.07339242e+01 
 1.18300000e+00  6.07616103e+01 
 1.18400000e+00  6.07892851e+01 
 1.18500000e+00  6.08169309e+01 
 1.18600000e+00  6.08445316e+01 
 1.18700000e+00  6.08721181e+01 
 1.18800000e+00  6.08996703e+01 
 1.18900000e+00  6.09272018e+01 
 1.19000000e+00  6.09546889e+01 
 1.19100000e+00  6.09821489e+01 
 1.19200000e+00  6.10095968e+01 
 1.19300000e+00  6.10370037e+01 
 1.19400000e+00  6.10643777e+01 
 1.19500000e+00  6.10917325e+01 
 1.19600000e+00  6.11190621e+01 
 1.19700000e+00  6.11463529e+01 
 1.19800000e+00  6.11736144e+01 
 1.19900000e+00  6.12008517e+01 
 1.20000000e+00  6.12280613e+01 
 1.20100000e+00  6.12552456e+01 
 1.20200000e+00  6.12823926e+01 
 1.20300000e+00  6.13095187e+01 
 1.20400000e+00  6.13366180e+01 
 1.20500000e+00  6.13636814e+01 
 1.20600000e+00  6.13907249e+01 
 1.20700000e+00  6.14177365e+01 
 1.20800000e+00  6.14447136e+01 
 1.20900000e+00  6.14716653e+01 
 1.21000000e+00  6.14986033e+01 
 1.21100000e+00  6.15254978e+01 
 1.21200000e+00  6.15523732e+01 
 1.21300000e+00  6.15792217e+01 
 1.21400000e+00  6.16060258e+01 
 1.21500000e+00  6.16328161e+01 
 1.21600000e+00  6.16595822e+01 
 1.21700000e+00  6.16863218e+01 
 1.21800000e+00  6.17130210e+01 
 1.21900000e+00  6.17396987e+01 
 1.22000000e+00  6.17663564e+01 
 1.22100000e+00  6.17929765e+01 
 1.22200000e+00  6.18195778e+01 
 1.22300000e+00  6.18461455e+01 
 1.22400000e+00  6.18726807e+01 
 1.22500000e+00  6.18992034e+01 
 1.22600000e+00  6.19256957e+01 
 1.22700000e+00  6.19521584e+01 
 1.22800000e+00  6.19785930e+01 
 1.22900000e+00  6.20049951e+01 
 1.23000000e+00  6.20313729e+01 
 1.23100000e+00  6.20577179e+01 
 1.23200000e+00  6.20840468e+01 
 1.23300000e+00  6.21103569e+01 
 1.23400000e+00  6.21366374e+01 
 1.23500000e+00  6.21628791e+01 
 1.23600000e+00  6.21890982e+01 
 1.23700000e+00  6.22152909e+01 
 1.23800000e+00  6.22414481e+01 
 1.23900000e+00  6.22676017e+01 
 1.24000000e+00  6.22937115e+01 
 1.24100000e+00  6.23197903e+01 
 1.24200000e+00  6.23458697e+01 
 1.24300000e+00  6.23719064e+01 
 1.24400000e+00  6.23978984e+01 
 1.24500000e+00  6.24238824e+01 
 1.24600000e+00  6.24498499e+01 
 1.24700000e+00  6.24757818e+01 
 1.24800000e+00  6.25016824e+01 
 1.24900000e+00  6.25275538e+01 
 1.25000000e+00  6.25534146e+01 
 1.25100000e+00  6.25792457e+01 
 1.25200000e+00  6.26050312e+01 
 1.25300000e+00  6.26308125e+01 
 1.25400000e+00  6.26565700e+01 
 1.25500000e+00  6.26822925e+01 
 1.25600000e+00  6.27079891e+01 
 1.25700000e+00  6.27336486e+01 
 1.25800000e+00  6.27593005e+01 
 1.25900000e+00  6.27849290e+01 
 1.26000000e+00  6.28105188e+01 
 1.26100000e+00  6.28360855e+01 
 1.26200000e+00  6.28616357e+01 
 1.26300000e+00  6.28871527e+01 
 1.26400000e+00  6.29126500e+01 
 1.26500000e+00  6.29381247e+01 
 1.26600000e+00  6.29635646e+01 
 1.26700000e+00  6.29889786e+01 
 1.26800000e+00  6.30143631e+01 
 1.26900000e+00  6.30397409e+01 
 1.27000000e+00  6.30650926e+01 
 1.27100000e+00  6.30903954e+01 
 1.27200000e+00  6.31156883e+01 
 1.27300000e+00  6.31409687e+01 
 1.27400000e+00  6.31661973e+01 
 1.27500000e+00  6.31914157e+01 
 1.27600000e+00  6.32166151e+01 
 1.27700000e+00  6.32417796e+01 
 1.27800000e+00  6.32669342e+01 
 1.27900000e+00  6.32920413e+01 
 1.28000000e+00  6.33171351e+01 
 1.28100000e+00  6.33422032e+01 
 1.28200000e+00  6.33672478e+01 
 1.28300000e+00  6.33922789e+01 
 1.28400000e+00  6.34172643e+01 
 1.28500000e+00  6.34422338e+01 
 1.28600000e+00  6.34671868e+01 
 1.28700000e+00  6.34921131e+01 
 1.28800000e+00  6.35170021e+01 
 1.28900000e+00  6.35418794e+01 
 1.29000000e+00  6.35667340e+01 
 1.29100000e+00  6.35915542e+01 
 1.29200000e+00  6.36163483e+01 
 1.29300000e+00  6.36411175e+01 
 1.29400000e+00  6.36658917e+01 
 1.29500000e+00  6.36906225e+01 
 1.29600000e+00  6.37153060e+01 
 1.29700000e+00  6.37399925e+01 
 1.29800000e+00  6.37646571e+01 
 1.29900000e+00  6.37892815e+01 
 1.30000000e+00  6.38138925e+01 
 1.30100000e+00  6.38384697e+01 
 1.30200000e+00  6.38630259e+01 
 1.30300000e+00  6.38875774e+01 
 1.30400000e+00  6.39120879e+01 
 1.30500000e+00  6.39365759e+01 
 1.30600000e+00  6.39610430e+01 
 1.30700000e+00  6.39854861e+01 
 1.30800000e+00  6.40099055e+01 
 1.30900000e+00  6.40342941e+01 
 1.31000000e+00  6.40586593e+01 
 1.31100000e+00  6.40830043e+01 
 1.31200000e+00  6.41073389e+01 
 1.31300000e+00  6.41316377e+01 
 1.31400000e+00  6.41559054e+01 
 1.31500000e+00  6.41801628e+01 
 1.31600000e+00  6.42043964e+01 
 1.31700000e+00  6.42286122e+01 
 1.31800000e+00  6.42527862e+01 
 1.31900000e+00  6.42769390e+01 
 1.32000000e+00  6.43010878e+01 
 1.32100000e+00  6.43251909e+01 
 1.32200000e+00  6.43492818e+01 
 1.32300000e+00  6.43733644e+01 
 1.32400000e+00  6.43973911e+01 
 1.32500000e+00  6.44214163e+01 
 1.32600000e+00  6.44454198e+01 
 1.32700000e+00  6.44693831e+01 
 1.32800000e+00  6.44933420e+01 
 1.32900000e+00  6.45172704e+01 
 1.33000000e+00  6.45411678e+01 
 1.33100000e+00  6.45650579e+01 
 1.33200000e+00  6.45889177e+01 
 1.33300000e+00  6.46127590e+01 
 1.33400000e+00  6.46365767e+01 
 1.33500000e+00  6.46603606e+01 
 1.33600000e+00  6.46841296e+01 
 1.33700000e+00  6.47078709e+01 
 1.33800000e+00  6.47315978e+01 
 1.33900000e+00  6.47552962e+01 
 1.34000000e+00  6.47789734e+01 
 1.34100000e+00  6.48026216e+01 
 1.34200000e+00  6.48262598e+01 
 1.34300000e+00  6.48498747e+01 
 1.34400000e+00  6.48734508e+01 
 1.34500000e+00  6.48970268e+01 
 1.34600000e+00  6.49205653e+01 
 1.34700000e+00  6.49440816e+01 
 1.34800000e+00  6.49675866e+01 
 1.34900000e+00  6.49910610e+01 
 1.35000000e+00  6.50144992e+01 
 1.35100000e+00  6.50379234e+01 
 1.35200000e+00  6.50613487e+01 
 1.35300000e+00  6.50847301e+01 
 1.35400000e+00  6.51080841e+01 
 1.35500000e+00  6.51314297e+01 
 1.35600000e+00  6.51547515e+01 
 1.35700000e+00  6.51780427e+01 
 1.35800000e+00  6.52013172e+01 
 1.35900000e+00  6.52245673e+01 
 1.36000000e+00  6.52477913e+01 
 1.36100000e+00  6.52709999e+01 
 1.36200000e+00  6.52941765e+01 
 1.36300000e+00  6.53173469e+01 
 1.36400000e+00  6.53404895e+01 
 1.36500000e+00  6.53635994e+01 
 1.36600000e+00  6.53866966e+01 
 1.36700000e+00  6.54097658e+01 
 1.36800000e+00  6.54328143e+01 
 1.36900000e+00  6.54558552e+01 
 1.37000000e+00  6.54788713e+01 
 1.37100000e+00  6.55018486e+01 
 1.37200000e+00  6.55247956e+01 
 1.37300000e+00  6.55477469e+01 
 1.37400000e+00  6.55706714e+01 
 1.37500000e+00  6.55935478e+01 
 1.37600000e+00  6.56164357e+01 
 1.37700000e+00  6.56392917e+01 
 1.37800000e+00  6.56621189e+01 
 1.37900000e+00  6.56849371e+01 
 1.38000000e+00  6.57077283e+01 
 1.38100000e+00  6.57304765e+01 
 1.38200000e+00  6.57532227e+01 
 1.38300000e+00  6.57759473e+01 
 1.38400000e+00  6.57986453e+01 
 1.38500000e+00  6.58213245e+01 
 1.38600000e+00  6.58439789e+01 
 1.38700000e+00  6.58666193e+01 
 1.38800000e+00  6.58892146e+01 
 1.38900000e+00  6.59118155e+01 
 1.39000000e+00  6.59343825e+01 
 1.39100000e+00  6.59569298e+01 
 1.39200000e+00  6.59794594e+01 
 1.39300000e+00  6.60019494e+01 
 1.39400000e+00  6.60244379e+01 
 1.39500000e+00  6.60469051e+01 
 1.39600000e+00  6.60693304e+01 
 1.39700000e+00  6.60917561e+01 
 1.39800000e+00  6.61141424e+01 
 1.39900000e+00  6.61365075e+01 
 1.40000000e+00  6.61588729e+01 
 1.40100000e+00  6.61811886e+01 
 1.40200000e+00  6.62035040e+01 
 1.40300000e+00  6.62257840e+01 
 1.40400000e+00  6.62480392e+01 
 1.40500000e+00  6.62702963e+01 
 1.40600000e+00  6.62925194e+01 
 1.40700000e+00  6.63147089e+01 
 1.40800000e+00  6.63368788e+01 
 1.40900000e+00  6.63590355e+01 
 1.41000000e+00  6.63811689e+01 
 1.41100000e+00  6.64032865e+01 
 1.41200000e+00  6.64253701e+01 
 1.41300000e+00  6.64474379e+01 
 1.41400000e+00  6.64694771e+01 
 1.41500000e+00  6.64915038e+01 
 1.41600000e+00  6.65135119e+01 
 1.41700000e+00  6.65354792e+01 
 1.41800000e+00  6.65574460e+01 
 1.41900000e+00  6.65793798e+01 
 1.42000000e+00  6.66012929e+01 
 1.42100000e+00  6.66231815e+01 
 1.42200000e+00  6.66450567e+01 
 1.42300000e+00  6.66669089e+01 
 1.42400000e+00  6.66887249e+01 
 1.42500000e+00  6.67105389e+01 
 1.42600000e+00  6.67323157e+01 
 1.42700000e+00  6.67540772e+01 
 1.42800000e+00  6.67758230e+01 
 1.42900000e+00  6.67975298e+01 
 1.43000000e+00  6.68192253e+01 
 1.43100000e+00  6.68408988e+01 
 1.43200000e+00  6.68625574e+01 
 1.43300000e+00  6.68841812e+01 
 1.43400000e+00  6.69057880e+01 
 1.43500000e+00  6.69273858e+01 
 1.43600000e+00  6.69489426e+01 
 1.43700000e+00  6.69704714e+01 
 1.43800000e+00  6.69919957e+01 
 1.43900000e+00  6.70134945e+01 
 1.44000000e+00  6.70349591e+01 
 1.44100000e+00  6.70564309e+01 
 1.44200000e+00  6.70778626e+01 
 1.44300000e+00  6.70992482e+01 
 1.44400000e+00  6.71206418e+01 
 1.44500000e+00  6.71420122e+01 
 1.44600000e+00  6.71633438e+01 
 1.44700000e+00  6.71846516e+01 
 1.44800000e+00  6.72059662e+01 
 1.44900000e+00  6.72272465e+01 
 1.45000000e+00  6.72484915e+01 
 1.45100000e+00  6.72697087e+01 
 1.45200000e+00  6.72909111e+01 
 1.45300000e+00  6.73121149e+01 
 1.45400000e+00  6.73332657e+01 
 1.45500000e+00  6.73544070e+01 
 1.45600000e+00  6.73755239e+01 
 1.45700000e+00  6.73966180e+01 
 1.45800000e+00  6.74176824e+01 
 1.45900000e+00  6.74387294e+01 
 1.46000000e+00  6.74597740e+01 
 1.46100000e+00  6.74807733e+01 
 1.46200000e+00  6.75017391e+01 
 1.46300000e+00  6.75226945e+01 
 1.46400000e+00  6.75436319e+01 
 1.46500000e+00  6.75645475e+01 
 1.46600000e+00  6.75854345e+01 
 1.46700000e+00  6.76062886e+01 
 1.46800000e+00  6.76271474e+01 
 1.46900000e+00  6.76479643e+01 
 1.47000000e+00  6.76687478e+01 
 1.47100000e+00  6.76895185e+01 
 1.47200000e+00  6.77102806e+01 
 1.47300000e+00  6.77310132e+01 
 1.47400000e+00  6.77516876e+01 
 1.47500000e+00  6.77723714e+01 
 1.47600000e+00  6.77930381e+01 
 1.47700000e+00  6.78136745e+01 
 1.47800000e+00  6.78342832e+01 
 1.47900000e+00  6.78548552e+01 
 1.48000000e+00  6.78754130e+01 
 1.48100000e+00  6.78959544e+01 
 1.48200000e+00  6.79164753e+01 
 1.48300000e+00  6.79369539e+01 
 1.48400000e+00  6.79574124e+01 
 1.48500000e+00  6.79778695e+01 
 1.48600000e+00  6.79982817e+01 
 1.48700000e+00  6.80186746e+01 
 1.48800000e+00  6.80390486e+01 
 1.48900000e+00  6.80593780e+01 
 1.49000000e+00  6.80797064e+01 
 1.49100000e+00  6.81000010e+01 
 1.49200000e+00  6.81202640e+01 
 1.49300000e+00  6.81405226e+01 
 1.49400000e+00  6.81607379e+01 
 1.49500000e+00  6.81809350e+01 
 1.49600000e+00  6.82011029e+01 
 1.49700000e+00  6.82212377e+01 
 1.49800000e+00  6.82413765e+01 
 1.49900000e+00  6.82614699e+01 
 1.50000000e+00  6.82815413e+01 
 1.50100000e+00  6.83015905e+01 
 1.50200000e+00  6.83216165e+01 
 1.50300000e+00  6.83416091e+01 
 1.50400000e+00  6.83615677e+01 
 1.50500000e+00  6.83815199e+01 
 1.50600000e+00  6.84014481e+01 
 1.50700000e+00  6.84213363e+01 
 1.50800000e+00  6.84411977e+01 
 1.50900000e+00  6.84610366e+01 
 1.51000000e+00  6.84808544e+01 
 1.51100000e+00  6.85006544e+01 
 1.51200000e+00  6.85204028e+01 
 1.51300000e+00  6.85401408e+01 
 1.51400000e+00  6.85598591e+01 
 1.51500000e+00  6.85795540e+01 
 1.51600000e+00  6.85992025e+01 
 1.51700000e+00  6.86188140e+01 
 1.51800000e+00  6.86384314e+01 
 1.51900000e+00  6.86580059e+01 
 1.52000000e+00  6.86775584e+01 
 1.52100000e+00  6.86970768e+01 
 1.52200000e+00  6.87165597e+01 
 1.52300000e+00  6.87360451e+01 
 1.52400000e+00  6.87554958e+01 
 1.52500000e+00  6.87748887e+01 
 1.52600000e+00  6.87942732e+01 
 1.52700000e+00  6.88136298e+01 
 1.52800000e+00  6.88329489e+01 
 1.52900000e+00  6.88522707e+01 
 1.53000000e+00  6.88715344e+01 
 1.53100000e+00  6.88907840e+01 
 1.53200000e+00  6.89100023e+01 
 1.53300000e+00  6.89291692e+01 
 1.53400000e+00  6.89483332e+01 
 1.53500000e+00  6.89674636e+01 
 1.53600000e+00  6.89865737e+01 
 1.53700000e+00  6.90056441e+01 
 1.53800000e+00  6.90246617e+01 
 1.53900000e+00  6.90436794e+01 
 1.54000000e+00  6.90626854e+01 
 1.54100000e+00  6.90816238e+01 
 1.54200000e+00  6.91005350e+01 
 1.54300000e+00  6.91194377e+01 
 1.54400000e+00  6.91382985e+01 
 1.54500000e+00  6.91571321e+01 
 1.54600000e+00  6.91759356e+01 
 1.54700000e+00  6.91946972e+01 
 1.54800000e+00  6.92134433e+01 
 1.54900000e+00  6.92321582e+01 
 1.55000000e+00  6.92508129e+01 
 1.55100000e+00  6.92694657e+01 
 1.55200000e+00  6.92880870e+01 
 1.55300000e+00  6.93066664e+01 
 1.55400000e+00  6.93252187e+01 
 1.55500000e+00  6.93437404e+01 
 1.55600000e+00  6.93622425e+01 
 1.55700000e+00  6.93806812e+01 
 1.55800000e+00  6.93990831e+01 
 1.55900000e+00  6.94174904e+01 
 1.56000000e+00  6.94358499e+01 
 1.56100000e+00  6.94541693e+01 
 1.56200000e+00  6.94724730e+01 
 1.56300000e+00  6.94907178e+01 
 1.56400000e+00  6.95089326e+01 
 1.56500000e+00  6.95271185e+01 
 1.56600000e+00  6.95452749e+01 
 1.56700000e+00  6.95634034e+01 
 1.56800000e+00  6.95814846e+01 
 1.56900000e+00  6.95995422e+01 
 1.57000000e+00  6.96175573e+01 
 1.57100000e+00  6.96355284e+01 
 1.57200000e+00  6.96534866e+01 
 1.57300000e+00  6.96713884e+01 
 1.57400000e+00  6.96892636e+01 
 1.57500000e+00  6.97071142e+01 
 1.57600000e+00  6.97249149e+01 
 1.57700000e+00  6.97426737e+01 
 1.57800000e+00  6.97603852e+01 
 1.57900000e+00  6.97780918e+01 
 1.58000000e+00  6.97957532e+01 
 1.58100000e+00  6.98133603e+01 
 1.58200000e+00  6.98309431e+01 
 1.58300000e+00  6.98484859e+01 
 1.58400000e+00  6.98660015e+01 
 1.58500000e+00  6.98834681e+01 
 1.58600000e+00  6.99008951e+01 
 1.58700000e+00  6.99182813e+01 
 1.58800000e+00  6.99356262e+01 
 1.58900000e+00  6.99529463e+01 
 1.59000000e+00  6.99702226e+01 
 1.59100000e+00  6.99874384e+01 
 1.59200000e+00  7.00046226e+01 
 1.59300000e+00  7.00217902e+01 
 1.59400000e+00  7.00389137e+01 
 1.59500000e+00  7.00559625e+01 
 1.59600000e+00  7.00729923e+01 
 1.59700000e+00  7.00899934e+01 
 1.59800000e+00  7.01069241e+01 
 1.59900000e+00  7.01238422e+01 
 1.60000000e+00  7.01407053e+01 
 1.60100000e+00  7.01575144e+01 
 1.60200000e+00  7.01742890e+01 
 1.60300000e+00  7.01910274e+01 
 1.60400000e+00  7.02077295e+01 
 1.60500000e+00  7.02243700e+01 
 1.60600000e+00  7.02409764e+01 
 1.60700000e+00  7.02575193e+01 
 1.60800000e+00  7.02740330e+01 
 1.60900000e+00  7.02905101e+01 
 1.61000000e+00  7.03069191e+01 
 1.61100000e+00  7.03233092e+01 
 1.61200000e+00  7.03396486e+01 
 1.61300000e+00  7.03559404e+01 
 1.61400000e+00  7.03721648e+01 
 1.61500000e+00  7.03883647e+01 
 1.61600000e+00  7.04045122e+01 
 1.61700000e+00  7.04205866e+01 
 1.61800000e+00  7.04366502e+01 
 1.61900000e+00  7.04526665e+01 
 1.62000000e+00  7.04686053e+01 
 1.62100000e+00  7.04845141e+01 
 1.62200000e+00  7.05003707e+01 
 1.62300000e+00  7.05161684e+01 
 1.62400000e+00  7.05319403e+01 
 1.62500000e+00  7.05476553e+01 
 1.62600000e+00  7.05632970e+01 
 1.62700000e+00  7.05788799e+01 
 1.62800000e+00  7.05944556e+01 
 1.62900000e+00  7.06099598e+01 
 1.63000000e+00  7.06253989e+01 
 1.63100000e+00  7.06408022e+01 
 1.63200000e+00  7.06561407e+01 
 1.63300000e+00  7.06714342e+01 
 1.63400000e+00  7.06866804e+01 
 1.63500000e+00  7.07018564e+01 
 1.63600000e+00  7.07169753e+01 
 1.63700000e+00  7.07320443e+01 
 1.63800000e+00  7.07470589e+01 
 1.63900000e+00  7.07620348e+01 
 1.64000000e+00  7.07769522e+01 
 1.64100000e+00  7.07917927e+01 
 1.64200000e+00  7.08065905e+01 
 1.64300000e+00  7.08213214e+01 
 1.64400000e+00  7.08359883e+01 
 1.64500000e+00  7.08506053e+01 
 1.64600000e+00  7.08651650e+01 
 1.64700000e+00  7.08796947e+01 
 1.64800000e+00  7.08941389e+01 
 1.64900000e+00  7.09084999e+01 
 1.65000000e+00  7.09228318e+01 
 1.65100000e+00  7.09370963e+01 
 1.65200000e+00  7.09512835e+01 
 1.65300000e+00  7.09654157e+01 
 1.65400000e+00  7.09795032e+01 
 1.65500000e+00  7.09935229e+01 
 1.65600000e+00  7.10074604e+01 
 1.65700000e+00  7.10213484e+01 
 1.65800000e+00  7.10351598e+01 
 1.65900000e+00  7.10489162e+01 
 1.66000000e+00  7.10626350e+01 
 1.66100000e+00  7.10762505e+01 
 1.66200000e+00  7.10898040e+01 
 1.66300000e+00  7.11032949e+01 
 1.66400000e+00  7.11167236e+01 
 1.66500000e+00  7.11300947e+01 
 1.66600000e+00  7.11433736e+01 
 1.66700000e+00  7.11565976e+01 
 1.66800000e+00  7.11697585e+01 
 1.66900000e+00  7.11828408e+01 
 1.67000000e+00  7.11958490e+01 
 1.67100000e+00  7.12087927e+01 
 1.67200000e+00  7.12216484e+01 
 1.67300000e+00  7.12344578e+01 
 1.67400000e+00  7.12471998e+01 
 1.67500000e+00  7.12598418e+01 
 1.67600000e+00  7.12724104e+01 
 1.67700000e+00  7.12849083e+01 
 1.67800000e+00  7.12973418e+01 
 1.67900000e+00  7.13097184e+01 
 1.68000000e+00  7.13220004e+01 
 1.68100000e+00  7.13341952e+01 
 1.68200000e+00  7.13463201e+01 
 1.68300000e+00  7.13583565e+01 
 1.68400000e+00  7.13703304e+01 
 1.68500000e+00  7.13822452e+01 
 1.68600000e+00  7.13940440e+01 
 1.68700000e+00  7.14057638e+01 
 1.68800000e+00  7.14174295e+01 
 1.68900000e+00  7.14290016e+01 
 1.69000000e+00  7.14404776e+01 
 1.69100000e+00  7.14518813e+01 
 1.69200000e+00  7.14632108e+01 
 1.69300000e+00  7.14744573e+01 
 1.69400000e+00  7.14856087e+01 
 1.69500000e+00  7.14966711e+01 
 1.69600000e+00  7.15076707e+01 
 1.69700000e+00  7.15185725e+01 
 1.69800000e+00  7.15293729e+01 
 1.69900000e+00  7.15400847e+01 
 1.70000000e+00  7.15507176e+01 
 1.70100000e+00  7.15612629e+01 
 1.70200000e+00  7.15717280e+01 
 1.70300000e+00  7.15821070e+01 
 1.70400000e+00  7.15923871e+01 
 1.70500000e+00  7.16025477e+01 
 1.70600000e+00  7.16126360e+01 
 1.70700000e+00  7.16226443e+01 
 1.70800000e+00  7.16325545e+01 
 1.70900000e+00  7.16423456e+01 
 1.71000000e+00  7.16520505e+01 
 1.71100000e+00  7.16616875e+01 
 1.71200000e+00  7.16712184e+01 
 1.71300000e+00  7.16806398e+01 
 1.71400000e+00  7.16899654e+01 
 1.71500000e+00  7.16991906e+01 
 1.71600000e+00  7.17082908e+01 
 1.71700000e+00  7.17173278e+01 
 1.71800000e+00  7.17262682e+01 
 1.71900000e+00  7.17350757e+01 
 1.72000000e+00  7.17437965e+01 
 1.72100000e+00  7.17524257e+01 
 1.72200000e+00  7.17609206e+01 
 1.72300000e+00  7.17693220e+01 
 1.72400000e+00  7.17776546e+01 
 1.72500000e+00  7.17858385e+01 
 1.72600000e+00  7.17939194e+01 
 1.72700000e+00  7.18019113e+01 
 1.72800000e+00  7.18097596e+01 
 1.72900000e+00  7.18175182e+01 
 1.73000000e+00  7.18251722e+01 
 1.73100000e+00  7.18327188e+01 
 1.73200000e+00  7.18401361e+01 
 1.73300000e+00  7.18474453e+01 
 1.73400000e+00  7.18546461e+01 
 1.73500000e+00  7.18617310e+01 
 1.73600000e+00  7.18687081e+01 
 1.73700000e+00  7.18755550e+01 
 1.73800000e+00  7.18822904e+01 
 1.73900000e+00  7.18888884e+01 
 1.74000000e+00  7.18953941e+01 
 1.74100000e+00  7.19017665e+01 
 1.74200000e+00  7.19080025e+01 
 1.74300000e+00  7.19141619e+01 
 1.74400000e+00  7.19201754e+01 
 1.74500000e+00  7.19260429e+01 
 1.74600000e+00  7.19317995e+01 
 1.74700000e+00  7.19374324e+01 
 1.74800000e+00  7.19429585e+01 
 1.74900000e+00  7.19483465e+01 
 1.75000000e+00  7.19535817e+01 
 1.75100000e+00  7.19587041e+01 
 1.75200000e+00  7.19637071e+01 
 1.75300000e+00  7.19685760e+01 
 1.75400000e+00  7.19732995e+01 
 1.75500000e+00  7.19778928e+01 
 1.75600000e+00  7.19823684e+01 
 1.75700000e+00  7.19866889e+01 
 1.75800000e+00  7.19908893e+01 
 1.75900000e+00  7.19949428e+01 
 1.76000000e+00  7.19988470e+01 
 1.76100000e+00  7.20026515e+01 
 1.76200000e+00  7.20062837e+01 
 1.76300000e+00  7.20097748e+01 
 1.76400000e+00  7.20131383e+01 
 1.76500000e+00  7.20163524e+01 
 1.76600000e+00  7.20194211e+01 
 1.76700000e+00  7.20223408e+01 
 1.76800000e+00  7.20251234e+01 
 1.76900000e+00  7.20277676e+01 
 1.77000000e+00  7.20302499e+01 
 1.77100000e+00  7.20325594e+01 
 1.77200000e+00  7.20347535e+01 
 1.77300000e+00  7.20368014e+01 
 1.77400000e+00  7.20386795e+01 
 1.77500000e+00  7.20404108e+01 
 1.77600000e+00  7.20419871e+01 
 1.77700000e+00  7.20434123e+01 
 1.77800000e+00  7.20446706e+01 
 1.77900000e+00  7.20457679e+01 
 1.78000000e+00  7.20467177e+01 
 1.78100000e+00  7.20475052e+01 
 1.78200000e+00  7.20481334e+01 
 1.78300000e+00  7.20486029e+01 
 1.78400000e+00  7.20488942e+01 
 1.78500000e+00  7.20490285e+01 
 1.78600000e+00  7.20490094e+01 
 1.78700000e+00  7.20488303e+01 
 1.78800000e+00  7.20484406e+01 
 1.78900000e+00  7.20479004e+01 
 1.79000000e+00  7.20472445e+01 
 1.79100000e+00  7.20463627e+01 
 1.79200000e+00  7.20453092e+01 
 1.79300000e+00  7.20440928e+01 
 1.79400000e+00  7.20426907e+01 
 1.79500000e+00  7.20411257e+01 
 1.79600000e+00  7.20393844e+01 
 1.79700000e+00  7.20374733e+01 
 1.79800000e+00  7.20353789e+01 
 1.79900000e+00  7.20330905e+01 
 1.80000000e+00  7.20307073e+01 
