 2.00000000e-01  2.81462901e+00 
 2.01000000e-01  2.91753882e+00 
 2.02000000e-01  2.98488627e+00 
 2.03000000e-01  3.02505191e+00 
 2.04000000e-01  3.08000678e+00 
 2.05000000e-01  3.13576164e+00 
 2.06000000e-01  3.19231770e+00 
 2.07000000e-01  3.24967524e+00 
 2.08000000e-01  3.30783412e+00 
 2.09000000e-01  3.36679377e+00 
 2.10000000e-01  3.42655315e+00 
 2.11000000e-01  3.48711072e+00 
 2.12000000e-01  3.54846455e+00 
 2.13000000e-01  3.61061223e+00 
 2.14000000e-01  3.67355088e+00 
 2.15000000e-01  3.73727720e+00 
 2.16000000e-01  3.80178748e+00 
 2.17000000e-01  3.86707756e+00 
 2.18000000e-01  3.93314286e+00 
 2.19000000e-01  3.99997843e+00 
 2.20000000e-01  4.06757890e+00 
 2.21000000e-01  4.13593851e+00 
 2.22000000e-01  4.20505116e+00 
 2.23000000e-01  4.27491035e+00 
 2.24000000e-01  4.34550929e+00 
 2.25000000e-01  4.41684080e+00 
 2.26000000e-01  4.48889744e+00 
 2.27000000e-01  4.56167142e+00 
 2.28000000e-01  4.63515469e+00 
 2.29000000e-01  4.70933893e+00 
 2.30000000e-01  4.78421555e+00 
 2.31000000e-01  4.85977569e+00 
 2.32000000e-01  4.93601034e+00 
 2.33000000e-01  5.01291020e+00 
 2.34000000e-01  5.09046580e+00 
 2.35000000e-01  5.16866749e+00 
 2.36000000e-01  5.24750547e+00 
 2.37000000e-01  5.32696974e+00 
 2.38000000e-01  5.40705021e+00 
 2.39000000e-01  5.48773666e+00 
 2.40000000e-01  5.56901870e+00 
 2.41000000e-01  5.65088592e+00 
 2.42000000e-01  5.73332778e+00 
 2.43000000e-01  5.81633368e+00 
 2.44000000e-01  5.89989297e+00 
 2.45000000e-01  5.98399495e+00 
 2.46000000e-01  6.06862888e+00 
 2.47000000e-01  6.15378399e+00 
 2.48000000e-01  6.23944952e+00 
 2.49000000e-01  6.32561471e+00 
 2.50000000e-01  6.41226874e+00 
 2.51000000e-01  6.49940089e+00 
 2.52000000e-01  6.58700046e+00 
 2.53000000e-01  6.67505674e+00 
 2.54000000e-01  6.76355905e+00 
 2.55000000e-01  6.85249684e+00 
 2.56000000e-01  6.94185956e+00 
 2.57000000e-01  7.03163672e+00 
 2.58000000e-01  7.12181799e+00 
 2.59000000e-01  7.21239296e+00 
 2.60000000e-01  7.30335140e+00 
 2.61000000e-01  7.39468322e+00 
 2.62000000e-01  7.48637836e+00 
 2.63000000e-01  7.57842680e+00 
 2.64000000e-01  7.67081871e+00 
 2.65000000e-01  7.76354437e+00 
 2.66000000e-01  7.85659411e+00 
 2.67000000e-01  7.94995842e+00 
 2.68000000e-01  8.04362785e+00 
 2.69000000e-01  8.13759318e+00 
 2.70000000e-01  8.23184525e+00 
 2.71000000e-01  8.32637490e+00 
 2.72000000e-01  8.42117329e+00 
 2.73000000e-01  8.51623164e+00 
 2.74000000e-01  8.61154122e+00 
 2.75000000e-01  8.70709350e+00 
 2.76000000e-01  8.80288008e+00 
 2.77000000e-01  8.89889269e+00 
 2.78000000e-01  8.99512322e+00 
 2.79000000e-01  9.09156358e+00 
 2.80000000e-01  9.18820590e+00 
 2.81000000e-01  9.28504243e+00 
 2.82000000e-01  9.38206557e+00 
 2.83000000e-01  9.47926777e+00 
 2.84000000e-01  9.57664167e+00 
 2.85000000e-01  9.67418018e+00 
 2.86000000e-01  9.77187602e+00 
 2.87000000e-01  9.86972218e+00 
 2.88000000e-01  9.96771202e+00 
 2.89000000e-01  1.00658387e+01 
 2.90000000e-01  1.01640955e+01 
 2.91000000e-01  1.02624761e+01 
 2.92000000e-01  1.03609742e+01 
 2.93000000e-01  1.04595835e+01 
 2.94000000e-01  1.05582978e+01 
 2.95000000e-01  1.06571113e+01 
 2.96000000e-01  1.07560179e+01 
 2.97000000e-01  1.08550120e+01 
 2.98000000e-01  1.09540879e+01 
 2.99000000e-01  1.10532403e+01 
 3.00000000e-01  1.11524635e+01 
 3.01000000e-01  1.12517522e+01 
 3.02000000e-01  1.13511014e+01 
 3.03000000e-01  1.14505059e+01 
 3.04000000e-01  1.15499608e+01 
 3.05000000e-01  1.16494612e+01 
 3.06000000e-01  1.17490022e+01 
 3.07000000e-01  1.18485791e+01 
 3.08000000e-01  1.19481877e+01 
 3.09000000e-01  1.20478232e+01 
 3.10000000e-01  1.21474813e+01 
 3.11000000e-01  1.22471578e+01 
 3.12000000e-01  1.23468483e+01 
 3.13000000e-01  1.24465488e+01 
 3.14000000e-01  1.25462556e+01 
 3.15000000e-01  1.26459644e+01 
 3.16000000e-01  1.27456713e+01 
 3.17000000e-01  1.28453728e+01 
 3.18000000e-01  1.29450652e+01 
 3.19000000e-01  1.30447450e+01 
 3.20000000e-01  1.31444084e+01 
 3.21000000e-01  1.32440521e+01 
 3.22000000e-01  1.33436729e+01 
 3.23000000e-01  1.34432675e+01 
 3.24000000e-01  1.35428326e+01 
 3.25000000e-01  1.36423651e+01 
 3.26000000e-01  1.37418619e+01 
 3.27000000e-01  1.38413201e+01 
 3.28000000e-01  1.39407368e+01 
 3.29000000e-01  1.40401091e+01 
 3.30000000e-01  1.41394343e+01 
 3.31000000e-01  1.42387096e+01 
 3.32000000e-01  1.43379323e+01 
 3.33000000e-01  1.44371000e+01 
 3.34000000e-01  1.45362100e+01 
 3.35000000e-01  1.46352598e+01 
 3.36000000e-01  1.47342472e+01 
 3.37000000e-01  1.48331698e+01 
 3.38000000e-01  1.49320250e+01 
 3.39000000e-01  1.50308110e+01 
 3.40000000e-01  1.51295254e+01 
 3.41000000e-01  1.52281661e+01 
 3.42000000e-01  1.53267307e+01 
 3.43000000e-01  1.54252177e+01 
 3.44000000e-01  1.55236249e+01 
 3.45000000e-01  1.56219502e+01 
 3.46000000e-01  1.57201920e+01 
 3.47000000e-01  1.58183483e+01 
 3.48000000e-01  1.59164171e+01 
 3.49000000e-01  1.60143970e+01 
 3.50000000e-01  1.61122862e+01 
 3.51000000e-01  1.62100830e+01 
 3.52000000e-01  1.63077859e+01 
 3.53000000e-01  1.64053929e+01 
 3.54000000e-01  1.65029030e+01 
 3.55000000e-01  1.66003143e+01 
 3.56000000e-01  1.66976255e+01 
 3.57000000e-01  1.67948352e+01 
 3.58000000e-01  1.68919420e+01 
 3.59000000e-01  1.69889445e+01 
 3.60000000e-01  1.70858415e+01 
 3.61000000e-01  1.71826316e+01 
 3.62000000e-01  1.72793134e+01 
 3.63000000e-01  1.73758859e+01 
 3.64000000e-01  1.74723478e+01 
 3.65000000e-01  1.75686981e+01 
 3.66000000e-01  1.76649356e+01 
 3.67000000e-01  1.77610595e+01 
 3.68000000e-01  1.78570681e+01 
 3.69000000e-01  1.79529606e+01 
 3.70000000e-01  1.80487364e+01 
 3.71000000e-01  1.81443940e+01 
 3.72000000e-01  1.82399328e+01 
 3.73000000e-01  1.83353514e+01 
 3.74000000e-01  1.84306498e+01 
 3.75000000e-01  1.85258264e+01 
 3.76000000e-01  1.86208803e+01 
 3.77000000e-01  1.87158112e+01 
 3.78000000e-01  1.88106180e+01 
 3.79000000e-01  1.89052999e+01 
 3.80000000e-01  1.89998561e+01 
 3.81000000e-01  1.90942857e+01 
 3.82000000e-01  1.91885885e+01 
 3.83000000e-01  1.92827640e+01 
 3.84000000e-01  1.93768106e+01 
 3.85000000e-01  1.94707279e+01 
 3.86000000e-01  1.95645162e+01 
 3.87000000e-01  1.96581740e+01 
 3.88000000e-01  1.97517006e+01 
 3.89000000e-01  1.98450961e+01 
 3.90000000e-01  1.99383598e+01 
 3.91000000e-01  2.00314903e+01 
 3.92000000e-01  2.01244883e+01 
 3.93000000e-01  2.02173528e+01 
 3.94000000e-01  2.03100830e+01 
 3.95000000e-01  2.04026790e+01 
 3.96000000e-01  2.04951402e+01 
 3.97000000e-01  2.05874659e+01 
 3.98000000e-01  2.06796556e+01 
 3.99000000e-01  2.07717095e+01 
 4.00000000e-01  2.08636270e+01 
 4.01000000e-01  2.09554072e+01 
 4.02000000e-01  2.10470503e+01 
 4.03000000e-01  2.11385560e+01 
 4.04000000e-01  2.12299233e+01 
 4.05000000e-01  2.13211526e+01 
 4.06000000e-01  2.14122433e+01 
 4.07000000e-01  2.15031953e+01 
 4.08000000e-01  2.15940080e+01 
 4.09000000e-01  2.16846815e+01 
 4.10000000e-01  2.17752154e+01 
 4.11000000e-01  2.18656095e+01 
 4.12000000e-01  2.19558631e+01 
 4.13000000e-01  2.20459767e+01 
 4.14000000e-01  2.21359498e+01 
 4.15000000e-01  2.22257816e+01 
 4.16000000e-01  2.23154732e+01 
 4.17000000e-01  2.24050239e+01 
 4.18000000e-01  2.24944330e+01 
 4.19000000e-01  2.25837002e+01 
 4.20000000e-01  2.26728260e+01 
 4.21000000e-01  2.27618109e+01 
 4.22000000e-01  2.28506533e+01 
 4.23000000e-01  2.29393539e+01 
 4.24000000e-01  2.30279128e+01 
 4.25000000e-01  2.31163289e+01 
 4.26000000e-01  2.32046030e+01 
 4.27000000e-01  2.32927351e+01 
 4.28000000e-01  2.33807247e+01 
 4.29000000e-01  2.34685719e+01 
 4.30000000e-01  2.35562766e+01 
 4.31000000e-01  2.36438382e+01 
 4.32000000e-01  2.37312577e+01 
 4.33000000e-01  2.38185343e+01 
 4.34000000e-01  2.39056684e+01 
 4.35000000e-01  2.39926596e+01 
 4.36000000e-01  2.40795077e+01 
 4.37000000e-01  2.41662141e+01 
 4.38000000e-01  2.42527775e+01 
 4.39000000e-01  2.43391975e+01 
 4.40000000e-01  2.44254749e+01 
 4.41000000e-01  2.45116097e+01 
 4.42000000e-01  2.45976022e+01 
 4.43000000e-01  2.46834522e+01 
 4.44000000e-01  2.47691584e+01 
 4.45000000e-01  2.48547227e+01 
 4.46000000e-01  2.49401450e+01 
 4.47000000e-01  2.50254239e+01 
 4.48000000e-01  2.51105610e+01 
 4.49000000e-01  2.51955557e+01 
 4.50000000e-01  2.52804075e+01 
 4.51000000e-01  2.53651171e+01 
 4.52000000e-01  2.54496849e+01 
 4.53000000e-01  2.55341105e+01 
 4.54000000e-01  2.56183943e+01 
 4.55000000e-01  2.57025358e+01 
 4.56000000e-01  2.57865354e+01 
 4.57000000e-01  2.58703942e+01 
 4.58000000e-01  2.59541102e+01 
 4.59000000e-01  2.60376849e+01 
 4.60000000e-01  2.61211185e+01 
 4.61000000e-01  2.62044109e+01 
 4.62000000e-01  2.62875622e+01 
 4.63000000e-01  2.63705720e+01 
 4.64000000e-01  2.64534407e+01 
 4.65000000e-01  2.65361688e+01 
 4.66000000e-01  2.66187560e+01 
 4.67000000e-01  2.67012034e+01 
 4.68000000e-01  2.67835101e+01 
 4.69000000e-01  2.68656762e+01 
 4.70000000e-01  2.69477020e+01 
 4.71000000e-01  2.70295881e+01 
 4.72000000e-01  2.71113346e+01 
 4.73000000e-01  2.71929412e+01 
 4.74000000e-01  2.72744090e+01 
 4.75000000e-01  2.73557365e+01 
 4.76000000e-01  2.74369245e+01 
 4.77000000e-01  2.75179744e+01 
 4.78000000e-01  2.75988849e+01 
 4.79000000e-01  2.76796570e+01 
 4.80000000e-01  2.77602907e+01 
 4.81000000e-01  2.78407861e+01 
 4.82000000e-01  2.79211432e+01 
 4.83000000e-01  2.80013611e+01 
 4.84000000e-01  2.80814423e+01 
 4.85000000e-01  2.81613871e+01 
 4.86000000e-01  2.82411931e+01 
 4.87000000e-01  2.83208613e+01 
 4.88000000e-01  2.84003931e+01 
 4.89000000e-01  2.84797884e+01 
 4.90000000e-01  2.85590467e+01 
 4.91000000e-01  2.86381686e+01 
 4.92000000e-01  2.87171538e+01 
 4.93000000e-01  2.87960032e+01 
 4.94000000e-01  2.88747179e+01 
 4.95000000e-01  2.89532954e+01 
 4.96000000e-01  2.90317377e+01 
 4.97000000e-01  2.91100454e+01 
 4.98000000e-01  2.91882167e+01 
 4.99000000e-01  2.92662549e+01 
 5.00000000e-01  2.93441580e+01 
 5.01000000e-01  2.94219261e+01 
 5.02000000e-01  2.94995609e+01 
 5.03000000e-01  2.95770606e+01 
 5.04000000e-01  2.96544268e+01 
 5.05000000e-01  2.97316597e+01 
 5.06000000e-01  2.98087601e+01 
 5.07000000e-01  2.98857270e+01 
 5.08000000e-01  2.99625600e+01 
 5.09000000e-01  3.00392613e+01 
 5.10000000e-01  3.01158303e+01 
 5.11000000e-01  3.01922665e+01 
 5.12000000e-01  3.02685710e+01 
 5.13000000e-01  3.03447430e+01 
 5.14000000e-01  3.04207847e+01 
 5.15000000e-01  3.04966952e+01 
 5.16000000e-01  3.05724742e+01 
 5.17000000e-01  3.06481228e+01 
 5.18000000e-01  3.07236393e+01 
 5.19000000e-01  3.07990270e+01 
 5.20000000e-01  3.08742845e+01 
 5.21000000e-01  3.09494110e+01 
 5.22000000e-01  3.10244086e+01 
 5.23000000e-01  3.10992779e+01 
 5.24000000e-01  3.11740169e+01 
 5.25000000e-01  3.12486261e+01 
 5.26000000e-01  3.13231074e+01 
 5.27000000e-01  3.13974605e+01 
 5.28000000e-01  3.14716859e+01 
 5.29000000e-01  3.15457831e+01 
 5.30000000e-01  3.16197520e+01 
 5.31000000e-01  3.16935941e+01 
 5.32000000e-01  3.17673085e+01 
 5.33000000e-01  3.18408957e+01 
 5.34000000e-01  3.19143562e+01 
 5.35000000e-01  3.19876896e+01 
 5.36000000e-01  3.20608980e+01 
 5.37000000e-01  3.21339812e+01 
 5.38000000e-01  3.22069370e+01 
 5.39000000e-01  3.22797673e+01 
 5.40000000e-01  3.23524724e+01 
 5.41000000e-01  3.24250525e+01 
 5.42000000e-01  3.24975086e+01 
 5.43000000e-01  3.25698398e+01 
 5.44000000e-01  3.26420471e+01 
 5.45000000e-01  3.27141300e+01 
 5.46000000e-01  3.27860884e+01 
 5.47000000e-01  3.28579238e+01 
 5.48000000e-01  3.29296370e+01 
 5.49000000e-01  3.30012261e+01 
 5.50000000e-01  3.30726920e+01 
 5.51000000e-01  3.31440352e+01 
 5.52000000e-01  3.32152570e+01 
 5.53000000e-01  3.32863576e+01 
 5.54000000e-01  3.33573343e+01 
 5.55000000e-01  3.34281907e+01 
 5.56000000e-01  3.34989259e+01 
 5.57000000e-01  3.35695393e+01 
 5.58000000e-01  3.36400330e+01 
 5.59000000e-01  3.37104060e+01 
 5.60000000e-01  3.37806583e+01 
 5.61000000e-01  3.38507900e+01 
 5.62000000e-01  3.39208024e+01 
 5.63000000e-01  3.39906966e+01 
 5.64000000e-01  3.40604696e+01 
 5.65000000e-01  3.41301237e+01 
 5.66000000e-01  3.41996609e+01 
 5.67000000e-01  3.42690773e+01 
 5.68000000e-01  3.43383756e+01 
 5.69000000e-01  3.44075575e+01 
 5.70000000e-01  3.44766217e+01 
 5.71000000e-01  3.45455671e+01 
 5.72000000e-01  3.46143959e+01 
 5.73000000e-01  3.46831082e+01 
 5.74000000e-01  3.47517022e+01 
 5.75000000e-01  3.48201792e+01 
 5.76000000e-01  3.48885412e+01 
 5.77000000e-01  3.49567889e+01 
 5.78000000e-01  3.50249193e+01 
 5.79000000e-01  3.50929334e+01 
 5.80000000e-01  3.51608317e+01 
 5.81000000e-01  3.52286161e+01 
 5.82000000e-01  3.52962869e+01 
 5.83000000e-01  3.53638431e+01 
 5.84000000e-01  3.54312828e+01 
 5.85000000e-01  3.54986091e+01 
 5.86000000e-01  3.55658231e+01 
 5.87000000e-01  3.56329222e+01 
 5.88000000e-01  3.56999086e+01 
 5.89000000e-01  3.57667824e+01 
 5.90000000e-01  3.58335435e+01 
 5.91000000e-01  3.59001897e+01 
 5.92000000e-01  3.59667250e+01 
 5.93000000e-01  3.60331501e+01 
 5.94000000e-01  3.60994620e+01 
 5.95000000e-01  3.61656624e+01 
 5.96000000e-01  3.62317522e+01 
 5.97000000e-01  3.62977299e+01 
 5.98000000e-01  3.63635967e+01 
 5.99000000e-01  3.64293529e+01 
 6.00000000e-01  3.64949994e+01 
 6.01000000e-01  3.65605357e+01 
 6.02000000e-01  3.66259627e+01 
 6.03000000e-01  3.66912796e+01 
 6.04000000e-01  3.67564861e+01 
 6.05000000e-01  3.68215859e+01 
 6.06000000e-01  3.68865754e+01 
 6.07000000e-01  3.69514564e+01 
 6.08000000e-01  3.70162290e+01 
 6.09000000e-01  3.70808928e+01 
 6.10000000e-01  3.71454504e+01 
 6.11000000e-01  3.72099001e+01 
 6.12000000e-01  3.72742399e+01 
 6.13000000e-01  3.73384752e+01 
 6.14000000e-01  3.74026046e+01 
 6.15000000e-01  3.74666237e+01 
 6.16000000e-01  3.75305386e+01 
 6.17000000e-01  3.75943474e+01 
 6.18000000e-01  3.76580491e+01 
 6.19000000e-01  3.77216466e+01 
 6.20000000e-01  3.77851380e+01 
 6.21000000e-01  3.78485237e+01 
 6.22000000e-01  3.79118046e+01 
 6.23000000e-01  3.79749799e+01 
 6.24000000e-01  3.80380517e+01 
 6.25000000e-01  3.81010209e+01 
 6.26000000e-01  3.81638837e+01 
 6.27000000e-01  3.82266434e+01 
 6.28000000e-01  3.82893010e+01 
 6.29000000e-01  3.83518518e+01 
 6.30000000e-01  3.84143022e+01 
 6.31000000e-01  3.84766498e+01 
 6.32000000e-01  3.85388930e+01 
 6.33000000e-01  3.86010340e+01 
 6.34000000e-01  3.86630746e+01 
 6.35000000e-01  3.87250122e+01 
 6.36000000e-01  3.87868482e+01 
 6.37000000e-01  3.88485842e+01 
 6.38000000e-01  3.89102149e+01 
 6.39000000e-01  3.89717483e+01 
 6.40000000e-01  3.90331795e+01 
 6.41000000e-01  3.90945105e+01 
 6.42000000e-01  3.91557420e+01 
 6.43000000e-01  3.92168715e+01 
 6.44000000e-01  3.92779023e+01 
 6.45000000e-01  3.93388348e+01 
 6.46000000e-01  3.93996658e+01 
 6.47000000e-01  3.94603976e+01 
 6.48000000e-01  3.95210326e+01 
 6.49000000e-01  3.95815661e+01 
 6.50000000e-01  3.96420029e+01 
 6.51000000e-01  3.97023399e+01 
 6.52000000e-01  3.97625805e+01 
 6.53000000e-01  3.98227239e+01 
 6.54000000e-01  3.98827681e+01 
 6.55000000e-01  3.99427150e+01 
 6.56000000e-01  4.00025656e+01 
 6.57000000e-01  4.00623197e+01 
 6.58000000e-01  4.01219750e+01 
 6.59000000e-01  4.01815351e+01 
 6.60000000e-01  4.02409981e+01 
 6.61000000e-01  4.03003659e+01 
 6.62000000e-01  4.03596402e+01 
 6.63000000e-01  4.04188157e+01 
 6.64000000e-01  4.04778956e+01 
 6.65000000e-01  4.05368818e+01 
 6.66000000e-01  4.05957734e+01 
 6.67000000e-01  4.06545691e+01 
 6.68000000e-01  4.07132697e+01 
 6.69000000e-01  4.07718787e+01 
 6.70000000e-01  4.08303928e+01 
 6.71000000e-01  4.08888119e+01 
 6.72000000e-01  4.09471369e+01 
 6.73000000e-01  4.10053684e+01 
 6.74000000e-01  4.10635091e+01 
 6.75000000e-01  4.11215552e+01 
 6.76000000e-01  4.11795082e+01 
 6.77000000e-01  4.12373714e+01 
 6.78000000e-01  4.12951379e+01 
 6.79000000e-01  4.13528133e+01 
 6.80000000e-01  4.14103993e+01 
 6.81000000e-01  4.14678927e+01 
 6.82000000e-01  4.15252947e+01 
 6.83000000e-01  4.15826033e+01 
 6.84000000e-01  4.16398219e+01 
 6.85000000e-01  4.16969533e+01 
 6.86000000e-01  4.17539898e+01 
 6.87000000e-01  4.18109358e+01 
 6.88000000e-01  4.18677917e+01 
 6.89000000e-01  4.19245591e+01 
 6.90000000e-01  4.19812372e+01 
 6.91000000e-01  4.20378217e+01 
 6.92000000e-01  4.20943226e+01 
 6.93000000e-01  4.21507312e+01 
 6.94000000e-01  4.22070487e+01 
 6.95000000e-01  4.22632814e+01 
 6.96000000e-01  4.23194241e+01 
 6.97000000e-01  4.23754786e+01 
 6.98000000e-01  4.24314433e+01 
 6.99000000e-01  4.24873188e+01 
 7.00000000e-01  4.25431109e+01 
 7.01000000e-01  4.25988160e+01 
 7.02000000e-01  4.26544304e+01 
 7.03000000e-01  4.27099564e+01 
 7.04000000e-01  4.27653981e+01 
 7.05000000e-01  4.28207507e+01 
 7.06000000e-01  4.28760179e+01 
 7.07000000e-01  4.29312014e+01 
 7.08000000e-01  4.29862982e+01 
 7.09000000e-01  4.30413069e+01 
 7.10000000e-01  4.30962278e+01 
 7.11000000e-01  4.31510656e+01 
 7.12000000e-01  4.32058185e+01 
 7.13000000e-01  4.32604879e+01 
 7.14000000e-01  4.33150680e+01 
 7.15000000e-01  4.33695645e+01 
 7.16000000e-01  4.34239793e+01 
 7.17000000e-01  4.34783087e+01 
 7.18000000e-01  4.35325527e+01 
 7.19000000e-01  4.35867113e+01 
 7.20000000e-01  4.36407889e+01 
 7.21000000e-01  4.36947826e+01 
 7.22000000e-01  4.37486901e+01 
 7.23000000e-01  4.38025153e+01 
 7.24000000e-01  4.38562614e+01 
 7.25000000e-01  4.39099212e+01 
 7.26000000e-01  4.39634964e+01 
 7.27000000e-01  4.40169932e+01 
 7.28000000e-01  4.40704053e+01 
 7.29000000e-01  4.41237345e+01 
 7.30000000e-01  4.41769857e+01 
 7.31000000e-01  4.42301523e+01 
 7.32000000e-01  4.42832364e+01 
 7.33000000e-01  4.43362425e+01 
 7.34000000e-01  4.43891668e+01 
 7.35000000e-01  4.44420062e+01 
 7.36000000e-01  4.44947664e+01 
 7.37000000e-01  4.45474496e+01 
 7.38000000e-01  4.46000483e+01 
 7.39000000e-01  4.46525691e+01 
 7.40000000e-01  4.47050091e+01 
 7.41000000e-01  4.47573681e+01 
 7.42000000e-01  4.48096488e+01 
 7.43000000e-01  4.48618496e+01 
 7.44000000e-01  4.49139699e+01 
 7.45000000e-01  4.49660137e+01 
 7.46000000e-01  4.50179781e+01 
 7.47000000e-01  4.50698595e+01 
 7.48000000e-01  4.51216669e+01 
 7.49000000e-01  4.51733960e+01 
 7.50000000e-01  4.52250454e+01 
 7.51000000e-01  4.52766145e+01 
 7.52000000e-01  4.53281070e+01 
 7.53000000e-01  4.53795262e+01 
 7.54000000e-01  4.54308627e+01 
 7.55000000e-01  4.54821232e+01 
 7.56000000e-01  4.55333071e+01 
 7.57000000e-01  4.55844126e+01 
 7.58000000e-01  4.56354421e+01 
 7.59000000e-01  4.56863955e+01 
 7.60000000e-01  4.57372756e+01 
 7.61000000e-01  4.57880730e+01 
 7.62000000e-01  4.58387966e+01 
 7.63000000e-01  4.58894461e+01 
 7.64000000e-01  4.59400162e+01 
 7.65000000e-01  4.59905142e+01 
 7.66000000e-01  4.60409387e+01 
 7.67000000e-01  4.60912840e+01 
 7.68000000e-01  4.61415514e+01 
 7.69000000e-01  4.61917473e+01 
 7.70000000e-01  4.62418717e+01 
 7.71000000e-01  4.62919162e+01 
 7.72000000e-01  4.63418878e+01 
 7.73000000e-01  4.63917908e+01 
 7.74000000e-01  4.64416137e+01 
 7.75000000e-01  4.64913593e+01 
 7.76000000e-01  4.65410382e+01 
 7.77000000e-01  4.65906437e+01 
 7.78000000e-01  4.66401684e+01 
 7.79000000e-01  4.66896238e+01 
 7.80000000e-01  4.67390110e+01 
 7.81000000e-01  4.67883209e+01 
 7.82000000e-01  4.68375563e+01 
 7.83000000e-01  4.68867202e+01 
 7.84000000e-01  4.69358151e+01 
 7.85000000e-01  4.69848352e+01 
 7.86000000e-01  4.70337813e+01 
 7.87000000e-01  4.70826586e+01 
 7.88000000e-01  4.71314626e+01 
 7.89000000e-01  4.71801934e+01 
 7.90000000e-01  4.72288563e+01 
 7.91000000e-01  4.72774470e+01 
 7.92000000e-01  4.73259646e+01 
 7.93000000e-01  4.73744114e+01 
 7.94000000e-01  4.74227887e+01 
 7.95000000e-01  4.74710976e+01 
 7.96000000e-01  4.75193333e+01 
 7.97000000e-01  4.75674983e+01 
 7.98000000e-01  4.76155909e+01 
 7.99000000e-01  4.76636161e+01 
 8.00000000e-01  4.77115757e+01 
 8.01000000e-01  4.77594628e+01 
 8.02000000e-01  4.78072774e+01 
 8.03000000e-01  4.78550209e+01 
 8.04000000e-01  4.79026983e+01 
 8.05000000e-01  4.79503109e+01 
 8.06000000e-01  4.79978518e+01 
 8.07000000e-01  4.80453207e+01 
 8.08000000e-01  4.80927228e+01 
 8.09000000e-01  4.81400556e+01 
 8.10000000e-01  4.81873223e+01 
 8.11000000e-01  4.82345215e+01 
 8.12000000e-01  4.82816492e+01 
 8.13000000e-01  4.83287086e+01 
 8.14000000e-01  4.83757016e+01 
 8.15000000e-01  4.84226324e+01 
 8.16000000e-01  4.84694907e+01 
 8.17000000e-01  4.85162788e+01 
 8.18000000e-01  4.85630052e+01 
 8.19000000e-01  4.86096648e+01 
 8.20000000e-01  4.86562560e+01 
 8.21000000e-01  4.87027794e+01 
 8.22000000e-01  4.87492351e+01 
 8.23000000e-01  4.87956270e+01 
 8.24000000e-01  4.88419531e+01 
 8.25000000e-01  4.88882118e+01 
 8.26000000e-01  4.89344075e+01 
 8.27000000e-01  4.89805338e+01 
 8.28000000e-01  4.90265923e+01 
 8.29000000e-01  4.90725922e+01 
 8.30000000e-01  4.91185234e+01 
 8.31000000e-01  4.91643868e+01 
 8.32000000e-01  4.92101913e+01 
 8.33000000e-01  4.92559270e+01 
 8.34000000e-01  4.93015947e+01 
 8.35000000e-01  4.93472029e+01 
 8.36000000e-01  4.93927456e+01 
 8.37000000e-01  4.94382206e+01 
 8.38000000e-01  4.94836353e+01 
 8.39000000e-01  4.95289880e+01 
 8.40000000e-01  4.95742723e+01 
 8.41000000e-01  4.96194952e+01 
 8.42000000e-01  4.96646546e+01 
 8.43000000e-01  4.97097446e+01 
 8.44000000e-01  4.97547762e+01 
 8.45000000e-01  4.97997475e+01 
 8.46000000e-01  4.98446525e+01 
 8.47000000e-01  4.98894977e+01 
 8.48000000e-01  4.99342772e+01 
 8.49000000e-01  4.99789914e+01 
 8.50000000e-01  5.00236451e+01 
 8.51000000e-01  5.00682390e+01 
 8.52000000e-01  5.01127712e+01 
 8.53000000e-01  5.01572366e+01 
 8.54000000e-01  5.02016430e+01 
 8.55000000e-01  5.02459871e+01 
 8.56000000e-01  5.02902697e+01 
 8.57000000e-01  5.03344915e+01 
 8.58000000e-01  5.03786478e+01 
 8.59000000e-01  5.04227491e+01 
 8.60000000e-01  5.04667838e+01 
 8.61000000e-01  5.05107611e+01 
 8.62000000e-01  5.05546793e+01 
 8.63000000e-01  5.05985305e+01 
 8.64000000e-01  5.06423257e+01 
 8.65000000e-01  5.06860589e+01 
 8.66000000e-01  5.07297303e+01 
 8.67000000e-01  5.07733443e+01 
 8.68000000e-01  5.08169002e+01 
 8.69000000e-01  5.08603876e+01 
 8.70000000e-01  5.09038212e+01 
 8.71000000e-01  5.09471992e+01 
 8.72000000e-01  5.09905100e+01 
 8.73000000e-01  5.10337632e+01 
 8.74000000e-01  5.10769605e+01 
 8.75000000e-01  5.11200998e+01 
 8.76000000e-01  5.11631756e+01 
 8.77000000e-01  5.12061893e+01 
 8.78000000e-01  5.12491495e+01 
 8.79000000e-01  5.12920521e+01 
 8.80000000e-01  5.13348939e+01 
 8.81000000e-01  5.13776775e+01 
 8.82000000e-01  5.14204018e+01 
 8.83000000e-01  5.14630707e+01 
 8.84000000e-01  5.15056783e+01 
 8.85000000e-01  5.15482303e+01 
 8.86000000e-01  5.15907226e+01 
 8.87000000e-01  5.16331564e+01 
 8.88000000e-01  5.16755405e+01 
 8.89000000e-01  5.17178606e+01 
 8.90000000e-01  5.17601206e+01 
 8.91000000e-01  5.18023304e+01 
 8.92000000e-01  5.18444802e+01 
 8.93000000e-01  5.18865705e+01 
 8.94000000e-01  5.19286095e+01 
 8.95000000e-01  5.19705873e+01 
 8.96000000e-01  5.20125092e+01 
 8.97000000e-01  5.20543757e+01 
 8.98000000e-01  5.20961883e+01 
 8.99000000e-01  5.21379409e+01 
 9.00000000e-01  5.21796399e+01 
 9.01000000e-01  5.22212801e+01 
 9.02000000e-01  5.22628631e+01 
 9.03000000e-01  5.23043968e+01 
 9.04000000e-01  5.23458714e+01 
 9.05000000e-01  5.23872909e+01 
 9.06000000e-01  5.24286559e+01 
 9.07000000e-01  5.24699640e+01 
 9.08000000e-01  5.25112161e+01 
 9.09000000e-01  5.25524169e+01 
 9.10000000e-01  5.25935640e+01 
 9.11000000e-01  5.26346496e+01 
 9.12000000e-01  5.26756849e+01 
 9.13000000e-01  5.27166657e+01 
 9.14000000e-01  5.27575881e+01 
 9.15000000e-01  5.27984633e+01 
 9.16000000e-01  5.28392778e+01 
 9.17000000e-01  5.28800399e+01 
 9.18000000e-01  5.29207545e+01 
 9.19000000e-01  5.29614103e+01 
 9.20000000e-01  5.30020065e+01 
 9.21000000e-01  5.30425573e+01 
 9.22000000e-01  5.30830528e+01 
 9.23000000e-01  5.31234911e+01 
 9.24000000e-01  5.31638817e+01 
 9.25000000e-01  5.32042191e+01 
 9.26000000e-01  5.32444978e+01 
 9.27000000e-01  5.32847250e+01 
 9.28000000e-01  5.33249054e+01 
 9.29000000e-01  5.33650314e+01 
 9.30000000e-01  5.34050987e+01 
 9.31000000e-01  5.34451142e+01 
 9.32000000e-01  5.34850871e+01 
 9.33000000e-01  5.35250007e+01 
 9.34000000e-01  5.35648584e+01 
 9.35000000e-01  5.36046704e+01 
 9.36000000e-01  5.36444297e+01 
 9.37000000e-01  5.36841313e+01 
 9.38000000e-01  5.37237881e+01 
 9.39000000e-01  5.37633938e+01 
 9.40000000e-01  5.38029444e+01 
 9.41000000e-01  5.38424415e+01 
 9.42000000e-01  5.38818882e+01 
 9.43000000e-01  5.39212924e+01 
 9.44000000e-01  5.39606413e+01 
 9.45000000e-01  5.39999349e+01 
 9.46000000e-01  5.40391764e+01 
 9.47000000e-01  5.40783732e+01 
 9.48000000e-01  5.41175135e+01 
 9.49000000e-01  5.41566072e+01 
 9.50000000e-01  5.41956543e+01 
 9.51000000e-01  5.42346451e+01 
 9.52000000e-01  5.42735846e+01 
 9.53000000e-01  5.43124781e+01 
 9.54000000e-01  5.43513223e+01 
 9.55000000e-01  5.43901130e+01 
 9.56000000e-01  5.44288571e+01 
 9.57000000e-01  5.44675481e+01 
 9.58000000e-01  5.45061968e+01 
 9.59000000e-01  5.45447914e+01 
 9.60000000e-01  5.45833306e+01 
 9.61000000e-01  5.46218240e+01 
 9.62000000e-01  5.46602694e+01 
 9.63000000e-01  5.46986724e+01 
 9.64000000e-01  5.47370209e+01 
 9.65000000e-01  5.47753194e+01 
 9.66000000e-01  5.48135723e+01 
 9.67000000e-01  5.48517700e+01 
 9.68000000e-01  5.48899236e+01 
 9.69000000e-01  5.49280276e+01 
 9.70000000e-01  5.49660879e+01 
 9.71000000e-01  5.50040960e+01 
 9.72000000e-01  5.50420519e+01 
 9.73000000e-01  5.50799707e+01 
 9.74000000e-01  5.51178336e+01 
 9.75000000e-01  5.51556487e+01 
 9.76000000e-01  5.51934167e+01 
 9.77000000e-01  5.52311381e+01 
 9.78000000e-01  5.52688151e+01 
 9.79000000e-01  5.53064390e+01 
 9.80000000e-01  5.53440209e+01 
 9.81000000e-01  5.53815545e+01 
 9.82000000e-01  5.54190336e+01 
 9.83000000e-01  5.54564710e+01 
 9.84000000e-01  5.54938662e+01 
 9.85000000e-01  5.55312074e+01 
 9.86000000e-01  5.55685006e+01 
 9.87000000e-01  5.56057562e+01 
 9.88000000e-01  5.56429562e+01 
 9.89000000e-01  5.56801130e+01 
 9.90000000e-01  5.57172305e+01 
 9.91000000e-01  5.57542892e+01 
 9.92000000e-01  5.57913043e+01 
 9.93000000e-01  5.58282765e+01 
 9.94000000e-01  5.58652120e+01 
 9.95000000e-01  5.59020908e+01 
 9.96000000e-01  5.59389211e+01 
 9.97000000e-01  5.59757208e+01 
 9.98000000e-01  5.60124585e+01 
 9.99000000e-01  5.60491459e+01 
 1.00000000e+00  5.60858023e+01 
 1.00100000e+00  5.61224143e+01 
 1.00200000e+00  5.61589794e+01 
 1.00300000e+00  5.61954932e+01 
 1.00400000e+00  5.62319572e+01 
 1.00500000e+00  5.62683927e+01 
 1.00600000e+00  5.63047751e+01 
 1.00700000e+00  5.63411038e+01 
 1.00800000e+00  5.63774025e+01 
 1.00900000e+00  5.64136541e+01 
 1.01000000e+00  5.64498526e+01 
 1.01100000e+00  5.64860066e+01 
 1.01200000e+00  5.65221213e+01 
 1.01300000e+00  5.65581931e+01 
 1.01400000e+00  5.65942201e+01 
 1.01500000e+00  5.66302101e+01 
 1.01600000e+00  5.66661516e+01 
 1.01700000e+00  5.67020337e+01 
 1.01800000e+00  5.67378813e+01 
 1.01900000e+00  5.67736930e+01 
 1.02000000e+00  5.68094530e+01 
 1.02100000e+00  5.68451777e+01 
 1.02200000e+00  5.68808576e+01 
 1.02300000e+00  5.69164831e+01 
 1.02400000e+00  5.69520726e+01 
 1.02500000e+00  5.69876211e+01 
 1.02600000e+00  5.70231209e+01 
 1.02700000e+00  5.70585860e+01 
 1.02800000e+00  5.70940004e+01 
 1.02900000e+00  5.71293753e+01 
 1.03000000e+00  5.71647100e+01 
 1.03100000e+00  5.71999918e+01 
 1.03200000e+00  5.72352386e+01 
 1.03300000e+00  5.72704498e+01 
 1.03400000e+00  5.73056140e+01 
 1.03500000e+00  5.73407288e+01 
 1.03600000e+00  5.73758038e+01 
 1.03700000e+00  5.74108364e+01 
 1.03800000e+00  5.74458266e+01 
 1.03900000e+00  5.74807825e+01 
 1.04000000e+00  5.75156997e+01 
 1.04100000e+00  5.75505600e+01 
 1.04200000e+00  5.75853800e+01 
 1.04300000e+00  5.76201674e+01 
 1.04400000e+00  5.76549182e+01 
 1.04500000e+00  5.76896161e+01 
 1.04600000e+00  5.77242682e+01 
 1.04700000e+00  5.77588861e+01 
 1.04800000e+00  5.77934647e+01 
 1.04900000e+00  5.78280037e+01 
 1.05000000e+00  5.78624999e+01 
 1.05100000e+00  5.78969474e+01 
 1.05200000e+00  5.79313569e+01 
 1.05300000e+00  5.79657351e+01 
 1.05400000e+00  5.80000643e+01 
 1.05500000e+00  5.80343611e+01 
 1.05600000e+00  5.80686114e+01 
 1.05700000e+00  5.81028181e+01 
 1.05800000e+00  5.81369803e+01 
 1.05900000e+00  5.81711114e+01 
 1.06000000e+00  5.82052006e+01 
 1.06100000e+00  5.82392542e+01 
 1.06200000e+00  5.82732686e+01 
 1.06300000e+00  5.83072241e+01 
 1.06400000e+00  5.83411515e+01 
 1.06500000e+00  5.83750398e+01 
 1.06600000e+00  5.84088945e+01 
 1.06700000e+00  5.84427016e+01 
 1.06800000e+00  5.84764670e+01 
 1.06900000e+00  5.85101978e+01 
 1.07000000e+00  5.85438935e+01 
 1.07100000e+00  5.85775477e+01 
 1.07200000e+00  5.86111536e+01 
 1.07300000e+00  5.86447268e+01 
 1.07400000e+00  5.86782572e+01 
 1.07500000e+00  5.87117502e+01 
 1.07600000e+00  5.87452101e+01 
 1.07700000e+00  5.87786226e+01 
 1.07800000e+00  5.88119944e+01 
 1.07900000e+00  5.88453427e+01 
 1.08000000e+00  5.88786437e+01 
 1.08100000e+00  5.89119004e+01 
 1.08200000e+00  5.89451220e+01 
 1.08300000e+00  5.89783055e+01 
 1.08400000e+00  5.90114505e+01 
 1.08500000e+00  5.90445581e+01 
 1.08600000e+00  5.90776383e+01 
 1.08700000e+00  5.91106718e+01 
 1.08800000e+00  5.91436547e+01 
 1.08900000e+00  5.91766044e+01 
 1.09000000e+00  5.92095258e+01 
 1.09100000e+00  5.92424045e+01 
 1.09200000e+00  5.92752474e+01 
 1.09300000e+00  5.93080572e+01 
 1.09400000e+00  5.93408197e+01 
 1.09500000e+00  5.93735410e+01 
 1.09600000e+00  5.94062326e+01 
 1.09700000e+00  5.94388904e+01 
 1.09800000e+00  5.94715069e+01 
 1.09900000e+00  5.95040879e+01 
 1.10000000e+00  5.95366290e+01 
 1.10100000e+00  5.95691241e+01 
 1.10200000e+00  5.96016030e+01 
 1.10300000e+00  5.96340357e+01 
 1.10400000e+00  5.96664143e+01 
 1.10500000e+00  5.96987794e+01 
 1.10600000e+00  5.97310961e+01 
 1.10700000e+00  5.97633776e+01 
 1.10800000e+00  5.97956383e+01 
 1.10900000e+00  5.98278418e+01 
 1.11000000e+00  5.98600044e+01 
 1.11100000e+00  5.98921501e+01 
 1.11200000e+00  5.99242601e+01 
 1.11300000e+00  5.99563131e+01 
 1.11400000e+00  5.99883328e+01 
 1.11500000e+00  6.00203336e+01 
 1.11600000e+00  6.00522926e+01 
 1.11700000e+00  6.00842155e+01 
 1.11800000e+00  6.01160906e+01 
 1.11900000e+00  6.01479301e+01 
 1.12000000e+00  6.01797567e+01 
 1.12100000e+00  6.02115347e+01 
 1.12200000e+00  6.02432703e+01 
 1.12300000e+00  6.02749790e+01 
 1.12400000e+00  6.03066492e+01 
 1.12500000e+00  6.03382770e+01 
 1.12600000e+00  6.03698783e+01 
 1.12700000e+00  6.04014451e+01 
 1.12800000e+00  6.04329660e+01 
 1.12900000e+00  6.04644630e+01 
 1.13000000e+00  6.04959216e+01 
 1.13100000e+00  6.05273442e+01 
 1.13200000e+00  6.05587328e+01 
 1.13300000e+00  6.05900835e+01 
 1.13400000e+00  6.06214031e+01 
 1.13500000e+00  6.06526848e+01 
 1.13600000e+00  6.06839382e+01 
 1.13700000e+00  6.07151504e+01 
 1.13800000e+00  6.07463255e+01 
 1.13900000e+00  6.07774676e+01 
 1.14000000e+00  6.08085781e+01 
 1.14100000e+00  6.08396595e+01 
 1.14200000e+00  6.08707028e+01 
 1.14300000e+00  6.09017073e+01 
 1.14400000e+00  6.09326763e+01 
 1.14500000e+00  6.09636194e+01 
 1.14600000e+00  6.09945224e+01 
 1.14700000e+00  6.10253903e+01 
 1.14800000e+00  6.10562356e+01 
 1.14900000e+00  6.10870362e+01 
 1.15000000e+00  6.11178038e+01 
 1.15100000e+00  6.11485369e+01 
 1.15200000e+00  6.11792426e+01 
 1.15300000e+00  6.12099145e+01 
 1.15400000e+00  6.12405356e+01 
 1.15500000e+00  6.12711393e+01 
 1.15600000e+00  6.13017072e+01 
 1.15700000e+00  6.13322412e+01 
 1.15800000e+00  6.13627473e+01 
 1.15900000e+00  6.13932191e+01 
 1.16000000e+00  6.14236457e+01 
 1.16100000e+00  6.14540432e+01 
 1.16200000e+00  6.14844175e+01 
 1.16300000e+00  6.15147526e+01 
 1.16400000e+00  6.15450544e+01 
 1.16500000e+00  6.15753179e+01 
 1.16600000e+00  6.16055589e+01 
 1.16700000e+00  6.16357654e+01 
 1.16800000e+00  6.16659271e+01 
 1.16900000e+00  6.16960599e+01 
 1.17000000e+00  6.17261772e+01 
 1.17100000e+00  6.17562553e+01 
 1.17200000e+00  6.17862908e+01 
 1.17300000e+00  6.18162946e+01 
 1.17400000e+00  6.18462689e+01 
 1.17500000e+00  6.18762140e+01 
 1.17600000e+00  6.19061319e+01 
 1.17700000e+00  6.19360155e+01 
 1.17800000e+00  6.19658546e+01 
 1.17900000e+00  6.19956656e+01 
 1.18000000e+00  6.20254459e+01 
 1.18100000e+00  6.20552032e+01 
 1.18200000e+00  6.20849232e+01 
 1.18300000e+00  6.21146021e+01 
 1.18400000e+00  6.21442684e+01 
 1.18500000e+00  6.21738937e+01 
 1.18600000e+00  6.22034791e+01 
 1.18700000e+00  6.22330380e+01 
 1.18800000e+00  6.22625643e+01 
 1.18900000e+00  6.22920757e+01 
 1.19000000e+00  6.23215401e+01 
 1.19100000e+00  6.23509688e+01 
 1.19200000e+00  6.23803686e+01 
 1.19300000e+00  6.24097395e+01 
 1.19400000e+00  6.24390906e+01 
 1.19500000e+00  6.24683992e+01 
 1.19600000e+00  6.24976688e+01 
 1.19700000e+00  6.25269213e+01 
 1.19800000e+00  6.25561355e+01 
 1.19900000e+00  6.25853225e+01 
 1.20000000e+00  6.26144803e+01 
 1.20100000e+00  6.26435978e+01 
 1.20200000e+00  6.26727005e+01 
 1.20300000e+00  6.27017619e+01 
 1.20400000e+00  6.27307907e+01 
 1.20500000e+00  6.27597922e+01 
 1.20600000e+00  6.27887600e+01 
 1.20700000e+00  6.28177012e+01 
 1.20800000e+00  6.28466112e+01 
 1.20900000e+00  6.28754965e+01 
 1.21000000e+00  6.29043414e+01 
 1.21100000e+00  6.29331538e+01 
 1.21200000e+00  6.29619543e+01 
 1.21300000e+00  6.29907121e+01 
 1.21400000e+00  6.30194366e+01 
 1.21500000e+00  6.30481250e+01 
 1.21600000e+00  6.30768060e+01 
 1.21700000e+00  6.31054475e+01 
 1.21800000e+00  6.31340416e+01 
 1.21900000e+00  6.31626267e+01 
 1.22000000e+00  6.31911778e+01 
 1.22100000e+00  6.32197038e+01 
 1.22200000e+00  6.32481905e+01 
 1.22300000e+00  6.32766374e+01 
 1.22400000e+00  6.33050730e+01 
 1.22500000e+00  6.33334849e+01 
 1.22600000e+00  6.33618502e+01 
 1.22700000e+00  6.33901861e+01 
 1.22800000e+00  6.34185075e+01 
 1.22900000e+00  6.34467884e+01 
 1.23000000e+00  6.34750331e+01 
 1.23100000e+00  6.35032641e+01 
 1.23200000e+00  6.35314595e+01 
 1.23300000e+00  6.35596208e+01 
 1.23400000e+00  6.35877708e+01 
 1.23500000e+00  6.36158780e+01 
 1.23600000e+00  6.36439429e+01 
 1.23700000e+00  6.36719985e+01 
 1.23800000e+00  6.37000239e+01 
 1.23900000e+00  6.37280125e+01 
 1.24000000e+00  6.37559750e+01 
 1.24100000e+00  6.37839153e+01 
 1.24200000e+00  6.38118143e+01 
 1.24300000e+00  6.38396887e+01 
 1.24400000e+00  6.38675452e+01 
 1.24500000e+00  6.38953620e+01 
 1.24600000e+00  6.39231468e+01 
 1.24700000e+00  6.39509144e+01 
 1.24800000e+00  6.39786573e+01 
 1.24900000e+00  6.40063641e+01 
 1.25000000e+00  6.40340423e+01 
 1.25100000e+00  6.40616871e+01 
 1.25200000e+00  6.40892969e+01 
 1.25300000e+00  6.41168927e+01 
 1.25400000e+00  6.41444697e+01 
 1.25500000e+00  6.41720063e+01 
 1.25600000e+00  6.41995098e+01 
 1.25700000e+00  6.42269923e+01 
 1.25800000e+00  6.42544477e+01 
 1.25900000e+00  6.42818660e+01 
 1.26000000e+00  6.43092640e+01 
 1.26100000e+00  6.43366486e+01 
 1.26200000e+00  6.43639812e+01 
 1.26300000e+00  6.43912815e+01 
 1.26400000e+00  6.44185685e+01 
 1.26500000e+00  6.44458376e+01 
 1.26600000e+00  6.44730750e+01 
 1.26700000e+00  6.45002678e+01 
 1.26800000e+00  6.45274476e+01 
 1.26900000e+00  6.45546029e+01 
 1.27000000e+00  6.45817180e+01 
 1.27100000e+00  6.46087919e+01 
 1.27200000e+00  6.46358675e+01 
 1.27300000e+00  6.46629240e+01 
 1.27400000e+00  6.46899118e+01 
 1.27500000e+00  6.47168979e+01 
 1.27600000e+00  6.47438694e+01 
 1.27700000e+00  6.47707956e+01 
 1.27800000e+00  6.47976845e+01 
 1.27900000e+00  6.48245633e+01 
 1.28000000e+00  6.48514252e+01 
 1.28100000e+00  6.48782366e+01 
 1.28200000e+00  6.49050233e+01 
 1.28300000e+00  6.49317942e+01 
 1.28400000e+00  6.49585498e+01 
 1.28500000e+00  6.49852598e+01 
 1.28600000e+00  6.50119384e+01 
 1.28700000e+00  6.50385927e+01 
 1.28800000e+00  6.50652242e+01 
 1.28900000e+00  6.50918312e+01 
 1.29000000e+00  6.51184061e+01 
 1.29100000e+00  6.51449678e+01 
 1.29200000e+00  6.51715025e+01 
 1.29300000e+00  6.51980038e+01 
 1.29400000e+00  6.52244637e+01 
 1.29500000e+00  6.52509131e+01 
 1.29600000e+00  6.52773390e+01 
 1.29700000e+00  6.53037363e+01 
 1.29800000e+00  6.53300958e+01 
 1.29900000e+00  6.53564280e+01 
 1.30000000e+00  6.53827460e+01 
 1.30100000e+00  6.54090429e+01 
 1.30200000e+00  6.54353064e+01 
 1.30300000e+00  6.54615335e+01 
 1.30400000e+00  6.54877480e+01 
 1.30500000e+00  6.55139362e+01 
 1.30600000e+00  6.55400809e+01 
 1.30700000e+00  6.55662142e+01 
 1.30800000e+00  6.55923243e+01 
 1.30900000e+00  6.56183921e+01 
 1.31000000e+00  6.56444517e+01 
 1.31100000e+00  6.56704796e+01 
 1.31200000e+00  6.56964893e+01 
 1.31300000e+00  6.57224676e+01 
 1.31400000e+00  6.57484060e+01 
 1.31500000e+00  6.57743202e+01 
 1.31600000e+00  6.58002257e+01 
 1.31700000e+00  6.58261014e+01 
 1.31800000e+00  6.58519442e+01 
 1.31900000e+00  6.58777653e+01 
 1.32000000e+00  6.59035584e+01 
 1.32100000e+00  6.59293331e+01 
 1.32200000e+00  6.59550701e+01 
 1.32300000e+00  6.59807876e+01 
 1.32400000e+00  6.60064825e+01 
 1.32500000e+00  6.60321509e+01 
 1.32600000e+00  6.60577937e+01 
 1.32700000e+00  6.60833918e+01 
 1.32800000e+00  6.61089844e+01 
 1.32900000e+00  6.61345626e+01 
 1.33000000e+00  6.61600963e+01 
 1.33100000e+00  6.61856164e+01 
 1.33200000e+00  6.62110999e+01 
 1.33300000e+00  6.62365491e+01 
 1.33400000e+00  6.62619920e+01 
 1.33500000e+00  6.62874125e+01 
 1.33600000e+00  6.63127919e+01 
 1.33700000e+00  6.63381418e+01 
 1.33800000e+00  6.63634921e+01 
 1.33900000e+00  6.63888001e+01 
 1.34000000e+00  6.64140777e+01 
 1.34100000e+00  6.64393455e+01 
 1.34200000e+00  6.64645839e+01 
 1.34300000e+00  6.64897881e+01 
 1.34400000e+00  6.65149712e+01 
 1.34500000e+00  6.65401377e+01 
 1.34600000e+00  6.65652754e+01 
 1.34700000e+00  6.65903726e+01 
 1.34800000e+00  6.66154508e+01 
 1.34900000e+00  6.66405167e+01 
 1.35000000e+00  6.66655479e+01 
 1.35100000e+00  6.66905600e+01 
 1.35200000e+00  6.67155524e+01 
 1.35300000e+00  6.67405027e+01 
 1.35400000e+00  6.67654236e+01 
 1.35500000e+00  6.67903464e+01 
 1.35600000e+00  6.68152350e+01 
 1.35700000e+00  6.68400756e+01 
 1.35800000e+00  6.68649184e+01 
 1.35900000e+00  6.68897283e+01 
 1.36000000e+00  6.69145063e+01 
 1.36100000e+00  6.69392685e+01 
 1.36200000e+00  6.69640072e+01 
 1.36300000e+00  6.69887203e+01 
 1.36400000e+00  6.70133986e+01 
 1.36500000e+00  6.70380522e+01 
 1.36600000e+00  6.70626825e+01 
 1.36700000e+00  6.70873068e+01 
 1.36800000e+00  6.71118801e+01 
 1.36900000e+00  6.71364371e+01 
 1.37000000e+00  6.71609931e+01 
 1.37100000e+00  6.71854901e+01 
 1.37200000e+00  6.72099726e+01 
 1.37300000e+00  6.72344349e+01 
 1.37400000e+00  6.72588595e+01 
 1.37500000e+00  6.72832674e+01 
 1.37600000e+00  6.73076559e+01 
 1.37700000e+00  6.73320338e+01 
 1.37800000e+00  6.73563700e+01 
 1.37900000e+00  6.73806665e+01 
 1.38000000e+00  6.74049557e+01 
 1.38100000e+00  6.74292206e+01 
 1.38200000e+00  6.74534538e+01 
 1.38300000e+00  6.74776708e+01 
 1.38400000e+00  6.75018493e+01 
 1.38500000e+00  6.75260212e+01 
 1.38600000e+00  6.75501524e+01 
 1.38700000e+00  6.75742660e+01 
 1.38800000e+00  6.75983589e+01 
 1.38900000e+00  6.76224072e+01 
 1.39000000e+00  6.76464549e+01 
 1.39100000e+00  6.76704666e+01 
 1.39200000e+00  6.76944526e+01 
 1.39300000e+00  6.77184124e+01 
 1.39400000e+00  6.77423562e+01 
 1.39500000e+00  6.77662737e+01 
 1.39600000e+00  6.77901652e+01 
 1.39700000e+00  6.78140203e+01 
 1.39800000e+00  6.78378481e+01 
 1.39900000e+00  6.78616677e+01 
 1.40000000e+00  6.78854573e+01 
 1.40100000e+00  6.79092232e+01 
 1.40200000e+00  6.79329722e+01 
 1.40300000e+00  6.79566811e+01 
 1.40400000e+00  6.79803682e+01 
 1.40500000e+00  6.80040414e+01 
 1.40600000e+00  6.80276663e+01 
 1.40700000e+00  6.80512740e+01 
 1.40800000e+00  6.80748617e+01 
 1.40900000e+00  6.80984251e+01 
 1.41000000e+00  6.81219801e+01 
 1.41100000e+00  6.81454938e+01 
 1.41200000e+00  6.81689694e+01 
 1.41300000e+00  6.81924273e+01 
 1.41400000e+00  6.82158727e+01 
 1.41500000e+00  6.82392915e+01 
 1.41600000e+00  6.82626696e+01 
 1.41700000e+00  6.82860187e+01 
 1.41800000e+00  6.83093588e+01 
 1.41900000e+00  6.83326809e+01 
 1.42000000e+00  6.83559669e+01 
 1.42100000e+00  6.83792189e+01 
 1.42200000e+00  6.84024648e+01 
 1.42300000e+00  6.84256722e+01 
 1.42400000e+00  6.84488464e+01 
 1.42500000e+00  6.84720070e+01 
 1.42600000e+00  6.84951454e+01 
 1.42700000e+00  6.85182572e+01 
 1.42800000e+00  6.85413211e+01 
 1.42900000e+00  6.85643717e+01 
 1.43000000e+00  6.85874057e+01 
 1.43100000e+00  6.86104220e+01 
 1.43200000e+00  6.86333986e+01 
 1.43300000e+00  6.86563418e+01 
 1.43400000e+00  6.86792693e+01 
 1.43500000e+00  6.87021606e+01 
 1.43600000e+00  6.87250387e+01 
 1.43700000e+00  6.87479110e+01 
 1.43800000e+00  6.87707244e+01 
 1.43900000e+00  6.87935083e+01 
 1.44000000e+00  6.88162782e+01 
 1.44100000e+00  6.88390212e+01 
 1.44200000e+00  6.88617474e+01 
 1.44300000e+00  6.88844363e+01 
 1.44400000e+00  6.89070959e+01 
 1.44500000e+00  6.89297444e+01 
 1.44600000e+00  6.89523619e+01 
 1.44700000e+00  6.89749321e+01 
 1.44800000e+00  6.89974916e+01 
 1.44900000e+00  6.90200258e+01 
 1.45000000e+00  6.90425157e+01 
 1.45100000e+00  6.90650131e+01 
 1.45200000e+00  6.90874699e+01 
 1.45300000e+00  6.91098832e+01 
 1.45400000e+00  6.91322844e+01 
 1.45500000e+00  6.91546447e+01 
 1.45600000e+00  6.91769938e+01 
 1.45700000e+00  6.91993161e+01 
 1.45800000e+00  6.92215950e+01 
 1.45900000e+00  6.92438589e+01 
 1.46000000e+00  6.92660999e+01 
 1.46100000e+00  6.92883171e+01 
 1.46200000e+00  6.93104868e+01 
 1.46300000e+00  6.93326302e+01 
 1.46400000e+00  6.93547589e+01 
 1.46500000e+00  6.93768464e+01 
 1.46600000e+00  6.93989282e+01 
 1.46700000e+00  6.94209781e+01 
 1.46800000e+00  6.94429718e+01 
 1.46900000e+00  6.94649642e+01 
 1.47000000e+00  6.94869320e+01 
 1.47100000e+00  6.95088379e+01 
 1.47200000e+00  6.95307450e+01 
 1.47300000e+00  6.95526208e+01 
 1.47400000e+00  6.95744537e+01 
 1.47500000e+00  6.95962717e+01 
 1.47600000e+00  6.96180565e+01 
 1.47700000e+00  6.96398186e+01 
 1.47800000e+00  6.96615502e+01 
 1.47900000e+00  6.96832379e+01 
 1.48000000e+00  6.97049071e+01 
 1.48100000e+00  6.97265660e+01 
 1.48200000e+00  6.97481759e+01 
 1.48300000e+00  6.97697438e+01 
 1.48400000e+00  6.97912907e+01 
 1.48500000e+00  6.98128216e+01 
 1.48600000e+00  6.98343137e+01 
 1.48700000e+00  6.98557857e+01 
 1.48800000e+00  6.98772204e+01 
 1.48900000e+00  6.98986021e+01 
 1.49000000e+00  6.99199853e+01 
 1.49100000e+00  6.99413310e+01 
 1.49200000e+00  6.99626418e+01 
 1.49300000e+00  6.99839228e+01 
 1.49400000e+00  7.00051627e+01 
 1.49500000e+00  7.00263909e+01 
 1.49600000e+00  7.00475891e+01 
 1.49700000e+00  7.00687353e+01 
 1.49800000e+00  7.00898737e+01 
 1.49900000e+00  7.01109639e+01 
 1.50000000e+00  7.01320338e+01 
 1.50100000e+00  7.01530682e+01 
 1.50200000e+00  7.01740510e+01 
 1.50300000e+00  7.01950255e+01 
 1.50400000e+00  7.02159733e+01 
 1.50500000e+00  7.02368759e+01 
 1.50600000e+00  7.02577365e+01 
 1.50700000e+00  7.02785848e+01 
 1.50800000e+00  7.02994027e+01 
 1.50900000e+00  7.03201572e+01 
 1.51000000e+00  7.03409013e+01 
 1.51100000e+00  7.03616251e+01 
 1.51200000e+00  7.03822788e+01 
 1.51300000e+00  7.04029447e+01 
 1.51400000e+00  7.04235613e+01 
 1.51500000e+00  7.04441200e+01 
 1.51600000e+00  7.04646602e+01 
 1.51700000e+00  7.04851650e+01 
 1.51800000e+00  7.05056557e+01 
 1.51900000e+00  7.05261029e+01 
 1.52000000e+00  7.05464822e+01 
 1.52100000e+00  7.05668511e+01 
 1.52200000e+00  7.05872030e+01 
 1.52300000e+00  7.06075003e+01 
 1.52400000e+00  7.06277668e+01 
 1.52500000e+00  7.06479892e+01 
 1.52600000e+00  7.06681779e+01 
 1.52700000e+00  7.06883525e+01 
 1.52800000e+00  7.07084767e+01 
 1.52900000e+00  7.07285566e+01 
 1.53000000e+00  7.07486018e+01 
 1.53100000e+00  7.07686026e+01 
 1.53200000e+00  7.07886005e+01 
 1.53300000e+00  7.08085521e+01 
 1.53400000e+00  7.08284311e+01 
 1.53500000e+00  7.08482973e+01 
 1.53600000e+00  7.08681404e+01 
 1.53700000e+00  7.08879392e+01 
 1.53800000e+00  7.09076679e+01 
 1.53900000e+00  7.09273819e+01 
 1.54000000e+00  7.09470696e+01 
 1.54100000e+00  7.09666973e+01 
 1.54200000e+00  7.09863186e+01 
 1.54300000e+00  7.10058677e+01 
 1.54400000e+00  7.10253839e+01 
 1.54500000e+00  7.10448570e+01 
 1.54600000e+00  7.10642983e+01 
 1.54700000e+00  7.10837145e+01 
 1.54800000e+00  7.11030667e+01 
 1.54900000e+00  7.11223903e+01 
 1.55000000e+00  7.11416894e+01 
 1.55100000e+00  7.11609171e+01 
 1.55200000e+00  7.11800798e+01 
 1.55300000e+00  7.11992655e+01 
 1.55400000e+00  7.12183906e+01 
 1.55500000e+00  7.12374585e+01 
 1.55600000e+00  7.12564870e+01 
 1.55700000e+00  7.12754632e+01 
 1.55800000e+00  7.12944172e+01 
 1.55900000e+00  7.13133189e+01 
 1.56000000e+00  7.13321860e+01 
 1.56100000e+00  7.13510041e+01 
 1.56200000e+00  7.13697569e+01 
 1.56300000e+00  7.13884870e+01 
 1.56400000e+00  7.14071841e+01 
 1.56500000e+00  7.14258272e+01 
 1.56600000e+00  7.14444296e+01 
 1.56700000e+00  7.14629592e+01 
 1.56800000e+00  7.14814542e+01 
 1.56900000e+00  7.14999310e+01 
 1.57000000e+00  7.15183475e+01 
 1.57100000e+00  7.15367113e+01 
 1.57200000e+00  7.15550175e+01 
 1.57300000e+00  7.15732982e+01 
 1.57400000e+00  7.15915200e+01 
 1.57500000e+00  7.16096917e+01 
 1.57600000e+00  7.16278370e+01 
 1.57700000e+00  7.16459034e+01 
 1.57800000e+00  7.16639264e+01 
 1.57900000e+00  7.16819240e+01 
 1.58000000e+00  7.16998552e+01 
 1.58100000e+00  7.17177428e+01 
 1.58200000e+00  7.17355849e+01 
 1.58300000e+00  7.17533697e+01 
 1.58400000e+00  7.17710949e+01 
 1.58500000e+00  7.17887842e+01 
 1.58600000e+00  7.18064185e+01 
 1.58700000e+00  7.18239892e+01 
 1.58800000e+00  7.18415040e+01 
 1.58900000e+00  7.18589868e+01 
 1.59000000e+00  7.18764300e+01 
 1.59100000e+00  7.18937724e+01 
 1.59200000e+00  7.19110961e+01 
 1.59300000e+00  7.19283863e+01 
 1.59400000e+00  7.19455878e+01 
 1.59500000e+00  7.19627258e+01 
 1.59600000e+00  7.19798194e+01 
 1.59700000e+00  7.19968852e+01 
 1.59800000e+00  7.20138690e+01 
 1.59900000e+00  7.20307952e+01 
 1.60000000e+00  7.20476757e+01 
 1.60100000e+00  7.20644886e+01 
 1.60200000e+00  7.20812609e+01 
 1.60300000e+00  7.20979571e+01 
 1.60400000e+00  7.21145918e+01 
 1.60500000e+00  7.21312058e+01 
 1.60600000e+00  7.21477323e+01 
 1.60700000e+00  7.21641875e+01 
 1.60800000e+00  7.21805904e+01 
 1.60900000e+00  7.21969303e+01 
 1.61000000e+00  7.22132408e+01 
 1.61100000e+00  7.22294721e+01 
 1.61200000e+00  7.22456288e+01 
 1.61300000e+00  7.22617400e+01 
 1.61400000e+00  7.22777846e+01 
 1.61500000e+00  7.22937449e+01 
 1.61600000e+00  7.23096718e+01 
 1.61700000e+00  7.23255189e+01 
 1.61800000e+00  7.23412927e+01 
 1.61900000e+00  7.23570370e+01 
 1.62000000e+00  7.23726869e+01 
 1.62100000e+00  7.23882751e+01 
 1.62200000e+00  7.24038069e+01 
 1.62300000e+00  7.24192678e+01 
 1.62400000e+00  7.24346453e+01 
 1.62500000e+00  7.24499755e+01 
 1.62600000e+00  7.24652544e+01 
 1.62700000e+00  7.24804232e+01 
 1.62800000e+00  7.24955220e+01 
 1.62900000e+00  7.25105839e+01 
 1.63000000e+00  7.25255745e+01 
 1.63100000e+00  7.25404862e+01 
 1.63200000e+00  7.25553251e+01 
 1.63300000e+00  7.25700701e+01 
 1.63400000e+00  7.25847522e+01 
 1.63500000e+00  7.25993725e+01 
 1.63600000e+00  7.26139304e+01 
 1.63700000e+00  7.26284168e+01 
 1.63800000e+00  7.26428052e+01 
 1.63900000e+00  7.26571266e+01 
 1.64000000e+00  7.26713829e+01 
 1.64100000e+00  7.26855432e+01 
 1.64200000e+00  7.26996400e+01 
 1.64300000e+00  7.27136575e+01 
 1.64400000e+00  7.27275932e+01 
 1.64500000e+00  7.27414573e+01 
 1.64600000e+00  7.27552412e+01 
 1.64700000e+00  7.27689322e+01 
 1.64800000e+00  7.27825494e+01 
 1.64900000e+00  7.27961236e+01 
 1.65000000e+00  7.28095678e+01 
 1.65100000e+00  7.28229471e+01 
 1.65200000e+00  7.28362577e+01 
 1.65300000e+00  7.28494483e+01 
 1.65400000e+00  7.28625857e+01 
 1.65500000e+00  7.28756288e+01 
 1.65600000e+00  7.28885806e+01 
 1.65700000e+00  7.29014573e+01 
 1.65800000e+00  7.29142502e+01 
 1.65900000e+00  7.29269485e+01 
 1.66000000e+00  7.29395550e+01 
 1.66100000e+00  7.29520794e+01 
 1.66200000e+00  7.29645143e+01 
 1.66300000e+00  7.29768638e+01 
 1.66400000e+00  7.29891224e+01 
 1.66500000e+00  7.30012912e+01 
 1.66600000e+00  7.30133641e+01 
 1.66700000e+00  7.30253446e+01 
 1.66800000e+00  7.30372272e+01 
 1.66900000e+00  7.30490032e+01 
 1.67000000e+00  7.30607089e+01 
 1.67100000e+00  7.30723244e+01 
 1.67200000e+00  7.30838360e+01 
 1.67300000e+00  7.30952353e+01 
 1.67400000e+00  7.31065567e+01 
 1.67500000e+00  7.31177880e+01 
 1.67600000e+00  7.31288963e+01 
 1.67700000e+00  7.31399144e+01 
 1.67800000e+00  7.31508128e+01 
 1.67900000e+00  7.31616379e+01 
 1.68000000e+00  7.31723615e+01 
 1.68100000e+00  7.31829804e+01 
 1.68200000e+00  7.31934873e+01 
 1.68300000e+00  7.32038870e+01 
 1.68400000e+00  7.32142104e+01 
 1.68500000e+00  7.32243862e+01 
 1.68600000e+00  7.32344672e+01 
 1.68700000e+00  7.32444504e+01 
 1.68800000e+00  7.32543387e+01 
 1.68900000e+00  7.32641034e+01 
 1.69000000e+00  7.32737467e+01 
 1.69100000e+00  7.32833029e+01 
 1.69200000e+00  7.32927321e+01 
 1.69300000e+00  7.33020623e+01 
 1.69400000e+00  7.33112837e+01 
 1.69500000e+00  7.33203790e+01 
 1.69600000e+00  7.33293538e+01 
 1.69700000e+00  7.33382225e+01 
 1.69800000e+00  7.33469594e+01 
 1.69900000e+00  7.33555822e+01 
 1.70000000e+00  7.33641275e+01 
 1.70100000e+00  7.33725407e+01 
 1.70200000e+00  7.33808114e+01 
 1.70300000e+00  7.33889542e+01 
 1.70400000e+00  7.33969824e+01 
 1.70500000e+00  7.34049045e+01 
 1.70600000e+00  7.34126997e+01 
 1.70700000e+00  7.34203685e+01 
 1.70800000e+00  7.34279047e+01 
 1.70900000e+00  7.34353185e+01 
 1.71000000e+00  7.34426192e+01 
 1.71100000e+00  7.34498024e+01 
 1.71200000e+00  7.34568213e+01 
 1.71300000e+00  7.34637281e+01 
 1.71400000e+00  7.34705153e+01 
 1.71500000e+00  7.34771497e+01 
 1.71600000e+00  7.34836490e+01 
 1.71700000e+00  7.34900347e+01 
 1.71800000e+00  7.34962839e+01 
 1.71900000e+00  7.35023775e+01 
 1.72000000e+00  7.35083800e+01 
 1.72100000e+00  7.35142121e+01 
 1.72200000e+00  7.35198903e+01 
 1.72300000e+00  7.35254772e+01 
 1.72400000e+00  7.35309045e+01 
 1.72500000e+00  7.35361420e+01 
 1.72600000e+00  7.35412886e+01 
 1.72700000e+00  7.35463296e+01 
 1.72800000e+00  7.35511721e+01 
 1.72900000e+00  7.35558386e+01 
 1.73000000e+00  7.35603956e+01 
 1.73100000e+00  7.35648265e+01 
 1.73200000e+00  7.35690961e+01 
 1.73300000e+00  7.35732117e+01 
 1.73400000e+00  7.35772040e+01 
 1.73500000e+00  7.35810208e+01 
 1.73600000e+00  7.35846551e+01 
 1.73700000e+00  7.35881593e+01 
 1.73800000e+00  7.35915364e+01 
 1.73900000e+00  7.35947426e+01 
 1.74000000e+00  7.35977620e+01 
 1.74100000e+00  7.36006534e+01 
 1.74200000e+00  7.36034127e+01 
 1.74300000e+00  7.36059874e+01 
 1.74400000e+00  7.36083800e+01 
 1.74500000e+00  7.36106046e+01 
 1.74600000e+00  7.36127122e+01 
 1.74700000e+00  7.36146370e+01 
 1.74800000e+00  7.36163666e+01 
 1.74900000e+00  7.36179897e+01 
 1.75000000e+00  7.36193997e+01 
 1.75100000e+00  7.36206563e+01 
 1.75200000e+00  7.36217454e+01 
 1.75300000e+00  7.36226392e+01 
 1.75400000e+00  7.36234073e+01 
 1.75500000e+00  7.36239751e+01 
 1.75600000e+00  7.36243513e+01 
 1.75700000e+00  7.36245747e+01 
 1.75800000e+00  7.36246267e+01 
 1.75900000e+00  7.36244933e+01 
 1.76000000e+00  7.36241701e+01 
 1.76100000e+00  7.36236836e+01 
 1.76200000e+00  7.36230203e+01 
 1.76300000e+00  7.36221678e+01 
 1.76400000e+00  7.36211145e+01 
 1.76500000e+00  7.36198942e+01 
 1.76600000e+00  7.36184743e+01 
 1.76700000e+00  7.36168882e+01 
 1.76800000e+00  7.36151092e+01 
 1.76900000e+00  7.36131197e+01 
 1.77000000e+00  7.36109843e+01 
 1.77100000e+00  7.36086119e+01 
 1.77200000e+00  7.36060524e+01 
 1.77300000e+00  7.36033244e+01 
 1.77400000e+00  7.36003693e+01 
 1.77500000e+00  7.35972352e+01 
 1.77600000e+00  7.35939013e+01 
 1.77700000e+00  7.35903683e+01 
 1.77800000e+00  7.35866521e+01 
 1.77900000e+00  7.35826987e+01 
 1.78000000e+00  7.35785402e+01 
 1.78100000e+00  7.35742056e+01 
 1.78200000e+00  7.35696733e+01 
 1.78300000e+00  7.35649324e+01 
 1.78400000e+00  7.35599393e+01 
 1.78500000e+00  7.35547531e+01 
 1.78600000e+00  7.35494097e+01 
 1.78700000e+00  7.35438124e+01 
 1.78800000e+00  7.35379824e+01 
 1.78900000e+00  7.35319517e+01 
 1.79000000e+00  7.35257019e+01 
 1.79100000e+00  7.35192763e+01 
 1.79200000e+00  7.35126110e+01 
 1.79300000e+00  7.35056803e+01 
 1.79400000e+00  7.34985710e+01 
 1.79500000e+00  7.34912297e+01 
 1.79600000e+00  7.34836499e+01 
 1.79700000e+00  7.34758856e+01 
 1.79800000e+00  7.34678911e+01 
 1.79900000e+00  7.34596266e+01 
 1.80000000e+00  7.34512424e+01 
