7.44188E-05
7.73928E-05
7.50014E-05
7.22871E-05
7.17756E-05
7.696E-05
7.43319E-05
7.36441E-05
7.51601E-05
7.1649E-05
7.31911E-05
7.39017E-05
7.47832E-05
7.22578E-05
7.4574E-05
7.43858E-05
7.73269E-05
7.42735E-05
7.31091E-05
7.36571E-05
7.40122E-05
7.73445E-05
7.28328E-05
7.42072E-05
7.18849E-05
7.55537E-05
7.29445E-05
6.99576E-05
7.45457E-05
7.31714E-05
7.1351E-05
7.40912E-05
7.35017E-05
7.42531E-05
7.56965E-05
7.33973E-05
7.66105E-05
7.50116E-05
7.27229E-05
7.41932E-05
7.45393E-05
7.46235E-05
7.33005E-05
7.18017E-05
7.31326E-05
7.62251E-05
7.51289E-05
7.48057E-05
7.19385E-05
7.34669E-05
7.2093E-05
7.24357E-05
7.27766E-05
7.298E-05
7.39619E-05
7.55439E-05
7.32452E-05
7.75527E-05
7.25508E-05
7.71012E-05
7.26333E-05
7.38097E-05
7.54562E-05
7.31879E-05
7.35122E-05
7.31527E-05
7.16878E-05
7.41401E-05
7.63367E-05
7.67464E-05
7.45698E-05
7.76546E-05
7.27649E-05
7.11792E-05
7.34007E-05
7.37937E-05
7.56376E-05
7.66736E-05
7.55489E-05
7.27294E-05
7.37734E-05
7.20302E-05
7.65986E-05
7.65874E-05
7.56375E-05
7.53445E-05
7.44049E-05
7.72894E-05
7.38497E-05
7.76327E-05
7.08583E-05
7.18938E-05
7.26962E-05
7.13393E-05
7.32531E-05
7.54713E-05
7.7549E-05
7.54748E-05
7.44193E-05
7.08301E-05
7.46447E-05
7.14266E-05
7.48171E-05
7.40653E-05
7.52323E-05
7.73083E-05
7.58357E-05
7.47752E-05
7.04358E-05
7.38768E-05
7.48403E-05
7.44477E-05
7.16666E-05
7.63396E-05
7.40793E-05
7.42806E-05
7.47845E-05
7.45279E-05
7.27307E-05
7.31942E-05
7.43277E-05
7.52224E-05
7.12791E-05
7.14188E-05
7.58991E-05
7.17791E-05
7.18342E-05
7.35407E-05
7.53699E-05
7.55581E-05
7.83654E-05
7.7036E-05
7.55469E-05
7.30731E-05
7.60689E-05
7.35061E-05
7.67555E-05
7.26066E-05
7.52709E-05
7.26042E-05
7.34296E-05
7.33725E-05
7.72561E-05
7.61807E-05
7.28605E-05
7.29413E-05
7.30905E-05
7.6323E-05
7.52128E-05
7.47044E-05
7.32525E-05
7.35213E-05
7.25887E-05
7.39986E-05
7.35436E-05
7.3397E-05
7.62903E-05
7.392E-05
7.6095E-05
7.65301E-05
7.28529E-05
7.4758E-05
7.57307E-05
7.60758E-05
7.64128E-05
7.43401E-05
7.48476E-05
7.57455E-05
7.43556E-05
7.67834E-05
7.30174E-05
7.61395E-05
7.60936E-05
7.6355E-05
7.41662E-05
7.44573E-05
7.55895E-05
7.43925E-05
7.58319E-05
7.29549E-05
7.57408E-05
7.32757E-05
7.55728E-05
7.50689E-05
7.58425E-05
7.70966E-05
7.40218E-05
7.61312E-05
7.57129E-05
7.61776E-05
7.57966E-05
7.13778E-05
7.70232E-05
7.32229E-05
7.54209E-05
7.3017E-05
7.32373E-05
7.47417E-05
7.61501E-05
7.45864E-05
7.37409E-05
7.21872E-05
7.53106E-05
7.832E-05
7.27548E-05
7.72062E-05
7.3111E-05
7.54982E-05
7.49785E-05
7.55915E-05
7.42107E-05
7.79223E-05
7.73402E-05
7.73037E-05
7.72916E-05
7.43491E-05
7.56155E-05
7.05898E-05
7.41404E-05
7.48468E-05
7.46862E-05
7.58108E-05
7.56597E-05
7.40172E-05
7.5975E-05
7.81987E-05
7.35593E-05
7.50847E-05
7.56215E-05
7.41909E-05
7.33599E-05
7.30041E-05
7.20122E-05
7.4337E-05
7.23323E-05
7.50776E-05
7.47825E-05
7.48957E-05
7.35281E-05
7.45087E-05
7.60466E-05
7.35807E-05
7.56882E-05
7.75428E-05
7.48955E-05
7.24493E-05
7.39388E-05
7.3956E-05
7.1981E-05
7.76404E-05
7.25804E-05
7.67342E-05
7.30155E-05
7.32236E-05
7.5001E-05
7.86235E-05
7.25441E-05
7.38697E-05
7.22834E-05
7.3303E-05
7.52769E-05
7.20423E-05
7.74701E-05
7.21335E-05
7.40638E-05
7.51584E-05
7.43913E-05
7.45409E-05
7.4396E-05
7.40998E-05
7.50281E-05
7.52154E-05
7.45517E-05
7.60583E-05
7.37279E-05
7.34375E-05
7.39265E-05
7.50059E-05
7.18325E-05
7.22796E-05
7.42044E-05
7.16558E-05
7.43151E-05
6.98143E-05
7.24305E-05
7.5024E-05
7.39168E-05
7.47638E-05
7.44056E-05
7.55769E-05
7.29621E-05
7.28472E-05
7.61141E-05
7.74977E-05
7.57768E-05
7.78696E-05
7.15061E-05
7.16376E-05
7.60585E-05
7.27902E-05
7.13812E-05
7.41532E-05
7.74379E-05
7.3198E-05
7.50426E-05
7.6941E-05
7.26157E-05
7.50972E-05
7.31333E-05
7.50722E-05
7.45574E-05
7.36563E-05
7.4447E-05
7.45162E-05
7.48268E-05
7.70639E-05
7.45832E-05
7.28897E-05
7.19043E-05
7.45884E-05
7.40719E-05
7.42083E-05
7.36856E-05
7.26364E-05
7.31805E-05
7.27694E-05
7.91519E-05
7.3164E-05
7.34625E-05
7.34609E-05
7.36691E-05
7.54258E-05
7.14223E-05
7.50224E-05
7.42529E-05
7.34679E-05
7.16256E-05
7.56878E-05
7.14602E-05
7.29771E-05
7.62239E-05
7.40993E-05
7.61212E-05
7.21506E-05
7.32817E-05
7.41605E-05
7.58541E-05
7.60805E-05
7.27906E-05
7.45941E-05
7.53051E-05
7.67711E-05
7.27112E-05
7.35112E-05
7.54206E-05
7.27316E-05
7.50753E-05
7.44042E-05
7.20636E-05
7.27075E-05
7.2146E-05
7.23844E-05
7.53124E-05
7.67773E-05
7.32244E-05
7.48082E-05
7.24477E-05
7.34521E-05
7.35345E-05
7.63038E-05
7.22662E-05
7.80857E-05
7.13844E-05
7.67233E-05
7.39347E-05
7.36856E-05
7.43849E-05
7.29026E-05
7.34294E-05
7.36245E-05
7.63471E-05
7.31653E-05
7.37686E-05
7.52593E-05
7.76962E-05
7.45876E-05
7.53286E-05
7.90583E-05
7.52227E-05
7.43463E-05
7.41193E-05
7.29915E-05
7.67776E-05
7.43647E-05
7.20462E-05
7.18334E-05
7.08908E-05
7.50376E-05
7.68672E-05
7.26737E-05
7.074E-05
7.25437E-05
7.53995E-05
7.57734E-05
7.38217E-05
7.41722E-05
7.65134E-05
7.59115E-05
7.6894E-05
7.48513E-05
7.64805E-05
7.49539E-05
7.36746E-05
7.60994E-05
7.50413E-05
7.55564E-05
7.35787E-05
7.28112E-05
7.5609E-05
7.44653E-05
7.79308E-05
7.59594E-05
7.39881E-05
7.46306E-05
7.45106E-05
7.5402E-05
7.52225E-05
7.50123E-05
7.83071E-05
7.77064E-05
7.16441E-05
7.3505E-05
7.34276E-05
7.55323E-05
7.50619E-05
7.51284E-05
7.33266E-05
7.25205E-05
7.55316E-05
7.55015E-05
7.68753E-05
7.11442E-05
7.68442E-05
7.4456E-05
7.33816E-05
7.27678E-05
7.32504E-05
7.80389E-05
7.37981E-05
7.53227E-05
7.39628E-05
7.26907E-05
7.3321E-05
7.38587E-05
7.19966E-05
7.37326E-05
7.52081E-05
7.43923E-05
7.2074E-05
7.32296E-05
7.46226E-05
7.33812E-05
7.63218E-05
7.48565E-05
7.56542E-05
7.6954E-05
7.38381E-05
7.46349E-05
7.49988E-05
7.3692E-05
7.28561E-05
7.43307E-05
7.47768E-05
7.57996E-05
7.59118E-05
7.66661E-05
7.5251E-05
7.2031E-05
7.40482E-05
7.5233E-05
7.45564E-05
7.26821E-05
7.63694E-05
7.28985E-05
7.67356E-05
7.42934E-05
7.32791E-05
7.23252E-05
7.57431E-05
7.47957E-05
7.3109E-05
7.36501E-05
7.18943E-05
7.40876E-05
7.82302E-05
7.34447E-05
7.45416E-05
7.55994E-05
7.62403E-05
7.26375E-05
7.54853E-05
7.66365E-05
7.71934E-05
7.10031E-05
7.40608E-05
7.45651E-05
7.4921E-05
7.61243E-05
7.66058E-05
7.35756E-05
7.44564E-05
7.31102E-05
7.42182E-05
7.35379E-05
7.81865E-05
7.51115E-05
7.34885E-05
7.49538E-05
7.44372E-05
7.39665E-05
7.20342E-05
7.4252E-05
7.42383E-05
7.67293E-05
7.35051E-05
7.81637E-05
7.34858E-05
7.34404E-05
7.60962E-05
7.22882E-05
7.68633E-05
7.72133E-05
7.58236E-05
7.241E-05
7.72404E-05
7.4316E-05
7.41397E-05
7.29442E-05
7.37096E-05
7.32103E-05
7.43293E-05
7.44804E-05
7.35708E-05
7.40535E-05
7.32744E-05
7.49367E-05
7.3782E-05
7.45166E-05
7.11728E-05
7.21657E-05
7.72009E-05
7.89039E-05
7.58765E-05
7.20483E-05
7.31017E-05
7.41895E-05
7.4051E-05
7.71009E-05
7.32549E-05
7.36234E-05
7.58501E-05
7.19092E-05
7.42725E-05
7.31249E-05
7.41634E-05
7.70667E-05
7.70631E-05
7.22789E-05
7.39401E-05
7.40517E-05
7.78876E-05
7.23141E-05
7.31225E-05
7.42262E-05
7.73601E-05
7.38026E-05
7.41992E-05
7.67888E-05
7.5009E-05
7.46615E-05
7.59167E-05
7.3754E-05
7.36403E-05
7.32435E-05
7.17103E-05
7.32986E-05
7.41528E-05
7.2315E-05
7.44091E-05
7.19284E-05
7.27876E-05
7.08461E-05
7.11487E-05
7.29713E-05
7.60978E-05
7.25304E-05
7.52672E-05
7.21445E-05
7.64905E-05
7.42064E-05
7.60924E-05
7.39417E-05
7.65224E-05
7.64413E-05
7.8678E-05
7.48038E-05
7.72451E-05
7.68857E-05
7.49189E-05
7.41567E-05
7.58993E-05
7.53218E-05
7.35776E-05
7.51038E-05
7.51003E-05
7.54482E-05
7.728E-05
7.46537E-05
7.44116E-05
7.47252E-05
7.28876E-05
7.19613E-05
7.64724E-05
7.75614E-05
7.40956E-05
7.19177E-05
7.37116E-05
7.41237E-05
7.77684E-05
7.58197E-05
7.5932E-05
7.37695E-05
7.25144E-05
7.48907E-05
7.50364E-05
7.50773E-05
7.28336E-05
7.34861E-05
7.68367E-05
7.3952E-05
7.61411E-05
7.71657E-05
7.26884E-05
7.58195E-05
7.24815E-05
7.51159E-05
7.78705E-05
7.67514E-05
7.36112E-05
7.50018E-05
7.0256E-05
7.53744E-05
7.70431E-05
7.56886E-05
7.43055E-05
7.19101E-05
7.66787E-05
7.4493E-05
7.43651E-05
7.58219E-05
7.35107E-05
7.36803E-05
7.445E-05
7.64032E-05
7.21185E-05
7.73025E-05
7.17994E-05
7.3395E-05
7.5618E-05
7.39306E-05
7.42869E-05
7.60192E-05
7.4634E-05
7.29631E-05
7.42558E-05
7.1362E-05
7.54471E-05
7.67505E-05
7.48505E-05
7.59616E-05
7.54202E-05
7.28663E-05
7.71837E-05
7.66088E-05
7.48862E-05
7.2489E-05
7.73548E-05
7.33094E-05
7.2957E-05
7.25172E-05
7.43538E-05
7.57553E-05
7.3347E-05
7.27914E-05
7.40137E-05
7.63351E-05
7.20431E-05
7.24865E-05
7.67313E-05
7.55811E-05
7.42441E-05
7.65849E-05
7.45685E-05
7.38636E-05
7.25385E-05
7.63743E-05
7.49285E-05
7.28681E-05
7.37772E-05
7.39366E-05
7.11239E-05
7.61481E-05
7.55967E-05
7.46049E-05
7.14403E-05
7.45627E-05
7.15281E-05
7.20389E-05
7.56333E-05
7.05585E-05
7.51706E-05
7.60505E-05
7.57952E-05
7.35256E-05
7.19235E-05
7.49241E-05
7.46428E-05
7.61179E-05
7.17198E-05
7.4141E-05
7.38925E-05
7.74999E-05
7.36366E-05
7.49147E-05
7.39247E-05
7.72057E-05
7.77273E-05
7.50808E-05
7.71538E-05
7.71573E-05
7.2873E-05
7.28196E-05
7.69393E-05
7.50278E-05
7.28872E-05
7.49442E-05
7.36422E-05
7.70205E-05
7.33354E-05
7.52251E-05
7.49442E-05
7.42991E-05
7.17334E-05
7.19084E-05
7.36655E-05
7.61174E-05
7.48044E-05
7.41249E-05
7.42438E-05
7.30447E-05
7.45794E-05
7.16175E-05
7.4847E-05
7.40609E-05
7.41048E-05
7.07346E-05
7.59335E-05
7.33647E-05
7.2823E-05
7.45929E-05
7.22754E-05
7.57693E-05
7.51701E-05
7.63645E-05
7.42446E-05
7.60277E-05
7.27416E-05
7.5812E-05
7.37177E-05
7.5375E-05
7.49826E-05
7.49184E-05
7.37562E-05
7.63394E-05
7.54418E-05
7.40584E-05
7.46698E-05
7.42331E-05
7.73322E-05
7.41089E-05
7.27117E-05
7.41167E-05
7.66251E-05
7.39753E-05
7.47815E-05
7.39162E-05
7.61352E-05
7.38798E-05
7.50565E-05
7.55559E-05
7.75279E-05
7.28281E-05
7.4941E-05
7.52919E-05
7.61873E-05
7.132E-05
7.37095E-05
7.5113E-05
7.46953E-05
7.42463E-05
7.38794E-05
7.33214E-05
7.52675E-05
7.49916E-05
7.63748E-05
7.38048E-05
7.28027E-05
7.25649E-05
7.55679E-05
7.31106E-05
7.35618E-05
7.42265E-05
7.15018E-05
7.35577E-05
7.73824E-05
7.31467E-05
7.77127E-05
7.17942E-05
7.53624E-05
7.4416E-05
7.63545E-05
7.39805E-05
7.51715E-05
7.36595E-05
7.08912E-05
7.71757E-05
7.27172E-05
7.23822E-05
7.55175E-05
7.60485E-05
7.48637E-05
7.39184E-05
7.6954E-05
7.70386E-05
7.5468E-05
7.41909E-05
7.46154E-05
7.3671E-05
7.9221E-05
7.41239E-05
7.09638E-05
7.26525E-05
7.67625E-05
7.45811E-05
7.57027E-05
7.43044E-05
7.41957E-05
7.5726E-05
7.58608E-05
7.31808E-05
7.5488E-05
7.10158E-05
7.33342E-05
7.20792E-05
7.38238E-05
7.81333E-05
7.37763E-05
7.38806E-05
7.30705E-05
7.21736E-05
7.29383E-05
7.07198E-05
7.44486E-05
7.44161E-05
7.27011E-05
7.60966E-05
7.41261E-05
7.32848E-05
7.41249E-05
7.48749E-05
7.44486E-05
7.57032E-05
7.3691E-05
7.61193E-05
7.50785E-05
7.12879E-05
7.57659E-05
7.50521E-05
7.60737E-05
7.21286E-05
7.63945E-05
7.32241E-05
7.45093E-05
7.20055E-05
7.41783E-05
7.42627E-05
7.54446E-05
7.60939E-05
7.67078E-05
7.53976E-05
7.75922E-05
7.89859E-05
7.61562E-05
7.54419E-05
7.785E-05
7.4065E-05
7.24348E-05
7.64283E-05
7.54241E-05
7.10295E-05
7.42129E-05
7.58667E-05
7.54046E-05
7.50633E-05
7.69479E-05
7.32294E-05
7.47971E-05
7.38774E-05
7.44927E-05
7.49266E-05
7.30765E-05
7.24232E-05
7.44858E-05
7.09415E-05
7.42353E-05
7.37337E-05
7.68278E-05
7.36383E-05
7.44451E-05
7.37121E-05
7.52643E-05
7.39921E-05
7.35431E-05
7.30966E-05
7.47528E-05
7.48696E-05
7.72866E-05
7.5097E-05
7.34044E-05
7.59116E-05
7.33371E-05
7.51719E-05
7.60369E-05
7.49821E-05
7.56063E-05
7.28862E-05
7.25156E-05
7.42704E-05
7.3195E-05
7.51756E-05
7.49226E-05
7.41535E-05
7.34031E-05
7.4406E-05
7.30943E-05
7.57654E-05
7.21858E-05
7.39529E-05
7.43653E-05
7.72249E-05
7.37285E-05
7.46127E-05
7.57387E-05
7.3863E-05
7.4802E-05
7.56854E-05
7.23957E-05
7.50832E-05
7.30178E-05
7.44871E-05
7.64832E-05
7.49166E-05
7.2764E-05
7.31601E-05
7.45578E-05
7.68755E-05
7.3173E-05
7.51203E-05
7.33997E-05
7.36339E-05
7.44559E-05
7.35502E-05
7.62934E-05
7.09433E-05
7.14884E-05
7.26692E-05
7.73177E-05
7.36442E-05
7.378E-05
7.46111E-05
7.58835E-05
7.53398E-05
7.67915E-05
7.66122E-05
7.52086E-05
7.69481E-05
7.17478E-05
7.4884E-05
7.63612E-05
7.68055E-05
