 0.00000000e+00  3.25010754e+08 
 1.00000000e-03  3.31261821e+08 
 2.00000000e-03  3.37627929e+08 
 3.00000000e-03  3.44111070e+08 
 4.00000000e-03  3.50713269e+08 
 5.00000000e-03  3.57436579e+08 
 6.00000000e-03  3.64283086e+08 
 7.00000000e-03  3.71254909e+08 
 8.00000000e-03  3.78354197e+08 
 9.00000000e-03  3.85583131e+08 
 1.00000000e-02  3.92943926e+08 
 1.10000000e-02  4.00438829e+08 
 1.20000000e-02  4.08070120e+08 
 1.30000000e-02  4.15840114e+08 
 1.40000000e-02  4.23751159e+08 
 1.50000000e-02  4.31805635e+08 
 1.60000000e-02  4.40005960e+08 
 1.70000000e-02  4.48354585e+08 
 1.80000000e-02  4.56853996e+08 
 1.90000000e-02  4.65506715e+08 
 2.00000000e-02  4.74315298e+08 
 2.10000000e-02  4.83282340e+08 
 2.20000000e-02  4.92410469e+08 
 2.30000000e-02  5.01702350e+08 
 2.40000000e-02  5.11160687e+08 
 2.50000000e-02  5.20788219e+08 
 2.60000000e-02  5.30587722e+08 
 2.70000000e-02  5.40562010e+08 
 2.80000000e-02  5.50713935e+08 
 2.90000000e-02  5.61046386e+08 
 3.00000000e-02  5.71562291e+08 
 3.10000000e-02  5.82264616e+08 
 3.20000000e-02  5.93156364e+08 
 3.30000000e-02  6.04240580e+08 
 3.40000000e-02  6.15520345e+08 
 3.50000000e-02  6.26998780e+08 
 3.60000000e-02  6.38679044e+08 
 3.70000000e-02  6.50564336e+08 
 3.80000000e-02  6.62657896e+08 
 3.90000000e-02  6.74963002e+08 
 4.00000000e-02  6.87482969e+08 
 4.10000000e-02  7.00221157e+08 
 4.20000000e-02  7.13180962e+08 
 4.30000000e-02  7.26365820e+08 
 4.40000000e-02  7.39779207e+08 
 4.50000000e-02  7.53424641e+08 
 4.60000000e-02  7.67305675e+08 
 4.70000000e-02  7.81425908e+08 
 4.80000000e-02  7.95788972e+08 
 4.90000000e-02  8.10398544e+08 
 5.00000000e-02  8.25258337e+08 
 5.10000000e-02  8.40372106e+08 
 5.20000000e-02  8.55743643e+08 
 5.30000000e-02  8.71376780e+08 
 5.40000000e-02  8.87275389e+08 
 5.50000000e-02  9.03443380e+08 
 5.60000000e-02  9.19884701e+08 
 5.70000000e-02  9.36603338e+08 
 5.80000000e-02  9.53603315e+08 
 5.90000000e-02  9.70888696e+08 
 6.00000000e-02  9.88463580e+08 
 6.10000000e-02  1.00633210e+09 
 6.20000000e-02  1.02449844e+09 
 6.30000000e-02  1.04296680e+09 
 6.40000000e-02  1.06174142e+09 
 6.50000000e-02  1.08082659e+09 
 6.60000000e-02  1.10022662e+09 
 6.70000000e-02  1.11994586e+09 
 6.80000000e-02  1.13998870e+09 
 6.90000000e-02  1.16035955e+09 
 7.00000000e-02  1.18106285e+09 
 7.10000000e-02  1.20210309e+09 
 7.20000000e-02  1.22348477e+09 
 7.30000000e-02  1.24521244e+09 
 7.40000000e-02  1.26729067e+09 
 7.50000000e-02  1.28972405e+09 
 7.60000000e-02  1.31251721e+09 
 7.70000000e-02  1.33567481e+09 
 7.80000000e-02  1.35920151e+09 
 7.90000000e-02  1.38310203e+09 
 8.00000000e-02  1.40738109e+09 
 8.10000000e-02  1.43204344e+09 
 8.20000000e-02  1.45709384e+09 
 8.30000000e-02  1.48253710e+09 
 8.40000000e-02  1.50837801e+09 
 8.50000000e-02  1.53462141e+09 
 8.60000000e-02  1.56127214e+09 
 8.70000000e-02  1.58833506e+09 
 8.80000000e-02  1.61581503e+09 
 8.90000000e-02  1.64371695e+09 
 9.00000000e-02  1.67204570e+09 
 9.10000000e-02  1.70080620e+09 
 9.20000000e-02  1.73000334e+09 
 9.30000000e-02  1.75964206e+09 
 9.40000000e-02  1.78972726e+09 
 9.50000000e-02  1.82026388e+09 
 9.60000000e-02  1.85125682e+09 
 9.70000000e-02  1.88271103e+09 
 9.80000000e-02  1.91463141e+09 
 9.90000000e-02  1.94702287e+09 
 1.00000000e-01  1.97989033e+09 
 1.01000000e-01  2.01323867e+09 
 1.02000000e-01  2.04707278e+09 
 1.03000000e-01  2.08139753e+09 
 1.04000000e-01  2.11621778e+09 
 1.05000000e-01  2.15153835e+09 
 1.06000000e-01  2.18736407e+09 
 1.07000000e-01  2.22369972e+09 
 1.08000000e-01  2.26055007e+09 
 1.09000000e-01  2.29791985e+09 
 1.10000000e-01  2.33581377e+09 
 1.11000000e-01  2.37423651e+09 
 1.12000000e-01  2.41319269e+09 
 1.13000000e-01  2.45268693e+09 
 1.14000000e-01  2.49272376e+09 
 1.15000000e-01  2.53330770e+09 
 1.16000000e-01  2.57444322e+09 
 1.17000000e-01  2.61613473e+09 
 1.18000000e-01  2.65838659e+09 
 1.19000000e-01  2.70120310e+09 
 1.20000000e-01  2.74458851e+09 
 1.21000000e-01  2.78854699e+09 
 1.22000000e-01  2.83308266e+09 
 1.23000000e-01  2.87819958e+09 
 1.24000000e-01  2.92390171e+09 
 1.25000000e-01  2.97019295e+09 
 1.26000000e-01  3.01707713e+09 
 1.27000000e-01  3.06455797e+09 
 1.28000000e-01  3.11263915e+09 
 1.29000000e-01  3.16132421e+09 
 1.30000000e-01  3.21061663e+09 
 1.31000000e-01  3.26051978e+09 
 1.32000000e-01  3.31103695e+09 
 1.33000000e-01  3.36217130e+09 
 1.34000000e-01  3.41392591e+09 
 1.35000000e-01  3.46630372e+09 
 1.36000000e-01  3.51930759e+09 
 1.37000000e-01  3.57294024e+09 
 1.38000000e-01  3.62720428e+09 
 1.39000000e-01  3.68210218e+09 
 1.40000000e-01  3.73763630e+09 
 1.41000000e-01  3.79380887e+09 
 1.42000000e-01  3.85062197e+09 
 1.43000000e-01  3.90807754e+09 
 1.44000000e-01  3.96617740e+09 
 1.45000000e-01  4.02492321e+09 
 1.46000000e-01  4.08431647e+09 
 1.47000000e-01  4.14435854e+09 
 1.48000000e-01  4.20505063e+09 
 1.49000000e-01  4.26639378e+09 
 1.50000000e-01  4.32838886e+09 
 1.51000000e-01  4.39103658e+09 
 1.52000000e-01  4.45433749e+09 
 1.53000000e-01  4.51829195e+09 
 1.54000000e-01  4.58290016e+09 
 1.55000000e-01  4.64816212e+09 
 1.56000000e-01  4.71407766e+09 
 1.57000000e-01  4.78064642e+09 
 1.58000000e-01  4.84786785e+09 
 1.59000000e-01  4.91574121e+09 
 1.60000000e-01  4.98426557e+09 
 1.61000000e-01  5.05343980e+09 
 1.62000000e-01  5.12326254e+09 
 1.63000000e-01  5.19373228e+09 
 1.64000000e-01  5.26484725e+09 
 1.65000000e-01  5.33660552e+09 
 1.66000000e-01  5.40900491e+09 
 1.67000000e-01  5.48204305e+09 
 1.68000000e-01  5.55571735e+09 
 1.69000000e-01  5.63002499e+09 
 1.70000000e-01  5.70496296e+09 
 1.71000000e-01  5.78052799e+09 
 1.72000000e-01  5.85671663e+09 
 1.73000000e-01  5.93352517e+09 
 1.74000000e-01  6.01094969e+09 
 1.75000000e-01  6.08898605e+09 
 1.76000000e-01  6.16762987e+09 
 1.77000000e-01  6.24687656e+09 
 1.78000000e-01  6.32672127e+09 
 1.79000000e-01  6.40715894e+09 
 1.80000000e-01  6.48818430e+09 
 1.81000000e-01  6.56979180e+09 
 1.82000000e-01  6.65197571e+09 
 1.83000000e-01  6.73473004e+09 
 1.84000000e-01  6.81804857e+09 
 1.85000000e-01  6.90192487e+09 
 1.86000000e-01  6.98635226e+09 
 1.87000000e-01  7.07132385e+09 
 1.88000000e-01  7.15683251e+09 
 1.89000000e-01  7.24287088e+09 
 1.90000000e-01  7.32943140e+09 
 1.91000000e-01  7.41650626e+09 
 1.92000000e-01  7.50408745e+09 
 1.93000000e-01  7.59216673e+09 
 1.94000000e-01  7.68073564e+09 
 1.95000000e-01  7.76978551e+09 
 1.96000000e-01  7.85930746e+09 
 1.97000000e-01  7.94929242e+09 
 1.98000000e-01  8.03973107e+09 
 1.99000000e-01  8.13061393e+09 
 2.00000000e-01  8.22193130e+09 
 2.01000000e-01  8.31367329e+09 
 2.02000000e-01  8.40582981e+09 
 2.03000000e-01  8.49839061e+09 
 2.04000000e-01  8.59134522e+09 
 2.05000000e-01  8.68468301e+09 
 2.06000000e-01  8.77839318e+09 
 2.07000000e-01  8.87246476e+09 
 2.08000000e-01  8.96688661e+09 
 2.09000000e-01  9.06164743e+09 
 2.10000000e-01  9.15673576e+09 
 2.11000000e-01  9.25214003e+09 
 2.12000000e-01  9.34784847e+09 
 2.13000000e-01  9.44384922e+09 
 2.14000000e-01  9.54013028e+09 
 2.15000000e-01  9.63667950e+09 
 2.16000000e-01  9.73348465e+09 
 2.17000000e-01  9.83053336e+09 
 2.18000000e-01  9.92781317e+09 
 2.19000000e-01  1.00253115e+10 
 2.20000000e-01  1.01230158e+10 
 2.21000000e-01  1.02209132e+10 
 2.22000000e-01  1.03189909e+10 
 2.23000000e-01  1.04172361e+10 
 2.24000000e-01  1.05156359e+10 
 2.25000000e-01  1.06141772e+10 
 2.26000000e-01  1.07128469e+10 
 2.27000000e-01  1.08116321e+10 
 2.28000000e-01  1.09105196e+10 
 2.29000000e-01  1.10094962e+10 
 2.30000000e-01  1.11085489e+10 
 2.31000000e-01  1.12076645e+10 
 2.32000000e-01  1.13068297e+10 
 2.33000000e-01  1.14060315e+10 
 2.34000000e-01  1.15052567e+10 
 2.35000000e-01  1.16044922e+10 
 2.36000000e-01  1.17037250e+10 
 2.37000000e-01  1.18029420e+10 
 2.38000000e-01  1.19021302e+10 
 2.39000000e-01  1.20012767e+10 
 2.40000000e-01  1.21003685e+10 
 2.41000000e-01  1.21993930e+10 
 2.42000000e-01  1.22983374e+10 
 2.43000000e-01  1.23971890e+10 
 2.44000000e-01  1.24959354e+10 
 2.45000000e-01  1.25945640e+10 
 2.46000000e-01  1.26930625e+10 
 2.47000000e-01  1.27914188e+10 
 2.48000000e-01  1.28896207e+10 
 2.49000000e-01  1.29876562e+10 
 2.50000000e-01  1.30855136e+10 
 2.51000000e-01  1.31831811e+10 
 2.52000000e-01  1.32806473e+10 
 2.53000000e-01  1.33779006e+10 
 2.54000000e-01  1.34749300e+10 
 2.55000000e-01  1.35717244e+10 
 2.56000000e-01  1.36682728e+10 
 2.57000000e-01  1.37645646e+10 
 2.58000000e-01  1.38605892e+10 
 2.59000000e-01  1.39563364e+10 
 2.60000000e-01  1.40517959e+10 
 2.61000000e-01  1.41469579e+10 
 2.62000000e-01  1.42418127e+10 
 2.63000000e-01  1.43363506e+10 
 2.64000000e-01  1.44305625e+10 
 2.65000000e-01  1.45244391e+10 
 2.66000000e-01  1.46179716e+10 
 2.67000000e-01  1.47111514e+10 
 2.68000000e-01  1.48039700e+10 
 2.69000000e-01  1.48964192e+10 
 2.70000000e-01  1.49884910e+10 
 2.71000000e-01  1.50801776e+10 
 2.72000000e-01  1.51714716e+10 
 2.73000000e-01  1.52623657e+10 
 2.74000000e-01  1.53528528e+10 
 2.75000000e-01  1.54429262e+10 
 2.76000000e-01  1.55325792e+10 
 2.77000000e-01  1.56218055e+10 
 2.78000000e-01  1.57105990e+10 
 2.79000000e-01  1.57989539e+10 
 2.80000000e-01  1.58868646e+10 
 2.81000000e-01  1.59743256e+10 
 2.82000000e-01  1.60613319e+10 
 2.83000000e-01  1.61478785e+10 
 2.84000000e-01  1.62339608e+10 
 2.85000000e-01  1.63195743e+10 
 2.86000000e-01  1.64047148e+10 
 2.87000000e-01  1.64893784e+10 
 2.88000000e-01  1.65735612e+10 
 2.89000000e-01  1.66572598e+10 
 2.90000000e-01  1.67404709e+10 
 2.91000000e-01  1.68231913e+10 
 2.92000000e-01  1.69054182e+10 
 2.93000000e-01  1.69871489e+10 
 2.94000000e-01  1.70683810e+10 
 2.95000000e-01  1.71491121e+10 
 2.96000000e-01  1.72293404e+10 
 2.97000000e-01  1.73090639e+10 
 2.98000000e-01  1.73882808e+10 
 2.99000000e-01  1.74669899e+10 
 3.00000000e-01  1.75451897e+10 
 3.01000000e-01  1.76228791e+10 
 3.02000000e-01  1.77000572e+10 
 3.03000000e-01  1.77767232e+10 
 3.04000000e-01  1.78528764e+10 
 3.05000000e-01  1.79285165e+10 
 3.06000000e-01  1.80036430e+10 
 3.07000000e-01  1.80782558e+10 
 3.08000000e-01  1.81523549e+10 
 3.09000000e-01  1.82259403e+10 
 3.10000000e-01  1.82990122e+10 
 3.11000000e-01  1.83715711e+10 
 3.12000000e-01  1.84436173e+10 
 3.13000000e-01  1.85151514e+10 
 3.14000000e-01  1.85861741e+10 
 3.15000000e-01  1.86566860e+10 
 3.16000000e-01  1.87266882e+10 
 3.17000000e-01  1.87961814e+10 
 3.18000000e-01  1.88651667e+10 
 3.19000000e-01  1.89336451e+10 
 3.20000000e-01  1.90016178e+10 
 3.21000000e-01  1.90690860e+10 
 3.22000000e-01  1.91360509e+10 
 3.23000000e-01  1.92025137e+10 
 3.24000000e-01  1.92684758e+10 
 3.25000000e-01  1.93339386e+10 
 3.26000000e-01  1.93989035e+10 
 3.27000000e-01  1.94633717e+10 
 3.28000000e-01  1.95273447e+10 
 3.29000000e-01  1.95908240e+10 
 3.30000000e-01  1.96538110e+10 
 3.31000000e-01  1.97163069e+10 
 3.32000000e-01  1.97783134e+10 
 3.33000000e-01  1.98398317e+10 
 3.34000000e-01  1.99008631e+10 
 3.35000000e-01  1.99614091e+10 
 3.36000000e-01  2.00214710e+10 
 3.37000000e-01  2.00810499e+10 
 3.38000000e-01  2.01401471e+10 
 3.39000000e-01  2.01987638e+10 
 3.40000000e-01  2.02569012e+10 
 3.41000000e-01  2.03145601e+10 
 3.42000000e-01  2.03717418e+10 
 3.43000000e-01  2.04284470e+10 
 3.44000000e-01  2.04846768e+10 
 3.45000000e-01  2.05404317e+10 
 3.46000000e-01  2.05957127e+10 
 3.47000000e-01  2.06505202e+10 
 3.48000000e-01  2.07048549e+10 
 3.49000000e-01  2.07587172e+10 
 3.50000000e-01  2.08121075e+10 
 3.51000000e-01  2.08650261e+10 
 3.52000000e-01  2.09174730e+10 
 3.53000000e-01  2.09694485e+10 
 3.54000000e-01  2.10209525e+10 
 3.55000000e-01  2.10719848e+10 
 3.56000000e-01  2.11225453e+10 
 3.57000000e-01  2.11726335e+10 
 3.58000000e-01  2.12222491e+10 
 3.59000000e-01  2.12713915e+10 
 3.60000000e-01  2.13200599e+10 
 3.61000000e-01  2.13682537e+10 
 3.62000000e-01  2.14159719e+10 
 3.63000000e-01  2.14632135e+10 
 3.64000000e-01  2.15099774e+10 
 3.65000000e-01  2.15562624e+10 
 3.66000000e-01  2.16020670e+10 
 3.67000000e-01  2.16473899e+10 
 3.68000000e-01  2.16922294e+10 
 3.69000000e-01  2.17365838e+10 
 3.70000000e-01  2.17804515e+10 
 3.71000000e-01  2.18238303e+10 
 3.72000000e-01  2.18667183e+10 
 3.73000000e-01  2.19091134e+10 
 3.74000000e-01  2.19510133e+10 
 3.75000000e-01  2.19924157e+10 
 3.76000000e-01  2.20333181e+10 
 3.77000000e-01  2.20737180e+10 
 3.78000000e-01  2.21136127e+10 
 3.79000000e-01  2.21529995e+10 
 3.80000000e-01  2.21918755e+10 
 3.81000000e-01  2.22302378e+10 
 3.82000000e-01  2.22680835e+10 
 3.83000000e-01  2.23054093e+10 
 3.84000000e-01  2.23422121e+10 
 3.85000000e-01  2.23784887e+10 
 3.86000000e-01  2.24142357e+10 
 3.87000000e-01  2.24494497e+10 
 3.88000000e-01  2.24841272e+10 
 3.89000000e-01  2.25182648e+10 
 3.90000000e-01  2.25518588e+10 
 3.91000000e-01  2.25849055e+10 
 3.92000000e-01  2.26174014e+10 
 3.93000000e-01  2.26493426e+10 
 3.94000000e-01  2.26807253e+10 
 3.95000000e-01  2.27115458e+10 
 3.96000000e-01  2.27418002e+10 
 3.97000000e-01  2.27714847e+10 
 3.98000000e-01  2.28005953e+10 
 3.99000000e-01  2.28291281e+10 
 4.00000000e-01  2.28570792e+10 
 4.01000000e-01  2.28844447e+10 
 4.02000000e-01  2.29112207e+10 
 4.03000000e-01  2.29374032e+10 
 4.04000000e-01  2.29629883e+10 
 4.05000000e-01  2.29879721e+10 
 4.06000000e-01  2.30123508e+10 
 4.07000000e-01  2.30361205e+10 
 4.08000000e-01  2.30592773e+10 
 4.09000000e-01  2.30818175e+10 
 4.10000000e-01  2.31037374e+10 
 4.11000000e-01  2.31250332e+10 
 4.12000000e-01  2.31457013e+10 
 4.13000000e-01  2.31657381e+10 
 4.14000000e-01  2.31851401e+10 
 4.15000000e-01  2.32039038e+10 
 4.16000000e-01  2.32220259e+10 
 4.17000000e-01  2.32395030e+10 
 4.18000000e-01  2.32563319e+10 
 4.19000000e-01  2.32725095e+10 
 4.20000000e-01  2.32880328e+10 
 4.21000000e-01  2.33028987e+10 
 4.22000000e-01  2.33171045e+10 
 4.23000000e-01  2.33306475e+10 
 4.24000000e-01  2.33435250e+10 
 4.25000000e-01  2.33557345e+10 
 4.26000000e-01  2.33672736e+10 
 4.27000000e-01  2.33781401e+10 
 4.28000000e-01  2.33883318e+10 
 4.29000000e-01  2.33978468e+10 
 4.30000000e-01  2.34066833e+10 
 4.31000000e-01  2.34148394e+10 
 4.32000000e-01  2.34223136e+10 
 4.33000000e-01  2.34291046e+10 
 4.34000000e-01  2.34352110e+10 
 4.35000000e-01  2.34406317e+10 
 4.36000000e-01  2.34453658e+10 
 4.37000000e-01  2.34494125e+10 
 4.38000000e-01  2.34527711e+10 
 4.39000000e-01  2.34554412e+10 
 4.40000000e-01  2.34574226e+10 
 4.41000000e-01  2.34587150e+10 
 4.42000000e-01  2.34593186e+10 
 4.43000000e-01  2.34592335e+10 
 4.44000000e-01  2.34584602e+10 
 4.45000000e-01  2.34569993e+10 
 4.46000000e-01  2.34548514e+10 
 4.47000000e-01  2.34520177e+10 
 4.48000000e-01  2.34484991e+10 
 4.49000000e-01  2.34442970e+10 
 4.50000000e-01  2.34394130e+10 
 4.51000000e-01  2.34338486e+10 
 4.52000000e-01  2.34276057e+10 
 4.53000000e-01  2.34206865e+10 
 4.54000000e-01  2.34130931e+10 
 4.55000000e-01  2.34048279e+10 
 4.56000000e-01  2.33958937e+10 
 4.57000000e-01  2.33862930e+10 
 4.58000000e-01  2.33760291e+10 
 4.59000000e-01  2.33651048e+10 
 4.60000000e-01  2.33535238e+10 
 4.61000000e-01  2.33412893e+10 
 4.62000000e-01  2.33284053e+10 
 4.63000000e-01  2.33148754e+10 
 4.64000000e-01  2.33007038e+10 
 4.65000000e-01  2.32858948e+10 
 4.66000000e-01  2.32704526e+10 
 4.67000000e-01  2.32543820e+10 
 4.68000000e-01  2.32376875e+10 
 4.69000000e-01  2.32203742e+10 
 4.70000000e-01  2.32024471e+10 
 4.71000000e-01  2.31839114e+10 
 4.72000000e-01  2.31647726e+10 
 4.73000000e-01  2.31450361e+10 
 4.74000000e-01  2.31247077e+10 
 4.75000000e-01  2.31037932e+10 
 4.76000000e-01  2.30822986e+10 
 4.77000000e-01  2.30602300e+10 
 4.78000000e-01  2.30375938e+10 
 4.79000000e-01  2.30143963e+10 
 4.80000000e-01  2.29906441e+10 
 4.81000000e-01  2.29663438e+10 
 4.82000000e-01  2.29415022e+10 
 4.83000000e-01  2.29161263e+10 
 4.84000000e-01  2.28902232e+10 
 4.85000000e-01  2.28637998e+10 
 4.86000000e-01  2.28368636e+10 
 4.87000000e-01  2.28094219e+10 
 4.88000000e-01  2.27814821e+10 
 4.89000000e-01  2.27530518e+10 
 4.90000000e-01  2.27241387e+10 
 4.91000000e-01  2.26947505e+10 
 4.92000000e-01  2.26648950e+10 
 4.93000000e-01  2.26345802e+10 
 4.94000000e-01  2.26038141e+10 
 4.95000000e-01  2.25726046e+10 
 4.96000000e-01  2.25409600e+10 
 4.97000000e-01  2.25088885e+10 
 4.98000000e-01  2.24763982e+10 
 4.99000000e-01  2.24434975e+10 
 5.00000000e-01  2.24101947e+10 
 5.01000000e-01  2.23764983e+10 
 5.02000000e-01  2.23424167e+10 
 5.03000000e-01  2.23079584e+10 
 5.04000000e-01  2.22731319e+10 
 5.05000000e-01  2.22379457e+10 
 5.06000000e-01  2.22024084e+10 
 5.07000000e-01  2.21665287e+10 
 5.08000000e-01  2.21303150e+10 
 5.09000000e-01  2.20937762e+10 
 5.10000000e-01  2.20569207e+10 
 5.11000000e-01  2.20197572e+10 
 5.12000000e-01  2.19822944e+10 
 5.13000000e-01  2.19445409e+10 
 5.14000000e-01  2.19065053e+10 
 5.15000000e-01  2.18681963e+10 
 5.16000000e-01  2.18296224e+10 
 5.17000000e-01  2.17907923e+10 
 5.18000000e-01  2.17517146e+10 
 5.19000000e-01  2.17123977e+10 
 5.20000000e-01  2.16728502e+10 
 5.21000000e-01  2.16330807e+10 
 5.22000000e-01  2.15930974e+10 
 5.23000000e-01  2.15529090e+10 
 5.24000000e-01  2.15125237e+10 
 5.25000000e-01  2.14719499e+10 
 5.26000000e-01  2.14311959e+10 
 5.27000000e-01  2.13902699e+10 
 5.28000000e-01  2.13491802e+10 
 5.29000000e-01  2.13079348e+10 
 5.30000000e-01  2.12665418e+10 
 5.31000000e-01  2.12250093e+10 
 5.32000000e-01  2.11833452e+10 
 5.33000000e-01  2.11415575e+10 
 5.34000000e-01  2.10996539e+10 
 5.35000000e-01  2.10576421e+10 
 5.36000000e-01  2.10155300e+10 
 5.37000000e-01  2.09733252e+10 
 5.38000000e-01  2.09310350e+10 
 5.39000000e-01  2.08886671e+10 
 5.40000000e-01  2.08462289e+10 
 5.41000000e-01  2.08037275e+10 
 5.42000000e-01  2.07611704e+10 
 5.43000000e-01  2.07185645e+10 
 5.44000000e-01  2.06759170e+10 
 5.45000000e-01  2.06332348e+10 
 5.46000000e-01  2.05905249e+10 
 5.47000000e-01  2.05477940e+10 
 5.48000000e-01  2.05050488e+10 
 5.49000000e-01  2.04622960e+10 
 5.50000000e-01  2.04195421e+10 
 5.51000000e-01  2.03767936e+10 
 5.52000000e-01  2.03340567e+10 
 5.53000000e-01  2.02913377e+10 
 5.54000000e-01  2.02486428e+10 
 5.55000000e-01  2.02059781e+10 
 5.56000000e-01  2.01633494e+10 
 5.57000000e-01  2.01207627e+10 
 5.58000000e-01  2.00782238e+10 
 5.59000000e-01  2.00357383e+10 
 5.60000000e-01  1.99933118e+10 
 5.61000000e-01  1.99509497e+10 
 5.62000000e-01  1.99086576e+10 
 5.63000000e-01  1.98664405e+10 
 5.64000000e-01  1.98243038e+10 
 5.65000000e-01  1.97822525e+10 
 5.66000000e-01  1.97402916e+10 
 5.67000000e-01  1.96984259e+10 
 5.68000000e-01  1.96566604e+10 
 5.69000000e-01  1.96149996e+10 
 5.70000000e-01  1.95734483e+10 
 5.71000000e-01  1.95320108e+10 
 5.72000000e-01  1.94906916e+10 
 5.73000000e-01  1.94494950e+10 
 5.74000000e-01  1.94084251e+10 
 5.75000000e-01  1.93674863e+10 
 5.76000000e-01  1.93266823e+10 
 5.77000000e-01  1.92860172e+10 
 5.78000000e-01  1.92454949e+10 
 5.79000000e-01  1.92051189e+10 
 5.80000000e-01  1.91648931e+10 
 5.81000000e-01  1.91248209e+10 
 5.82000000e-01  1.90849058e+10 
 5.83000000e-01  1.90451512e+10 
 5.84000000e-01  1.90055603e+10 
 5.85000000e-01  1.89661364e+10 
 5.86000000e-01  1.89268825e+10 
 5.87000000e-01  1.88878017e+10 
 5.88000000e-01  1.88488969e+10 
 5.89000000e-01  1.88101709e+10 
 5.90000000e-01  1.87716266e+10 
 5.91000000e-01  1.87332665e+10 
 5.92000000e-01  1.86950932e+10 
 5.93000000e-01  1.86571094e+10 
 5.94000000e-01  1.86193173e+10 
 5.95000000e-01  1.85817194e+10 
 5.96000000e-01  1.85443179e+10 
 5.97000000e-01  1.85071149e+10 
 5.98000000e-01  1.84701127e+10 
 5.99000000e-01  1.84333132e+10 
 6.00000000e-01  1.83967185e+10 
 6.01000000e-01  1.83603303e+10 
 6.02000000e-01  1.83241504e+10 
 6.03000000e-01  1.82881808e+10 
 6.04000000e-01  1.82524229e+10 
 6.05000000e-01  1.82168783e+10 
 6.06000000e-01  1.81815487e+10 
 6.07000000e-01  1.81464355e+10 
 6.08000000e-01  1.81115400e+10 
 6.09000000e-01  1.80768636e+10 
 6.10000000e-01  1.80424076e+10 
 6.11000000e-01  1.80081731e+10 
 6.12000000e-01  1.79741612e+10 
 6.13000000e-01  1.79403731e+10 
 6.14000000e-01  1.79068097e+10 
 6.15000000e-01  1.78734720e+10 
 6.16000000e-01  1.78403609e+10 
 6.17000000e-01  1.78074772e+10 
 6.18000000e-01  1.77748217e+10 
 6.19000000e-01  1.77423951e+10 
 6.20000000e-01  1.77101981e+10 
 6.21000000e-01  1.76782312e+10 
 6.22000000e-01  1.76464951e+10 
 6.23000000e-01  1.76149902e+10 
 6.24000000e-01  1.75837170e+10 
 6.25000000e-01  1.75526759e+10 
 6.26000000e-01  1.75218673e+10 
 6.27000000e-01  1.74912914e+10 
 6.28000000e-01  1.74609485e+10 
 6.29000000e-01  1.74308389e+10 
 6.30000000e-01  1.74009628e+10 
 6.31000000e-01  1.73713201e+10 
 6.32000000e-01  1.73419111e+10 
 6.33000000e-01  1.73127357e+10 
 6.34000000e-01  1.72837941e+10 
 6.35000000e-01  1.72550860e+10 
 6.36000000e-01  1.72266115e+10 
 6.37000000e-01  1.71983704e+10 
 6.38000000e-01  1.71703627e+10 
 6.39000000e-01  1.71425880e+10 
 6.40000000e-01  1.71150461e+10 
 6.41000000e-01  1.70877369e+10 
 6.42000000e-01  1.70606600e+10 
 6.43000000e-01  1.70338150e+10 
 6.44000000e-01  1.70072017e+10 
 6.45000000e-01  1.69808196e+10 
 6.46000000e-01  1.69546683e+10 
 6.47000000e-01  1.69287473e+10 
 6.48000000e-01  1.69030563e+10 
 6.49000000e-01  1.68775945e+10 
 6.50000000e-01  1.68523616e+10 
 6.51000000e-01  1.68273569e+10 
 6.52000000e-01  1.68025799e+10 
 6.53000000e-01  1.67780299e+10 
 6.54000000e-01  1.67537063e+10 
 6.55000000e-01  1.67296084e+10 
 6.56000000e-01  1.67057356e+10 
 6.57000000e-01  1.66820871e+10 
 6.58000000e-01  1.66586622e+10 
 6.59000000e-01  1.66354601e+10 
 6.60000000e-01  1.66124800e+10 
 6.61000000e-01  1.65897213e+10 
 6.62000000e-01  1.65671829e+10 
 6.63000000e-01  1.65448642e+10 
 6.64000000e-01  1.65227643e+10 
 6.65000000e-01  1.65008822e+10 
 6.66000000e-01  1.64792171e+10 
 6.67000000e-01  1.64577681e+10 
 6.68000000e-01  1.64365342e+10 
 6.69000000e-01  1.64155146e+10 
 6.70000000e-01  1.63947082e+10 
 6.71000000e-01  1.63741142e+10 
 6.72000000e-01  1.63537315e+10 
 6.73000000e-01  1.63335591e+10 
 6.74000000e-01  1.63135961e+10 
 6.75000000e-01  1.62938414e+10 
 6.76000000e-01  1.62742939e+10 
 6.77000000e-01  1.62549527e+10 
 6.78000000e-01  1.62358167e+10 
 6.79000000e-01  1.62168848e+10 
 6.80000000e-01  1.61981559e+10 
 6.81000000e-01  1.61796291e+10 
 6.82000000e-01  1.61613030e+10 
 6.83000000e-01  1.61431768e+10 
 6.84000000e-01  1.61252492e+10 
 6.85000000e-01  1.61075192e+10 
 6.86000000e-01  1.60899856e+10 
 6.87000000e-01  1.60726473e+10 
 6.88000000e-01  1.60555031e+10 
 6.89000000e-01  1.60385519e+10 
 6.90000000e-01  1.60217926e+10 
 6.91000000e-01  1.60052240e+10 
 6.92000000e-01  1.59888449e+10 
 6.93000000e-01  1.59726542e+10 
 6.94000000e-01  1.59566506e+10 
 6.95000000e-01  1.59408331e+10 
 6.96000000e-01  1.59252004e+10 
 6.97000000e-01  1.59097513e+10 
 6.98000000e-01  1.58944847e+10 
 6.99000000e-01  1.58793994e+10 
 7.00000000e-01  1.58644941e+10 
 7.01000000e-01  1.58497677e+10 
 7.02000000e-01  1.58352190e+10 
 7.03000000e-01  1.58208467e+10 
 7.04000000e-01  1.58066497e+10 
 7.05000000e-01  1.57926267e+10 
 7.06000000e-01  1.57787766e+10 
 7.07000000e-01  1.57650981e+10 
 7.08000000e-01  1.57515901e+10 
 7.09000000e-01  1.57382512e+10 
 7.10000000e-01  1.57250804e+10 
 7.11000000e-01  1.57120764e+10 
 7.12000000e-01  1.56992379e+10 
 7.13000000e-01  1.56865638e+10 
 7.14000000e-01  1.56740528e+10 
 7.15000000e-01  1.56617038e+10 
 7.16000000e-01  1.56495156e+10 
 7.17000000e-01  1.56374868e+10 
 7.18000000e-01  1.56256164e+10 
 7.19000000e-01  1.56139031e+10 
 7.20000000e-01  1.56023456e+10 
 7.21000000e-01  1.55909429e+10 
 7.22000000e-01  1.55796936e+10 
 7.23000000e-01  1.55685966e+10 
 7.24000000e-01  1.55576508e+10 
 7.25000000e-01  1.55468548e+10 
 7.26000000e-01  1.55362075e+10 
 7.27000000e-01  1.55257076e+10 
 7.28000000e-01  1.55153541e+10 
 7.29000000e-01  1.55051458e+10 
 7.30000000e-01  1.54950813e+10 
 7.31000000e-01  1.54851596e+10 
 7.32000000e-01  1.54753795e+10 
 7.33000000e-01  1.54657397e+10 
 7.34000000e-01  1.54562392e+10 
 7.35000000e-01  1.54468767e+10 
 7.36000000e-01  1.54376511e+10 
 7.37000000e-01  1.54285612e+10 
 7.38000000e-01  1.54196059e+10 
 7.39000000e-01  1.54107840e+10 
 7.40000000e-01  1.54020943e+10 
 7.41000000e-01  1.53935357e+10 
 7.42000000e-01  1.53851070e+10 
 7.43000000e-01  1.53768071e+10 
 7.44000000e-01  1.53686350e+10 
 7.45000000e-01  1.53605893e+10 
 7.46000000e-01  1.53526690e+10 
 7.47000000e-01  1.53448731e+10 
 7.48000000e-01  1.53372002e+10 
 7.49000000e-01  1.53296495e+10 
 7.50000000e-01  1.53222196e+10 
 7.51000000e-01  1.53149096e+10 
 7.52000000e-01  1.53077182e+10 
 7.53000000e-01  1.53006445e+10 
 7.54000000e-01  1.52936873e+10 
 7.55000000e-01  1.52868456e+10 
 7.56000000e-01  1.52801181e+10 
 7.57000000e-01  1.52735040e+10 
 7.58000000e-01  1.52670020e+10 
 7.59000000e-01  1.52606111e+10 
 7.60000000e-01  1.52543303e+10 
 7.61000000e-01  1.52481585e+10 
 7.62000000e-01  1.52420946e+10 
 7.63000000e-01  1.52361375e+10 
 7.64000000e-01  1.52302863e+10 
 7.65000000e-01  1.52245399e+10 
 7.66000000e-01  1.52188973e+10 
 7.67000000e-01  1.52133573e+10 
 7.68000000e-01  1.52079191e+10 
 7.69000000e-01  1.52025815e+10 
 7.70000000e-01  1.51973436e+10 
 7.71000000e-01  1.51922043e+10 
 7.72000000e-01  1.51871626e+10 
 7.73000000e-01  1.51822176e+10 
 7.74000000e-01  1.51773682e+10 
 7.75000000e-01  1.51726134e+10 
 7.76000000e-01  1.51679523e+10 
 7.77000000e-01  1.51633839e+10 
 7.78000000e-01  1.51589072e+10 
 7.79000000e-01  1.51545212e+10 
 7.80000000e-01  1.51502249e+10 
 7.81000000e-01  1.51460175e+10 
 7.82000000e-01  1.51418979e+10 
 7.83000000e-01  1.51378652e+10 
 7.84000000e-01  1.51339185e+10 
 7.85000000e-01  1.51300567e+10 
 7.86000000e-01  1.51262791e+10 
 7.87000000e-01  1.51225845e+10 
 7.88000000e-01  1.51189722e+10 
 7.89000000e-01  1.51154412e+10 
 7.90000000e-01  1.51119906e+10 
 7.91000000e-01  1.51086195e+10 
 7.92000000e-01  1.51053269e+10 
 7.93000000e-01  1.51021120e+10 
 7.94000000e-01  1.50989739e+10 
 7.95000000e-01  1.50959117e+10 
 7.96000000e-01  1.50929245e+10 
 7.97000000e-01  1.50900114e+10 
 7.98000000e-01  1.50871716e+10 
 7.99000000e-01  1.50844042e+10 
 8.00000000e-01  1.50817083e+10 
 8.01000000e-01  1.50790830e+10 
 8.02000000e-01  1.50765276e+10 
 8.03000000e-01  1.50740411e+10 
 8.04000000e-01  1.50716228e+10 
 8.05000000e-01  1.50692718e+10 
 8.06000000e-01  1.50669872e+10 
 8.07000000e-01  1.50647682e+10 
 8.08000000e-01  1.50626140e+10 
 8.09000000e-01  1.50605239e+10 
 8.10000000e-01  1.50584968e+10 
 8.11000000e-01  1.50565322e+10 
 8.12000000e-01  1.50546291e+10 
 8.13000000e-01  1.50527868e+10 
 8.14000000e-01  1.50510044e+10 
 8.15000000e-01  1.50492812e+10 
 8.16000000e-01  1.50476164e+10 
 8.17000000e-01  1.50460092e+10 
 8.18000000e-01  1.50444589e+10 
 8.19000000e-01  1.50429646e+10 
 8.20000000e-01  1.50415256e+10 
 8.21000000e-01  1.50401412e+10 
 8.22000000e-01  1.50388106e+10 
 8.23000000e-01  1.50375330e+10 
 8.24000000e-01  1.50363076e+10 
 8.25000000e-01  1.50351339e+10 
 8.26000000e-01  1.50340109e+10 
 8.27000000e-01  1.50329381e+10 
 8.28000000e-01  1.50319146e+10 
 8.29000000e-01  1.50309397e+10 
 8.30000000e-01  1.50300127e+10 
 8.31000000e-01  1.50291329e+10 
 8.32000000e-01  1.50282996e+10 
 8.33000000e-01  1.50275121e+10 
 8.34000000e-01  1.50267697e+10 
 8.35000000e-01  1.50260717e+10 
 8.36000000e-01  1.50254173e+10 
 8.37000000e-01  1.50248060e+10 
 8.38000000e-01  1.50242369e+10 
 8.39000000e-01  1.50237095e+10 
 8.40000000e-01  1.50232231e+10 
 8.41000000e-01  1.50227770e+10 
 8.42000000e-01  1.50223705e+10 
 8.43000000e-01  1.50220030e+10 
 8.44000000e-01  1.50216738e+10 
 8.45000000e-01  1.50213822e+10 
 8.46000000e-01  1.50211277e+10 
 8.47000000e-01  1.50209095e+10 
 8.48000000e-01  1.50207270e+10 
 8.49000000e-01  1.50205796e+10 
 8.50000000e-01  1.50204667e+10 
 8.51000000e-01  1.50203876e+10 
 8.52000000e-01  1.50203417e+10 
 8.53000000e-01  1.50203283e+10 
 8.54000000e-01  1.50203469e+10 
 8.55000000e-01  1.50203969e+10 
 8.56000000e-01  1.50204776e+10 
 8.57000000e-01  1.50205884e+10 
 8.58000000e-01  1.50207288e+10 
 8.59000000e-01  1.50208981e+10 
 8.60000000e-01  1.50210957e+10 
 8.61000000e-01  1.50213211e+10 
 8.62000000e-01  1.50215736e+10 
 8.63000000e-01  1.50218527e+10 
 8.64000000e-01  1.50221579e+10 
 8.65000000e-01  1.50224884e+10 
 8.66000000e-01  1.50228438e+10 
 8.67000000e-01  1.50232235e+10 
 8.68000000e-01  1.50236269e+10 
 8.69000000e-01  1.50240535e+10 
 8.70000000e-01  1.50245027e+10 
 8.71000000e-01  1.50249740e+10 
 8.72000000e-01  1.50254667e+10 
 8.73000000e-01  1.50259804e+10 
 8.74000000e-01  1.50265145e+10 
 8.75000000e-01  1.50270686e+10 
 8.76000000e-01  1.50276419e+10 
 8.77000000e-01  1.50282341e+10 
 8.78000000e-01  1.50288445e+10 
 8.79000000e-01  1.50294727e+10 
 8.80000000e-01  1.50301181e+10 
 8.81000000e-01  1.50307803e+10 
 8.82000000e-01  1.50314586e+10 
 8.83000000e-01  1.50321527e+10 
 8.84000000e-01  1.50328619e+10 
 8.85000000e-01  1.50335858e+10 
 8.86000000e-01  1.50343239e+10 
 8.87000000e-01  1.50350756e+10 
 8.88000000e-01  1.50358405e+10 
 8.89000000e-01  1.50366181e+10 
 8.90000000e-01  1.50374080e+10 
 8.91000000e-01  1.50382095e+10 
 8.92000000e-01  1.50390222e+10 
 8.93000000e-01  1.50398457e+10 
 8.94000000e-01  1.50406795e+10 
 8.95000000e-01  1.50415231e+10 
 8.96000000e-01  1.50423760e+10 
 8.97000000e-01  1.50432378e+10 
 8.98000000e-01  1.50441079e+10 
 8.99000000e-01  1.50449860e+10 
 9.00000000e-01  1.50458716e+10 
 9.01000000e-01  1.50467642e+10 
 9.02000000e-01  1.50476634e+10 
 9.03000000e-01  1.50485686e+10 
 9.04000000e-01  1.50494796e+10 
 9.05000000e-01  1.50503958e+10 
 9.06000000e-01  1.50513168e+10 
 9.07000000e-01  1.50522421e+10 
 9.08000000e-01  1.50531713e+10 
 9.09000000e-01  1.50541040e+10 
 9.10000000e-01  1.50550398e+10 
 9.11000000e-01  1.50559782e+10 
 9.12000000e-01  1.50569188e+10 
 9.13000000e-01  1.50578611e+10 
 9.14000000e-01  1.50588049e+10 
 9.15000000e-01  1.50597495e+10 
 9.16000000e-01  1.50606947e+10 
 9.17000000e-01  1.50616400e+10 
 9.18000000e-01  1.50625851e+10 
 9.19000000e-01  1.50635294e+10 
 9.20000000e-01  1.50644726e+10 
 9.21000000e-01  1.50654143e+10 
 9.22000000e-01  1.50663542e+10 
 9.23000000e-01  1.50672917e+10 
 9.24000000e-01  1.50682265e+10 
 9.25000000e-01  1.50691583e+10 
 9.26000000e-01  1.50700866e+10 
 9.27000000e-01  1.50710111e+10 
 9.28000000e-01  1.50719313e+10 
 9.29000000e-01  1.50728469e+10 
 9.30000000e-01  1.50737575e+10 
 9.31000000e-01  1.50746628e+10 
 9.32000000e-01  1.50755623e+10 
 9.33000000e-01  1.50764557e+10 
 9.34000000e-01  1.50773427e+10 
 9.35000000e-01  1.50782227e+10 
 9.36000000e-01  1.50790956e+10 
 9.37000000e-01  1.50799609e+10 
 9.38000000e-01  1.50808183e+10 
 9.39000000e-01  1.50816674e+10 
 9.40000000e-01  1.50825079e+10 
 9.41000000e-01  1.50833393e+10 
 9.42000000e-01  1.50841615e+10 
 9.43000000e-01  1.50849739e+10 
 9.44000000e-01  1.50857763e+10 
 9.45000000e-01  1.50865683e+10 
 9.46000000e-01  1.50873496e+10 
 9.47000000e-01  1.50881199e+10 
 9.48000000e-01  1.50888788e+10 
 9.49000000e-01  1.50896259e+10 
 9.50000000e-01  1.50903610e+10 
 9.51000000e-01  1.50910836e+10 
 9.52000000e-01  1.50917936e+10 
 9.53000000e-01  1.50924905e+10 
 9.54000000e-01  1.50931741e+10 
 9.55000000e-01  1.50938440e+10 
 9.56000000e-01  1.50944998e+10 
 9.57000000e-01  1.50951413e+10 
 9.58000000e-01  1.50957682e+10 
 9.59000000e-01  1.50963802e+10 
 9.60000000e-01  1.50969768e+10 
 9.61000000e-01  1.50975579e+10 
 9.62000000e-01  1.50981231e+10 
 9.63000000e-01  1.50986722e+10 
 9.64000000e-01  1.50992047e+10 
 9.65000000e-01  1.50997204e+10 
 9.66000000e-01  1.51002191e+10 
 9.67000000e-01  1.51007003e+10 
 9.68000000e-01  1.51011639e+10 
 9.69000000e-01  1.51016095e+10 
 9.70000000e-01  1.51020368e+10 
 9.71000000e-01  1.51024456e+10 
 9.72000000e-01  1.51028355e+10 
 9.73000000e-01  1.51032062e+10 
 9.74000000e-01  1.51035576e+10 
 9.75000000e-01  1.51038892e+10 
 9.76000000e-01  1.51042009e+10 
 9.77000000e-01  1.51044923e+10 
 9.78000000e-01  1.51047632e+10 
 9.79000000e-01  1.51050132e+10 
 9.80000000e-01  1.51052422e+10 
 9.81000000e-01  1.51054498e+10 
 9.82000000e-01  1.51056358e+10 
 9.83000000e-01  1.51057999e+10 
 9.84000000e-01  1.51059418e+10 
 9.85000000e-01  1.51060613e+10 
 9.86000000e-01  1.51061581e+10 
 9.87000000e-01  1.51062319e+10 
 9.88000000e-01  1.51062826e+10 
 9.89000000e-01  1.51063098e+10 
 9.90000000e-01  1.51063132e+10 
 9.91000000e-01  1.51062927e+10 
 9.92000000e-01  1.51062480e+10 
 9.93000000e-01  1.51061787e+10 
 9.94000000e-01  1.51060848e+10 
 9.95000000e-01  1.51059658e+10 
 9.96000000e-01  1.51058217e+10 
 9.97000000e-01  1.51056521e+10 
 9.98000000e-01  1.51054568e+10 
 9.99000000e-01  1.51052355e+10 
 1.00000000e+00  1.51049880e+10 
 1.00100000e+00  1.51047141e+10 
 1.00200000e+00  1.51044136e+10 
 1.00300000e+00  1.51040861e+10 
 1.00400000e+00  1.51037316e+10 
 1.00500000e+00  1.51033496e+10 
 1.00600000e+00  1.51029401e+10 
 1.00700000e+00  1.51025028e+10 
 1.00800000e+00  1.51020374e+10 
 1.00900000e+00  1.51015437e+10 
 1.01000000e+00  1.51010216e+10 
 1.01100000e+00  1.51004707e+10 
 1.01200000e+00  1.50998909e+10 
 1.01300000e+00  1.50992820e+10 
 1.01400000e+00  1.50986437e+10 
 1.01500000e+00  1.50979758e+10 
 1.01600000e+00  1.50972781e+10 
 1.01700000e+00  1.50965504e+10 
 1.01800000e+00  1.50957924e+10 
 1.01900000e+00  1.50950041e+10 
 1.02000000e+00  1.50941851e+10 
 1.02100000e+00  1.50933352e+10 
 1.02200000e+00  1.50924543e+10 
 1.02300000e+00  1.50915421e+10 
 1.02400000e+00  1.50905985e+10 
 1.02500000e+00  1.50896232e+10 
 1.02600000e+00  1.50886160e+10 
 1.02700000e+00  1.50875768e+10 
 1.02800000e+00  1.50865054e+10 
 1.02900000e+00  1.50854015e+10 
 1.03000000e+00  1.50842649e+10 
 1.03100000e+00  1.50830955e+10 
 1.03200000e+00  1.50818931e+10 
 1.03300000e+00  1.50806574e+10 
 1.03400000e+00  1.50793884e+10 
 1.03500000e+00  1.50780857e+10 
 1.03600000e+00  1.50767493e+10 
 1.03700000e+00  1.50753789e+10 
 1.03800000e+00  1.50739744e+10 
 1.03900000e+00  1.50725356e+10 
 1.04000000e+00  1.50710622e+10 
 1.04100000e+00  1.50695542e+10 
 1.04200000e+00  1.50680113e+10 
 1.04300000e+00  1.50664333e+10 
 1.04400000e+00  1.50648202e+10 
 1.04500000e+00  1.50631716e+10 
 1.04600000e+00  1.50614875e+10 
 1.04700000e+00  1.50597677e+10 
 1.04800000e+00  1.50580120e+10 
 1.04900000e+00  1.50562202e+10 
 1.05000000e+00  1.50543922e+10 
 1.05100000e+00  1.50525278e+10 
 1.05200000e+00  1.50506268e+10 
 1.05300000e+00  1.50486891e+10 
 1.05400000e+00  1.50467145e+10 
 1.05500000e+00  1.50447028e+10 
 1.05600000e+00  1.50426540e+10 
 1.05700000e+00  1.50405678e+10 
 1.05800000e+00  1.50384441e+10 
 1.05900000e+00  1.50362827e+10 
 1.06000000e+00  1.50340835e+10 
 1.06100000e+00  1.50318463e+10 
 1.06200000e+00  1.50295709e+10 
 1.06300000e+00  1.50272573e+10 
 1.06400000e+00  1.50249053e+10 
 1.06500000e+00  1.50225146e+10 
 1.06600000e+00  1.50200853e+10 
 1.06700000e+00  1.50176171e+10 
 1.06800000e+00  1.50151098e+10 
 1.06900000e+00  1.50125634e+10 
 1.07000000e+00  1.50099778e+10 
 1.07100000e+00  1.50073526e+10 
 1.07200000e+00  1.50046879e+10 
 1.07300000e+00  1.50019835e+10 
 1.07400000e+00  1.49992393e+10 
 1.07500000e+00  1.49964550e+10 
 1.07600000e+00  1.49936307e+10 
 1.07700000e+00  1.49907660e+10 
 1.07800000e+00  1.49878610e+10 
 1.07900000e+00  1.49849155e+10 
 1.08000000e+00  1.49819294e+10 
 1.08100000e+00  1.49789024e+10 
 1.08200000e+00  1.49758346e+10 
 1.08300000e+00  1.49727258e+10 
 1.08400000e+00  1.49695758e+10 
 1.08500000e+00  1.49663845e+10 
 1.08600000e+00  1.49631518e+10 
 1.08700000e+00  1.49598776e+10 
 1.08800000e+00  1.49565618e+10 
 1.08900000e+00  1.49532042e+10 
 1.09000000e+00  1.49498048e+10 
 1.09100000e+00  1.49463634e+10 
 1.09200000e+00  1.49428798e+10 
 1.09300000e+00  1.49393541e+10 
 1.09400000e+00  1.49357860e+10 
 1.09500000e+00  1.49321755e+10 
 1.09600000e+00  1.49285224e+10 
 1.09700000e+00  1.49248267e+10 
 1.09800000e+00  1.49210882e+10 
 1.09900000e+00  1.49173068e+10 
 1.10000000e+00  1.49134824e+10 
 1.10100000e+00  1.49096150e+10 
 1.10200000e+00  1.49057043e+10 
 1.10300000e+00  1.49017504e+10 
 1.10400000e+00  1.48977531e+10 
 1.10500000e+00  1.48937122e+10 
 1.10600000e+00  1.48896278e+10 
 1.10700000e+00  1.48854997e+10 
 1.10800000e+00  1.48813278e+10 
 1.10900000e+00  1.48771120e+10 
 1.11000000e+00  1.48728522e+10 
 1.11100000e+00  1.48685484e+10 
 1.11200000e+00  1.48642004e+10 
 1.11300000e+00  1.48598081e+10 
 1.11400000e+00  1.48553715e+10 
 1.11500000e+00  1.48508904e+10 
 1.11600000e+00  1.48463648e+10 
 1.11700000e+00  1.48417946e+10 
 1.11800000e+00  1.48371797e+10 
 1.11900000e+00  1.48325200e+10 
 1.12000000e+00  1.48278154e+10 
 1.12100000e+00  1.48230659e+10 
 1.12200000e+00  1.48182714e+10 
 1.12300000e+00  1.48134317e+10 
 1.12400000e+00  1.48085469e+10 
 1.12500000e+00  1.48036168e+10 
 1.12600000e+00  1.47986413e+10 
 1.12700000e+00  1.47936204e+10 
 1.12800000e+00  1.47885540e+10 
 1.12900000e+00  1.47834420e+10 
 1.13000000e+00  1.47782844e+10 
 1.13100000e+00  1.47730811e+10 
 1.13200000e+00  1.47678320e+10 
 1.13300000e+00  1.47625370e+10 
 1.13400000e+00  1.47571961e+10 
 1.13500000e+00  1.47518092e+10 
 1.13600000e+00  1.47463762e+10 
 1.13700000e+00  1.47408971e+10 
 1.13800000e+00  1.47353718e+10 
 1.13900000e+00  1.47298002e+10 
 1.14000000e+00  1.47241824e+10 
 1.14100000e+00  1.47185181e+10 
 1.14200000e+00  1.47128074e+10 
 1.14300000e+00  1.47070502e+10 
 1.14400000e+00  1.47012465e+10 
 1.14500000e+00  1.46953961e+10 
 1.14600000e+00  1.46894991e+10 
 1.14700000e+00  1.46835553e+10 
 1.14800000e+00  1.46775648e+10 
 1.14900000e+00  1.46715274e+10 
 1.15000000e+00  1.46654431e+10 
 1.15100000e+00  1.46593119e+10 
 1.15200000e+00  1.46531337e+10 
 1.15300000e+00  1.46469085e+10 
 1.15400000e+00  1.46406362e+10 
 1.15500000e+00  1.46343168e+10 
 1.15600000e+00  1.46279501e+10 
 1.15700000e+00  1.46215363e+10 
 1.15800000e+00  1.46150752e+10 
 1.15900000e+00  1.46085668e+10 
 1.16000000e+00  1.46020110e+10 
 1.16100000e+00  1.45954079e+10 
 1.16200000e+00  1.45887573e+10 
 1.16300000e+00  1.45820593e+10 
 1.16400000e+00  1.45753137e+10 
 1.16500000e+00  1.45685206e+10 
 1.16600000e+00  1.45616799e+10 
 1.16700000e+00  1.45547916e+10 
 1.16800000e+00  1.45478557e+10 
 1.16900000e+00  1.45408721e+10 
 1.17000000e+00  1.45338408e+10 
 1.17100000e+00  1.45267617e+10 
 1.17200000e+00  1.45196349e+10 
 1.17300000e+00  1.45124602e+10 
 1.17400000e+00  1.45052377e+10 
 1.17500000e+00  1.44979674e+10 
 1.17600000e+00  1.44906492e+10 
 1.17700000e+00  1.44832831e+10 
 1.17800000e+00  1.44758691e+10 
 1.17900000e+00  1.44684071e+10 
 1.18000000e+00  1.44608971e+10 
 1.18100000e+00  1.44533392e+10 
 1.18200000e+00  1.44457332e+10 
 1.18300000e+00  1.44380792e+10 
 1.18400000e+00  1.44303772e+10 
 1.18500000e+00  1.44226271e+10 
 1.18600000e+00  1.44148289e+10 
 1.18700000e+00  1.44069826e+10 
 1.18800000e+00  1.43990882e+10 
 1.18900000e+00  1.43911457e+10 
 1.19000000e+00  1.43831550e+10 
 1.19100000e+00  1.43751162e+10 
 1.19200000e+00  1.43670293e+10 
 1.19300000e+00  1.43588941e+10 
 1.19400000e+00  1.43507109e+10 
 1.19500000e+00  1.43424794e+10 
 1.19600000e+00  1.43341997e+10 
 1.19700000e+00  1.43258719e+10 
 1.19800000e+00  1.43174958e+10 
 1.19900000e+00  1.43090716e+10 
 1.20000000e+00  1.43005992e+10 
 1.20100000e+00  1.42920785e+10 
 1.20200000e+00  1.42835097e+10 
 1.20300000e+00  1.42748927e+10 
 1.20400000e+00  1.42662274e+10 
 1.20500000e+00  1.42575140e+10 
 1.20600000e+00  1.42487524e+10 
 1.20700000e+00  1.42399426e+10 
 1.20800000e+00  1.42310846e+10 
 1.20900000e+00  1.42221784e+10 
 1.21000000e+00  1.42132241e+10 
 1.21100000e+00  1.42042216e+10 
 1.21200000e+00  1.41951710e+10 
 1.21300000e+00  1.41860722e+10 
 1.21400000e+00  1.41769253e+10 
 1.21500000e+00  1.41677303e+10 
 1.21600000e+00  1.41584871e+10 
 1.21700000e+00  1.41491959e+10 
 1.21800000e+00  1.41398566e+10 
 1.21900000e+00  1.41304693e+10 
 1.22000000e+00  1.41210339e+10 
 1.22100000e+00  1.41115505e+10 
 1.22200000e+00  1.41020191e+10 
 1.22300000e+00  1.40924397e+10 
 1.22400000e+00  1.40828123e+10 
 1.22500000e+00  1.40731370e+10 
 1.22600000e+00  1.40634138e+10 
 1.22700000e+00  1.40536427e+10 
 1.22800000e+00  1.40438237e+10 
 1.22900000e+00  1.40339569e+10 
 1.23000000e+00  1.40240422e+10 
 1.23100000e+00  1.40140797e+10 
 1.23200000e+00  1.40040695e+10 
 1.23300000e+00  1.39940116e+10 
 1.23400000e+00  1.39839059e+10 
 1.23500000e+00  1.39737526e+10 
 1.23600000e+00  1.39635516e+10 
 1.23700000e+00  1.39533030e+10 
 1.23800000e+00  1.39430068e+10 
 1.23900000e+00  1.39326631e+10 
 1.24000000e+00  1.39222719e+10 
 1.24100000e+00  1.39118332e+10 
 1.24200000e+00  1.39013471e+10 
 1.24300000e+00  1.38908135e+10 
 1.24400000e+00  1.38802327e+10 
 1.24500000e+00  1.38696044e+10 
 1.24600000e+00  1.38589290e+10 
 1.24700000e+00  1.38482062e+10 
 1.24800000e+00  1.38374363e+10 
 1.24900000e+00  1.38266193e+10 
 1.25000000e+00  1.38157551e+10 
 1.25100000e+00  1.38048439e+10 
 1.25200000e+00  1.37938856e+10 
 1.25300000e+00  1.37828804e+10 
 1.25400000e+00  1.37718283e+10 
 1.25500000e+00  1.37607293e+10 
 1.25600000e+00  1.37495835e+10 
 1.25700000e+00  1.37383909e+10 
 1.25800000e+00  1.37271516e+10 
 1.25900000e+00  1.37158656e+10 
 1.26000000e+00  1.37045330e+10 
 1.26100000e+00  1.36931538e+10 
 1.26200000e+00  1.36817282e+10 
 1.26300000e+00  1.36702561e+10 
 1.26400000e+00  1.36587376e+10 
 1.26500000e+00  1.36471727e+10 
 1.26600000e+00  1.36355616e+10 
 1.26700000e+00  1.36239043e+10 
 1.26800000e+00  1.36122008e+10 
 1.26900000e+00  1.36004512e+10 
 1.27000000e+00  1.35886556e+10 
 1.27100000e+00  1.35768140e+10 
 1.27200000e+00  1.35649265e+10 
 1.27300000e+00  1.35529931e+10 
 1.27400000e+00  1.35410140e+10 
 1.27500000e+00  1.35289891e+10 
 1.27600000e+00  1.35169186e+10 
 1.27700000e+00  1.35048026e+10 
 1.27800000e+00  1.34926410e+10 
 1.27900000e+00  1.34804340e+10 
 1.28000000e+00  1.34681816e+10 
 1.28100000e+00  1.34558839e+10 
 1.28200000e+00  1.34435409e+10 
 1.28300000e+00  1.34311529e+10 
 1.28400000e+00  1.34187197e+10 
 1.28500000e+00  1.34062415e+10 
 1.28600000e+00  1.33937184e+10 
 1.28700000e+00  1.33811504e+10 
 1.28800000e+00  1.33685377e+10 
 1.28900000e+00  1.33558803e+10 
 1.29000000e+00  1.33431782e+10 
 1.29100000e+00  1.33304316e+10 
 1.29200000e+00  1.33176405e+10 
 1.29300000e+00  1.33048050e+10 
 1.29400000e+00  1.32919253e+10 
 1.29500000e+00  1.32790013e+10 
 1.29600000e+00  1.32660331e+10 
 1.29700000e+00  1.32530210e+10 
 1.29800000e+00  1.32399648e+10 
 1.29900000e+00  1.32268648e+10 
 1.30000000e+00  1.32137210e+10 
 1.30100000e+00  1.32005335e+10 
 1.30200000e+00  1.31873023e+10 
 1.30300000e+00  1.31740276e+10 
 1.30400000e+00  1.31607095e+10 
 1.30500000e+00  1.31473480e+10 
 1.30600000e+00  1.31339433e+10 
 1.30700000e+00  1.31204954e+10 
 1.30800000e+00  1.31070044e+10 
 1.30900000e+00  1.30934705e+10 
 1.31000000e+00  1.30798936e+10 
 1.31100000e+00  1.30662740e+10 
 1.31200000e+00  1.30526117e+10 
 1.31300000e+00  1.30389067e+10 
 1.31400000e+00  1.30251593e+10 
 1.31500000e+00  1.30113695e+10 
 1.31600000e+00  1.29975373e+10 
 1.31700000e+00  1.29836630e+10 
 1.31800000e+00  1.29697465e+10 
 1.31900000e+00  1.29557881e+10 
 1.32000000e+00  1.29417877e+10 
 1.32100000e+00  1.29277455e+10 
 1.32200000e+00  1.29136617e+10 
 1.32300000e+00  1.28995362e+10 
 1.32400000e+00  1.28853693e+10 
 1.32500000e+00  1.28711610e+10 
 1.32600000e+00  1.28569114e+10 
 1.32700000e+00  1.28426206e+10 
 1.32800000e+00  1.28282888e+10 
 1.32900000e+00  1.28139160e+10 
 1.33000000e+00  1.27995024e+10 
 1.33100000e+00  1.27850481e+10 
 1.33200000e+00  1.27705531e+10 
 1.33300000e+00  1.27560176e+10 
 1.33400000e+00  1.27414417e+10 
 1.33500000e+00  1.27268256e+10 
 1.33600000e+00  1.27121692e+10 
 1.33700000e+00  1.26974728e+10 
 1.33800000e+00  1.26827365e+10 
 1.33900000e+00  1.26679603e+10 
 1.34000000e+00  1.26531445e+10 
 1.34100000e+00  1.26382890e+10 
 1.34200000e+00  1.26233940e+10 
 1.34300000e+00  1.26084597e+10 
 1.34400000e+00  1.25934862e+10 
 1.34500000e+00  1.25784735e+10 
 1.34600000e+00  1.25634218e+10 
 1.34700000e+00  1.25483313e+10 
 1.34800000e+00  1.25332020e+10 
 1.34900000e+00  1.25180340e+10 
 1.35000000e+00  1.25028276e+10 
 1.35100000e+00  1.24875828e+10 
 1.35200000e+00  1.24722997e+10 
 1.35300000e+00  1.24569784e+10 
 1.35400000e+00  1.24416192e+10 
 1.35500000e+00  1.24262220e+10 
 1.35600000e+00  1.24107872e+10 
 1.35700000e+00  1.23953146e+10 
 1.35800000e+00  1.23798046e+10 
 1.35900000e+00  1.23642572e+10 
 1.36000000e+00  1.23486726e+10 
 1.36100000e+00  1.23330508e+10 
 1.36200000e+00  1.23173921e+10 
 1.36300000e+00  1.23016965e+10 
 1.36400000e+00  1.22859642e+10 
 1.36500000e+00  1.22701953e+10 
 1.36600000e+00  1.22543899e+10 
 1.36700000e+00  1.22385483e+10 
 1.36800000e+00  1.22226704e+10 
 1.36900000e+00  1.22067565e+10 
 1.37000000e+00  1.21908067e+10 
 1.37100000e+00  1.21748211e+10 
 1.37200000e+00  1.21587999e+10 
 1.37300000e+00  1.21427431e+10 
 1.37400000e+00  1.21266510e+10 
 1.37500000e+00  1.21105237e+10 
 1.37600000e+00  1.20943613e+10 
 1.37700000e+00  1.20781639e+10 
 1.37800000e+00  1.20619318e+10 
 1.37900000e+00  1.20456650e+10 
 1.38000000e+00  1.20293636e+10 
 1.38100000e+00  1.20130279e+10 
 1.38200000e+00  1.19966579e+10 
 1.38300000e+00  1.19802539e+10 
 1.38400000e+00  1.19638158e+10 
 1.38500000e+00  1.19473440e+10 
 1.38600000e+00  1.19308385e+10 
 1.38700000e+00  1.19142996e+10 
 1.38800000e+00  1.18977272e+10 
 1.38900000e+00  1.18811216e+10 
 1.39000000e+00  1.18644830e+10 
 1.39100000e+00  1.18478114e+10 
 1.39200000e+00  1.18311070e+10 
 1.39300000e+00  1.18143700e+10 
 1.39400000e+00  1.17976005e+10 
 1.39500000e+00  1.17807987e+10 
 1.39600000e+00  1.17639648e+10 
 1.39700000e+00  1.17470987e+10 
 1.39800000e+00  1.17302009e+10 
 1.39900000e+00  1.17132712e+10 
 1.40000000e+00  1.16963101e+10 
 1.40100000e+00  1.16793174e+10 
 1.40200000e+00  1.16622936e+10 
 1.40300000e+00  1.16452386e+10 
 1.40400000e+00  1.16281526e+10 
 1.40500000e+00  1.16110359e+10 
 1.40600000e+00  1.15938885e+10 
 1.40700000e+00  1.15767106e+10 
 1.40800000e+00  1.15595024e+10 
 1.40900000e+00  1.15422640e+10 
 1.41000000e+00  1.15249956e+10 
 1.41100000e+00  1.15076973e+10 
 1.41200000e+00  1.14903693e+10 
 1.41300000e+00  1.14730118e+10 
 1.41400000e+00  1.14556248e+10 
 1.41500000e+00  1.14382087e+10 
 1.41600000e+00  1.14207635e+10 
 1.41700000e+00  1.14032894e+10 
 1.41800000e+00  1.13857865e+10 
 1.41900000e+00  1.13682550e+10 
 1.42000000e+00  1.13506952e+10 
 1.42100000e+00  1.13331070e+10 
 1.42200000e+00  1.13154908e+10 
 1.42300000e+00  1.12978467e+10 
 1.42400000e+00  1.12801747e+10 
 1.42500000e+00  1.12624752e+10 
 1.42600000e+00  1.12447482e+10 
 1.42700000e+00  1.12269940e+10 
 1.42800000e+00  1.12092126e+10 
 1.42900000e+00  1.11914043e+10 
 1.43000000e+00  1.11735692e+10 
 1.43100000e+00  1.11557075e+10 
 1.43200000e+00  1.11378193e+10 
 1.43300000e+00  1.11199049e+10 
 1.43400000e+00  1.11019644e+10 
 1.43500000e+00  1.10839979e+10 
 1.43600000e+00  1.10660056e+10 
 1.43700000e+00  1.10479878e+10 
 1.43800000e+00  1.10299445e+10 
 1.43900000e+00  1.10118759e+10 
 1.44000000e+00  1.09937822e+10 
 1.44100000e+00  1.09756636e+10 
 1.44200000e+00  1.09575203e+10 
 1.44300000e+00  1.09393523e+10 
 1.44400000e+00  1.09211600e+10 
 1.44500000e+00  1.09029434e+10 
 1.44600000e+00  1.08847027e+10 
 1.44700000e+00  1.08664381e+10 
 1.44800000e+00  1.08481498e+10 
 1.44900000e+00  1.08298380e+10 
 1.45000000e+00  1.08115028e+10 
 1.45100000e+00  1.07931443e+10 
 1.45200000e+00  1.07747629e+10 
 1.45300000e+00  1.07563585e+10 
 1.45400000e+00  1.07379315e+10 
 1.45500000e+00  1.07194820e+10 
 1.45600000e+00  1.07010101e+10 
 1.45700000e+00  1.06825161e+10 
 1.45800000e+00  1.06640001e+10 
 1.45900000e+00  1.06454623e+10 
 1.46000000e+00  1.06269029e+10 
 1.46100000e+00  1.06083220e+10 
 1.46200000e+00  1.05897198e+10 
 1.46300000e+00  1.05710965e+10 
 1.46400000e+00  1.05524523e+10 
 1.46500000e+00  1.05337874e+10 
 1.46600000e+00  1.05151019e+10 
 1.46700000e+00  1.04963960e+10 
 1.46800000e+00  1.04776699e+10 
 1.46900000e+00  1.04589237e+10 
 1.47000000e+00  1.04401577e+10 
 1.47100000e+00  1.04213720e+10 
 1.47200000e+00  1.04025668e+10 
 1.47300000e+00  1.03837424e+10 
 1.47400000e+00  1.03648987e+10 
 1.47500000e+00  1.03460361e+10 
 1.47600000e+00  1.03271548e+10 
 1.47700000e+00  1.03082548e+10 
 1.47800000e+00  1.02893364e+10 
 1.47900000e+00  1.02703998e+10 
 1.48000000e+00  1.02514452e+10 
 1.48100000e+00  1.02324726e+10 
 1.48200000e+00  1.02134824e+10 
 1.48300000e+00  1.01944747e+10 
 1.48400000e+00  1.01754496e+10 
 1.48500000e+00  1.01564074e+10 
 1.48600000e+00  1.01373482e+10 
 1.48700000e+00  1.01182723e+10 
 1.48800000e+00  1.00991797e+10 
 1.48900000e+00  1.00800707e+10 
 1.49000000e+00  1.00609455e+10 
 1.49100000e+00  1.00418043e+10 
 1.49200000e+00  1.00226472e+10 
 1.49300000e+00  1.00034744e+10 
 1.49400000e+00  9.98428606e+09 
 1.49500000e+00  9.96508243e+09 
 1.49600000e+00  9.94586368e+09 
 1.49700000e+00  9.92662997e+09 
 1.49800000e+00  9.90738150e+09 
 1.49900000e+00  9.88811845e+09 
 1.50000000e+00  9.86884100e+09 
 1.50100000e+00  9.84954934e+09 
 1.50200000e+00  9.83024365e+09 
 1.50300000e+00  9.81092411e+09 
 1.50400000e+00  9.79159092e+09 
 1.50500000e+00  9.77224425e+09 
 1.50600000e+00  9.75288429e+09 
 1.50700000e+00  9.73351123e+09 
 1.50800000e+00  9.71412525e+09 
 1.50900000e+00  9.69472653e+09 
 1.51000000e+00  9.67531527e+09 
 1.51100000e+00  9.65589164e+09 
 1.51200000e+00  9.63645583e+09 
 1.51300000e+00  9.61700803e+09 
 1.51400000e+00  9.59754842e+09 
 1.51500000e+00  9.57807718e+09 
 1.51600000e+00  9.55859452e+09 
 1.51700000e+00  9.53910060e+09 
 1.51800000e+00  9.51959561e+09 
 1.51900000e+00  9.50007975e+09 
 1.52000000e+00  9.48055319e+09 
 1.52100000e+00  9.46101612e+09 
 1.52200000e+00  9.44146873e+09 
 1.52300000e+00  9.42191121e+09 
 1.52400000e+00  9.40234373e+09 
 1.52500000e+00  9.38276649e+09 
 1.52600000e+00  9.36317967e+09 
 1.52700000e+00  9.34358346e+09 
 1.52800000e+00  9.32397804e+09 
 1.52900000e+00  9.30436360e+09 
 1.53000000e+00  9.28474032e+09 
 1.53100000e+00  9.26510840e+09 
 1.53200000e+00  9.24546801e+09 
 1.53300000e+00  9.22581935e+09 
 1.53400000e+00  9.20616259e+09 
 1.53500000e+00  9.18649793e+09 
 1.53600000e+00  9.16682554e+09 
 1.53700000e+00  9.14714563e+09 
 1.53800000e+00  9.12745836e+09 
 1.53900000e+00  9.10776394e+09 
 1.54000000e+00  9.08806253e+09 
 1.54100000e+00  9.06835434e+09 
 1.54200000e+00  9.04863954e+09 
 1.54300000e+00  9.02891832e+09 
 1.54400000e+00  9.00919087e+09 
 1.54500000e+00  8.98945736e+09 
 1.54600000e+00  8.96971799e+09 
 1.54700000e+00  8.94997295e+09 
 1.54800000e+00  8.93022241e+09 
 1.54900000e+00  8.91046656e+09 
 1.55000000e+00  8.89070559e+09 
 1.55100000e+00  8.87093968e+09 
 1.55200000e+00  8.85116902e+09 
 1.55300000e+00  8.83139379e+09 
 1.55400000e+00  8.81161417e+09 
 1.55500000e+00  8.79183036e+09 
 1.55600000e+00  8.77204253e+09 
 1.55700000e+00  8.75225087e+09 
 1.55800000e+00  8.73245556e+09 
 1.55900000e+00  8.71265680e+09 
 1.56000000e+00  8.69285475e+09 
 1.56100000e+00  8.67304961e+09 
 1.56200000e+00  8.65324156e+09 
 1.56300000e+00  8.63343078e+09 
 1.56400000e+00  8.61361746e+09 
 1.56500000e+00  8.59380178e+09 
 1.56600000e+00  8.57398393e+09 
 1.56700000e+00  8.55416408e+09 
 1.56800000e+00  8.53434241e+09 
 1.56900000e+00  8.51451912e+09 
 1.57000000e+00  8.49469439e+09 
 1.57100000e+00  8.47486839e+09 
 1.57200000e+00  8.45504131e+09 
 1.57300000e+00  8.43521333e+09 
 1.57400000e+00  8.41538464e+09 
 1.57500000e+00  8.39555541e+09 
 1.57600000e+00  8.37572583e+09 
 1.57700000e+00  8.35589607e+09 
 1.57800000e+00  8.33606633e+09 
 1.57900000e+00  8.31623677e+09 
 1.58000000e+00  8.29640758e+09 
 1.58100000e+00  8.27657895e+09 
 1.58200000e+00  8.25675105e+09 
 1.58300000e+00  8.23692406e+09 
 1.58400000e+00  8.21709816e+09 
 1.58500000e+00  8.19727353e+09 
 1.58600000e+00  8.17745035e+09 
 1.58700000e+00  8.15762881e+09 
 1.58800000e+00  8.13780907e+09 
 1.58900000e+00  8.11799132e+09 
 1.59000000e+00  8.09817574e+09 
 1.59100000e+00  8.07836251e+09 
 1.59200000e+00  8.05855179e+09 
 1.59300000e+00  8.03874378e+09 
 1.59400000e+00  8.01893865e+09 
 1.59500000e+00  7.99913658e+09 
 1.59600000e+00  7.97933773e+09 
 1.59700000e+00  7.95954230e+09 
 1.59800000e+00  7.93975046e+09 
 1.59900000e+00  7.91996237e+09 
 1.60000000e+00  7.90017823e+09 
 1.60100000e+00  7.88039821e+09 
 1.60200000e+00  7.86062247e+09 
 1.60300000e+00  7.84085120e+09 
 1.60400000e+00  7.82108457e+09 
 1.60500000e+00  7.80132275e+09 
 1.60600000e+00  7.78156593e+09 
 1.60700000e+00  7.76181427e+09 
 1.60800000e+00  7.74206795e+09 
 1.60900000e+00  7.72232714e+09 
 1.61000000e+00  7.70259201e+09 
 1.61100000e+00  7.68286274e+09 
 1.61200000e+00  7.66313950e+09 
 1.61300000e+00  7.64342246e+09 
 1.61400000e+00  7.62371180e+09 
 1.61500000e+00  7.60400768e+09 
 1.61600000e+00  7.58431028e+09 
 1.61700000e+00  7.56461977e+09 
 1.61800000e+00  7.54493632e+09 
 1.61900000e+00  7.52526009e+09 
 1.62000000e+00  7.50559127e+09 
 1.62100000e+00  7.48593001e+09 
 1.62200000e+00  7.46627649e+09 
 1.62300000e+00  7.44663088e+09 
 1.62400000e+00  7.42699334e+09 
 1.62500000e+00  7.40736405e+09 
 1.62600000e+00  7.38774317e+09 
 1.62700000e+00  7.36813087e+09 
 1.62800000e+00  7.34852731e+09 
 1.62900000e+00  7.32893267e+09 
 1.63000000e+00  7.30934710e+09 
 1.63100000e+00  7.28977078e+09 
 1.63200000e+00  7.27020387e+09 
 1.63300000e+00  7.25064654e+09 
 1.63400000e+00  7.23109895e+09 
 1.63500000e+00  7.21156127e+09 
 1.63600000e+00  7.19203366e+09 
 1.63700000e+00  7.17251628e+09 
 1.63800000e+00  7.15300929e+09 
 1.63900000e+00  7.13351287e+09 
 1.64000000e+00  7.11402717e+09 
 1.64100000e+00  7.09455235e+09 
 1.64200000e+00  7.07508859e+09 
 1.64300000e+00  7.05563602e+09 
 1.64400000e+00  7.03619483e+09 
 1.64500000e+00  7.01676517e+09 
 1.64600000e+00  6.99734720e+09 
 1.64700000e+00  6.97794107e+09 
 1.64800000e+00  6.95854696e+09 
 1.64900000e+00  6.93916501e+09 
 1.65000000e+00  6.91979539e+09 
 1.65100000e+00  6.90043825e+09 
 1.65200000e+00  6.88109376e+09 
 1.65300000e+00  6.86176206e+09 
 1.65400000e+00  6.84244332e+09 
 1.65500000e+00  6.82313769e+09 
 1.65600000e+00  6.80384533e+09 
 1.65700000e+00  6.78456639e+09 
 1.65800000e+00  6.76530102e+09 
 1.65900000e+00  6.74604939e+09 
 1.66000000e+00  6.72681165e+09 
 1.66100000e+00  6.70758794e+09 
 1.66200000e+00  6.68837843e+09 
 1.66300000e+00  6.66918327e+09 
 1.66400000e+00  6.65000260e+09 
 1.66500000e+00  6.63083658e+09 
 1.66600000e+00  6.61168536e+09 
 1.66700000e+00  6.59254909e+09 
 1.66800000e+00  6.57342793e+09 
 1.66900000e+00  6.55432201e+09 
 1.67000000e+00  6.53523150e+09 
 1.67100000e+00  6.51615654e+09 
 1.67200000e+00  6.49709727e+09 
 1.67300000e+00  6.47805385e+09 
 1.67400000e+00  6.45902642e+09 
 1.67500000e+00  6.44001514e+09 
 1.67600000e+00  6.42102014e+09 
 1.67700000e+00  6.40204157e+09 
 1.67800000e+00  6.38307958e+09 
 1.67900000e+00  6.36413432e+09 
 1.68000000e+00  6.34520592e+09 
 1.68100000e+00  6.32629453e+09 
 1.68200000e+00  6.30740030e+09 
 1.68300000e+00  6.28852336e+09 
 1.68400000e+00  6.26966387e+09 
 1.68500000e+00  6.25082196e+09 
 1.68600000e+00  6.23199777e+09 
 1.68700000e+00  6.21319144e+09 
 1.68800000e+00  6.19440312e+09 
 1.68900000e+00  6.17563294e+09 
 1.69000000e+00  6.15688105e+09 
 1.69100000e+00  6.13814758e+09 
 1.69200000e+00  6.11943267e+09 
 1.69300000e+00  6.10073646e+09 
 1.69400000e+00  6.08205908e+09 
 1.69500000e+00  6.06340068e+09 
 1.69600000e+00  6.04476138e+09 
 1.69700000e+00  6.02614133e+09 
 1.69800000e+00  6.00754066e+09 
 1.69900000e+00  5.98895950e+09 
 1.70000000e+00  5.97039799e+09 
 1.70100000e+00  5.95185625e+09 
 1.70200000e+00  5.93333444e+09 
 1.70300000e+00  5.91483266e+09 
 1.70400000e+00  5.89635107e+09 
 1.70500000e+00  5.87788978e+09 
 1.70600000e+00  5.85944894e+09 
 1.70700000e+00  5.84102866e+09 
 1.70800000e+00  5.82262908e+09 
 1.70900000e+00  5.80425033e+09 
 1.71000000e+00  5.78589254e+09 
 1.71100000e+00  5.76755583e+09 
 1.71200000e+00  5.74924034e+09 
 1.71300000e+00  5.73094618e+09 
 1.71400000e+00  5.71267349e+09 
 1.71500000e+00  5.69442239e+09 
 1.71600000e+00  5.67619300e+09 
 1.71700000e+00  5.65798546e+09 
 1.71800000e+00  5.63979987e+09 
 1.71900000e+00  5.62163638e+09 
 1.72000000e+00  5.60349509e+09 
 1.72100000e+00  5.58537614e+09 
 1.72200000e+00  5.56727964e+09 
 1.72300000e+00  5.54920572e+09 
 1.72400000e+00  5.53115449e+09 
 1.72500000e+00  5.51312607e+09 
 1.72600000e+00  5.49512059e+09 
 1.72700000e+00  5.47713816e+09 
 1.72800000e+00  5.45917891e+09 
 1.72900000e+00  5.44124294e+09 
 1.73000000e+00  5.42333038e+09 
 1.73100000e+00  5.40544134e+09 
 1.73200000e+00  5.38757594e+09 
 1.73300000e+00  5.36973429e+09 
 1.73400000e+00  5.35191651e+09 
 1.73500000e+00  5.33412271e+09 
 1.73600000e+00  5.31635301e+09 
 1.73700000e+00  5.29860751e+09 
 1.73800000e+00  5.28088633e+09 
 1.73900000e+00  5.26318959e+09 
 1.74000000e+00  5.24551738e+09 
 1.74100000e+00  5.22786983e+09 
 1.74200000e+00  5.21024704e+09 
 1.74300000e+00  5.19264913e+09 
 1.74400000e+00  5.17507619e+09 
 1.74500000e+00  5.15752835e+09 
 1.74600000e+00  5.14000569e+09 
 1.74700000e+00  5.12250835e+09 
 1.74800000e+00  5.10503641e+09 
 1.74900000e+00  5.08758998e+09 
 1.75000000e+00  5.07016917e+09 
 1.75100000e+00  5.05277409e+09 
 1.75200000e+00  5.03540483e+09 
 1.75300000e+00  5.01806151e+09 
 1.75400000e+00  5.00074422e+09 
 1.75500000e+00  4.98345306e+09 
 1.75600000e+00  4.96618814e+09 
 1.75700000e+00  4.94894955e+09 
 1.75800000e+00  4.93173741e+09 
 1.75900000e+00  4.91455179e+09 
 1.76000000e+00  4.89739282e+09 
 1.76100000e+00  4.88026058e+09 
 1.76200000e+00  4.86315516e+09 
 1.76300000e+00  4.84607668e+09 
 1.76400000e+00  4.82902522e+09 
 1.76500000e+00  4.81200088e+09 
 1.76600000e+00  4.79500375e+09 
 1.76700000e+00  4.77803394e+09 
 1.76800000e+00  4.76109153e+09 
 1.76900000e+00  4.74417661e+09 
 1.77000000e+00  4.72728928e+09 
 1.77100000e+00  4.71042964e+09 
 1.77200000e+00  4.69359777e+09 
 1.77300000e+00  4.67679376e+09 
 1.77400000e+00  4.66001771e+09 
 1.77500000e+00  4.64326969e+09 
 1.77600000e+00  4.62654981e+09 
 1.77700000e+00  4.60985816e+09 
 1.77800000e+00  4.59319480e+09 
 1.77900000e+00  4.57655985e+09 
 1.78000000e+00  4.55995337e+09 
 1.78100000e+00  4.54337547e+09 
 1.78200000e+00  4.52682621e+09 
 1.78300000e+00  4.51030569e+09 
 1.78400000e+00  4.49381400e+09 
 1.78500000e+00  4.47735120e+09 
 1.78600000e+00  4.46091740e+09 
 1.78700000e+00  4.44451266e+09 
 1.78800000e+00  4.42813707e+09 
 1.78900000e+00  4.41179072e+09 
 1.79000000e+00  4.39547367e+09 
 1.79100000e+00  4.37918602e+09 
 1.79200000e+00  4.36292783e+09 
 1.79300000e+00  4.34669919e+09 
 1.79400000e+00  4.33050018e+09 
 1.79500000e+00  4.31433087e+09 
 1.79600000e+00  4.29819134e+09 
 1.79700000e+00  4.28208166e+09 
 1.79800000e+00  4.26600192e+09 
 1.79900000e+00  4.24995217e+09 
 1.80000000e+00  4.23393251e+09 
