 0.00000000e+00  4.99282286e+07 
 1.00000000e-03  5.09620510e+07 
 2.00000000e-03  5.20162250e+07 
 3.00000000e-03  5.30911343e+07 
 4.00000000e-03  5.41871696e+07 
 5.00000000e-03  5.53047287e+07 
 6.00000000e-03  5.64442167e+07 
 7.00000000e-03  5.76060459e+07 
 8.00000000e-03  5.87906362e+07 
 9.00000000e-03  5.99984153e+07 
 1.00000000e-02  6.12298185e+07 
 1.10000000e-02  6.24852890e+07 
 1.20000000e-02  6.37652781e+07 
 1.30000000e-02  6.50702454e+07 
 1.40000000e-02  6.64006585e+07 
 1.50000000e-02  6.77569938e+07 
 1.60000000e-02  6.91397363e+07 
 1.70000000e-02  7.05493795e+07 
 1.80000000e-02  7.19864261e+07 
 1.90000000e-02  7.34513877e+07 
 2.00000000e-02  7.49447853e+07 
 2.10000000e-02  7.64671491e+07 
 2.20000000e-02  7.80190189e+07 
 2.30000000e-02  7.96009444e+07 
 2.40000000e-02  8.12134849e+07 
 2.50000000e-02  8.28572098e+07 
 2.60000000e-02  8.45326990e+07 
 2.70000000e-02  8.62405424e+07 
 2.80000000e-02  8.79813406e+07 
 2.90000000e-02  8.97557051e+07 
 3.00000000e-02  9.15642581e+07 
 3.10000000e-02  9.34076331e+07 
 3.20000000e-02  9.52864746e+07 
 3.30000000e-02  9.72014389e+07 
 3.40000000e-02  9.91531938e+07 
 3.50000000e-02  1.01142419e+08 
 3.60000000e-02  1.03169806e+08 
 3.70000000e-02  1.05236059e+08 
 3.80000000e-02  1.07341895e+08 
 3.90000000e-02  1.09488041e+08 
 4.00000000e-02  1.11675242e+08 
 4.10000000e-02  1.13904251e+08 
 4.20000000e-02  1.16175836e+08 
 4.30000000e-02  1.18490781e+08 
 4.40000000e-02  1.20849879e+08 
 4.50000000e-02  1.23253941e+08 
 4.60000000e-02  1.25703790e+08 
 4.70000000e-02  1.28200264e+08 
 4.80000000e-02  1.30744216e+08 
 4.90000000e-02  1.33336513e+08 
 5.00000000e-02  1.35978038e+08 
 5.10000000e-02  1.38669688e+08 
 5.20000000e-02  1.41412377e+08 
 5.30000000e-02  1.44207033e+08 
 5.40000000e-02  1.47054603e+08 
 5.50000000e-02  1.49956047e+08 
 5.60000000e-02  1.52912344e+08 
 5.70000000e-02  1.55924488e+08 
 5.80000000e-02  1.58993491e+08 
 5.90000000e-02  1.62120381e+08 
 6.00000000e-02  1.65306207e+08 
 6.10000000e-02  1.68552031e+08 
 6.20000000e-02  1.71858936e+08 
 6.30000000e-02  1.75228023e+08 
 6.40000000e-02  1.78660412e+08 
 6.50000000e-02  1.82157241e+08 
 6.60000000e-02  1.85719666e+08 
 6.70000000e-02  1.89348866e+08 
 6.80000000e-02  1.93046036e+08 
 6.90000000e-02  1.96812393e+08 
 7.00000000e-02  2.00649174e+08 
 7.10000000e-02  2.04557636e+08 
 7.20000000e-02  2.08539057e+08 
 7.30000000e-02  2.12594736e+08 
 7.40000000e-02  2.16725995e+08 
 7.50000000e-02  2.20934176e+08 
 7.60000000e-02  2.25220642e+08 
 7.70000000e-02  2.29586781e+08 
 7.80000000e-02  2.34034002e+08 
 7.90000000e-02  2.38563738e+08 
 8.00000000e-02  2.43177443e+08 
 8.10000000e-02  2.47876597e+08 
 8.20000000e-02  2.52662701e+08 
 8.30000000e-02  2.57537284e+08 
 8.40000000e-02  2.62501896e+08 
 8.50000000e-02  2.67558113e+08 
 8.60000000e-02  2.72707537e+08 
 8.70000000e-02  2.77951793e+08 
 8.80000000e-02  2.83292533e+08 
 8.90000000e-02  2.88731435e+08 
 9.00000000e-02  2.94270204e+08 
 9.10000000e-02  2.99910570e+08 
 9.20000000e-02  3.05654290e+08 
 9.30000000e-02  3.11503150e+08 
 9.40000000e-02  3.17458962e+08 
 9.50000000e-02  3.23523565e+08 
 9.60000000e-02  3.29698829e+08 
 9.70000000e-02  3.35986650e+08 
 9.80000000e-02  3.42388952e+08 
 9.90000000e-02  3.48907691e+08 
 1.00000000e-01  3.55544851e+08 
 1.01000000e-01  3.62302444e+08 
 1.02000000e-01  3.69182513e+08 
 1.03000000e-01  3.76187134e+08 
 1.04000000e-01  3.83318409e+08 
 1.05000000e-01  3.90578474e+08 
 1.06000000e-01  3.97969494e+08 
 1.07000000e-01  4.05493668e+08 
 1.08000000e-01  4.13153223e+08 
 1.09000000e-01  4.20950423e+08 
 1.10000000e-01  4.28887558e+08 
 1.11000000e-01  4.36966957e+08 
 1.12000000e-01  4.45190977e+08 
 1.13000000e-01  4.53562011e+08 
 1.14000000e-01  4.62082482e+08 
 1.15000000e-01  4.70754851e+08 
 1.16000000e-01  4.79581609e+08 
 1.17000000e-01  4.88565283e+08 
 1.18000000e-01  4.97708434e+08 
 1.19000000e-01  5.07013657e+08 
 1.20000000e-01  5.16483583e+08 
 1.21000000e-01  5.26120875e+08 
 1.22000000e-01  5.35928236e+08 
 1.23000000e-01  5.45908399e+08 
 1.24000000e-01  5.56064138e+08 
 1.25000000e-01  5.66398257e+08 
 1.26000000e-01  5.76913600e+08 
 1.27000000e-01  5.87613047e+08 
 1.28000000e-01  5.98499512e+08 
 1.29000000e-01  6.09575946e+08 
 1.30000000e-01  6.20845338e+08 
 1.31000000e-01  6.32310713e+08 
 1.32000000e-01  6.43975130e+08 
 1.33000000e-01  6.55841690e+08 
 1.34000000e-01  6.67913526e+08 
 1.35000000e-01  6.80193811e+08 
 1.36000000e-01  6.92685753e+08 
 1.37000000e-01  7.05392598e+08 
 1.38000000e-01  7.18317631e+08 
 1.39000000e-01  7.31464170e+08 
 1.40000000e-01  7.44835573e+08 
 1.41000000e-01  7.58435234e+08 
 1.42000000e-01  7.72266584e+08 
 1.43000000e-01  7.86333092e+08 
 1.44000000e-01  8.00638262e+08 
 1.45000000e-01  8.15185636e+08 
 1.46000000e-01  8.29978793e+08 
 1.47000000e-01  8.45021346e+08 
 1.48000000e-01  8.60316948e+08 
 1.49000000e-01  8.75869285e+08 
 1.50000000e-01  8.91682081e+08 
 1.51000000e-01  9.07759094e+08 
 1.52000000e-01  9.24104119e+08 
 1.53000000e-01  9.40720984e+08 
 1.54000000e-01  9.57613555e+08 
 1.55000000e-01  9.74785729e+08 
 1.56000000e-01  9.92241441e+08 
 1.57000000e-01  1.00998466e+09 
 1.58000000e-01  1.02801937e+09 
 1.59000000e-01  1.04634963e+09 
 1.60000000e-01  1.06497948e+09 
 1.61000000e-01  1.08391304e+09 
 1.62000000e-01  1.10315442e+09 
 1.63000000e-01  1.12270779e+09 
 1.64000000e-01  1.14257734e+09 
 1.65000000e-01  1.16276728e+09 
 1.66000000e-01  1.18328187e+09 
 1.67000000e-01  1.20412539e+09 
 1.68000000e-01  1.22530213e+09 
 1.69000000e-01  1.24681642e+09 
 1.70000000e-01  1.26867263e+09 
 1.71000000e-01  1.29087514e+09 
 1.72000000e-01  1.31342836e+09 
 1.73000000e-01  1.33633670e+09 
 1.74000000e-01  1.35960463e+09 
 1.75000000e-01  1.38323663e+09 
 1.76000000e-01  1.40723717e+09 
 1.77000000e-01  1.43161079e+09 
 1.78000000e-01  1.45636200e+09 
 1.79000000e-01  1.48149537e+09 
 1.80000000e-01  1.50701544e+09 
 1.81000000e-01  1.53292681e+09 
 1.82000000e-01  1.55923406e+09 
 1.83000000e-01  1.58594180e+09 
 1.84000000e-01  1.61305465e+09 
 1.85000000e-01  1.64057723e+09 
 1.86000000e-01  1.66851417e+09 
 1.87000000e-01  1.69687010e+09 
 1.88000000e-01  1.72564969e+09 
 1.89000000e-01  1.75485756e+09 
 1.90000000e-01  1.78449837e+09 
 1.91000000e-01  1.81457676e+09 
 1.92000000e-01  1.84509738e+09 
 1.93000000e-01  1.87606488e+09 
 1.94000000e-01  1.90748388e+09 
 1.95000000e-01  1.93935902e+09 
 1.96000000e-01  1.97169492e+09 
 1.97000000e-01  2.00449618e+09 
 1.98000000e-01  2.03776740e+09 
 1.99000000e-01  2.07151315e+09 
 2.00000000e-01  2.10573800e+09 
 2.01000000e-01  2.14044648e+09 
 2.02000000e-01  2.17564313e+09 
 2.03000000e-01  2.21133242e+09 
 2.04000000e-01  2.24751883e+09 
 2.05000000e-01  2.28420680e+09 
 2.06000000e-01  2.32140074e+09 
 2.07000000e-01  2.35910501e+09 
 2.08000000e-01  2.39732395e+09 
 2.09000000e-01  2.43606187e+09 
 2.10000000e-01  2.47532302e+09 
 2.11000000e-01  2.51511160e+09 
 2.12000000e-01  2.55543179e+09 
 2.13000000e-01  2.59628770e+09 
 2.14000000e-01  2.63768340e+09 
 2.15000000e-01  2.67962288e+09 
 2.16000000e-01  2.72211010e+09 
 2.17000000e-01  2.76514895e+09 
 2.18000000e-01  2.80874325e+09 
 2.19000000e-01  2.85289675e+09 
 2.20000000e-01  2.89761316e+09 
 2.21000000e-01  2.94289607e+09 
 2.22000000e-01  2.98874903e+09 
 2.23000000e-01  3.03517549e+09 
 2.24000000e-01  3.08217884e+09 
 2.25000000e-01  3.12976236e+09 
 2.26000000e-01  3.17792926e+09 
 2.27000000e-01  3.22668265e+09 
 2.28000000e-01  3.27602554e+09 
 2.29000000e-01  3.32596085e+09 
 2.30000000e-01  3.37649140e+09 
 2.31000000e-01  3.42761990e+09 
 2.32000000e-01  3.47934895e+09 
 2.33000000e-01  3.53168104e+09 
 2.34000000e-01  3.58461856e+09 
 2.35000000e-01  3.63816375e+09 
 2.36000000e-01  3.69231876e+09 
 2.37000000e-01  3.74708560e+09 
 2.38000000e-01  3.80246615e+09 
 2.39000000e-01  3.85846218e+09 
 2.40000000e-01  3.91507529e+09 
 2.41000000e-01  3.97230698e+09 
 2.42000000e-01  4.03015857e+09 
 2.43000000e-01  4.08863128e+09 
 2.44000000e-01  4.14772615e+09 
 2.45000000e-01  4.20744407e+09 
 2.46000000e-01  4.26778580e+09 
 2.47000000e-01  4.32875192e+09 
 2.48000000e-01  4.39034287e+09 
 2.49000000e-01  4.45255889e+09 
 2.50000000e-01  4.51540011e+09 
 2.51000000e-01  4.57886644e+09 
 2.52000000e-01  4.64295765e+09 
 2.53000000e-01  4.70767333e+09 
 2.54000000e-01  4.77301287e+09 
 2.55000000e-01  4.83897551e+09 
 2.56000000e-01  4.90556030e+09 
 2.57000000e-01  4.97276609e+09 
 2.58000000e-01  5.04059156e+09 
 2.59000000e-01  5.10903518e+09 
 2.60000000e-01  5.17809526e+09 
 2.61000000e-01  5.24776989e+09 
 2.62000000e-01  5.31805697e+09 
 2.63000000e-01  5.38895419e+09 
 2.64000000e-01  5.46045907e+09 
 2.65000000e-01  5.53256889e+09 
 2.66000000e-01  5.60528076e+09 
 2.67000000e-01  5.67859157e+09 
 2.68000000e-01  5.75249799e+09 
 2.69000000e-01  5.82699650e+09 
 2.70000000e-01  5.90208337e+09 
 2.71000000e-01  5.97775465e+09 
 2.72000000e-01  6.05400619e+09 
 2.73000000e-01  6.13083362e+09 
 2.74000000e-01  6.20823236e+09 
 2.75000000e-01  6.28619760e+09 
 2.76000000e-01  6.36472435e+09 
 2.77000000e-01  6.44380739e+09 
 2.78000000e-01  6.52344127e+09 
 2.79000000e-01  6.60362035e+09 
 2.80000000e-01  6.68433877e+09 
 2.81000000e-01  6.76559044e+09 
 2.82000000e-01  6.84736910e+09 
 2.83000000e-01  6.92966822e+09 
 2.84000000e-01  7.01248111e+09 
 2.85000000e-01  7.09580085e+09 
 2.86000000e-01  7.17962031e+09 
 2.87000000e-01  7.26393216e+09 
 2.88000000e-01  7.34872886e+09 
 2.89000000e-01  7.43400267e+09 
 2.90000000e-01  7.51974565e+09 
 2.91000000e-01  7.60594966e+09 
 2.92000000e-01  7.69260636e+09 
 2.93000000e-01  7.77970722e+09 
 2.94000000e-01  7.86724353e+09 
 2.95000000e-01  7.95520637e+09 
 2.96000000e-01  8.04358665e+09 
 2.97000000e-01  8.13237510e+09 
 2.98000000e-01  8.22156227e+09 
 2.99000000e-01  8.31113852e+09 
 3.00000000e-01  8.40109408e+09 
 3.01000000e-01  8.49141896e+09 
 3.02000000e-01  8.58210305e+09 
 3.03000000e-01  8.67313607e+09 
 3.04000000e-01  8.76450759e+09 
 3.05000000e-01  8.85620701e+09 
 3.06000000e-01  8.94822362e+09 
 3.07000000e-01  9.04054656e+09 
 3.08000000e-01  9.13316482e+09 
 3.09000000e-01  9.22606728e+09 
 3.10000000e-01  9.31924270e+09 
 3.11000000e-01  9.41267971e+09 
 3.12000000e-01  9.50636684e+09 
 3.13000000e-01  9.60029252e+09 
 3.14000000e-01  9.69444508e+09 
 3.15000000e-01  9.78881273e+09 
 3.16000000e-01  9.88338364e+09 
 3.17000000e-01  9.97814586e+09 
 3.18000000e-01  1.00730874e+10 
 3.19000000e-01  1.01681962e+10 
 3.20000000e-01  1.02634601e+10 
 3.21000000e-01  1.03588669e+10 
 3.22000000e-01  1.04544044e+10 
 3.23000000e-01  1.05500604e+10 
 3.24000000e-01  1.06458225e+10 
 3.25000000e-01  1.07416784e+10 
 3.26000000e-01  1.08376157e+10 
 3.27000000e-01  1.09336222e+10 
 3.28000000e-01  1.10296855e+10 
 3.29000000e-01  1.11257931e+10 
 3.30000000e-01  1.12219329e+10 
 3.31000000e-01  1.13180924e+10 
 3.32000000e-01  1.14142593e+10 
 3.33000000e-01  1.15104215e+10 
 3.34000000e-01  1.16065666e+10 
 3.35000000e-01  1.17026825e+10 
 3.36000000e-01  1.17987571e+10 
 3.37000000e-01  1.18947784e+10 
 3.38000000e-01  1.19907342e+10 
 3.39000000e-01  1.20866128e+10 
 3.40000000e-01  1.21824023e+10 
 3.41000000e-01  1.22780910e+10 
 3.42000000e-01  1.23736672e+10 
 3.43000000e-01  1.24691193e+10 
 3.44000000e-01  1.25644360e+10 
 3.45000000e-01  1.26596059e+10 
 3.46000000e-01  1.27546178e+10 
 3.47000000e-01  1.28494607e+10 
 3.48000000e-01  1.29441236e+10 
 3.49000000e-01  1.30385957e+10 
 3.50000000e-01  1.31328665e+10 
 3.51000000e-01  1.32269253e+10 
 3.52000000e-01  1.33207618e+10 
 3.53000000e-01  1.34143659e+10 
 3.54000000e-01  1.35077276e+10 
 3.55000000e-01  1.36008370e+10 
 3.56000000e-01  1.36936844e+10 
 3.57000000e-01  1.37862604e+10 
 3.58000000e-01  1.38785556e+10 
 3.59000000e-01  1.39705610e+10 
 3.60000000e-01  1.40622676e+10 
 3.61000000e-01  1.41536667e+10 
 3.62000000e-01  1.42447497e+10 
 3.63000000e-01  1.43355084e+10 
 3.64000000e-01  1.44259347e+10 
 3.65000000e-01  1.45160205e+10 
 3.66000000e-01  1.46057583e+10 
 3.67000000e-01  1.46951405e+10 
 3.68000000e-01  1.47841598e+10 
 3.69000000e-01  1.48728092e+10 
 3.70000000e-01  1.49610818e+10 
 3.71000000e-01  1.50489711e+10 
 3.72000000e-01  1.51364705e+10 
 3.73000000e-01  1.52235740e+10 
 3.74000000e-01  1.53102755e+10 
 3.75000000e-01  1.53965693e+10 
 3.76000000e-01  1.54824499e+10 
 3.77000000e-01  1.55679119e+10 
 3.78000000e-01  1.56529503e+10 
 3.79000000e-01  1.57375602e+10 
 3.80000000e-01  1.58217370e+10 
 3.81000000e-01  1.59054761e+10 
 3.82000000e-01  1.59887734e+10 
 3.83000000e-01  1.60716249e+10 
 3.84000000e-01  1.61540268e+10 
 3.85000000e-01  1.62359754e+10 
 3.86000000e-01  1.63174674e+10 
 3.87000000e-01  1.63984996e+10 
 3.88000000e-01  1.64790691e+10 
 3.89000000e-01  1.65591729e+10 
 3.90000000e-01  1.66388086e+10 
 3.91000000e-01  1.67179738e+10 
 3.92000000e-01  1.67966661e+10 
 3.93000000e-01  1.68748837e+10 
 3.94000000e-01  1.69526246e+10 
 3.95000000e-01  1.70298872e+10 
 3.96000000e-01  1.71066700e+10 
 3.97000000e-01  1.71829716e+10 
 3.98000000e-01  1.72587908e+10 
 3.99000000e-01  1.73341267e+10 
 4.00000000e-01  1.74089784e+10 
 4.01000000e-01  1.74833451e+10 
 4.02000000e-01  1.75572263e+10 
 4.03000000e-01  1.76306215e+10 
 4.04000000e-01  1.77035305e+10 
 4.05000000e-01  1.77759530e+10 
 4.06000000e-01  1.78478890e+10 
 4.07000000e-01  1.79193386e+10 
 4.08000000e-01  1.79903019e+10 
 4.09000000e-01  1.80607792e+10 
 4.10000000e-01  1.81307709e+10 
 4.11000000e-01  1.82002773e+10 
 4.12000000e-01  1.82692992e+10 
 4.13000000e-01  1.83378370e+10 
 4.14000000e-01  1.84058916e+10 
 4.15000000e-01  1.84734636e+10 
 4.16000000e-01  1.85405539e+10 
 4.17000000e-01  1.86071635e+10 
 4.18000000e-01  1.86732932e+10 
 4.19000000e-01  1.87389440e+10 
 4.20000000e-01  1.88041171e+10 
 4.21000000e-01  1.88688134e+10 
 4.22000000e-01  1.89330340e+10 
 4.23000000e-01  1.89967801e+10 
 4.24000000e-01  1.90600528e+10 
 4.25000000e-01  1.91228532e+10 
 4.26000000e-01  1.91851825e+10 
 4.27000000e-01  1.92470418e+10 
 4.28000000e-01  1.93084323e+10 
 4.29000000e-01  1.93693551e+10 
 4.30000000e-01  1.94298114e+10 
 4.31000000e-01  1.94898022e+10 
 4.32000000e-01  1.95493286e+10 
 4.33000000e-01  1.96083917e+10 
 4.34000000e-01  1.96669924e+10 
 4.35000000e-01  1.97251317e+10 
 4.36000000e-01  1.97828106e+10 
 4.37000000e-01  1.98400298e+10 
 4.38000000e-01  1.98967904e+10 
 4.39000000e-01  1.99530929e+10 
 4.40000000e-01  2.00089381e+10 
 4.41000000e-01  2.00643266e+10 
 4.42000000e-01  2.01192590e+10 
 4.43000000e-01  2.01737358e+10 
 4.44000000e-01  2.02277574e+10 
 4.45000000e-01  2.02813241e+10 
 4.46000000e-01  2.03344363e+10 
 4.47000000e-01  2.03870939e+10 
 4.48000000e-01  2.04392973e+10 
 4.49000000e-01  2.04910462e+10 
 4.50000000e-01  2.05423407e+10 
 4.51000000e-01  2.05931805e+10 
 4.52000000e-01  2.06435654e+10 
 4.53000000e-01  2.06934949e+10 
 4.54000000e-01  2.07429685e+10 
 4.55000000e-01  2.07919857e+10 
 4.56000000e-01  2.08405458e+10 
 4.57000000e-01  2.08886479e+10 
 4.58000000e-01  2.09362911e+10 
 4.59000000e-01  2.09834745e+10 
 4.60000000e-01  2.10301969e+10 
 4.61000000e-01  2.10764571e+10 
 4.62000000e-01  2.11222537e+10 
 4.63000000e-01  2.11675853e+10 
 4.64000000e-01  2.12124504e+10 
 4.65000000e-01  2.12568473e+10 
 4.66000000e-01  2.13007742e+10 
 4.67000000e-01  2.13442293e+10 
 4.68000000e-01  2.13872105e+10 
 4.69000000e-01  2.14297160e+10 
 4.70000000e-01  2.14717433e+10 
 4.71000000e-01  2.15132904e+10 
 4.72000000e-01  2.15543548e+10 
 4.73000000e-01  2.15949340e+10 
 4.74000000e-01  2.16350255e+10 
 4.75000000e-01  2.16746266e+10 
 4.76000000e-01  2.17137346e+10 
 4.77000000e-01  2.17523466e+10 
 4.78000000e-01  2.17904597e+10 
 4.79000000e-01  2.18280710e+10 
 4.80000000e-01  2.18651773e+10 
 4.81000000e-01  2.19017755e+10 
 4.82000000e-01  2.19378623e+10 
 4.83000000e-01  2.19734345e+10 
 4.84000000e-01  2.20084887e+10 
 4.85000000e-01  2.20430214e+10 
 4.86000000e-01  2.20770292e+10 
 4.87000000e-01  2.21105085e+10 
 4.88000000e-01  2.21434558e+10 
 4.89000000e-01  2.21758673e+10 
 4.90000000e-01  2.22077395e+10 
 4.91000000e-01  2.22390686e+10 
 4.92000000e-01  2.22698508e+10 
 4.93000000e-01  2.23000824e+10 
 4.94000000e-01  2.23297595e+10 
 4.95000000e-01  2.23588783e+10 
 4.96000000e-01  2.23874350e+10 
 4.97000000e-01  2.24154257e+10 
 4.98000000e-01  2.24428466e+10 
 4.99000000e-01  2.24696938e+10 
 5.00000000e-01  2.24959634e+10 
 5.01000000e-01  2.25216516e+10 
 5.02000000e-01  2.25467545e+10 
 5.03000000e-01  2.25712683e+10 
 5.04000000e-01  2.25951893e+10 
 5.05000000e-01  2.26185136e+10 
 5.06000000e-01  2.26412376e+10 
 5.07000000e-01  2.26633574e+10 
 5.08000000e-01  2.26848696e+10 
 5.09000000e-01  2.27057704e+10 
 5.10000000e-01  2.27260564e+10 
 5.11000000e-01  2.27457240e+10 
 5.12000000e-01  2.27647698e+10 
 5.13000000e-01  2.27831905e+10 
 5.14000000e-01  2.28009827e+10 
 5.15000000e-01  2.28181433e+10 
 5.16000000e-01  2.28346691e+10 
 5.17000000e-01  2.28505571e+10 
 5.18000000e-01  2.28658044e+10 
 5.19000000e-01  2.28804081e+10 
 5.20000000e-01  2.28943654e+10 
 5.21000000e-01  2.29076738e+10 
 5.22000000e-01  2.29203306e+10 
 5.23000000e-01  2.29323336e+10 
 5.24000000e-01  2.29436802e+10 
 5.25000000e-01  2.29543685e+10 
 5.26000000e-01  2.29643964e+10 
 5.27000000e-01  2.29737618e+10 
 5.28000000e-01  2.29824631e+10 
 5.29000000e-01  2.29904986e+10 
 5.30000000e-01  2.29978667e+10 
 5.31000000e-01  2.30045662e+10 
 5.32000000e-01  2.30105957e+10 
 5.33000000e-01  2.30159543e+10 
 5.34000000e-01  2.30206410e+10 
 5.35000000e-01  2.30246550e+10 
 5.36000000e-01  2.30279957e+10 
 5.37000000e-01  2.30306628e+10 
 5.38000000e-01  2.30326558e+10 
 5.39000000e-01  2.30339748e+10 
 5.40000000e-01  2.30346197e+10 
 5.41000000e-01  2.30345907e+10 
 5.42000000e-01  2.30338883e+10 
 5.43000000e-01  2.30325130e+10 
 5.44000000e-01  2.30304655e+10 
 5.45000000e-01  2.30277468e+10 
 5.46000000e-01  2.30243579e+10 
 5.47000000e-01  2.30203001e+10 
 5.48000000e-01  2.30155748e+10 
 5.49000000e-01  2.30101837e+10 
 5.50000000e-01  2.30041284e+10 
 5.51000000e-01  2.29974110e+10 
 5.52000000e-01  2.29900337e+10 
 5.53000000e-01  2.29819986e+10 
 5.54000000e-01  2.29733084e+10 
 5.55000000e-01  2.29639657e+10 
 5.56000000e-01  2.29539733e+10 
 5.57000000e-01  2.29433343e+10 
 5.58000000e-01  2.29320518e+10 
 5.59000000e-01  2.29201293e+10 
 5.60000000e-01  2.29075702e+10 
 5.61000000e-01  2.28943783e+10 
 5.62000000e-01  2.28805574e+10 
 5.63000000e-01  2.28661116e+10 
 5.64000000e-01  2.28510451e+10 
 5.65000000e-01  2.28353623e+10 
 5.66000000e-01  2.28190676e+10 
 5.67000000e-01  2.28021659e+10 
 5.68000000e-01  2.27846619e+10 
 5.69000000e-01  2.27665606e+10 
 5.70000000e-01  2.27478672e+10 
 5.71000000e-01  2.27285869e+10 
 5.72000000e-01  2.27087253e+10 
 5.73000000e-01  2.26882879e+10 
 5.74000000e-01  2.26672805e+10 
 5.75000000e-01  2.26457088e+10 
 5.76000000e-01  2.26235790e+10 
 5.77000000e-01  2.26008970e+10 
 5.78000000e-01  2.25776693e+10 
 5.79000000e-01  2.25539021e+10 
 5.80000000e-01  2.25296020e+10 
 5.81000000e-01  2.25047755e+10 
 5.82000000e-01  2.24794295e+10 
 5.83000000e-01  2.24535707e+10 
 5.84000000e-01  2.24272060e+10 
 5.85000000e-01  2.24003426e+10 
 5.86000000e-01  2.23729876e+10 
 5.87000000e-01  2.23451481e+10 
 5.88000000e-01  2.23168315e+10 
 5.89000000e-01  2.22880453e+10 
 5.90000000e-01  2.22587969e+10 
 5.91000000e-01  2.22290938e+10 
 5.92000000e-01  2.21989438e+10 
 5.93000000e-01  2.21683545e+10 
 5.94000000e-01  2.21373337e+10 
 5.95000000e-01  2.21058893e+10 
 5.96000000e-01  2.20740292e+10 
 5.97000000e-01  2.20417612e+10 
 5.98000000e-01  2.20090934e+10 
 5.99000000e-01  2.19760339e+10 
 6.00000000e-01  2.19425907e+10 
 6.01000000e-01  2.19087720e+10 
 6.02000000e-01  2.18745859e+10 
 6.03000000e-01  2.18400406e+10 
 6.04000000e-01  2.18051444e+10 
 6.05000000e-01  2.17699054e+10 
 6.06000000e-01  2.17343319e+10 
 6.07000000e-01  2.16984322e+10 
 6.08000000e-01  2.16622145e+10 
 6.09000000e-01  2.16256872e+10 
 6.10000000e-01  2.15888585e+10 
 6.11000000e-01  2.15517367e+10 
 6.12000000e-01  2.15143302e+10 
 6.13000000e-01  2.14766471e+10 
 6.14000000e-01  2.14386958e+10 
 6.15000000e-01  2.14004845e+10 
 6.16000000e-01  2.13620214e+10 
 6.17000000e-01  2.13233147e+10 
 6.18000000e-01  2.12843727e+10 
 6.19000000e-01  2.12452035e+10 
 6.20000000e-01  2.12058152e+10 
 6.21000000e-01  2.11662159e+10 
 6.22000000e-01  2.11264137e+10 
 6.23000000e-01  2.10864166e+10 
 6.24000000e-01  2.10462325e+10 
 6.25000000e-01  2.10058695e+10 
 6.26000000e-01  2.09653354e+10 
 6.27000000e-01  2.09246380e+10 
 6.28000000e-01  2.08837852e+10 
 6.29000000e-01  2.08427845e+10 
 6.30000000e-01  2.08016439e+10 
 6.31000000e-01  2.07603707e+10 
 6.32000000e-01  2.07189726e+10 
 6.33000000e-01  2.06774571e+10 
 6.34000000e-01  2.06358316e+10 
 6.35000000e-01  2.05941035e+10 
 6.36000000e-01  2.05522800e+10 
 6.37000000e-01  2.05103683e+10 
 6.38000000e-01  2.04683756e+10 
 6.39000000e-01  2.04263090e+10 
 6.40000000e-01  2.03841754e+10 
 6.41000000e-01  2.03419818e+10 
 6.42000000e-01  2.02997349e+10 
 6.43000000e-01  2.02574416e+10 
 6.44000000e-01  2.02151085e+10 
 6.45000000e-01  2.01727422e+10 
 6.46000000e-01  2.01303492e+10 
 6.47000000e-01  2.00879359e+10 
 6.48000000e-01  2.00455086e+10 
 6.49000000e-01  2.00030737e+10 
 6.50000000e-01  1.99606371e+10 
 6.51000000e-01  1.99182051e+10 
 6.52000000e-01  1.98757836e+10 
 6.53000000e-01  1.98333785e+10 
 6.54000000e-01  1.97909955e+10 
 6.55000000e-01  1.97486404e+10 
 6.56000000e-01  1.97063189e+10 
 6.57000000e-01  1.96640363e+10 
 6.58000000e-01  1.96217982e+10 
 6.59000000e-01  1.95796099e+10 
 6.60000000e-01  1.95374766e+10 
 6.61000000e-01  1.94954035e+10 
 6.62000000e-01  1.94533956e+10 
 6.63000000e-01  1.94114580e+10 
 6.64000000e-01  1.93695954e+10 
 6.65000000e-01  1.93278128e+10 
 6.66000000e-01  1.92861146e+10 
 6.67000000e-01  1.92445056e+10 
 6.68000000e-01  1.92029903e+10 
 6.69000000e-01  1.91615730e+10 
 6.70000000e-01  1.91202580e+10 
 6.71000000e-01  1.90790497e+10 
 6.72000000e-01  1.90379520e+10 
 6.73000000e-01  1.89969692e+10 
 6.74000000e-01  1.89561050e+10 
 6.75000000e-01  1.89153634e+10 
 6.76000000e-01  1.88747482e+10 
 6.77000000e-01  1.88342630e+10 
 6.78000000e-01  1.87939114e+10 
 6.79000000e-01  1.87536969e+10 
 6.80000000e-01  1.87136229e+10 
 6.81000000e-01  1.86736928e+10 
 6.82000000e-01  1.86339098e+10 
 6.83000000e-01  1.85942770e+10 
 6.84000000e-01  1.85547975e+10 
 6.85000000e-01  1.85154744e+10 
 6.86000000e-01  1.84763105e+10 
 6.87000000e-01  1.84373086e+10 
 6.88000000e-01  1.83984715e+10 
 6.89000000e-01  1.83598018e+10 
 6.90000000e-01  1.83213021e+10 
 6.91000000e-01  1.82829749e+10 
 6.92000000e-01  1.82448227e+10 
 6.93000000e-01  1.82068477e+10 
 6.94000000e-01  1.81690522e+10 
 6.95000000e-01  1.81314384e+10 
 6.96000000e-01  1.80940085e+10 
 6.97000000e-01  1.80567645e+10 
 6.98000000e-01  1.80197082e+10 
 6.99000000e-01  1.79828418e+10 
 7.00000000e-01  1.79461668e+10 
 7.01000000e-01  1.79096852e+10 
 7.02000000e-01  1.78733986e+10 
 7.03000000e-01  1.78373085e+10 
 7.04000000e-01  1.78014167e+10 
 7.05000000e-01  1.77657245e+10 
 7.06000000e-01  1.77302333e+10 
 7.07000000e-01  1.76949445e+10 
 7.08000000e-01  1.76598595e+10 
 7.09000000e-01  1.76249793e+10 
 7.10000000e-01  1.75903053e+10 
 7.11000000e-01  1.75558384e+10 
 7.12000000e-01  1.75215798e+10 
 7.13000000e-01  1.74875304e+10 
 7.14000000e-01  1.74536912e+10 
 7.15000000e-01  1.74200630e+10 
 7.16000000e-01  1.73866467e+10 
 7.17000000e-01  1.73534429e+10 
 7.18000000e-01  1.73204525e+10 
 7.19000000e-01  1.72876761e+10 
 7.20000000e-01  1.72551143e+10 
 7.21000000e-01  1.72227676e+10 
 7.22000000e-01  1.71906366e+10 
 7.23000000e-01  1.71587217e+10 
 7.24000000e-01  1.71270233e+10 
 7.25000000e-01  1.70955417e+10 
 7.26000000e-01  1.70642774e+10 
 7.27000000e-01  1.70332306e+10 
 7.28000000e-01  1.70024014e+10 
 7.29000000e-01  1.69717901e+10 
 7.30000000e-01  1.69413969e+10 
 7.31000000e-01  1.69112218e+10 
 7.32000000e-01  1.68812648e+10 
 7.33000000e-01  1.68515261e+10 
 7.34000000e-01  1.68220056e+10 
 7.35000000e-01  1.67927032e+10 
 7.36000000e-01  1.67636189e+10 
 7.37000000e-01  1.67347525e+10 
 7.38000000e-01  1.67061038e+10 
 7.39000000e-01  1.66776727e+10 
 7.40000000e-01  1.66494589e+10 
 7.41000000e-01  1.66214622e+10 
 7.42000000e-01  1.65936822e+10 
 7.43000000e-01  1.65661187e+10 
 7.44000000e-01  1.65387713e+10 
 7.45000000e-01  1.65116395e+10 
 7.46000000e-01  1.64847230e+10 
 7.47000000e-01  1.64580214e+10 
 7.48000000e-01  1.64315341e+10 
 7.49000000e-01  1.64052606e+10 
 7.50000000e-01  1.63792005e+10 
 7.51000000e-01  1.63533532e+10 
 7.52000000e-01  1.63277181e+10 
 7.53000000e-01  1.63022945e+10 
 7.54000000e-01  1.62770820e+10 
 7.55000000e-01  1.62520797e+10 
 7.56000000e-01  1.62272872e+10 
 7.57000000e-01  1.62027036e+10 
 7.58000000e-01  1.61783282e+10 
 7.59000000e-01  1.61541604e+10 
 7.60000000e-01  1.61301994e+10 
 7.61000000e-01  1.61064444e+10 
 7.62000000e-01  1.60828946e+10 
 7.63000000e-01  1.60595493e+10 
 7.64000000e-01  1.60364075e+10 
 7.65000000e-01  1.60134685e+10 
 7.66000000e-01  1.59907314e+10 
 7.67000000e-01  1.59681953e+10 
 7.68000000e-01  1.59458593e+10 
 7.69000000e-01  1.59237226e+10 
 7.70000000e-01  1.59017842e+10 
 7.71000000e-01  1.58800432e+10 
 7.72000000e-01  1.58584987e+10 
 7.73000000e-01  1.58371496e+10 
 7.74000000e-01  1.58159951e+10 
 7.75000000e-01  1.57950341e+10 
 7.76000000e-01  1.57742658e+10 
 7.77000000e-01  1.57536889e+10 
 7.78000000e-01  1.57333026e+10 
 7.79000000e-01  1.57131059e+10 
 7.80000000e-01  1.56930976e+10 
 7.81000000e-01  1.56732769e+10 
 7.82000000e-01  1.56536425e+10 
 7.83000000e-01  1.56341935e+10 
 7.84000000e-01  1.56149288e+10 
 7.85000000e-01  1.55958473e+10 
 7.86000000e-01  1.55769479e+10 
 7.87000000e-01  1.55582296e+10 
 7.88000000e-01  1.55396913e+10 
 7.89000000e-01  1.55213318e+10 
 7.90000000e-01  1.55031501e+10 
 7.91000000e-01  1.54851451e+10 
 7.92000000e-01  1.54673156e+10 
 7.93000000e-01  1.54496605e+10 
 7.94000000e-01  1.54321787e+10 
 7.95000000e-01  1.54148691e+10 
 7.96000000e-01  1.53977305e+10 
 7.97000000e-01  1.53807618e+10 
 7.98000000e-01  1.53639618e+10 
 7.99000000e-01  1.53473295e+10 
 8.00000000e-01  1.53308636e+10 
 8.01000000e-01  1.53145631e+10 
 8.02000000e-01  1.52984267e+10 
 8.03000000e-01  1.52824534e+10 
 8.04000000e-01  1.52666419e+10 
 8.05000000e-01  1.52509912e+10 
 8.06000000e-01  1.52354999e+10 
 8.07000000e-01  1.52201671e+10 
 8.08000000e-01  1.52049916e+10 
 8.09000000e-01  1.51899720e+10 
 8.10000000e-01  1.51751075e+10 
 8.11000000e-01  1.51603966e+10 
 8.12000000e-01  1.51458384e+10 
 8.13000000e-01  1.51314316e+10 
 8.14000000e-01  1.51171751e+10 
 8.15000000e-01  1.51030677e+10 
 8.16000000e-01  1.50891082e+10 
 8.17000000e-01  1.50752956e+10 
 8.18000000e-01  1.50616285e+10 
 8.19000000e-01  1.50481060e+10 
 8.20000000e-01  1.50347268e+10 
 8.21000000e-01  1.50214898e+10 
 8.22000000e-01  1.50083937e+10 
 8.23000000e-01  1.49954376e+10 
 8.24000000e-01  1.49826202e+10 
 8.25000000e-01  1.49699404e+10 
 8.26000000e-01  1.49573969e+10 
 8.27000000e-01  1.49449888e+10 
 8.28000000e-01  1.49327149e+10 
 8.29000000e-01  1.49205739e+10 
 8.30000000e-01  1.49085648e+10 
 8.31000000e-01  1.48966865e+10 
 8.32000000e-01  1.48849378e+10 
 8.33000000e-01  1.48733176e+10 
 8.34000000e-01  1.48618247e+10 
 8.35000000e-01  1.48504581e+10 
 8.36000000e-01  1.48392166e+10 
 8.37000000e-01  1.48280991e+10 
 8.38000000e-01  1.48171046e+10 
 8.39000000e-01  1.48062318e+10 
 8.40000000e-01  1.47954798e+10 
 8.41000000e-01  1.47848473e+10 
 8.42000000e-01  1.47743334e+10 
 8.43000000e-01  1.47639368e+10 
 8.44000000e-01  1.47536566e+10 
 8.45000000e-01  1.47434916e+10 
 8.46000000e-01  1.47334408e+10 
 8.47000000e-01  1.47235030e+10 
 8.48000000e-01  1.47136773e+10 
 8.49000000e-01  1.47039625e+10 
 8.50000000e-01  1.46943576e+10 
 8.51000000e-01  1.46848615e+10 
 8.52000000e-01  1.46754732e+10 
 8.53000000e-01  1.46661916e+10 
 8.54000000e-01  1.46570156e+10 
 8.55000000e-01  1.46479443e+10 
 8.56000000e-01  1.46389766e+10 
 8.57000000e-01  1.46301114e+10 
 8.58000000e-01  1.46213478e+10 
 8.59000000e-01  1.46126847e+10 
 8.60000000e-01  1.46041210e+10 
 8.61000000e-01  1.45956559e+10 
 8.62000000e-01  1.45872882e+10 
 8.63000000e-01  1.45790170e+10 
 8.64000000e-01  1.45708412e+10 
 8.65000000e-01  1.45627599e+10 
 8.66000000e-01  1.45547721e+10 
 8.67000000e-01  1.45468767e+10 
 8.68000000e-01  1.45390729e+10 
 8.69000000e-01  1.45313597e+10 
 8.70000000e-01  1.45237360e+10 
 8.71000000e-01  1.45162009e+10 
 8.72000000e-01  1.45087534e+10 
 8.73000000e-01  1.45013927e+10 
 8.74000000e-01  1.44941176e+10 
 8.75000000e-01  1.44869274e+10 
 8.76000000e-01  1.44798210e+10 
 8.77000000e-01  1.44727976e+10 
 8.78000000e-01  1.44658561e+10 
 8.79000000e-01  1.44589957e+10 
 8.80000000e-01  1.44522155e+10 
 8.81000000e-01  1.44455145e+10 
 8.82000000e-01  1.44388917e+10 
 8.83000000e-01  1.44323465e+10 
 8.84000000e-01  1.44258777e+10 
 8.85000000e-01  1.44194845e+10 
 8.86000000e-01  1.44131661e+10 
 8.87000000e-01  1.44069215e+10 
 8.88000000e-01  1.44007499e+10 
 8.89000000e-01  1.43946504e+10 
 8.90000000e-01  1.43886221e+10 
 8.91000000e-01  1.43826642e+10 
 8.92000000e-01  1.43767758e+10 
 8.93000000e-01  1.43709560e+10 
 8.94000000e-01  1.43652040e+10 
 8.95000000e-01  1.43595190e+10 
 8.96000000e-01  1.43539001e+10 
 8.97000000e-01  1.43483464e+10 
 8.98000000e-01  1.43428572e+10 
 8.99000000e-01  1.43374317e+10 
 9.00000000e-01  1.43320689e+10 
 9.01000000e-01  1.43267682e+10 
 9.02000000e-01  1.43215286e+10 
 9.03000000e-01  1.43163494e+10 
 9.04000000e-01  1.43112298e+10 
 9.05000000e-01  1.43061690e+10 
 9.06000000e-01  1.43011662e+10 
 9.07000000e-01  1.42962206e+10 
 9.08000000e-01  1.42913315e+10 
 9.09000000e-01  1.42864980e+10 
 9.10000000e-01  1.42817193e+10 
 9.11000000e-01  1.42769949e+10 
 9.12000000e-01  1.42723237e+10 
 9.13000000e-01  1.42677052e+10 
 9.14000000e-01  1.42631386e+10 
 9.15000000e-01  1.42586231e+10 
 9.16000000e-01  1.42541579e+10 
 9.17000000e-01  1.42497424e+10 
 9.18000000e-01  1.42453758e+10 
 9.19000000e-01  1.42410573e+10 
 9.20000000e-01  1.42367863e+10 
 9.21000000e-01  1.42325621e+10 
 9.22000000e-01  1.42283839e+10 
 9.23000000e-01  1.42242510e+10 
 9.24000000e-01  1.42201627e+10 
 9.25000000e-01  1.42161183e+10 
 9.26000000e-01  1.42121172e+10 
 9.27000000e-01  1.42081586e+10 
 9.28000000e-01  1.42042418e+10 
 9.29000000e-01  1.42003662e+10 
 9.30000000e-01  1.41965311e+10 
 9.31000000e-01  1.41927358e+10 
 9.32000000e-01  1.41889797e+10 
 9.33000000e-01  1.41852621e+10 
 9.34000000e-01  1.41815823e+10 
 9.35000000e-01  1.41779396e+10 
 9.36000000e-01  1.41743335e+10 
 9.37000000e-01  1.41707633e+10 
 9.38000000e-01  1.41672283e+10 
 9.39000000e-01  1.41637279e+10 
 9.40000000e-01  1.41602615e+10 
 9.41000000e-01  1.41568284e+10 
 9.42000000e-01  1.41534280e+10 
 9.43000000e-01  1.41500598e+10 
 9.44000000e-01  1.41467230e+10 
 9.45000000e-01  1.41434171e+10 
 9.46000000e-01  1.41401414e+10 
 9.47000000e-01  1.41368955e+10 
 9.48000000e-01  1.41336785e+10 
 9.49000000e-01  1.41304901e+10 
 9.50000000e-01  1.41273295e+10 
 9.51000000e-01  1.41241962e+10 
 9.52000000e-01  1.41210897e+10 
 9.53000000e-01  1.41180092e+10 
 9.54000000e-01  1.41149543e+10 
 9.55000000e-01  1.41119244e+10 
 9.56000000e-01  1.41089189e+10 
 9.57000000e-01  1.41059373e+10 
 9.58000000e-01  1.41029790e+10 
 9.59000000e-01  1.41000434e+10 
 9.60000000e-01  1.40971300e+10 
 9.61000000e-01  1.40942382e+10 
 9.62000000e-01  1.40913675e+10 
 9.63000000e-01  1.40885174e+10 
 9.64000000e-01  1.40856873e+10 
 9.65000000e-01  1.40828767e+10 
 9.66000000e-01  1.40800850e+10 
 9.67000000e-01  1.40773118e+10 
 9.68000000e-01  1.40745565e+10 
 9.69000000e-01  1.40718186e+10 
 9.70000000e-01  1.40690976e+10 
 9.71000000e-01  1.40663929e+10 
 9.72000000e-01  1.40637041e+10 
 9.73000000e-01  1.40610307e+10 
 9.74000000e-01  1.40583721e+10 
 9.75000000e-01  1.40557279e+10 
 9.76000000e-01  1.40530976e+10 
 9.77000000e-01  1.40504806e+10 
 9.78000000e-01  1.40478765e+10 
 9.79000000e-01  1.40452849e+10 
 9.80000000e-01  1.40427052e+10 
 9.81000000e-01  1.40401369e+10 
 9.82000000e-01  1.40375796e+10 
 9.83000000e-01  1.40350329e+10 
 9.84000000e-01  1.40324962e+10 
 9.85000000e-01  1.40299691e+10 
 9.86000000e-01  1.40274511e+10 
 9.87000000e-01  1.40249418e+10 
 9.88000000e-01  1.40224407e+10 
 9.89000000e-01  1.40199474e+10 
 9.90000000e-01  1.40174614e+10 
 9.91000000e-01  1.40149823e+10 
 9.92000000e-01  1.40125096e+10 
 9.93000000e-01  1.40100430e+10 
 9.94000000e-01  1.40075819e+10 
 9.95000000e-01  1.40051260e+10 
 9.96000000e-01  1.40026748e+10 
 9.97000000e-01  1.40002278e+10 
 9.98000000e-01  1.39977848e+10 
 9.99000000e-01  1.39953452e+10 
 1.00000000e+00  1.39929086e+10 
 1.00100000e+00  1.39904747e+10 
 1.00200000e+00  1.39880430e+10 
 1.00300000e+00  1.39856131e+10 
 1.00400000e+00  1.39831846e+10 
 1.00500000e+00  1.39807571e+10 
 1.00600000e+00  1.39783302e+10 
 1.00700000e+00  1.39759035e+10 
 1.00800000e+00  1.39734767e+10 
 1.00900000e+00  1.39710493e+10 
 1.01000000e+00  1.39686209e+10 
 1.01100000e+00  1.39661912e+10 
 1.01200000e+00  1.39637598e+10 
 1.01300000e+00  1.39613263e+10 
 1.01400000e+00  1.39588904e+10 
 1.01500000e+00  1.39564516e+10 
 1.01600000e+00  1.39540095e+10 
 1.01700000e+00  1.39515640e+10 
 1.01800000e+00  1.39491144e+10 
 1.01900000e+00  1.39466606e+10 
 1.02000000e+00  1.39442021e+10 
 1.02100000e+00  1.39417386e+10 
 1.02200000e+00  1.39392698e+10 
 1.02300000e+00  1.39367952e+10 
 1.02400000e+00  1.39343145e+10 
 1.02500000e+00  1.39318275e+10 
 1.02600000e+00  1.39293336e+10 
 1.02700000e+00  1.39268327e+10 
 1.02800000e+00  1.39243244e+10 
 1.02900000e+00  1.39218083e+10 
 1.03000000e+00  1.39192840e+10 
 1.03100000e+00  1.39167514e+10 
 1.03200000e+00  1.39142100e+10 
 1.03300000e+00  1.39116595e+10 
 1.03400000e+00  1.39090996e+10 
 1.03500000e+00  1.39065299e+10 
 1.03600000e+00  1.39039503e+10 
 1.03700000e+00  1.39013602e+10 
 1.03800000e+00  1.38987595e+10 
 1.03900000e+00  1.38961478e+10 
 1.04000000e+00  1.38935248e+10 
 1.04100000e+00  1.38908902e+10 
 1.04200000e+00  1.38882436e+10 
 1.04300000e+00  1.38855849e+10 
 1.04400000e+00  1.38829137e+10 
 1.04500000e+00  1.38802296e+10 
 1.04600000e+00  1.38775325e+10 
 1.04700000e+00  1.38748220e+10 
 1.04800000e+00  1.38720977e+10 
 1.04900000e+00  1.38693595e+10 
 1.05000000e+00  1.38666071e+10 
 1.05100000e+00  1.38638401e+10 
 1.05200000e+00  1.38610583e+10 
 1.05300000e+00  1.38582613e+10 
 1.05400000e+00  1.38554490e+10 
 1.05500000e+00  1.38526211e+10 
 1.05600000e+00  1.38497772e+10 
 1.05700000e+00  1.38469171e+10 
 1.05800000e+00  1.38440405e+10 
 1.05900000e+00  1.38411472e+10 
 1.06000000e+00  1.38382369e+10 
 1.06100000e+00  1.38353094e+10 
 1.06200000e+00  1.38323643e+10 
 1.06300000e+00  1.38294014e+10 
 1.06400000e+00  1.38264205e+10 
 1.06500000e+00  1.38234213e+10 
 1.06600000e+00  1.38204036e+10 
 1.06700000e+00  1.38173670e+10 
 1.06800000e+00  1.38143114e+10 
 1.06900000e+00  1.38112365e+10 
 1.07000000e+00  1.38081421e+10 
 1.07100000e+00  1.38050279e+10 
 1.07200000e+00  1.38018937e+10 
 1.07300000e+00  1.37987392e+10 
 1.07400000e+00  1.37955643e+10 
 1.07500000e+00  1.37923686e+10 
 1.07600000e+00  1.37891519e+10 
 1.07700000e+00  1.37859141e+10 
 1.07800000e+00  1.37826548e+10 
 1.07900000e+00  1.37793738e+10 
 1.08000000e+00  1.37760710e+10 
 1.08100000e+00  1.37727461e+10 
 1.08200000e+00  1.37693989e+10 
 1.08300000e+00  1.37660291e+10 
 1.08400000e+00  1.37626366e+10 
 1.08500000e+00  1.37592211e+10 
 1.08600000e+00  1.37557824e+10 
 1.08700000e+00  1.37523203e+10 
 1.08800000e+00  1.37488346e+10 
 1.08900000e+00  1.37453251e+10 
 1.09000000e+00  1.37417915e+10 
 1.09100000e+00  1.37382337e+10 
 1.09200000e+00  1.37346514e+10 
 1.09300000e+00  1.37310445e+10 
 1.09400000e+00  1.37274128e+10 
 1.09500000e+00  1.37237560e+10 
 1.09600000e+00  1.37200740e+10 
 1.09700000e+00  1.37163665e+10 
 1.09800000e+00  1.37126335e+10 
 1.09900000e+00  1.37088746e+10 
 1.10000000e+00  1.37050896e+10 
 1.10100000e+00  1.37012785e+10 
 1.10200000e+00  1.36974410e+10 
 1.10300000e+00  1.36935769e+10 
 1.10400000e+00  1.36896861e+10 
 1.10500000e+00  1.36857683e+10 
 1.10600000e+00  1.36818234e+10 
 1.10700000e+00  1.36778512e+10 
 1.10800000e+00  1.36738515e+10 
 1.10900000e+00  1.36698242e+10 
 1.11000000e+00  1.36657690e+10 
 1.11100000e+00  1.36616858e+10 
 1.11200000e+00  1.36575745e+10 
 1.11300000e+00  1.36534348e+10 
 1.11400000e+00  1.36492666e+10 
 1.11500000e+00  1.36450698e+10 
 1.11600000e+00  1.36408441e+10 
 1.11700000e+00  1.36365893e+10 
 1.11800000e+00  1.36323055e+10 
 1.11900000e+00  1.36279923e+10 
 1.12000000e+00  1.36236496e+10 
 1.12100000e+00  1.36192773e+10 
 1.12200000e+00  1.36148751e+10 
 1.12300000e+00  1.36104430e+10 
 1.12400000e+00  1.36059808e+10 
 1.12500000e+00  1.36014884e+10 
 1.12600000e+00  1.35969655e+10 
 1.12700000e+00  1.35924121e+10 
 1.12800000e+00  1.35878280e+10 
 1.12900000e+00  1.35832131e+10 
 1.13000000e+00  1.35785671e+10 
 1.13100000e+00  1.35738900e+10 
 1.13200000e+00  1.35691816e+10 
 1.13300000e+00  1.35644418e+10 
 1.13400000e+00  1.35596705e+10 
 1.13500000e+00  1.35548675e+10 
 1.13600000e+00  1.35500326e+10 
 1.13700000e+00  1.35451658e+10 
 1.13800000e+00  1.35402668e+10 
 1.13900000e+00  1.35353357e+10 
 1.14000000e+00  1.35303721e+10 
 1.14100000e+00  1.35253761e+10 
 1.14200000e+00  1.35203475e+10 
 1.14300000e+00  1.35152862e+10 
 1.14400000e+00  1.35101919e+10 
 1.14500000e+00  1.35050647e+10 
 1.14600000e+00  1.34999044e+10 
 1.14700000e+00  1.34947108e+10 
 1.14800000e+00  1.34894839e+10 
 1.14900000e+00  1.34842236e+10 
 1.15000000e+00  1.34789296e+10 
 1.15100000e+00  1.34736019e+10 
 1.15200000e+00  1.34682404e+10 
 1.15300000e+00  1.34628450e+10 
 1.15400000e+00  1.34574156e+10 
 1.15500000e+00  1.34519520e+10 
 1.15600000e+00  1.34464541e+10 
 1.15700000e+00  1.34409219e+10 
 1.15800000e+00  1.34353552e+10 
 1.15900000e+00  1.34297539e+10 
 1.16000000e+00  1.34241179e+10 
 1.16100000e+00  1.34184471e+10 
 1.16200000e+00  1.34127415e+10 
 1.16300000e+00  1.34070009e+10 
 1.16400000e+00  1.34012252e+10 
 1.16500000e+00  1.33954143e+10 
 1.16600000e+00  1.33895681e+10 
 1.16700000e+00  1.33836865e+10 
 1.16800000e+00  1.33777695e+10 
 1.16900000e+00  1.33718169e+10 
 1.17000000e+00  1.33658286e+10 
 1.17100000e+00  1.33598046e+10 
 1.17200000e+00  1.33537448e+10 
 1.17300000e+00  1.33476491e+10 
 1.17400000e+00  1.33415173e+10 
 1.17500000e+00  1.33353495e+10 
 1.17600000e+00  1.33291454e+10 
 1.17700000e+00  1.33229052e+10 
 1.17800000e+00  1.33166285e+10 
 1.17900000e+00  1.33103155e+10 
 1.18000000e+00  1.33039659e+10 
 1.18100000e+00  1.32975797e+10 
 1.18200000e+00  1.32911569e+10 
 1.18300000e+00  1.32846974e+10 
 1.18400000e+00  1.32782010e+10 
 1.18500000e+00  1.32716678e+10 
 1.18600000e+00  1.32650976e+10 
 1.18700000e+00  1.32584904e+10 
 1.18800000e+00  1.32518461e+10 
 1.18900000e+00  1.32451646e+10 
 1.19000000e+00  1.32384458e+10 
 1.19100000e+00  1.32316898e+10 
 1.19200000e+00  1.32248964e+10 
 1.19300000e+00  1.32180656e+10 
 1.19400000e+00  1.32111972e+10 
 1.19500000e+00  1.32042913e+10 
 1.19600000e+00  1.31973478e+10 
 1.19700000e+00  1.31903666e+10 
 1.19800000e+00  1.31833477e+10 
 1.19900000e+00  1.31762909e+10 
 1.20000000e+00  1.31691963e+10 
 1.20100000e+00  1.31620638e+10 
 1.20200000e+00  1.31548933e+10 
 1.20300000e+00  1.31476848e+10 
 1.20400000e+00  1.31404382e+10 
 1.20500000e+00  1.31331535e+10 
 1.20600000e+00  1.31258306e+10 
 1.20700000e+00  1.31184695e+10 
 1.20800000e+00  1.31110701e+10 
 1.20900000e+00  1.31036324e+10 
 1.21000000e+00  1.30961564e+10 
 1.21100000e+00  1.30886419e+10 
 1.21200000e+00  1.30810889e+10 
 1.21300000e+00  1.30734975e+10 
 1.21400000e+00  1.30658675e+10 
 1.21500000e+00  1.30581990e+10 
 1.21600000e+00  1.30504918e+10 
 1.21700000e+00  1.30427459e+10 
 1.21800000e+00  1.30349614e+10 
 1.21900000e+00  1.30271381e+10 
 1.22000000e+00  1.30192760e+10 
 1.22100000e+00  1.30113751e+10 
 1.22200000e+00  1.30034354e+10 
 1.22300000e+00  1.29954569e+10 
 1.22400000e+00  1.29874394e+10 
 1.22500000e+00  1.29793829e+10 
 1.22600000e+00  1.29712875e+10 
 1.22700000e+00  1.29631532e+10 
 1.22800000e+00  1.29549798e+10 
 1.22900000e+00  1.29467673e+10 
 1.23000000e+00  1.29385158e+10 
 1.23100000e+00  1.29302251e+10 
 1.23200000e+00  1.29218954e+10 
 1.23300000e+00  1.29135265e+10 
 1.23400000e+00  1.29051184e+10 
 1.23500000e+00  1.28966712e+10 
 1.23600000e+00  1.28881847e+10 
 1.23700000e+00  1.28796590e+10 
 1.23800000e+00  1.28710941e+10 
 1.23900000e+00  1.28624899e+10 
 1.24000000e+00  1.28538464e+10 
 1.24100000e+00  1.28451637e+10 
 1.24200000e+00  1.28364416e+10 
 1.24300000e+00  1.28276802e+10 
 1.24400000e+00  1.28188795e+10 
 1.24500000e+00  1.28100395e+10 
 1.24600000e+00  1.28011601e+10 
 1.24700000e+00  1.27922413e+10 
 1.24800000e+00  1.27832832e+10 
 1.24900000e+00  1.27742857e+10 
 1.25000000e+00  1.27652488e+10 
 1.25100000e+00  1.27561725e+10 
 1.25200000e+00  1.27470568e+10 
 1.25300000e+00  1.27379018e+10 
 1.25400000e+00  1.27287073e+10 
 1.25500000e+00  1.27194735e+10 
 1.25600000e+00  1.27102002e+10 
 1.25700000e+00  1.27008876e+10 
 1.25800000e+00  1.26915355e+10 
 1.25900000e+00  1.26821441e+10 
 1.26000000e+00  1.26727133e+10 
 1.26100000e+00  1.26632430e+10 
 1.26200000e+00  1.26537334e+10 
 1.26300000e+00  1.26441845e+10 
 1.26400000e+00  1.26345961e+10 
 1.26500000e+00  1.26249684e+10 
 1.26600000e+00  1.26153013e+10 
 1.26700000e+00  1.26055949e+10 
 1.26800000e+00  1.25958492e+10 
 1.26900000e+00  1.25860641e+10 
 1.27000000e+00  1.25762398e+10 
 1.27100000e+00  1.25663761e+10 
 1.27200000e+00  1.25564732e+10 
 1.27300000e+00  1.25465310e+10 
 1.27400000e+00  1.25365495e+10 
 1.27500000e+00  1.25265288e+10 
 1.27600000e+00  1.25164689e+10 
 1.27700000e+00  1.25063698e+10 
 1.27800000e+00  1.24962315e+10 
 1.27900000e+00  1.24860540e+10 
 1.28000000e+00  1.24758375e+10 
 1.28100000e+00  1.24655818e+10 
 1.28200000e+00  1.24552870e+10 
 1.28300000e+00  1.24449531e+10 
 1.28400000e+00  1.24345802e+10 
 1.28500000e+00  1.24241683e+10 
 1.28600000e+00  1.24137174e+10 
 1.28700000e+00  1.24032275e+10 
 1.28800000e+00  1.23926987e+10 
 1.28900000e+00  1.23821310e+10 
 1.29000000e+00  1.23715244e+10 
 1.29100000e+00  1.23608790e+10 
 1.29200000e+00  1.23501947e+10 
 1.29300000e+00  1.23394717e+10 
 1.29400000e+00  1.23287099e+10 
 1.29500000e+00  1.23179094e+10 
 1.29600000e+00  1.23070702e+10 
 1.29700000e+00  1.22961924e+10 
 1.29800000e+00  1.22852760e+10 
 1.29900000e+00  1.22743210e+10 
 1.30000000e+00  1.22633275e+10 
 1.30100000e+00  1.22522955e+10 
 1.30200000e+00  1.22412250e+10 
 1.30300000e+00  1.22301161e+10 
 1.30400000e+00  1.22189689e+10 
 1.30500000e+00  1.22077833e+10 
 1.30600000e+00  1.21965594e+10 
 1.30700000e+00  1.21852973e+10 
 1.30800000e+00  1.21739970e+10 
 1.30900000e+00  1.21626586e+10 
 1.31000000e+00  1.21512821e+10 
 1.31100000e+00  1.21398675e+10 
 1.31200000e+00  1.21284149e+10 
 1.31300000e+00  1.21169243e+10 
 1.31400000e+00  1.21053958e+10 
 1.31500000e+00  1.20938295e+10 
 1.31600000e+00  1.20822254e+10 
 1.31700000e+00  1.20705835e+10 
 1.31800000e+00  1.20589039e+10 
 1.31900000e+00  1.20471867e+10 
 1.32000000e+00  1.20354319e+10 
 1.32100000e+00  1.20236395e+10 
 1.32200000e+00  1.20118097e+10 
 1.32300000e+00  1.19999425e+10 
 1.32400000e+00  1.19880379e+10 
 1.32500000e+00  1.19760959e+10 
 1.32600000e+00  1.19641168e+10 
 1.32700000e+00  1.19521004e+10 
 1.32800000e+00  1.19400469e+10 
 1.32900000e+00  1.19279564e+10 
 1.33000000e+00  1.19158288e+10 
 1.33100000e+00  1.19036644e+10 
 1.33200000e+00  1.18914630e+10 
 1.33300000e+00  1.18792248e+10 
 1.33400000e+00  1.18669499e+10 
 1.33500000e+00  1.18546383e+10 
 1.33600000e+00  1.18422902e+10 
 1.33700000e+00  1.18299054e+10 
 1.33800000e+00  1.18174842e+10 
 1.33900000e+00  1.18050266e+10 
 1.34000000e+00  1.17925327e+10 
 1.34100000e+00  1.17800024e+10 
 1.34200000e+00  1.17674360e+10 
 1.34300000e+00  1.17548335e+10 
 1.34400000e+00  1.17421950e+10 
 1.34500000e+00  1.17295204e+10 
 1.34600000e+00  1.17168100e+10 
 1.34700000e+00  1.17040637e+10 
 1.34800000e+00  1.16912817e+10 
 1.34900000e+00  1.16784641e+10 
 1.35000000e+00  1.16656108e+10 
 1.35100000e+00  1.16527220e+10 
 1.35200000e+00  1.16397978e+10 
 1.35300000e+00  1.16268383e+10 
 1.35400000e+00  1.16138434e+10 
 1.35500000e+00  1.16008134e+10 
 1.35600000e+00  1.15877483e+10 
 1.35700000e+00  1.15746481e+10 
 1.35800000e+00  1.15615130e+10 
 1.35900000e+00  1.15483430e+10 
 1.36000000e+00  1.15351383e+10 
 1.36100000e+00  1.15218988e+10 
 1.36200000e+00  1.15086248e+10 
 1.36300000e+00  1.14953163e+10 
 1.36400000e+00  1.14819733e+10 
 1.36500000e+00  1.14685959e+10 
 1.36600000e+00  1.14551844e+10 
 1.36700000e+00  1.14417386e+10 
 1.36800000e+00  1.14282588e+10 
 1.36900000e+00  1.14147450e+10 
 1.37000000e+00  1.14011973e+10 
 1.37100000e+00  1.13876158e+10 
 1.37200000e+00  1.13740006e+10 
 1.37300000e+00  1.13603518e+10 
 1.37400000e+00  1.13466695e+10 
 1.37500000e+00  1.13329538e+10 
 1.37600000e+00  1.13192047e+10 
 1.37700000e+00  1.13054225e+10 
 1.37800000e+00  1.12916070e+10 
 1.37900000e+00  1.12777586e+10 
 1.38000000e+00  1.12638772e+10 
 1.38100000e+00  1.12499630e+10 
 1.38200000e+00  1.12360160e+10 
 1.38300000e+00  1.12220364e+10 
 1.38400000e+00  1.12080243e+10 
 1.38500000e+00  1.11939797e+10 
 1.38600000e+00  1.11799028e+10 
 1.38700000e+00  1.11657937e+10 
 1.38800000e+00  1.11516525e+10 
 1.38900000e+00  1.11374792e+10 
 1.39000000e+00  1.11232740e+10 
 1.39100000e+00  1.11090370e+10 
 1.39200000e+00  1.10947684e+10 
 1.39300000e+00  1.10804681e+10 
 1.39400000e+00  1.10661363e+10 
 1.39500000e+00  1.10517731e+10 
 1.39600000e+00  1.10373787e+10 
 1.39700000e+00  1.10229531e+10 
 1.39800000e+00  1.10084965e+10 
 1.39900000e+00  1.09940089e+10 
 1.40000000e+00  1.09794905e+10 
 1.40100000e+00  1.09649414e+10 
 1.40200000e+00  1.09503617e+10 
 1.40300000e+00  1.09357514e+10 
 1.40400000e+00  1.09211108e+10 
 1.40500000e+00  1.09064400e+10 
 1.40600000e+00  1.08917389e+10 
 1.40700000e+00  1.08770079e+10 
 1.40800000e+00  1.08622469e+10 
 1.40900000e+00  1.08474561e+10 
 1.41000000e+00  1.08326357e+10 
 1.41100000e+00  1.08177857e+10 
 1.41200000e+00  1.08029062e+10 
 1.41300000e+00  1.07879974e+10 
 1.41400000e+00  1.07730594e+10 
 1.41500000e+00  1.07580923e+10 
 1.41600000e+00  1.07430962e+10 
 1.41700000e+00  1.07280713e+10 
 1.41800000e+00  1.07130176e+10 
 1.41900000e+00  1.06979354e+10 
 1.42000000e+00  1.06828247e+10 
 1.42100000e+00  1.06676856e+10 
 1.42200000e+00  1.06525182e+10 
 1.42300000e+00  1.06373228e+10 
 1.42400000e+00  1.06220994e+10 
 1.42500000e+00  1.06068481e+10 
 1.42600000e+00  1.05915691e+10 
 1.42700000e+00  1.05762625e+10 
 1.42800000e+00  1.05609284e+10 
 1.42900000e+00  1.05455670e+10 
 1.43000000e+00  1.05301783e+10 
 1.43100000e+00  1.05147626e+10 
 1.43200000e+00  1.04993199e+10 
 1.43300000e+00  1.04838503e+10 
 1.43400000e+00  1.04683541e+10 
 1.43500000e+00  1.04528312e+10 
 1.43600000e+00  1.04372820e+10 
 1.43700000e+00  1.04217064e+10 
 1.43800000e+00  1.04061047e+10 
 1.43900000e+00  1.03904769e+10 
 1.44000000e+00  1.03748232e+10 
 1.44100000e+00  1.03591437e+10 
 1.44200000e+00  1.03434386e+10 
 1.44300000e+00  1.03277080e+10 
 1.44400000e+00  1.03119520e+10 
 1.44500000e+00  1.02961707e+10 
 1.44600000e+00  1.02803644e+10 
 1.44700000e+00  1.02645331e+10 
 1.44800000e+00  1.02486770e+10 
 1.44900000e+00  1.02327962e+10 
 1.45000000e+00  1.02168909e+10 
 1.45100000e+00  1.02009611e+10 
 1.45200000e+00  1.01850071e+10 
 1.45300000e+00  1.01690289e+10 
 1.45400000e+00  1.01530268e+10 
 1.45500000e+00  1.01370008e+10 
 1.45600000e+00  1.01209511e+10 
 1.45700000e+00  1.01048778e+10 
 1.45800000e+00  1.00887811e+10 
 1.45900000e+00  1.00726612e+10 
 1.46000000e+00  1.00565180e+10 
 1.46100000e+00  1.00403519e+10 
 1.46200000e+00  1.00241630e+10 
 1.46300000e+00  1.00079513e+10 
 1.46400000e+00  9.99171704e+09 
 1.46500000e+00  9.97546038e+09 
 1.46600000e+00  9.95918145e+09 
 1.46700000e+00  9.94288039e+09 
 1.46800000e+00  9.92655735e+09 
 1.46900000e+00  9.91021247e+09 
 1.47000000e+00  9.89384591e+09 
 1.47100000e+00  9.87745780e+09 
 1.47200000e+00  9.86104830e+09 
 1.47300000e+00  9.84461756e+09 
 1.47400000e+00  9.82816572e+09 
 1.47500000e+00  9.81169293e+09 
 1.47600000e+00  9.79519934e+09 
 1.47700000e+00  9.77868511e+09 
 1.47800000e+00  9.76215038e+09 
 1.47900000e+00  9.74559530e+09 
 1.48000000e+00  9.72902002e+09 
 1.48100000e+00  9.71242469e+09 
 1.48200000e+00  9.69580948e+09 
 1.48300000e+00  9.67917452e+09 
 1.48400000e+00  9.66251996e+09 
 1.48500000e+00  9.64584598e+09 
 1.48600000e+00  9.62915270e+09 
 1.48700000e+00  9.61244030e+09 
 1.48800000e+00  9.59570891e+09 
 1.48900000e+00  9.57895871e+09 
 1.49000000e+00  9.56218983e+09 
 1.49100000e+00  9.54540244e+09 
 1.49200000e+00  9.52859669e+09 
 1.49300000e+00  9.51177273e+09 
 1.49400000e+00  9.49493073e+09 
 1.49500000e+00  9.47807083e+09 
 1.49600000e+00  9.46119319e+09 
 1.49700000e+00  9.44429798e+09 
 1.49800000e+00  9.42738534e+09 
 1.49900000e+00  9.41045543e+09 
 1.50000000e+00  9.39350841e+09 
 1.50100000e+00  9.37654444e+09 
 1.50200000e+00  9.35956368e+09 
 1.50300000e+00  9.34256628e+09 
 1.50400000e+00  9.32555240e+09 
 1.50500000e+00  9.30852221e+09 
 1.50600000e+00  9.29147585e+09 
 1.50700000e+00  9.27441350e+09 
 1.50800000e+00  9.25733530e+09 
 1.50900000e+00  9.24024143e+09 
 1.51000000e+00  9.22313203e+09 
 1.51100000e+00  9.20600728e+09 
 1.51200000e+00  9.18886732e+09 
 1.51300000e+00  9.17171232e+09 
 1.51400000e+00  9.15454245e+09 
 1.51500000e+00  9.13735786e+09 
 1.51600000e+00  9.12015871e+09 
 1.51700000e+00  9.10294518e+09 
 1.51800000e+00  9.08571741e+09 
 1.51900000e+00  9.06847557e+09 
 1.52000000e+00  9.05121982e+09 
 1.52100000e+00  9.03395033e+09 
 1.52200000e+00  9.01666726e+09 
 1.52300000e+00  8.99937077e+09 
 1.52400000e+00  8.98206102e+09 
 1.52500000e+00  8.96473818e+09 
 1.52600000e+00  8.94740242e+09 
 1.52700000e+00  8.93005389e+09 
 1.52800000e+00  8.91269276e+09 
 1.52900000e+00  8.89531919e+09 
 1.53000000e+00  8.87793335e+09 
 1.53100000e+00  8.86053540e+09 
 1.53200000e+00  8.84312551e+09 
 1.53300000e+00  8.82570384e+09 
 1.53400000e+00  8.80827056e+09 
 1.53500000e+00  8.79082583e+09 
 1.53600000e+00  8.77336982e+09 
 1.53700000e+00  8.75590269e+09 
 1.53800000e+00  8.73842460e+09 
 1.53900000e+00  8.72093574e+09 
 1.54000000e+00  8.70343625e+09 
 1.54100000e+00  8.68592630e+09 
 1.54200000e+00  8.66840607e+09 
 1.54300000e+00  8.65087572e+09 
 1.54400000e+00  8.63333541e+09 
 1.54500000e+00  8.61578531e+09 
 1.54600000e+00  8.59822558e+09 
 1.54700000e+00  8.58065640e+09 
 1.54800000e+00  8.56307793e+09 
 1.54900000e+00  8.54549034e+09 
 1.55000000e+00  8.52789379e+09 
 1.55100000e+00  8.51028845e+09 
 1.55200000e+00  8.49267449e+09 
 1.55300000e+00  8.47505208e+09 
 1.55400000e+00  8.45742137e+09 
 1.55500000e+00  8.43978255e+09 
 1.55600000e+00  8.42213577e+09 
 1.55700000e+00  8.40448121e+09 
 1.55800000e+00  8.38681903e+09 
 1.55900000e+00  8.36914940e+09 
 1.56000000e+00  8.35147248e+09 
 1.56100000e+00  8.33378845e+09 
 1.56200000e+00  8.31609747e+09 
 1.56300000e+00  8.29839972e+09 
 1.56400000e+00  8.28069534e+09 
 1.56500000e+00  8.26298453e+09 
 1.56600000e+00  8.24526743e+09 
 1.56700000e+00  8.22754423e+09 
 1.56800000e+00  8.20981509e+09 
 1.56900000e+00  8.19208017e+09 
 1.57000000e+00  8.17433964e+09 
 1.57100000e+00  8.15659368e+09 
 1.57200000e+00  8.13884245e+09 
 1.57300000e+00  8.12108611e+09 
 1.57400000e+00  8.10332484e+09 
 1.57500000e+00  8.08555880e+09 
 1.57600000e+00  8.06778816e+09 
 1.57700000e+00  8.05001309e+09 
 1.57800000e+00  8.03223376e+09 
 1.57900000e+00  8.01445033e+09 
 1.58000000e+00  7.99666297e+09 
 1.58100000e+00  7.97887185e+09 
 1.58200000e+00  7.96107713e+09 
 1.58300000e+00  7.94327899e+09 
 1.58400000e+00  7.92547759e+09 
 1.58500000e+00  7.90767310e+09 
 1.58600000e+00  7.88986569e+09 
 1.58700000e+00  7.87205551e+09 
 1.58800000e+00  7.85424275e+09 
 1.58900000e+00  7.83642757e+09 
 1.59000000e+00  7.81861012e+09 
 1.59100000e+00  7.80079059e+09 
 1.59200000e+00  7.78296914e+09 
 1.59300000e+00  7.76514593e+09 
 1.59400000e+00  7.74732113e+09 
 1.59500000e+00  7.72949491e+09 
 1.59600000e+00  7.71166744e+09 
 1.59700000e+00  7.69383887e+09 
 1.59800000e+00  7.67600938e+09 
 1.59900000e+00  7.65817914e+09 
 1.60000000e+00  7.64034830e+09 
 1.60100000e+00  7.62251704e+09 
 1.60200000e+00  7.60468551e+09 
 1.60300000e+00  7.58685390e+09 
 1.60400000e+00  7.56902235e+09 
 1.60500000e+00  7.55119104e+09 
 1.60600000e+00  7.53336013e+09 
 1.60700000e+00  7.51552979e+09 
 1.60800000e+00  7.49770017e+09 
 1.60900000e+00  7.47987146e+09 
 1.61000000e+00  7.46204380e+09 
 1.61100000e+00  7.44421737e+09 
 1.61200000e+00  7.42639233e+09 
 1.61300000e+00  7.40856884e+09 
 1.61400000e+00  7.39074706e+09 
 1.61500000e+00  7.37292717e+09 
 1.61600000e+00  7.35510932e+09 
 1.61700000e+00  7.33729368e+09 
 1.61800000e+00  7.31948040e+09 
 1.61900000e+00  7.30166966e+09 
 1.62000000e+00  7.28386162e+09 
 1.62100000e+00  7.26605643e+09 
 1.62200000e+00  7.24825426e+09 
 1.62300000e+00  7.23045528e+09 
 1.62400000e+00  7.21265963e+09 
 1.62500000e+00  7.19486749e+09 
 1.62600000e+00  7.17707902e+09 
 1.62700000e+00  7.15929438e+09 
 1.62800000e+00  7.14151372e+09 
 1.62900000e+00  7.12373721e+09 
 1.63000000e+00  7.10596502e+09 
 1.63100000e+00  7.08819729e+09 
 1.63200000e+00  7.07043419e+09 
 1.63300000e+00  7.05267587e+09 
 1.63400000e+00  7.03492251e+09 
 1.63500000e+00  7.01717425e+09 
 1.63600000e+00  6.99943126e+09 
 1.63700000e+00  6.98169370e+09 
 1.63800000e+00  6.96396171e+09 
 1.63900000e+00  6.94623547e+09 
 1.64000000e+00  6.92851513e+09 
 1.64100000e+00  6.91080084e+09 
 1.64200000e+00  6.89309276e+09 
 1.64300000e+00  6.87539105e+09 
 1.64400000e+00  6.85769587e+09 
 1.64500000e+00  6.84000737e+09 
 1.64600000e+00  6.82232571e+09 
 1.64700000e+00  6.80465105e+09 
 1.64800000e+00  6.78698353e+09 
 1.64900000e+00  6.76932331e+09 
 1.65000000e+00  6.75167056e+09 
 1.65100000e+00  6.73402542e+09 
 1.65200000e+00  6.71638804e+09 
 1.65300000e+00  6.69875859e+09 
 1.65400000e+00  6.68113720e+09 
 1.65500000e+00  6.66352405e+09 
 1.65600000e+00  6.64591928e+09 
 1.65700000e+00  6.62832303e+09 
 1.65800000e+00  6.61073547e+09 
 1.65900000e+00  6.59315675e+09 
 1.66000000e+00  6.57558701e+09 
 1.66100000e+00  6.55802641e+09 
 1.66200000e+00  6.54047510e+09 
 1.66300000e+00  6.52293323e+09 
 1.66400000e+00  6.50540094e+09 
 1.66500000e+00  6.48787839e+09 
 1.66600000e+00  6.47036573e+09 
 1.66700000e+00  6.45286311e+09 
 1.66800000e+00  6.43537066e+09 
 1.66900000e+00  6.41788855e+09 
 1.67000000e+00  6.40041692e+09 
 1.67100000e+00  6.38295591e+09 
 1.67200000e+00  6.36550567e+09 
 1.67300000e+00  6.34806636e+09 
 1.67400000e+00  6.33063811e+09 
 1.67500000e+00  6.31322106e+09 
 1.67600000e+00  6.29581538e+09 
 1.67700000e+00  6.27842119e+09 
 1.67800000e+00  6.26103865e+09 
 1.67900000e+00  6.24366789e+09 
 1.68000000e+00  6.22630907e+09 
 1.68100000e+00  6.20896232e+09 
 1.68200000e+00  6.19162779e+09 
 1.68300000e+00  6.17430562e+09 
 1.68400000e+00  6.15699595e+09 
 1.68500000e+00  6.13969892e+09 
 1.68600000e+00  6.12241468e+09 
 1.68700000e+00  6.10514335e+09 
 1.68800000e+00  6.08788510e+09 
 1.68900000e+00  6.07064004e+09 
 1.69000000e+00  6.05340833e+09 
 1.69100000e+00  6.03619009e+09 
 1.69200000e+00  6.01898548e+09 
 1.69300000e+00  6.00179462e+09 
 1.69400000e+00  5.98461766e+09 
 1.69500000e+00  5.96745472e+09 
 1.69600000e+00  5.95030596e+09 
 1.69700000e+00  5.93317149e+09 
 1.69800000e+00  5.91605146e+09 
 1.69900000e+00  5.89894601e+09 
 1.70000000e+00  5.88185526e+09 
 1.70100000e+00  5.86477936e+09 
 1.70200000e+00  5.84771843e+09 
 1.70300000e+00  5.83067260e+09 
 1.70400000e+00  5.81364202e+09 
 1.70500000e+00  5.79662681e+09 
 1.70600000e+00  5.77962710e+09 
 1.70700000e+00  5.76264302e+09 
 1.70800000e+00  5.74567471e+09 
 1.70900000e+00  5.72872230e+09 
 1.71000000e+00  5.71178591e+09 
 1.71100000e+00  5.69486567e+09 
 1.71200000e+00  5.67796172e+09 
 1.71300000e+00  5.66107417e+09 
 1.71400000e+00  5.64420317e+09 
 1.71500000e+00  5.62734882e+09 
 1.71600000e+00  5.61051127e+09 
 1.71700000e+00  5.59369064e+09 
 1.71800000e+00  5.57688704e+09 
 1.71900000e+00  5.56010061e+09 
 1.72000000e+00  5.54333148e+09 
 1.72100000e+00  5.52657976e+09 
 1.72200000e+00  5.50984558e+09 
 1.72300000e+00  5.49312905e+09 
 1.72400000e+00  5.47643032e+09 
 1.72500000e+00  5.45974948e+09 
 1.72600000e+00  5.44308668e+09 
 1.72700000e+00  5.42644202e+09 
 1.72800000e+00  5.40981562e+09 
 1.72900000e+00  5.39320762e+09 
 1.73000000e+00  5.37661812e+09 
 1.73100000e+00  5.36004724e+09 
 1.73200000e+00  5.34349511e+09 
 1.73300000e+00  5.32696183e+09 
 1.73400000e+00  5.31044753e+09 
 1.73500000e+00  5.29395232e+09 
 1.73600000e+00  5.27747632e+09 
 1.73700000e+00  5.26101965e+09 
 1.73800000e+00  5.24458241e+09 
 1.73900000e+00  5.22816472e+09 
 1.74000000e+00  5.21176670e+09 
 1.74100000e+00  5.19538846e+09 
 1.74200000e+00  5.17903011e+09 
 1.74300000e+00  5.16269176e+09 
 1.74400000e+00  5.14637352e+09 
 1.74500000e+00  5.13007551e+09 
 1.74600000e+00  5.11379783e+09 
 1.74700000e+00  5.09754059e+09 
 1.74800000e+00  5.08130391e+09 
 1.74900000e+00  5.06508789e+09 
 1.75000000e+00  5.04889264e+09 
 1.75100000e+00  5.03271826e+09 
 1.75200000e+00  5.01656487e+09 
 1.75300000e+00  5.00043257e+09 
 1.75400000e+00  4.98432146e+09 
 1.75500000e+00  4.96823165e+09 
 1.75600000e+00  4.95216324e+09 
 1.75700000e+00  4.93611634e+09 
 1.75800000e+00  4.92009105e+09 
 1.75900000e+00  4.90408747e+09 
 1.76000000e+00  4.88810571e+09 
 1.76100000e+00  4.87214587e+09 
 1.76200000e+00  4.85620804e+09 
 1.76300000e+00  4.84029233e+09 
 1.76400000e+00  4.82439883e+09 
 1.76500000e+00  4.80852766e+09 
 1.76600000e+00  4.79267889e+09 
 1.76700000e+00  4.77685264e+09 
 1.76800000e+00  4.76104900e+09 
 1.76900000e+00  4.74526807e+09 
 1.77000000e+00  4.72950993e+09 
 1.77100000e+00  4.71377470e+09 
 1.77200000e+00  4.69806246e+09 
 1.77300000e+00  4.68237330e+09 
 1.77400000e+00  4.66670733e+09 
 1.77500000e+00  4.65106462e+09 
 1.77600000e+00  4.63544529e+09 
 1.77700000e+00  4.61984941e+09 
 1.77800000e+00  4.60427709e+09 
 1.77900000e+00  4.58872840e+09 
 1.78000000e+00  4.57320344e+09 
 1.78100000e+00  4.55770230e+09 
 1.78200000e+00  4.54222507e+09 
 1.78300000e+00  4.52677184e+09 
 1.78400000e+00  4.51134269e+09 
 1.78500000e+00  4.49593772e+09 
 1.78600000e+00  4.48055700e+09 
 1.78700000e+00  4.46520062e+09 
 1.78800000e+00  4.44986867e+09 
 1.78900000e+00  4.43456124e+09 
 1.79000000e+00  4.41927841e+09 
 1.79100000e+00  4.40402025e+09 
 1.79200000e+00  4.38878686e+09 
 1.79300000e+00  4.37357832e+09 
 1.79400000e+00  4.35839470e+09 
 1.79500000e+00  4.34323610e+09 
 1.79600000e+00  4.32810258e+09 
 1.79700000e+00  4.31299423e+09 
 1.79800000e+00  4.29791113e+09 
 1.79900000e+00  4.28285335e+09 
 1.80000000e+00  4.26782099e+09 
