 0.00000000e+00  1.92550804e+09 
 1.00000000e-03  1.95838591e+09 
 2.00000000e-03  1.99175128e+09 
 3.00000000e-03  2.02560916e+09 
 4.00000000e-03  2.05996459e+09 
 5.00000000e-03  2.09482258e+09 
 6.00000000e-03  2.13018810e+09 
 7.00000000e-03  2.16606614e+09 
 8.00000000e-03  2.20246163e+09 
 9.00000000e-03  2.23937949e+09 
 1.00000000e-02  2.27682460e+09 
 1.10000000e-02  2.31480184e+09 
 1.20000000e-02  2.35331601e+09 
 1.30000000e-02  2.39237191e+09 
 1.40000000e-02  2.43197428e+09 
 1.50000000e-02  2.47212782e+09 
 1.60000000e-02  2.51283719e+09 
 1.70000000e-02  2.55410699e+09 
 1.80000000e-02  2.59594179e+09 
 1.90000000e-02  2.63834607e+09 
 2.00000000e-02  2.68132428e+09 
 2.10000000e-02  2.72488081e+09 
 2.20000000e-02  2.76901995e+09 
 2.30000000e-02  2.81374597e+09 
 2.40000000e-02  2.85906303e+09 
 2.50000000e-02  2.90497522e+09 
 2.60000000e-02  2.95148658e+09 
 2.70000000e-02  2.99860104e+09 
 2.80000000e-02  3.04632244e+09 
 2.90000000e-02  3.09465455e+09 
 3.00000000e-02  3.14360103e+09 
 3.10000000e-02  3.19316547e+09 
 3.20000000e-02  3.24335133e+09 
 3.30000000e-02  3.29416197e+09 
 3.40000000e-02  3.34560066e+09 
 3.50000000e-02  3.39767054e+09 
 3.60000000e-02  3.45037465e+09 
 3.70000000e-02  3.50371590e+09 
 3.80000000e-02  3.55769707e+09 
 3.90000000e-02  3.61232084e+09 
 4.00000000e-02  3.66758972e+09 
 4.10000000e-02  3.72350612e+09 
 4.20000000e-02  3.78007231e+09 
 4.30000000e-02  3.83729038e+09 
 4.40000000e-02  3.89516232e+09 
 4.50000000e-02  3.95368994e+09 
 4.60000000e-02  4.01287492e+09 
 4.70000000e-02  4.07271875e+09 
 4.80000000e-02  4.13322279e+09 
 4.90000000e-02  4.19438823e+09 
 5.00000000e-02  4.25621607e+09 
 5.10000000e-02  4.31870716e+09 
 5.20000000e-02  4.38186216e+09 
 5.30000000e-02  4.44568157e+09 
 5.40000000e-02  4.51016567e+09 
 5.50000000e-02  4.57531460e+09 
 5.60000000e-02  4.64112828e+09 
 5.70000000e-02  4.70760644e+09 
 5.80000000e-02  4.77474862e+09 
 5.90000000e-02  4.84255415e+09 
 6.00000000e-02  4.91102218e+09 
 6.10000000e-02  4.98015162e+09 
 6.20000000e-02  5.04994120e+09 
 6.30000000e-02  5.12038943e+09 
 6.40000000e-02  5.19149459e+09 
 6.50000000e-02  5.26325477e+09 
 6.60000000e-02  5.33566783e+09 
 6.70000000e-02  5.40873138e+09 
 6.80000000e-02  5.48244285e+09 
 6.90000000e-02  5.55679941e+09 
 7.00000000e-02  5.63179803e+09 
 7.10000000e-02  5.70743541e+09 
 7.20000000e-02  5.78370806e+09 
 7.30000000e-02  5.86061223e+09 
 7.40000000e-02  5.93814394e+09 
 7.50000000e-02  6.01629897e+09 
 7.60000000e-02  6.09507286e+09 
 7.70000000e-02  6.17446093e+09 
 7.80000000e-02  6.25445824e+09 
 7.90000000e-02  6.33505961e+09 
 8.00000000e-02  6.41625964e+09 
 8.10000000e-02  6.49805265e+09 
 8.20000000e-02  6.58043275e+09 
 8.30000000e-02  6.66339381e+09 
 8.40000000e-02  6.74692943e+09 
 8.50000000e-02  6.83103300e+09 
 8.60000000e-02  6.91569765e+09 
 8.70000000e-02  7.00091628e+09 
 8.80000000e-02  7.08668154e+09 
 8.90000000e-02  7.17298586e+09 
 9.00000000e-02  7.25982143e+09 
 9.10000000e-02  7.34718019e+09 
 9.20000000e-02  7.43505386e+09 
 9.30000000e-02  7.52343394e+09 
 9.40000000e-02  7.61231169e+09 
 9.50000000e-02  7.70167814e+09 
 9.60000000e-02  7.79152412e+09 
 9.70000000e-02  7.88184020e+09 
 9.80000000e-02  7.97261678e+09 
 9.90000000e-02  8.06384402e+09 
 1.00000000e-01  8.15551188e+09 
 1.01000000e-01  8.24761011e+09 
 1.02000000e-01  8.34012826e+09 
 1.03000000e-01  8.43305569e+09 
 1.04000000e-01  8.52638157e+09 
 1.05000000e-01  8.62009485e+09 
 1.06000000e-01  8.71418434e+09 
 1.07000000e-01  8.80863866e+09 
 1.08000000e-01  8.90344624e+09 
 1.09000000e-01  8.99859537e+09 
 1.10000000e-01  9.09407416e+09 
 1.11000000e-01  9.18987056e+09 
 1.12000000e-01  9.28597240e+09 
 1.13000000e-01  9.38236734e+09 
 1.14000000e-01  9.47904291e+09 
 1.15000000e-01  9.57598653e+09 
 1.16000000e-01  9.67318547e+09 
 1.17000000e-01  9.77062690e+09 
 1.18000000e-01  9.86829788e+09 
 1.19000000e-01  9.96618537e+09 
 1.20000000e-01  1.00642762e+10 
 1.21000000e-01  1.01625572e+10 
 1.22000000e-01  1.02610151e+10 
 1.23000000e-01  1.03596364e+10 
 1.24000000e-01  1.04584078e+10 
 1.25000000e-01  1.05573157e+10 
 1.26000000e-01  1.06563467e+10 
 1.27000000e-01  1.07554871e+10 
 1.28000000e-01  1.08547233e+10 
 1.29000000e-01  1.09540417e+10 
 1.30000000e-01  1.10534287e+10 
 1.31000000e-01  1.11528707e+10 
 1.32000000e-01  1.12523539e+10 
 1.33000000e-01  1.13518648e+10 
 1.34000000e-01  1.14513897e+10 
 1.35000000e-01  1.15509150e+10 
 1.36000000e-01  1.16504273e+10 
 1.37000000e-01  1.17499130e+10 
 1.38000000e-01  1.18493586e+10 
 1.39000000e-01  1.19487508e+10 
 1.40000000e-01  1.20480762e+10 
 1.41000000e-01  1.21473217e+10 
 1.42000000e-01  1.22464740e+10 
 1.43000000e-01  1.23455201e+10 
 1.44000000e-01  1.24444470e+10 
 1.45000000e-01  1.25432419e+10 
 1.46000000e-01  1.26418921e+10 
 1.47000000e-01  1.27403849e+10 
 1.48000000e-01  1.28387079e+10 
 1.49000000e-01  1.29368488e+10 
 1.50000000e-01  1.30347953e+10 
 1.51000000e-01  1.31325354e+10 
 1.52000000e-01  1.32300573e+10 
 1.53000000e-01  1.33273492e+10 
 1.54000000e-01  1.34243996e+10 
 1.55000000e-01  1.35211972e+10 
 1.56000000e-01  1.36177307e+10 
 1.57000000e-01  1.37139893e+10 
 1.58000000e-01  1.38099621e+10 
 1.59000000e-01  1.39056386e+10 
 1.60000000e-01  1.40010083e+10 
 1.61000000e-01  1.40960612e+10 
 1.62000000e-01  1.41907872e+10 
 1.63000000e-01  1.42851767e+10 
 1.64000000e-01  1.43792201e+10 
 1.65000000e-01  1.44729083e+10 
 1.66000000e-01  1.45662321e+10 
 1.67000000e-01  1.46591827e+10 
 1.68000000e-01  1.47517516e+10 
 1.69000000e-01  1.48439305e+10 
 1.70000000e-01  1.49357113e+10 
 1.71000000e-01  1.50270861e+10 
 1.72000000e-01  1.51180473e+10 
 1.73000000e-01  1.52085877e+10 
 1.74000000e-01  1.52987000e+10 
 1.75000000e-01  1.53883776e+10 
 1.76000000e-01  1.54776138e+10 
 1.77000000e-01  1.55664022e+10 
 1.78000000e-01  1.56547367e+10 
 1.79000000e-01  1.57426116e+10 
 1.80000000e-01  1.58300213e+10 
 1.81000000e-01  1.59169603e+10 
 1.82000000e-01  1.60034236e+10 
 1.83000000e-01  1.60894065e+10 
 1.84000000e-01  1.61749042e+10 
 1.85000000e-01  1.62599124e+10 
 1.86000000e-01  1.63444271e+10 
 1.87000000e-01  1.64284443e+10 
 1.88000000e-01  1.65119605e+10 
 1.89000000e-01  1.65949722e+10 
 1.90000000e-01  1.66774762e+10 
 1.91000000e-01  1.67594696e+10 
 1.92000000e-01  1.68409497e+10 
 1.93000000e-01  1.69219140e+10 
 1.94000000e-01  1.70023602e+10 
 1.95000000e-01  1.70822863e+10 
 1.96000000e-01  1.71616903e+10 
 1.97000000e-01  1.72405705e+10 
 1.98000000e-01  1.73189257e+10 
 1.99000000e-01  1.73967543e+10 
 2.00000000e-01  1.74740555e+10 
 2.01000000e-01  1.75508282e+10 
 2.02000000e-01  1.76270717e+10 
 2.03000000e-01  1.77027855e+10 
 2.04000000e-01  1.77779691e+10 
 2.05000000e-01  1.78526224e+10 
 2.06000000e-01  1.79267451e+10 
 2.07000000e-01  1.80003375e+10 
 2.08000000e-01  1.80733997e+10 
 2.09000000e-01  1.81459320e+10 
 2.10000000e-01  1.82179349e+10 
 2.11000000e-01  1.82894089e+10 
 2.12000000e-01  1.83603548e+10 
 2.13000000e-01  1.84307733e+10 
 2.14000000e-01  1.85006654e+10 
 2.15000000e-01  1.85700321e+10 
 2.16000000e-01  1.86388744e+10 
 2.17000000e-01  1.87071934e+10 
 2.18000000e-01  1.87749906e+10 
 2.19000000e-01  1.88422670e+10 
 2.20000000e-01  1.89090242e+10 
 2.21000000e-01  1.89752636e+10 
 2.22000000e-01  1.90409865e+10 
 2.23000000e-01  1.91061945e+10 
 2.24000000e-01  1.91708892e+10 
 2.25000000e-01  1.92350721e+10 
 2.26000000e-01  1.92987448e+10 
 2.27000000e-01  1.93619090e+10 
 2.28000000e-01  1.94245662e+10 
 2.29000000e-01  1.94867180e+10 
 2.30000000e-01  1.95483661e+10 
 2.31000000e-01  1.96095121e+10 
 2.32000000e-01  1.96701575e+10 
 2.33000000e-01  1.97303040e+10 
 2.34000000e-01  1.97899530e+10 
 2.35000000e-01  1.98491061e+10 
 2.36000000e-01  1.99077647e+10 
 2.37000000e-01  1.99659303e+10 
 2.38000000e-01  2.00236043e+10 
 2.39000000e-01  2.00807879e+10 
 2.40000000e-01  2.01374824e+10 
 2.41000000e-01  2.01936891e+10 
 2.42000000e-01  2.02494090e+10 
 2.43000000e-01  2.03046433e+10 
 2.44000000e-01  2.03593929e+10 
 2.45000000e-01  2.04136588e+10 
 2.46000000e-01  2.04674416e+10 
 2.47000000e-01  2.05207423e+10 
 2.48000000e-01  2.05735614e+10 
 2.49000000e-01  2.06258995e+10 
 2.50000000e-01  2.06777571e+10 
 2.51000000e-01  2.07291344e+10 
 2.52000000e-01  2.07800319e+10 
 2.53000000e-01  2.08304495e+10 
 2.54000000e-01  2.08803873e+10 
 2.55000000e-01  2.09298454e+10 
 2.56000000e-01  2.09788234e+10 
 2.57000000e-01  2.10273212e+10 
 2.58000000e-01  2.10753383e+10 
 2.59000000e-01  2.11228742e+10 
 2.60000000e-01  2.11699283e+10 
 2.61000000e-01  2.12164997e+10 
 2.62000000e-01  2.12625877e+10 
 2.63000000e-01  2.13081913e+10 
 2.64000000e-01  2.13533094e+10 
 2.65000000e-01  2.13979407e+10 
 2.66000000e-01  2.14420839e+10 
 2.67000000e-01  2.14857375e+10 
 2.68000000e-01  2.15289001e+10 
 2.69000000e-01  2.15715698e+10 
 2.70000000e-01  2.16137449e+10 
 2.71000000e-01  2.16554236e+10 
 2.72000000e-01  2.16966037e+10 
 2.73000000e-01  2.17372832e+10 
 2.74000000e-01  2.17774597e+10 
 2.75000000e-01  2.18171311e+10 
 2.76000000e-01  2.18562947e+10 
 2.77000000e-01  2.18949481e+10 
 2.78000000e-01  2.19330886e+10 
 2.79000000e-01  2.19707136e+10 
 2.80000000e-01  2.20078200e+10 
 2.81000000e-01  2.20444051e+10 
 2.82000000e-01  2.20804658e+10 
 2.83000000e-01  2.21159991e+10 
 2.84000000e-01  2.21510017e+10 
 2.85000000e-01  2.21854704e+10 
 2.86000000e-01  2.22194019e+10 
 2.87000000e-01  2.22527929e+10 
 2.88000000e-01  2.22856398e+10 
 2.89000000e-01  2.23179392e+10 
 2.90000000e-01  2.23496876e+10 
 2.91000000e-01  2.23808812e+10 
 2.92000000e-01  2.24115165e+10 
 2.93000000e-01  2.24415898e+10 
 2.94000000e-01  2.24710974e+10 
 2.95000000e-01  2.25000354e+10 
 2.96000000e-01  2.25284001e+10 
 2.97000000e-01  2.25561878e+10 
 2.98000000e-01  2.25833945e+10 
 2.99000000e-01  2.26100165e+10 
 3.00000000e-01  2.26360500e+10 
 3.01000000e-01  2.26614910e+10 
 3.02000000e-01  2.26863358e+10 
 3.03000000e-01  2.27105806e+10 
 3.04000000e-01  2.27342216e+10 
 3.05000000e-01  2.27572550e+10 
 3.06000000e-01  2.27796770e+10 
 3.07000000e-01  2.28014840e+10 
 3.08000000e-01  2.28226723e+10 
 3.09000000e-01  2.28432383e+10 
 3.10000000e-01  2.28631783e+10 
 3.11000000e-01  2.28824889e+10 
 3.12000000e-01  2.29011665e+10 
 3.13000000e-01  2.29192079e+10 
 3.14000000e-01  2.29366097e+10 
 3.15000000e-01  2.29533686e+10 
 3.16000000e-01  2.29694816e+10 
 3.17000000e-01  2.29849454e+10 
 3.18000000e-01  2.29997571e+10 
 3.19000000e-01  2.30139139e+10 
 3.20000000e-01  2.30274130e+10 
 3.21000000e-01  2.30402517e+10 
 3.22000000e-01  2.30524274e+10 
 3.23000000e-01  2.30639377e+10 
 3.24000000e-01  2.30747802e+10 
 3.25000000e-01  2.30849529e+10 
 3.26000000e-01  2.30944535e+10 
 3.27000000e-01  2.31032802e+10 
 3.28000000e-01  2.31114312e+10 
 3.29000000e-01  2.31189048e+10 
 3.30000000e-01  2.31256996e+10 
 3.31000000e-01  2.31318141e+10 
 3.32000000e-01  2.31372472e+10 
 3.33000000e-01  2.31419978e+10 
 3.34000000e-01  2.31460650e+10 
 3.35000000e-01  2.31494482e+10 
 3.36000000e-01  2.31521468e+10 
 3.37000000e-01  2.31541603e+10 
 3.38000000e-01  2.31554886e+10 
 3.39000000e-01  2.31561316e+10 
 3.40000000e-01  2.31560894e+10 
 3.41000000e-01  2.31553624e+10 
 3.42000000e-01  2.31539511e+10 
 3.43000000e-01  2.31518561e+10 
 3.44000000e-01  2.31490783e+10 
 3.45000000e-01  2.31456188e+10 
 3.46000000e-01  2.31414786e+10 
 3.47000000e-01  2.31366594e+10 
 3.48000000e-01  2.31311626e+10 
 3.49000000e-01  2.31249900e+10 
 3.50000000e-01  2.31181437e+10 
 3.51000000e-01  2.31106257e+10 
 3.52000000e-01  2.31024385e+10 
 3.53000000e-01  2.30935846e+10 
 3.54000000e-01  2.30840666e+10 
 3.55000000e-01  2.30738875e+10 
 3.56000000e-01  2.30630505e+10 
 3.57000000e-01  2.30515587e+10 
 3.58000000e-01  2.30394157e+10 
 3.59000000e-01  2.30266251e+10 
 3.60000000e-01  2.30131908e+10 
 3.61000000e-01  2.29991167e+10 
 3.62000000e-01  2.29844071e+10 
 3.63000000e-01  2.29690663e+10 
 3.64000000e-01  2.29530989e+10 
 3.65000000e-01  2.29365095e+10 
 3.66000000e-01  2.29193032e+10 
 3.67000000e-01  2.29014849e+10 
 3.68000000e-01  2.28830598e+10 
 3.69000000e-01  2.28640334e+10 
 3.70000000e-01  2.28444112e+10 
 3.71000000e-01  2.28241989e+10 
 3.72000000e-01  2.28034024e+10 
 3.73000000e-01  2.27820276e+10 
 3.74000000e-01  2.27600808e+10 
 3.75000000e-01  2.27375682e+10 
 3.76000000e-01  2.27144962e+10 
 3.77000000e-01  2.26908715e+10 
 3.78000000e-01  2.26667007e+10 
 3.79000000e-01  2.26419908e+10 
 3.80000000e-01  2.26167486e+10 
 3.81000000e-01  2.25909812e+10 
 3.82000000e-01  2.25646959e+10 
 3.83000000e-01  2.25379000e+10 
 3.84000000e-01  2.25106009e+10 
 3.85000000e-01  2.24828062e+10 
 3.86000000e-01  2.24545234e+10 
 3.87000000e-01  2.24257604e+10 
 3.88000000e-01  2.23965249e+10 
 3.89000000e-01  2.23668249e+10 
 3.90000000e-01  2.23366683e+10 
 3.91000000e-01  2.23060633e+10 
 3.92000000e-01  2.22750179e+10 
 3.93000000e-01  2.22435405e+10 
 3.94000000e-01  2.22116393e+10 
 3.95000000e-01  2.21793227e+10 
 3.96000000e-01  2.21465991e+10 
 3.97000000e-01  2.21134769e+10 
 3.98000000e-01  2.20799647e+10 
 3.99000000e-01  2.20460710e+10 
 4.00000000e-01  2.20118045e+10 
 4.01000000e-01  2.19771737e+10 
 4.02000000e-01  2.19421873e+10 
 4.03000000e-01  2.19068541e+10 
 4.04000000e-01  2.18711826e+10 
 4.05000000e-01  2.18351818e+10 
 4.06000000e-01  2.17988603e+10 
 4.07000000e-01  2.17622269e+10 
 4.08000000e-01  2.17252904e+10 
 4.09000000e-01  2.16880594e+10 
 4.10000000e-01  2.16505429e+10 
 4.11000000e-01  2.16127496e+10 
 4.12000000e-01  2.15746881e+10 
 4.13000000e-01  2.15363674e+10 
 4.14000000e-01  2.14977960e+10 
 4.15000000e-01  2.14589827e+10 
 4.16000000e-01  2.14199362e+10 
 4.17000000e-01  2.13806651e+10 
 4.18000000e-01  2.13411781e+10 
 4.19000000e-01  2.13014837e+10 
 4.20000000e-01  2.12615905e+10 
 4.21000000e-01  2.12215070e+10 
 4.22000000e-01  2.11812417e+10 
 4.23000000e-01  2.11408030e+10 
 4.24000000e-01  2.11001992e+10 
 4.25000000e-01  2.10594388e+10 
 4.26000000e-01  2.10185299e+10 
 4.27000000e-01  2.09774808e+10 
 4.28000000e-01  2.09362995e+10 
 4.29000000e-01  2.08949943e+10 
 4.30000000e-01  2.08535731e+10 
 4.31000000e-01  2.08120438e+10 
 4.32000000e-01  2.07704144e+10 
 4.33000000e-01  2.07286926e+10 
 4.34000000e-01  2.06868862e+10 
 4.35000000e-01  2.06450029e+10 
 4.36000000e-01  2.06030501e+10 
 4.37000000e-01  2.05610355e+10 
 4.38000000e-01  2.05189664e+10 
 4.39000000e-01  2.04768502e+10 
 4.40000000e-01  2.04346941e+10 
 4.41000000e-01  2.03925052e+10 
 4.42000000e-01  2.03502907e+10 
 4.43000000e-01  2.03080576e+10 
 4.44000000e-01  2.02658126e+10 
 4.45000000e-01  2.02235628e+10 
 4.46000000e-01  2.01813146e+10 
 4.47000000e-01  2.01390748e+10 
 4.48000000e-01  2.00968499e+10 
 4.49000000e-01  2.00546463e+10 
 4.50000000e-01  2.00124703e+10 
 4.51000000e-01  1.99703282e+10 
 4.52000000e-01  1.99282261e+10 
 4.53000000e-01  1.98861701e+10 
 4.54000000e-01  1.98441660e+10 
 4.55000000e-01  1.98022197e+10 
 4.56000000e-01  1.97603370e+10 
 4.57000000e-01  1.97185235e+10 
 4.58000000e-01  1.96767847e+10 
 4.59000000e-01  1.96351261e+10 
 4.60000000e-01  1.95935530e+10 
 4.61000000e-01  1.95520706e+10 
 4.62000000e-01  1.95106841e+10 
 4.63000000e-01  1.94693986e+10 
 4.64000000e-01  1.94282188e+10 
 4.65000000e-01  1.93871498e+10 
 4.66000000e-01  1.93461962e+10 
 4.67000000e-01  1.93053627e+10 
 4.68000000e-01  1.92646538e+10 
 4.69000000e-01  1.92240739e+10 
 4.70000000e-01  1.91836274e+10 
 4.71000000e-01  1.91433184e+10 
 4.72000000e-01  1.91031513e+10 
 4.73000000e-01  1.90631300e+10 
 4.74000000e-01  1.90232584e+10 
 4.75000000e-01  1.89835404e+10 
 4.76000000e-01  1.89439798e+10 
 4.77000000e-01  1.89045802e+10 
 4.78000000e-01  1.88653451e+10 
 4.79000000e-01  1.88262782e+10 
 4.80000000e-01  1.87873827e+10 
 4.81000000e-01  1.87486619e+10 
 4.82000000e-01  1.87101191e+10 
 4.83000000e-01  1.86717573e+10 
 4.84000000e-01  1.86335796e+10 
 4.85000000e-01  1.85955888e+10 
 4.86000000e-01  1.85577879e+10 
 4.87000000e-01  1.85201796e+10 
 4.88000000e-01  1.84827665e+10 
 4.89000000e-01  1.84455513e+10 
 4.90000000e-01  1.84085364e+10 
 4.91000000e-01  1.83717242e+10 
 4.92000000e-01  1.83351172e+10 
 4.93000000e-01  1.82987175e+10 
 4.94000000e-01  1.82625273e+10 
 4.95000000e-01  1.82265488e+10 
 4.96000000e-01  1.81907839e+10 
 4.97000000e-01  1.81552345e+10 
 4.98000000e-01  1.81199026e+10 
 4.99000000e-01  1.80847900e+10 
 5.00000000e-01  1.80498982e+10 
 5.01000000e-01  1.80152291e+10 
 5.02000000e-01  1.79807842e+10 
 5.03000000e-01  1.79465649e+10 
 5.04000000e-01  1.79125727e+10 
 5.05000000e-01  1.78788089e+10 
 5.06000000e-01  1.78452750e+10 
 5.07000000e-01  1.78119720e+10 
 5.08000000e-01  1.77789012e+10 
 5.09000000e-01  1.77460636e+10 
 5.10000000e-01  1.77134604e+10 
 5.11000000e-01  1.76810924e+10 
 5.12000000e-01  1.76489607e+10 
 5.13000000e-01  1.76170660e+10 
 5.14000000e-01  1.75854091e+10 
 5.15000000e-01  1.75539909e+10 
 5.16000000e-01  1.75228119e+10 
 5.17000000e-01  1.74918729e+10 
 5.18000000e-01  1.74611743e+10 
 5.19000000e-01  1.74307168e+10 
 5.20000000e-01  1.74005008e+10 
 5.21000000e-01  1.73705266e+10 
 5.22000000e-01  1.73407948e+10 
 5.23000000e-01  1.73113055e+10 
 5.24000000e-01  1.72820592e+10 
 5.25000000e-01  1.72530559e+10 
 5.26000000e-01  1.72242959e+10 
 5.27000000e-01  1.71957793e+10 
 5.28000000e-01  1.71675062e+10 
 5.29000000e-01  1.71394767e+10 
 5.30000000e-01  1.71116907e+10 
 5.31000000e-01  1.70841483e+10 
 5.32000000e-01  1.70568493e+10 
 5.33000000e-01  1.70297937e+10 
 5.34000000e-01  1.70029812e+10 
 5.35000000e-01  1.69764118e+10 
 5.36000000e-01  1.69500851e+10 
 5.37000000e-01  1.69240009e+10 
 5.38000000e-01  1.68981589e+10 
 5.39000000e-01  1.68725587e+10 
 5.40000000e-01  1.68472001e+10 
 5.41000000e-01  1.68220826e+10 
 5.42000000e-01  1.67972058e+10 
 5.43000000e-01  1.67725692e+10 
 5.44000000e-01  1.67481724e+10 
 5.45000000e-01  1.67240147e+10 
 5.46000000e-01  1.67000958e+10 
 5.47000000e-01  1.66764149e+10 
 5.48000000e-01  1.66529715e+10 
 5.49000000e-01  1.66297650e+10 
 5.50000000e-01  1.66067947e+10 
 5.51000000e-01  1.65840600e+10 
 5.52000000e-01  1.65615601e+10 
 5.53000000e-01  1.65392943e+10 
 5.54000000e-01  1.65172619e+10 
 5.55000000e-01  1.64954621e+10 
 5.56000000e-01  1.64738941e+10 
 5.57000000e-01  1.64525571e+10 
 5.58000000e-01  1.64314503e+10 
 5.59000000e-01  1.64105729e+10 
 5.60000000e-01  1.63899239e+10 
 5.61000000e-01  1.63695025e+10 
 5.62000000e-01  1.63493077e+10 
 5.63000000e-01  1.63293387e+10 
 5.64000000e-01  1.63095946e+10 
 5.65000000e-01  1.62900743e+10 
 5.66000000e-01  1.62707769e+10 
 5.67000000e-01  1.62517015e+10 
 5.68000000e-01  1.62328470e+10 
 5.69000000e-01  1.62142124e+10 
 5.70000000e-01  1.61957967e+10 
 5.71000000e-01  1.61775989e+10 
 5.72000000e-01  1.61596179e+10 
 5.73000000e-01  1.61418528e+10 
 5.74000000e-01  1.61243023e+10 
 5.75000000e-01  1.61069654e+10 
 5.76000000e-01  1.60898411e+10 
 5.77000000e-01  1.60729282e+10 
 5.78000000e-01  1.60562257e+10 
 5.79000000e-01  1.60397323e+10 
 5.80000000e-01  1.60234471e+10 
 5.81000000e-01  1.60073689e+10 
 5.82000000e-01  1.59914964e+10 
 5.83000000e-01  1.59758287e+10 
 5.84000000e-01  1.59603644e+10 
 5.85000000e-01  1.59451025e+10 
 5.86000000e-01  1.59300419e+10 
 5.87000000e-01  1.59151812e+10 
 5.88000000e-01  1.59005194e+10 
 5.89000000e-01  1.58860553e+10 
 5.90000000e-01  1.58717876e+10 
 5.91000000e-01  1.58577153e+10 
 5.92000000e-01  1.58438370e+10 
 5.93000000e-01  1.58301516e+10 
 5.94000000e-01  1.58166579e+10 
 5.95000000e-01  1.58033547e+10 
 5.96000000e-01  1.57902407e+10 
 5.97000000e-01  1.57773149e+10 
 5.98000000e-01  1.57645758e+10 
 5.99000000e-01  1.57520224e+10 
 6.00000000e-01  1.57396534e+10 
 6.01000000e-01  1.57274677e+10 
 6.02000000e-01  1.57154638e+10 
 6.03000000e-01  1.57036408e+10 
 6.04000000e-01  1.56919972e+10 
 6.05000000e-01  1.56805320e+10 
 6.06000000e-01  1.56692439e+10 
 6.07000000e-01  1.56581316e+10 
 6.08000000e-01  1.56471939e+10 
 6.09000000e-01  1.56364297e+10 
 6.10000000e-01  1.56258376e+10 
 6.11000000e-01  1.56154165e+10 
 6.12000000e-01  1.56051651e+10 
 6.13000000e-01  1.55950823e+10 
 6.14000000e-01  1.55851667e+10 
 6.15000000e-01  1.55754172e+10 
 6.16000000e-01  1.55658326e+10 
 6.17000000e-01  1.55564117e+10 
 6.18000000e-01  1.55471531e+10 
 6.19000000e-01  1.55380558e+10 
 6.20000000e-01  1.55291185e+10 
 6.21000000e-01  1.55203399e+10 
 6.22000000e-01  1.55117190e+10 
 6.23000000e-01  1.55032545e+10 
 6.24000000e-01  1.54949451e+10 
 6.25000000e-01  1.54867897e+10 
 6.26000000e-01  1.54787872e+10 
 6.27000000e-01  1.54709362e+10 
 6.28000000e-01  1.54632356e+10 
 6.29000000e-01  1.54556843e+10 
 6.30000000e-01  1.54482810e+10 
 6.31000000e-01  1.54410245e+10 
 6.32000000e-01  1.54339138e+10 
 6.33000000e-01  1.54269475e+10 
 6.34000000e-01  1.54201246e+10 
 6.35000000e-01  1.54134439e+10 
 6.36000000e-01  1.54069042e+10 
 6.37000000e-01  1.54005043e+10 
 6.38000000e-01  1.53942432e+10 
 6.39000000e-01  1.53881196e+10 
 6.40000000e-01  1.53821324e+10 
 6.41000000e-01  1.53762805e+10 
 6.42000000e-01  1.53705627e+10 
 6.43000000e-01  1.53649779e+10 
 6.44000000e-01  1.53595249e+10 
 6.45000000e-01  1.53542027e+10 
 6.46000000e-01  1.53490101e+10 
 6.47000000e-01  1.53439461e+10 
 6.48000000e-01  1.53390094e+10 
 6.49000000e-01  1.53341990e+10 
 6.50000000e-01  1.53295138e+10 
 6.51000000e-01  1.53249526e+10 
 6.52000000e-01  1.53205145e+10 
 6.53000000e-01  1.53161983e+10 
 6.54000000e-01  1.53120029e+10 
 6.55000000e-01  1.53079273e+10 
 6.56000000e-01  1.53039703e+10 
 6.57000000e-01  1.53001310e+10 
 6.58000000e-01  1.52964082e+10 
 6.59000000e-01  1.52928008e+10 
 6.60000000e-01  1.52893079e+10 
 6.61000000e-01  1.52859284e+10 
 6.62000000e-01  1.52826613e+10 
 6.63000000e-01  1.52795054e+10 
 6.64000000e-01  1.52764598e+10 
 6.65000000e-01  1.52735235e+10 
 6.66000000e-01  1.52706953e+10 
 6.67000000e-01  1.52679744e+10 
 6.68000000e-01  1.52653597e+10 
 6.69000000e-01  1.52628501e+10 
 6.70000000e-01  1.52604447e+10 
 6.71000000e-01  1.52581425e+10 
 6.72000000e-01  1.52559425e+10 
 6.73000000e-01  1.52538437e+10 
 6.74000000e-01  1.52518452e+10 
 6.75000000e-01  1.52499458e+10 
 6.76000000e-01  1.52481448e+10 
 6.77000000e-01  1.52464410e+10 
 6.78000000e-01  1.52448336e+10 
 6.79000000e-01  1.52433216e+10 
 6.80000000e-01  1.52419041e+10 
 6.81000000e-01  1.52405800e+10 
 6.82000000e-01  1.52393485e+10 
 6.83000000e-01  1.52382086e+10 
 6.84000000e-01  1.52371594e+10 
 6.85000000e-01  1.52362000e+10 
 6.86000000e-01  1.52353294e+10 
 6.87000000e-01  1.52345467e+10 
 6.88000000e-01  1.52338511e+10 
 6.89000000e-01  1.52332416e+10 
 6.90000000e-01  1.52327173e+10 
 6.91000000e-01  1.52322773e+10 
 6.92000000e-01  1.52319208e+10 
 6.93000000e-01  1.52316468e+10 
 6.94000000e-01  1.52314545e+10 
 6.95000000e-01  1.52313430e+10 
 6.96000000e-01  1.52313115e+10 
 6.97000000e-01  1.52313590e+10 
 6.98000000e-01  1.52314847e+10 
 6.99000000e-01  1.52316878e+10 
 7.00000000e-01  1.52319673e+10 
 7.01000000e-01  1.52323226e+10 
 7.02000000e-01  1.52327527e+10 
 7.03000000e-01  1.52332567e+10 
 7.04000000e-01  1.52338340e+10 
 7.05000000e-01  1.52344836e+10 
 7.06000000e-01  1.52352046e+10 
 7.07000000e-01  1.52359965e+10 
 7.08000000e-01  1.52368582e+10 
 7.09000000e-01  1.52377890e+10 
 7.10000000e-01  1.52387880e+10 
 7.11000000e-01  1.52398546e+10 
 7.12000000e-01  1.52409879e+10 
 7.13000000e-01  1.52421872e+10 
 7.14000000e-01  1.52434515e+10 
 7.15000000e-01  1.52447802e+10 
 7.16000000e-01  1.52461726e+10 
 7.17000000e-01  1.52476277e+10 
 7.18000000e-01  1.52491449e+10 
 7.19000000e-01  1.52507235e+10 
 7.20000000e-01  1.52523626e+10 
 7.21000000e-01  1.52540615e+10 
 7.22000000e-01  1.52558194e+10 
 7.23000000e-01  1.52576357e+10 
 7.24000000e-01  1.52595096e+10 
 7.25000000e-01  1.52614403e+10 
 7.26000000e-01  1.52634272e+10 
 7.27000000e-01  1.52654694e+10 
 7.28000000e-01  1.52675664e+10 
 7.29000000e-01  1.52697174e+10 
 7.30000000e-01  1.52719216e+10 
 7.31000000e-01  1.52741784e+10 
 7.32000000e-01  1.52764870e+10 
 7.33000000e-01  1.52788469e+10 
 7.34000000e-01  1.52812572e+10 
 7.35000000e-01  1.52837173e+10 
 7.36000000e-01  1.52862265e+10 
 7.37000000e-01  1.52887842e+10 
 7.38000000e-01  1.52913896e+10 
 7.39000000e-01  1.52940421e+10 
 7.40000000e-01  1.52967411e+10 
 7.41000000e-01  1.52994857e+10 
 7.42000000e-01  1.53022755e+10 
 7.43000000e-01  1.53051098e+10 
 7.44000000e-01  1.53079878e+10 
 7.45000000e-01  1.53109090e+10 
 7.46000000e-01  1.53138727e+10 
 7.47000000e-01  1.53168783e+10 
 7.48000000e-01  1.53199251e+10 
 7.49000000e-01  1.53230125e+10 
 7.50000000e-01  1.53261399e+10 
 7.51000000e-01  1.53293066e+10 
 7.52000000e-01  1.53325121e+10 
 7.53000000e-01  1.53357557e+10 
 7.54000000e-01  1.53390368e+10 
 7.55000000e-01  1.53423548e+10 
 7.56000000e-01  1.53457091e+10 
 7.57000000e-01  1.53490991e+10 
 7.58000000e-01  1.53525242e+10 
 7.59000000e-01  1.53559839e+10 
 7.60000000e-01  1.53594774e+10 
 7.61000000e-01  1.53630043e+10 
 7.62000000e-01  1.53665639e+10 
 7.63000000e-01  1.53701556e+10 
 7.64000000e-01  1.53737790e+10 
 7.65000000e-01  1.53774334e+10 
 7.66000000e-01  1.53811182e+10 
 7.67000000e-01  1.53848330e+10 
 7.68000000e-01  1.53885770e+10 
 7.69000000e-01  1.53923499e+10 
 7.70000000e-01  1.53961509e+10 
 7.71000000e-01  1.53999796e+10 
 7.72000000e-01  1.54038354e+10 
 7.73000000e-01  1.54077178e+10 
 7.74000000e-01  1.54116262e+10 
 7.75000000e-01  1.54155601e+10 
 7.76000000e-01  1.54195190e+10 
 7.77000000e-01  1.54235023e+10 
 7.78000000e-01  1.54275094e+10 
 7.79000000e-01  1.54315400e+10 
 7.80000000e-01  1.54355933e+10 
 7.81000000e-01  1.54396690e+10 
 7.82000000e-01  1.54437665e+10 
 7.83000000e-01  1.54478853e+10 
 7.84000000e-01  1.54520249e+10 
 7.85000000e-01  1.54561848e+10 
 7.86000000e-01  1.54603644e+10 
 7.87000000e-01  1.54645633e+10 
 7.88000000e-01  1.54687810e+10 
 7.89000000e-01  1.54730170e+10 
 7.90000000e-01  1.54772707e+10 
 7.91000000e-01  1.54815418e+10 
 7.92000000e-01  1.54858296e+10 
 7.93000000e-01  1.54901338e+10 
 7.94000000e-01  1.54944538e+10 
 7.95000000e-01  1.54987892e+10 
 7.96000000e-01  1.55031395e+10 
 7.97000000e-01  1.55075042e+10 
 7.98000000e-01  1.55118829e+10 
 7.99000000e-01  1.55162750e+10 
 8.00000000e-01  1.55206801e+10 
 8.01000000e-01  1.55250979e+10 
 8.02000000e-01  1.55295277e+10 
 8.03000000e-01  1.55339691e+10 
 8.04000000e-01  1.55384217e+10 
 8.05000000e-01  1.55428851e+10 
 8.06000000e-01  1.55473588e+10 
 8.07000000e-01  1.55518423e+10 
 8.08000000e-01  1.55563352e+10 
 8.09000000e-01  1.55608370e+10 
 8.10000000e-01  1.55653474e+10 
 8.11000000e-01  1.55698659e+10 
 8.12000000e-01  1.55743920e+10 
 8.13000000e-01  1.55789253e+10 
 8.14000000e-01  1.55834654e+10 
 8.15000000e-01  1.55880119e+10 
 8.16000000e-01  1.55925644e+10 
 8.17000000e-01  1.55971223e+10 
 8.18000000e-01  1.56016854e+10 
 8.19000000e-01  1.56062531e+10 
 8.20000000e-01  1.56108252e+10 
 8.21000000e-01  1.56154010e+10 
 8.22000000e-01  1.56199804e+10 
 8.23000000e-01  1.56245628e+10 
 8.24000000e-01  1.56291478e+10 
 8.25000000e-01  1.56337350e+10 
 8.26000000e-01  1.56383241e+10 
 8.27000000e-01  1.56429147e+10 
 8.28000000e-01  1.56475063e+10 
 8.29000000e-01  1.56520985e+10 
 8.30000000e-01  1.56566910e+10 
 8.31000000e-01  1.56612834e+10 
 8.32000000e-01  1.56658752e+10 
 8.33000000e-01  1.56704662e+10 
 8.34000000e-01  1.56750559e+10 
 8.35000000e-01  1.56796439e+10 
 8.36000000e-01  1.56842298e+10 
 8.37000000e-01  1.56888134e+10 
 8.38000000e-01  1.56933941e+10 
 8.39000000e-01  1.56979717e+10 
 8.40000000e-01  1.57025458e+10 
 8.41000000e-01  1.57071159e+10 
 8.42000000e-01  1.57116818e+10 
 8.43000000e-01  1.57162431e+10 
 8.44000000e-01  1.57207993e+10 
 8.45000000e-01  1.57253502e+10 
 8.46000000e-01  1.57298954e+10 
 8.47000000e-01  1.57344345e+10 
 8.48000000e-01  1.57389672e+10 
 8.49000000e-01  1.57434931e+10 
 8.50000000e-01  1.57480119e+10 
 8.51000000e-01  1.57525232e+10 
 8.52000000e-01  1.57570267e+10 
 8.53000000e-01  1.57615220e+10 
 8.54000000e-01  1.57660088e+10 
 8.55000000e-01  1.57704868e+10 
 8.56000000e-01  1.57749556e+10 
 8.57000000e-01  1.57794148e+10 
 8.58000000e-01  1.57838642e+10 
 8.59000000e-01  1.57883034e+10 
 8.60000000e-01  1.57927320e+10 
 8.61000000e-01  1.57971498e+10 
 8.62000000e-01  1.58015564e+10 
 8.63000000e-01  1.58059515e+10 
 8.64000000e-01  1.58103347e+10 
 8.65000000e-01  1.58147058e+10 
 8.66000000e-01  1.58190644e+10 
 8.67000000e-01  1.58234102e+10 
 8.68000000e-01  1.58277429e+10 
 8.69000000e-01  1.58320621e+10 
 8.70000000e-01  1.58363675e+10 
 8.71000000e-01  1.58406589e+10 
 8.72000000e-01  1.58449360e+10 
 8.73000000e-01  1.58491983e+10 
 8.74000000e-01  1.58534456e+10 
 8.75000000e-01  1.58576777e+10 
 8.76000000e-01  1.58618941e+10 
 8.77000000e-01  1.58660946e+10 
 8.78000000e-01  1.58702789e+10 
 8.79000000e-01  1.58744466e+10 
 8.80000000e-01  1.58785976e+10 
 8.81000000e-01  1.58827314e+10 
 8.82000000e-01  1.58868479e+10 
 8.83000000e-01  1.58909466e+10 
 8.84000000e-01  1.58950274e+10 
 8.85000000e-01  1.58990898e+10 
 8.86000000e-01  1.59031337e+10 
 8.87000000e-01  1.59071588e+10 
 8.88000000e-01  1.59111646e+10 
 8.89000000e-01  1.59151511e+10 
 8.90000000e-01  1.59191178e+10 
 8.91000000e-01  1.59230645e+10 
 8.92000000e-01  1.59269910e+10 
 8.93000000e-01  1.59308969e+10 
 8.94000000e-01  1.59347820e+10 
 8.95000000e-01  1.59386459e+10 
 8.96000000e-01  1.59424885e+10 
 8.97000000e-01  1.59463094e+10 
 8.98000000e-01  1.59501083e+10 
 8.99000000e-01  1.59538851e+10 
 9.00000000e-01  1.59576394e+10 
 9.01000000e-01  1.59613710e+10 
 9.02000000e-01  1.59650795e+10 
 9.03000000e-01  1.59687648e+10 
 9.04000000e-01  1.59724266e+10 
 9.05000000e-01  1.59760645e+10 
 9.06000000e-01  1.59796784e+10 
 9.07000000e-01  1.59832680e+10 
 9.08000000e-01  1.59868330e+10 
 9.09000000e-01  1.59903732e+10 
 9.10000000e-01  1.59938883e+10 
 9.11000000e-01  1.59973781e+10 
 9.12000000e-01  1.60008423e+10 
 9.13000000e-01  1.60042806e+10 
 9.14000000e-01  1.60076928e+10 
 9.15000000e-01  1.60110787e+10 
 9.16000000e-01  1.60144380e+10 
 9.17000000e-01  1.60177705e+10 
 9.18000000e-01  1.60210759e+10 
 9.19000000e-01  1.60243539e+10 
 9.20000000e-01  1.60276044e+10 
 9.21000000e-01  1.60308271e+10 
 9.22000000e-01  1.60340217e+10 
 9.23000000e-01  1.60371881e+10 
 9.24000000e-01  1.60403259e+10 
 9.25000000e-01  1.60434350e+10 
 9.26000000e-01  1.60465151e+10 
 9.27000000e-01  1.60495659e+10 
 9.28000000e-01  1.60525873e+10 
 9.29000000e-01  1.60555790e+10 
 9.30000000e-01  1.60585408e+10 
 9.31000000e-01  1.60614724e+10 
 9.32000000e-01  1.60643737e+10 
 9.33000000e-01  1.60672443e+10 
 9.34000000e-01  1.60700841e+10 
 9.35000000e-01  1.60728929e+10 
 9.36000000e-01  1.60756704e+10 
 9.37000000e-01  1.60784164e+10 
 9.38000000e-01  1.60811307e+10 
 9.39000000e-01  1.60838130e+10 
 9.40000000e-01  1.60864632e+10 
 9.41000000e-01  1.60890810e+10 
 9.42000000e-01  1.60916662e+10 
 9.43000000e-01  1.60942187e+10 
 9.44000000e-01  1.60967381e+10 
 9.45000000e-01  1.60992243e+10 
 9.46000000e-01  1.61016770e+10 
 9.47000000e-01  1.61040961e+10 
 9.48000000e-01  1.61064814e+10 
 9.49000000e-01  1.61088326e+10 
 9.50000000e-01  1.61111495e+10 
 9.51000000e-01  1.61134319e+10 
 9.52000000e-01  1.61156797e+10 
 9.53000000e-01  1.61178926e+10 
 9.54000000e-01  1.61200703e+10 
 9.55000000e-01  1.61222129e+10 
 9.56000000e-01  1.61243199e+10 
 9.57000000e-01  1.61263912e+10 
 9.58000000e-01  1.61284267e+10 
 9.59000000e-01  1.61304261e+10 
 9.60000000e-01  1.61323892e+10 
 9.61000000e-01  1.61343158e+10 
 9.62000000e-01  1.61362058e+10 
 9.63000000e-01  1.61380589e+10 
 9.64000000e-01  1.61398750e+10 
 9.65000000e-01  1.61416539e+10 
 9.66000000e-01  1.61433953e+10 
 9.67000000e-01  1.61450992e+10 
 9.68000000e-01  1.61467652e+10 
 9.69000000e-01  1.61483932e+10 
 9.70000000e-01  1.61499831e+10 
 9.71000000e-01  1.61515347e+10 
 9.72000000e-01  1.61530477e+10 
 9.73000000e-01  1.61545220e+10 
 9.74000000e-01  1.61559574e+10 
 9.75000000e-01  1.61573537e+10 
 9.76000000e-01  1.61587108e+10 
 9.77000000e-01  1.61600284e+10 
 9.78000000e-01  1.61613065e+10 
 9.79000000e-01  1.61625447e+10 
 9.80000000e-01  1.61637430e+10 
 9.81000000e-01  1.61649012e+10 
 9.82000000e-01  1.61660191e+10 
 9.83000000e-01  1.61670966e+10 
 9.84000000e-01  1.61681334e+10 
 9.85000000e-01  1.61691294e+10 
 9.86000000e-01  1.61700844e+10 
 9.87000000e-01  1.61709982e+10 
 9.88000000e-01  1.61718708e+10 
 9.89000000e-01  1.61727019e+10 
 9.90000000e-01  1.61734914e+10 
 9.91000000e-01  1.61742390e+10 
 9.92000000e-01  1.61749448e+10 
 9.93000000e-01  1.61756083e+10 
 9.94000000e-01  1.61762297e+10 
 9.95000000e-01  1.61768085e+10 
 9.96000000e-01  1.61773448e+10 
 9.97000000e-01  1.61778384e+10 
 9.98000000e-01  1.61782890e+10 
 9.99000000e-01  1.61786966e+10 
 1.00000000e+00  1.61790609e+10 
 1.00100000e+00  1.61793819e+10 
 1.00200000e+00  1.61796594e+10 
 1.00300000e+00  1.61798932e+10 
 1.00400000e+00  1.61800832e+10 
 1.00500000e+00  1.61802292e+10 
 1.00600000e+00  1.61803312e+10 
 1.00700000e+00  1.61803888e+10 
 1.00800000e+00  1.61804021e+10 
 1.00900000e+00  1.61803708e+10 
 1.01000000e+00  1.61802948e+10 
 1.01100000e+00  1.61801740e+10 
 1.01200000e+00  1.61800082e+10 
 1.01300000e+00  1.61797973e+10 
 1.01400000e+00  1.61795412e+10 
 1.01500000e+00  1.61792396e+10 
 1.01600000e+00  1.61788925e+10 
 1.01700000e+00  1.61784998e+10 
 1.01800000e+00  1.61780612e+10 
 1.01900000e+00  1.61775768e+10 
 1.02000000e+00  1.61770462e+10 
 1.02100000e+00  1.61764694e+10 
 1.02200000e+00  1.61758464e+10 
 1.02300000e+00  1.61751768e+10 
 1.02400000e+00  1.61744607e+10 
 1.02500000e+00  1.61736978e+10 
 1.02600000e+00  1.61728881e+10 
 1.02700000e+00  1.61720314e+10 
 1.02800000e+00  1.61711276e+10 
 1.02900000e+00  1.61701766e+10 
 1.03000000e+00  1.61691782e+10 
 1.03100000e+00  1.61681324e+10 
 1.03200000e+00  1.61670389e+10 
 1.03300000e+00  1.61658978e+10 
 1.03400000e+00  1.61647088e+10 
 1.03500000e+00  1.61634719e+10 
 1.03600000e+00  1.61621869e+10 
 1.03700000e+00  1.61608537e+10 
 1.03800000e+00  1.61594722e+10 
 1.03900000e+00  1.61580423e+10 
 1.04000000e+00  1.61565638e+10 
 1.04100000e+00  1.61550367e+10 
 1.04200000e+00  1.61534609e+10 
 1.04300000e+00  1.61518362e+10 
 1.04400000e+00  1.61501625e+10 
 1.04500000e+00  1.61484397e+10 
 1.04600000e+00  1.61466678e+10 
 1.04700000e+00  1.61448465e+10 
 1.04800000e+00  1.61429758e+10 
 1.04900000e+00  1.61410557e+10 
 1.05000000e+00  1.61390859e+10 
 1.05100000e+00  1.61370664e+10 
 1.05200000e+00  1.61349970e+10 
 1.05300000e+00  1.61328778e+10 
 1.05400000e+00  1.61307085e+10 
 1.05500000e+00  1.61284891e+10 
 1.05600000e+00  1.61262195e+10 
 1.05700000e+00  1.61238995e+10 
 1.05800000e+00  1.61215292e+10 
 1.05900000e+00  1.61191083e+10 
 1.06000000e+00  1.61166369e+10 
 1.06100000e+00  1.61141147e+10 
 1.06200000e+00  1.61115418e+10 
 1.06300000e+00  1.61089180e+10 
 1.06400000e+00  1.61062432e+10 
 1.06500000e+00  1.61035173e+10 
 1.06600000e+00  1.61007403e+10 
 1.06700000e+00  1.60979121e+10 
 1.06800000e+00  1.60950325e+10 
 1.06900000e+00  1.60921016e+10 
 1.07000000e+00  1.60891191e+10 
 1.07100000e+00  1.60860851e+10 
 1.07200000e+00  1.60829994e+10 
 1.07300000e+00  1.60798619e+10 
 1.07400000e+00  1.60766727e+10 
 1.07500000e+00  1.60734315e+10 
 1.07600000e+00  1.60701384e+10 
 1.07700000e+00  1.60667932e+10 
 1.07800000e+00  1.60633958e+10 
 1.07900000e+00  1.60599463e+10 
 1.08000000e+00  1.60564445e+10 
 1.08100000e+00  1.60528903e+10 
 1.08200000e+00  1.60492837e+10 
 1.08300000e+00  1.60456245e+10 
 1.08400000e+00  1.60419128e+10 
 1.08500000e+00  1.60381485e+10 
 1.08600000e+00  1.60343314e+10 
 1.08700000e+00  1.60304615e+10 
 1.08800000e+00  1.60265388e+10 
 1.08900000e+00  1.60225632e+10 
 1.09000000e+00  1.60185346e+10 
 1.09100000e+00  1.60144529e+10 
 1.09200000e+00  1.60103182e+10 
 1.09300000e+00  1.60061302e+10 
 1.09400000e+00  1.60018891e+10 
 1.09500000e+00  1.59975946e+10 
 1.09600000e+00  1.59932468e+10 
 1.09700000e+00  1.59888455e+10 
 1.09800000e+00  1.59843908e+10 
 1.09900000e+00  1.59798826e+10 
 1.10000000e+00  1.59753208e+10 
 1.10100000e+00  1.59707053e+10 
 1.10200000e+00  1.59660362e+10 
 1.10300000e+00  1.59613133e+10 
 1.10400000e+00  1.59565366e+10 
 1.10500000e+00  1.59517060e+10 
 1.10600000e+00  1.59468216e+10 
 1.10700000e+00  1.59418832e+10 
 1.10800000e+00  1.59368908e+10 
 1.10900000e+00  1.59318444e+10 
 1.11000000e+00  1.59267439e+10 
 1.11100000e+00  1.59215892e+10 
 1.11200000e+00  1.59163804e+10 
 1.11300000e+00  1.59111174e+10 
 1.11400000e+00  1.59058001e+10 
 1.11500000e+00  1.59004285e+10 
 1.11600000e+00  1.58950025e+10 
 1.11700000e+00  1.58895222e+10 
 1.11800000e+00  1.58839874e+10 
 1.11900000e+00  1.58783982e+10 
 1.12000000e+00  1.58727545e+10 
 1.12100000e+00  1.58670563e+10 
 1.12200000e+00  1.58613035e+10 
 1.12300000e+00  1.58554961e+10 
 1.12400000e+00  1.58496340e+10 
 1.12500000e+00  1.58437173e+10 
 1.12600000e+00  1.58377459e+10 
 1.12700000e+00  1.58317198e+10 
 1.12800000e+00  1.58256390e+10 
 1.12900000e+00  1.58195033e+10 
 1.13000000e+00  1.58133129e+10 
 1.13100000e+00  1.58070676e+10 
 1.13200000e+00  1.58007674e+10 
 1.13300000e+00  1.57944124e+10 
 1.13400000e+00  1.57880025e+10 
 1.13500000e+00  1.57815376e+10 
 1.13600000e+00  1.57750178e+10 
 1.13700000e+00  1.57684431e+10 
 1.13800000e+00  1.57618133e+10 
 1.13900000e+00  1.57551286e+10 
 1.14000000e+00  1.57483888e+10 
 1.14100000e+00  1.57415940e+10 
 1.14200000e+00  1.57347441e+10 
 1.14300000e+00  1.57278391e+10 
 1.14400000e+00  1.57208791e+10 
 1.14500000e+00  1.57138640e+10 
 1.14600000e+00  1.57067938e+10 
 1.14700000e+00  1.56996684e+10 
 1.14800000e+00  1.56924880e+10 
 1.14900000e+00  1.56852524e+10 
 1.15000000e+00  1.56779617e+10 
 1.15100000e+00  1.56706158e+10 
 1.15200000e+00  1.56632147e+10 
 1.15300000e+00  1.56557585e+10 
 1.15400000e+00  1.56482472e+10 
 1.15500000e+00  1.56406807e+10 
 1.15600000e+00  1.56330590e+10 
 1.15700000e+00  1.56253821e+10 
 1.15800000e+00  1.56176501e+10 
 1.15900000e+00  1.56098629e+10 
 1.16000000e+00  1.56020205e+10 
 1.16100000e+00  1.55941230e+10 
 1.16200000e+00  1.55861703e+10 
 1.16300000e+00  1.55781625e+10 
 1.16400000e+00  1.55700995e+10 
 1.16500000e+00  1.55619814e+10 
 1.16600000e+00  1.55538081e+10 
 1.16700000e+00  1.55455797e+10 
 1.16800000e+00  1.55372962e+10 
 1.16900000e+00  1.55289576e+10 
 1.17000000e+00  1.55205639e+10 
 1.17100000e+00  1.55121151e+10 
 1.17200000e+00  1.55036112e+10 
 1.17300000e+00  1.54950523e+10 
 1.17400000e+00  1.54864384e+10 
 1.17500000e+00  1.54777694e+10 
 1.17600000e+00  1.54690454e+10 
 1.17700000e+00  1.54602664e+10 
 1.17800000e+00  1.54514325e+10 
 1.17900000e+00  1.54425436e+10 
 1.18000000e+00  1.54335998e+10 
 1.18100000e+00  1.54246010e+10 
 1.18200000e+00  1.54155474e+10 
 1.18300000e+00  1.54064389e+10 
 1.18400000e+00  1.53972756e+10 
 1.18500000e+00  1.53880575e+10 
 1.18600000e+00  1.53787845e+10 
 1.18700000e+00  1.53694569e+10 
 1.18800000e+00  1.53600745e+10 
 1.18900000e+00  1.53506373e+10 
 1.19000000e+00  1.53411456e+10 
 1.19100000e+00  1.53315991e+10 
 1.19200000e+00  1.53219981e+10 
 1.19300000e+00  1.53123425e+10 
 1.19400000e+00  1.53026323e+10 
 1.19500000e+00  1.52928677e+10 
 1.19600000e+00  1.52830486e+10 
 1.19700000e+00  1.52731750e+10 
 1.19800000e+00  1.52632470e+10 
 1.19900000e+00  1.52532647e+10 
 1.20000000e+00  1.52432280e+10 
 1.20100000e+00  1.52331371e+10 
 1.20200000e+00  1.52229919e+10 
 1.20300000e+00  1.52127926e+10 
 1.20400000e+00  1.52025391e+10 
 1.20500000e+00  1.51922314e+10 
 1.20600000e+00  1.51818697e+10 
 1.20700000e+00  1.51714540e+10 
 1.20800000e+00  1.51609843e+10 
 1.20900000e+00  1.51504607e+10 
 1.21000000e+00  1.51398832e+10 
 1.21100000e+00  1.51292518e+10 
 1.21200000e+00  1.51185667e+10 
 1.21300000e+00  1.51078279e+10 
 1.21400000e+00  1.50970354e+10 
 1.21500000e+00  1.50861892e+10 
 1.21600000e+00  1.50752895e+10 
 1.21700000e+00  1.50643363e+10 
 1.21800000e+00  1.50533296e+10 
 1.21900000e+00  1.50422695e+10 
 1.22000000e+00  1.50311561e+10 
 1.22100000e+00  1.50199893e+10 
 1.22200000e+00  1.50087694e+10 
 1.22300000e+00  1.49974963e+10 
 1.22400000e+00  1.49861700e+10 
 1.22500000e+00  1.49747907e+10 
 1.22600000e+00  1.49633585e+10 
 1.22700000e+00  1.49518733e+10 
 1.22800000e+00  1.49403352e+10 
 1.22900000e+00  1.49287444e+10 
 1.23000000e+00  1.49171008e+10 
 1.23100000e+00  1.49054046e+10 
 1.23200000e+00  1.48936558e+10 
 1.23300000e+00  1.48818545e+10 
 1.23400000e+00  1.48700007e+10 
 1.23500000e+00  1.48580945e+10 
 1.23600000e+00  1.48461360e+10 
 1.23700000e+00  1.48341253e+10 
 1.23800000e+00  1.48220624e+10 
 1.23900000e+00  1.48099474e+10 
 1.24000000e+00  1.47977804e+10 
 1.24100000e+00  1.47855615e+10 
 1.24200000e+00  1.47732907e+10 
 1.24300000e+00  1.47609681e+10 
 1.24400000e+00  1.47485938e+10 
 1.24500000e+00  1.47361679e+10 
 1.24600000e+00  1.47236904e+10 
 1.24700000e+00  1.47111614e+10 
 1.24800000e+00  1.46985811e+10 
 1.24900000e+00  1.46859494e+10 
 1.25000000e+00  1.46732665e+10 
 1.25100000e+00  1.46605325e+10 
 1.25200000e+00  1.46477474e+10 
 1.25300000e+00  1.46349114e+10 
 1.25400000e+00  1.46220244e+10 
 1.25500000e+00  1.46090867e+10 
 1.25600000e+00  1.45960983e+10 
 1.25700000e+00  1.45830592e+10 
 1.25800000e+00  1.45699696e+10 
 1.25900000e+00  1.45568296e+10 
 1.26000000e+00  1.45436392e+10 
 1.26100000e+00  1.45303986e+10 
 1.26200000e+00  1.45171078e+10 
 1.26300000e+00  1.45037669e+10 
 1.26400000e+00  1.44903761e+10 
 1.26500000e+00  1.44769354e+10 
 1.26600000e+00  1.44634449e+10 
 1.26700000e+00  1.44499047e+10 
 1.26800000e+00  1.44363149e+10 
 1.26900000e+00  1.44226757e+10 
 1.27000000e+00  1.44089870e+10 
 1.27100000e+00  1.43952491e+10 
 1.27200000e+00  1.43814619e+10 
 1.27300000e+00  1.43676257e+10 
 1.27400000e+00  1.43537405e+10 
 1.27500000e+00  1.43398065e+10 
 1.27600000e+00  1.43258236e+10 
 1.27700000e+00  1.43117921e+10 
 1.27800000e+00  1.42977120e+10 
 1.27900000e+00  1.42835834e+10 
 1.28000000e+00  1.42694065e+10 
 1.28100000e+00  1.42551813e+10 
 1.28200000e+00  1.42409080e+10 
 1.28300000e+00  1.42265867e+10 
 1.28400000e+00  1.42122175e+10 
 1.28500000e+00  1.41978005e+10 
 1.28600000e+00  1.41833357e+10 
 1.28700000e+00  1.41688234e+10 
 1.28800000e+00  1.41542636e+10 
 1.28900000e+00  1.41396565e+10 
 1.29000000e+00  1.41250021e+10 
 1.29100000e+00  1.41103006e+10 
 1.29200000e+00  1.40955521e+10 
 1.29300000e+00  1.40807567e+10 
 1.29400000e+00  1.40659145e+10 
 1.29500000e+00  1.40510257e+10 
 1.29600000e+00  1.40360903e+10 
 1.29700000e+00  1.40211085e+10 
 1.29800000e+00  1.40060805e+10 
 1.29900000e+00  1.39910062e+10 
 1.30000000e+00  1.39758859e+10 
 1.30100000e+00  1.39607197e+10 
 1.30200000e+00  1.39455076e+10 
 1.30300000e+00  1.39302499e+10 
 1.30400000e+00  1.39149466e+10 
 1.30500000e+00  1.38995979e+10 
 1.30600000e+00  1.38842039e+10 
 1.30700000e+00  1.38687647e+10 
 1.30800000e+00  1.38532805e+10 
 1.30900000e+00  1.38377513e+10 
 1.31000000e+00  1.38221774e+10 
 1.31100000e+00  1.38065587e+10 
 1.31200000e+00  1.37908956e+10 
 1.31300000e+00  1.37751880e+10 
 1.31400000e+00  1.37594362e+10 
 1.31500000e+00  1.37436402e+10 
 1.31600000e+00  1.37278003e+10 
 1.31700000e+00  1.37119164e+10 
 1.31800000e+00  1.36959888e+10 
 1.31900000e+00  1.36800176e+10 
 1.32000000e+00  1.36640030e+10 
 1.32100000e+00  1.36479450e+10 
 1.32200000e+00  1.36318438e+10 
 1.32300000e+00  1.36156996e+10 
 1.32400000e+00  1.35995125e+10 
 1.32500000e+00  1.35832825e+10 
 1.32600000e+00  1.35670100e+10 
 1.32700000e+00  1.35506949e+10 
 1.32800000e+00  1.35343375e+10 
 1.32900000e+00  1.35179379e+10 
 1.33000000e+00  1.35014962e+10 
 1.33100000e+00  1.34850125e+10 
 1.33200000e+00  1.34684871e+10 
 1.33300000e+00  1.34519200e+10 
 1.33400000e+00  1.34353114e+10 
 1.33500000e+00  1.34186615e+10 
 1.33600000e+00  1.34019704e+10 
 1.33700000e+00  1.33852382e+10 
 1.33800000e+00  1.33684651e+10 
 1.33900000e+00  1.33516512e+10 
 1.34000000e+00  1.33347967e+10 
 1.34100000e+00  1.33179017e+10 
 1.34200000e+00  1.33009664e+10 
 1.34300000e+00  1.32839909e+10 
 1.34400000e+00  1.32669754e+10 
 1.34500000e+00  1.32499201e+10 
 1.34600000e+00  1.32328250e+10 
 1.34700000e+00  1.32156904e+10 
 1.34800000e+00  1.31985163e+10 
 1.34900000e+00  1.31813030e+10 
 1.35000000e+00  1.31640506e+10 
 1.35100000e+00  1.31467592e+10 
 1.35200000e+00  1.31294290e+10 
 1.35300000e+00  1.31120602e+10 
 1.35400000e+00  1.30946529e+10 
 1.35500000e+00  1.30772073e+10 
 1.35600000e+00  1.30597235e+10 
 1.35700000e+00  1.30422017e+10 
 1.35800000e+00  1.30246420e+10 
 1.35900000e+00  1.30070446e+10 
 1.36000000e+00  1.29894097e+10 
 1.36100000e+00  1.29717375e+10 
 1.36200000e+00  1.29540280e+10 
 1.36300000e+00  1.29362814e+10 
 1.36400000e+00  1.29184980e+10 
 1.36500000e+00  1.29006778e+10 
 1.36600000e+00  1.28828210e+10 
 1.36700000e+00  1.28649279e+10 
 1.36800000e+00  1.28469985e+10 
 1.36900000e+00  1.28290330e+10 
 1.37000000e+00  1.28110316e+10 
 1.37100000e+00  1.27929945e+10 
 1.37200000e+00  1.27749217e+10 
 1.37300000e+00  1.27568136e+10 
 1.37400000e+00  1.27386702e+10 
 1.37500000e+00  1.27204917e+10 
 1.37600000e+00  1.27022782e+10 
 1.37700000e+00  1.26840301e+10 
 1.37800000e+00  1.26657473e+10 
 1.37900000e+00  1.26474301e+10 
 1.38000000e+00  1.26290787e+10 
 1.38100000e+00  1.26106932e+10 
 1.38200000e+00  1.25922738e+10 
 1.38300000e+00  1.25738207e+10 
 1.38400000e+00  1.25553340e+10 
 1.38500000e+00  1.25368139e+10 
 1.38600000e+00  1.25182606e+10 
 1.38700000e+00  1.24996742e+10 
 1.38800000e+00  1.24810550e+10 
 1.38900000e+00  1.24624030e+10 
 1.39000000e+00  1.24437186e+10 
 1.39100000e+00  1.24250017e+10 
 1.39200000e+00  1.24062527e+10 
 1.39300000e+00  1.23874717e+10 
 1.39400000e+00  1.23686588e+10 
 1.39500000e+00  1.23498143e+10 
 1.39600000e+00  1.23309383e+10 
 1.39700000e+00  1.23120310e+10 
 1.39800000e+00  1.22930925e+10 
 1.39900000e+00  1.22741231e+10 
 1.40000000e+00  1.22551230e+10 
 1.40100000e+00  1.22360922e+10 
 1.40200000e+00  1.22170310e+10 
 1.40300000e+00  1.21979396e+10 
 1.40400000e+00  1.21788181e+10 
 1.40500000e+00  1.21596667e+10 
 1.40600000e+00  1.21404857e+10 
 1.40700000e+00  1.21212751e+10 
 1.40800000e+00  1.21020351e+10 
 1.40900000e+00  1.20827660e+10 
 1.41000000e+00  1.20634679e+10 
 1.41100000e+00  1.20441411e+10 
 1.41200000e+00  1.20247856e+10 
 1.41300000e+00  1.20054016e+10 
 1.41400000e+00  1.19859894e+10 
 1.41500000e+00  1.19665492e+10 
 1.41600000e+00  1.19470810e+10 
 1.41700000e+00  1.19275852e+10 
 1.41800000e+00  1.19080618e+10 
 1.41900000e+00  1.18885111e+10 
 1.42000000e+00  1.18689332e+10 
 1.42100000e+00  1.18493284e+10 
 1.42200000e+00  1.18296967e+10 
 1.42300000e+00  1.18100385e+10 
 1.42400000e+00  1.17903539e+10 
 1.42500000e+00  1.17706430e+10 
 1.42600000e+00  1.17509061e+10 
 1.42700000e+00  1.17311433e+10 
 1.42800000e+00  1.17113549e+10 
 1.42900000e+00  1.16915410e+10 
 1.43000000e+00  1.16717018e+10 
 1.43100000e+00  1.16518375e+10 
 1.43200000e+00  1.16319482e+10 
 1.43300000e+00  1.16120343e+10 
 1.43400000e+00  1.15920958e+10 
 1.43500000e+00  1.15721329e+10 
 1.43600000e+00  1.15521458e+10 
 1.43700000e+00  1.15321348e+10 
 1.43800000e+00  1.15121000e+10 
 1.43900000e+00  1.14920416e+10 
 1.44000000e+00  1.14719598e+10 
 1.44100000e+00  1.14518548e+10 
 1.44200000e+00  1.14317267e+10 
 1.44300000e+00  1.14115758e+10 
 1.44400000e+00  1.13914022e+10 
 1.44500000e+00  1.13712062e+10 
 1.44600000e+00  1.13509879e+10 
 1.44700000e+00  1.13307475e+10 
 1.44800000e+00  1.13104853e+10 
 1.44900000e+00  1.12902013e+10 
 1.45000000e+00  1.12698958e+10 
 1.45100000e+00  1.12495691e+10 
 1.45200000e+00  1.12292212e+10 
 1.45300000e+00  1.12088524e+10 
 1.45400000e+00  1.11884628e+10 
 1.45500000e+00  1.11680527e+10 
 1.45600000e+00  1.11476222e+10 
 1.45700000e+00  1.11271716e+10 
 1.45800000e+00  1.11067011e+10 
 1.45900000e+00  1.10862107e+10 
 1.46000000e+00  1.10657008e+10 
 1.46100000e+00  1.10451715e+10 
 1.46200000e+00  1.10246230e+10 
 1.46300000e+00  1.10040555e+10 
 1.46400000e+00  1.09834692e+10 
 1.46500000e+00  1.09628643e+10 
 1.46600000e+00  1.09422409e+10 
 1.46700000e+00  1.09215994e+10 
 1.46800000e+00  1.09009398e+10 
 1.46900000e+00  1.08802624e+10 
 1.47000000e+00  1.08595674e+10 
 1.47100000e+00  1.08388549e+10 
 1.47200000e+00  1.08181251e+10 
 1.47300000e+00  1.07973783e+10 
 1.47400000e+00  1.07766147e+10 
 1.47500000e+00  1.07558344e+10 
 1.47600000e+00  1.07350376e+10 
 1.47700000e+00  1.07142245e+10 
 1.47800000e+00  1.06933954e+10 
 1.47900000e+00  1.06725504e+10 
 1.48000000e+00  1.06516897e+10 
 1.48100000e+00  1.06308135e+10 
 1.48200000e+00  1.06099220e+10 
 1.48300000e+00  1.05890154e+10 
 1.48400000e+00  1.05680940e+10 
 1.48500000e+00  1.05471578e+10 
 1.48600000e+00  1.05262071e+10 
 1.48700000e+00  1.05052420e+10 
 1.48800000e+00  1.04842629e+10 
 1.48900000e+00  1.04632698e+10 
 1.49000000e+00  1.04422631e+10 
 1.49100000e+00  1.04212427e+10 
 1.49200000e+00  1.04002091e+10 
 1.49300000e+00  1.03791623e+10 
 1.49400000e+00  1.03581026e+10 
 1.49500000e+00  1.03370301e+10 
 1.49600000e+00  1.03159451e+10 
 1.49700000e+00  1.02948477e+10 
 1.49800000e+00  1.02737381e+10 
 1.49900000e+00  1.02526166e+10 
 1.50000000e+00  1.02314834e+10 
 1.50100000e+00  1.02103386e+10 
 1.50200000e+00  1.01891824e+10 
 1.50300000e+00  1.01680150e+10 
 1.50400000e+00  1.01468366e+10 
 1.50500000e+00  1.01256475e+10 
 1.50600000e+00  1.01044478e+10 
 1.50700000e+00  1.00832377e+10 
 1.50800000e+00  1.00620174e+10 
 1.50900000e+00  1.00407871e+10 
 1.51000000e+00  1.00195470e+10 
 1.51100000e+00  9.99829730e+09 
 1.51200000e+00  9.97703819e+09 
 1.51300000e+00  9.95576987e+09 
 1.51400000e+00  9.93449254e+09 
 1.51500000e+00  9.91320638e+09 
 1.51600000e+00  9.89191160e+09 
 1.51700000e+00  9.87060839e+09 
 1.51800000e+00  9.84929695e+09 
 1.51900000e+00  9.82797747e+09 
 1.52000000e+00  9.80665016e+09 
 1.52100000e+00  9.78531519e+09 
 1.52200000e+00  9.76397278e+09 
 1.52300000e+00  9.74262312e+09 
 1.52400000e+00  9.72126639e+09 
 1.52500000e+00  9.69990280e+09 
 1.52600000e+00  9.67853255e+09 
 1.52700000e+00  9.65715582e+09 
 1.52800000e+00  9.63577281e+09 
 1.52900000e+00  9.61438372e+09 
 1.53000000e+00  9.59298874e+09 
 1.53100000e+00  9.57158807e+09 
 1.53200000e+00  9.55018190e+09 
 1.53300000e+00  9.52877043e+09 
 1.53400000e+00  9.50735385e+09 
 1.53500000e+00  9.48593235e+09 
 1.53600000e+00  9.46450613e+09 
 1.53700000e+00  9.44307538e+09 
 1.53800000e+00  9.42164030e+09 
 1.53900000e+00  9.40020108e+09 
 1.54000000e+00  9.37875791e+09 
 1.54100000e+00  9.35731099e+09 
 1.54200000e+00  9.33586052e+09 
 1.54300000e+00  9.31440667e+09 
 1.54400000e+00  9.29294966e+09 
 1.54500000e+00  9.27148966e+09 
 1.54600000e+00  9.25002688e+09 
 1.54700000e+00  9.22856150e+09 
 1.54800000e+00  9.20709372e+09 
 1.54900000e+00  9.18562373e+09 
 1.55000000e+00  9.16415172e+09 
 1.55100000e+00  9.14267789e+09 
 1.55200000e+00  9.12120242e+09 
 1.55300000e+00  9.09972551e+09 
 1.55400000e+00  9.07824735e+09 
 1.55500000e+00  9.05676813e+09 
 1.55600000e+00  9.03528804e+09 
 1.55700000e+00  9.01380727e+09 
 1.55800000e+00  8.99232602e+09 
 1.55900000e+00  8.97084447e+09 
 1.56000000e+00  8.94936281e+09 
 1.56100000e+00  8.92788123e+09 
 1.56200000e+00  8.90639993e+09 
 1.56300000e+00  8.88491909e+09 
 1.56400000e+00  8.86343890e+09 
 1.56500000e+00  8.84195956e+09 
 1.56600000e+00  8.82048124e+09 
 1.56700000e+00  8.79900414e+09 
 1.56800000e+00  8.77752845e+09 
 1.56900000e+00  8.75605436e+09 
 1.57000000e+00  8.73458205e+09 
 1.57100000e+00  8.71311171e+09 
 1.57200000e+00  8.69164353e+09 
 1.57300000e+00  8.67017770e+09 
 1.57400000e+00  8.64871440e+09 
 1.57500000e+00  8.62725382e+09 
 1.57600000e+00  8.60579614e+09 
 1.57700000e+00  8.58434156e+09 
 1.57800000e+00  8.56289026e+09 
 1.57900000e+00  8.54144243e+09 
 1.58000000e+00  8.51999824e+09 
 1.58100000e+00  8.49855789e+09 
 1.58200000e+00  8.47712156e+09 
 1.58300000e+00  8.45568944e+09 
 1.58400000e+00  8.43426170e+09 
 1.58500000e+00  8.41283855e+09 
 1.58600000e+00  8.39142014e+09 
 1.58700000e+00  8.37000668e+09 
 1.58800000e+00  8.34859835e+09 
 1.58900000e+00  8.32719532e+09 
 1.59000000e+00  8.30579778e+09 
 1.59100000e+00  8.28440592e+09 
 1.59200000e+00  8.26301991e+09 
 1.59300000e+00  8.24163994e+09 
 1.59400000e+00  8.22026619e+09 
 1.59500000e+00  8.19889883e+09 
 1.59600000e+00  8.17753806e+09 
 1.59700000e+00  8.15618405e+09 
 1.59800000e+00  8.13483697e+09 
 1.59900000e+00  8.11349702e+09 
 1.60000000e+00  8.09216438e+09 
 1.60100000e+00  8.07083921e+09 
 1.60200000e+00  8.04952170e+09 
 1.60300000e+00  8.02821203e+09 
 1.60400000e+00  8.00691037e+09 
 1.60500000e+00  7.98561691e+09 
 1.60600000e+00  7.96433182e+09 
 1.60700000e+00  7.94305528e+09 
 1.60800000e+00  7.92178747e+09 
 1.60900000e+00  7.90052855e+09 
 1.61000000e+00  7.87927872e+09 
 1.61100000e+00  7.85803814e+09 
 1.61200000e+00  7.83680699e+09 
 1.61300000e+00  7.81558545e+09 
 1.61400000e+00  7.79437369e+09 
 1.61500000e+00  7.77317188e+09 
 1.61600000e+00  7.75198020e+09 
 1.61700000e+00  7.73079882e+09 
 1.61800000e+00  7.70962792e+09 
 1.61900000e+00  7.68846767e+09 
 1.62000000e+00  7.66731824e+09 
 1.62100000e+00  7.64617980e+09 
 1.62200000e+00  7.62505252e+09 
 1.62300000e+00  7.60393659e+09 
 1.62400000e+00  7.58283216e+09 
 1.62500000e+00  7.56173941e+09 
 1.62600000e+00  7.54065851e+09 
 1.62700000e+00  7.51958963e+09 
 1.62800000e+00  7.49853294e+09 
 1.62900000e+00  7.47748860e+09 
 1.63000000e+00  7.45645679e+09 
 1.63100000e+00  7.43543767e+09 
 1.63200000e+00  7.41443142e+09 
 1.63300000e+00  7.39343819e+09 
 1.63400000e+00  7.37245817e+09 
 1.63500000e+00  7.35149150e+09 
 1.63600000e+00  7.33053837e+09 
 1.63700000e+00  7.30959893e+09 
 1.63800000e+00  7.28867335e+09 
 1.63900000e+00  7.26776179e+09 
 1.64000000e+00  7.24686443e+09 
 1.64100000e+00  7.22598142e+09 
 1.64200000e+00  7.20511293e+09 
 1.64300000e+00  7.18425912e+09 
 1.64400000e+00  7.16342015e+09 
 1.64500000e+00  7.14259619e+09 
 1.64600000e+00  7.12178740e+09 
 1.64700000e+00  7.10099394e+09 
 1.64800000e+00  7.08021596e+09 
 1.64900000e+00  7.05945364e+09 
 1.65000000e+00  7.03870713e+09 
 1.65100000e+00  7.01797660e+09 
 1.65200000e+00  6.99726219e+09 
 1.65300000e+00  6.97656407e+09 
 1.65400000e+00  6.95588240e+09 
 1.65500000e+00  6.93521733e+09 
 1.65600000e+00  6.91456903e+09 
 1.65700000e+00  6.89393765e+09 
 1.65800000e+00  6.87332334e+09 
 1.65900000e+00  6.85272626e+09 
 1.66000000e+00  6.83214658e+09 
 1.66100000e+00  6.81158443e+09 
 1.66200000e+00  6.79103998e+09 
 1.66300000e+00  6.77051339e+09 
 1.66400000e+00  6.75000480e+09 
 1.66500000e+00  6.72951436e+09 
 1.66600000e+00  6.70904224e+09 
 1.66700000e+00  6.68858858e+09 
 1.66800000e+00  6.66815354e+09 
 1.66900000e+00  6.64773726e+09 
 1.67000000e+00  6.62733990e+09 
 1.67100000e+00  6.60696160e+09 
 1.67200000e+00  6.58660252e+09 
 1.67300000e+00  6.56626281e+09 
 1.67400000e+00  6.54594261e+09 
 1.67500000e+00  6.52564207e+09 
 1.67600000e+00  6.50536134e+09 
 1.67700000e+00  6.48510057e+09 
 1.67800000e+00  6.46485991e+09 
 1.67900000e+00  6.44463950e+09 
 1.68000000e+00  6.42443948e+09 
 1.68100000e+00  6.40426000e+09 
 1.68200000e+00  6.38410121e+09 
 1.68300000e+00  6.36396325e+09 
 1.68400000e+00  6.34384626e+09 
 1.68500000e+00  6.32375039e+09 
 1.68600000e+00  6.30367578e+09 
 1.68700000e+00  6.28362257e+09 
 1.68800000e+00  6.26359090e+09 
 1.68900000e+00  6.24358092e+09 
 1.69000000e+00  6.22359276e+09 
 1.69100000e+00  6.20362657e+09 
 1.69200000e+00  6.18368248e+09 
 1.69300000e+00  6.16376063e+09 
 1.69400000e+00  6.14386116e+09 
 1.69500000e+00  6.12398422e+09 
 1.69600000e+00  6.10412992e+09 
 1.69700000e+00  6.08429843e+09 
 1.69800000e+00  6.06448986e+09 
 1.69900000e+00  6.04470435e+09 
 1.70000000e+00  6.02494205e+09 
 1.70100000e+00  6.00520308e+09 
 1.70200000e+00  5.98548758e+09 
 1.70300000e+00  5.96579568e+09 
 1.70400000e+00  5.94612751e+09 
 1.70500000e+00  5.92648321e+09 
 1.70600000e+00  5.90686291e+09 
 1.70700000e+00  5.88726674e+09 
 1.70800000e+00  5.86769484e+09 
 1.70900000e+00  5.84814732e+09 
 1.71000000e+00  5.82862432e+09 
 1.71100000e+00  5.80912598e+09 
 1.71200000e+00  5.78965241e+09 
 1.71300000e+00  5.77020375e+09 
 1.71400000e+00  5.75078012e+09 
 1.71500000e+00  5.73138165e+09 
 1.71600000e+00  5.71200846e+09 
 1.71700000e+00  5.69266069e+09 
 1.71800000e+00  5.67333846e+09 
 1.71900000e+00  5.65404189e+09 
 1.72000000e+00  5.63477110e+09 
 1.72100000e+00  5.61552622e+09 
 1.72200000e+00  5.59630737e+09 
 1.72300000e+00  5.57711468e+09 
 1.72400000e+00  5.55794826e+09 
 1.72500000e+00  5.53880824e+09 
 1.72600000e+00  5.51969473e+09 
 1.72700000e+00  5.50060786e+09 
 1.72800000e+00  5.48154775e+09 
 1.72900000e+00  5.46251451e+09 
 1.73000000e+00  5.44350826e+09 
 1.73100000e+00  5.42452913e+09 
 1.73200000e+00  5.40557722e+09 
 1.73300000e+00  5.38665265e+09 
 1.73400000e+00  5.36775554e+09 
 1.73500000e+00  5.34888601e+09 
 1.73600000e+00  5.33004417e+09 
 1.73700000e+00  5.31123012e+09 
 1.73800000e+00  5.29244400e+09 
 1.73900000e+00  5.27368590e+09 
 1.74000000e+00  5.25495595e+09 
 1.74100000e+00  5.23625424e+09 
 1.74200000e+00  5.21758090e+09 
 1.74300000e+00  5.19893604e+09 
 1.74400000e+00  5.18031976e+09 
 1.74500000e+00  5.16173217e+09 
 1.74600000e+00  5.14317338e+09 
 1.74700000e+00  5.12464350e+09 
 1.74800000e+00  5.10614264e+09 
 1.74900000e+00  5.08767091e+09 
 1.75000000e+00  5.06922840e+09 
 1.75100000e+00  5.05081523e+09 
 1.75200000e+00  5.03243150e+09 
 1.75300000e+00  5.01407731e+09 
 1.75400000e+00  4.99575277e+09 
 1.75500000e+00  4.97745798e+09 
 1.75600000e+00  4.95919305e+09 
 1.75700000e+00  4.94095807e+09 
 1.75800000e+00  4.92275316e+09 
 1.75900000e+00  4.90457839e+09 
 1.76000000e+00  4.88643389e+09 
 1.76100000e+00  4.86831974e+09 
 1.76200000e+00  4.85023605e+09 
 1.76300000e+00  4.83218292e+09 
 1.76400000e+00  4.81416043e+09 
 1.76500000e+00  4.79616870e+09 
 1.76600000e+00  4.77820781e+09 
 1.76700000e+00  4.76027786e+09 
 1.76800000e+00  4.74237895e+09 
 1.76900000e+00  4.72451116e+09 
 1.77000000e+00  4.70667461e+09 
 1.77100000e+00  4.68886937e+09 
 1.77200000e+00  4.67109554e+09 
 1.77300000e+00  4.65335321e+09 
 1.77400000e+00  4.63564247e+09 
 1.77500000e+00  4.61796343e+09 
 1.77600000e+00  4.60031615e+09 
 1.77700000e+00  4.58270074e+09 
 1.77800000e+00  4.56511728e+09 
 1.77900000e+00  4.54756587e+09 
 1.78000000e+00  4.53004658e+09 
 1.78100000e+00  4.51255951e+09 
 1.78200000e+00  4.49510474e+09 
 1.78300000e+00  4.47768235e+09 
 1.78400000e+00  4.46029245e+09 
 1.78500000e+00  4.44293509e+09 
 1.78600000e+00  4.42561038e+09 
 1.78700000e+00  4.40831840e+09 
 1.78800000e+00  4.39105922e+09 
 1.78900000e+00  4.37383293e+09 
 1.79000000e+00  4.35663961e+09 
 1.79100000e+00  4.33947935e+09 
 1.79200000e+00  4.32235221e+09 
 1.79300000e+00  4.30525828e+09 
 1.79400000e+00  4.28819765e+09 
 1.79500000e+00  4.27117038e+09 
 1.79600000e+00  4.25417656e+09 
 1.79700000e+00  4.23721626e+09 
 1.79800000e+00  4.22028955e+09 
 1.79900000e+00  4.20339652e+09 
 1.80000000e+00  4.18653724e+09 
