 0.00000000e+00  2.12639556e-06 
 1.00000000e-03  2.17475734e-06 
 2.00000000e-03  2.22410332e-06 
 3.00000000e-03  2.27444995e-06 
 4.00000000e-03  2.32581390e-06 
 5.00000000e-03  2.37821197e-06 
 6.00000000e-03  2.43166118e-06 
 7.00000000e-03  2.48617870e-06 
 8.00000000e-03  2.54178187e-06 
 9.00000000e-03  2.59848822e-06 
 1.00000000e-02  2.65631545e-06 
 1.10000000e-02  2.71528142e-06 
 1.20000000e-02  2.77540416e-06 
 1.30000000e-02  2.83670190e-06 
 1.40000000e-02  2.89919300e-06 
 1.50000000e-02  2.96289601e-06 
 1.60000000e-02  3.02782965e-06 
 1.70000000e-02  3.09401278e-06 
 1.80000000e-02  3.16146447e-06 
 1.90000000e-02  3.23020390e-06 
 2.00000000e-02  3.30025046e-06 
 2.10000000e-02  3.37162367e-06 
 2.20000000e-02  3.44434322e-06 
 2.30000000e-02  3.51842896e-06 
 2.40000000e-02  3.59390090e-06 
 2.50000000e-02  3.67077920e-06 
 2.60000000e-02  3.74908417e-06 
 2.70000000e-02  3.82883628e-06 
 2.80000000e-02  3.91005615e-06 
 2.90000000e-02  3.99276456e-06 
 3.00000000e-02  4.07698241e-06 
 3.10000000e-02  4.16273078e-06 
 3.20000000e-02  4.25003087e-06 
 3.30000000e-02  4.33890403e-06 
 3.40000000e-02  4.42937176e-06 
 3.50000000e-02  4.52145570e-06 
 3.60000000e-02  4.61517762e-06 
 3.70000000e-02  4.71055943e-06 
 3.80000000e-02  4.80762317e-06 
 3.90000000e-02  4.90639104e-06 
 4.00000000e-02  5.00688534e-06 
 4.10000000e-02  5.10912851e-06 
 4.20000000e-02  5.21314313e-06 
 4.30000000e-02  5.31895190e-06 
 4.40000000e-02  5.42657765e-06 
 4.50000000e-02  5.53604332e-06 
 4.60000000e-02  5.64737199e-06 
 4.70000000e-02  5.76058687e-06 
 4.80000000e-02  5.87571125e-06 
 4.90000000e-02  5.99276858e-06 
 5.00000000e-02  6.11178241e-06 
 5.10000000e-02  6.23277641e-06 
 5.20000000e-02  6.35577435e-06 
 5.30000000e-02  6.48080013e-06 
 5.40000000e-02  6.60787776e-06 
 5.50000000e-02  6.73703135e-06 
 5.60000000e-02  6.86828513e-06 
 5.70000000e-02  7.00166344e-06 
 5.80000000e-02  7.13719070e-06 
 5.90000000e-02  7.27489147e-06 
 6.00000000e-02  7.41479040e-06 
 6.10000000e-02  7.55691224e-06 
 6.20000000e-02  7.70128185e-06 
 6.30000000e-02  7.84792418e-06 
 6.40000000e-02  7.99686431e-06 
 6.50000000e-02  8.14812738e-06 
 6.60000000e-02  8.30173866e-06 
 6.70000000e-02  8.45772350e-06 
 6.80000000e-02  8.61610736e-06 
 6.90000000e-02  8.77691578e-06 
 7.00000000e-02  8.94017443e-06 
 7.10000000e-02  9.10590904e-06 
 7.20000000e-02  9.27414546e-06 
 7.30000000e-02  9.44490962e-06 
 7.40000000e-02  9.61822755e-06 
 7.50000000e-02  9.79412538e-06 
 7.60000000e-02  9.97262932e-06 
 7.70000000e-02  1.01537657e-05 
 7.80000000e-02  1.03375609e-05 
 7.90000000e-02  1.05240414e-05 
 8.00000000e-02  1.07132339e-05 
 8.10000000e-02  1.09051650e-05 
 8.20000000e-02  1.10998615e-05 
 8.30000000e-02  1.12973503e-05 
 8.40000000e-02  1.14976583e-05 
 8.50000000e-02  1.17008125e-05 
 8.60000000e-02  1.19068403e-05 
 8.70000000e-02  1.21157687e-05 
 8.80000000e-02  1.23276252e-05 
 8.90000000e-02  1.25424371e-05 
 9.00000000e-02  1.27602320e-05 
 9.10000000e-02  1.29810375e-05 
 9.20000000e-02  1.32048814e-05 
 9.30000000e-02  1.34317913e-05 
 9.40000000e-02  1.36617953e-05 
 9.50000000e-02  1.38949213e-05 
 9.60000000e-02  1.41311974e-05 
 9.70000000e-02  1.43706518e-05 
 9.80000000e-02  1.46133128e-05 
 9.90000000e-02  1.48592086e-05 
 1.00000000e-01  1.51083679e-05 
 1.01000000e-01  1.53608191e-05 
 1.02000000e-01  1.56165909e-05 
 1.03000000e-01  1.58757121e-05 
 1.04000000e-01  1.61382114e-05 
 1.05000000e-01  1.64041178e-05 
 1.06000000e-01  1.66734604e-05 
 1.07000000e-01  1.69462681e-05 
 1.08000000e-01  1.72225703e-05 
 1.09000000e-01  1.75023963e-05 
 1.10000000e-01  1.77857753e-05 
 1.11000000e-01  1.80727369e-05 
 1.12000000e-01  1.83633107e-05 
 1.13000000e-01  1.86575263e-05 
 1.14000000e-01  1.89554134e-05 
 1.15000000e-01  1.92570018e-05 
 1.16000000e-01  1.95623215e-05 
 1.17000000e-01  1.98714024e-05 
 1.18000000e-01  2.01842746e-05 
 1.19000000e-01  2.05009683e-05 
 1.20000000e-01  2.08215136e-05 
 1.21000000e-01  2.11459408e-05 
 1.22000000e-01  2.14742804e-05 
 1.23000000e-01  2.18065627e-05 
 1.24000000e-01  2.21428183e-05 
 1.25000000e-01  2.24830777e-05 
 1.26000000e-01  2.28273716e-05 
 1.27000000e-01  2.31757306e-05 
 1.28000000e-01  2.35281855e-05 
 1.29000000e-01  2.38847672e-05 
 1.30000000e-01  2.42455063e-05 
 1.31000000e-01  2.46104339e-05 
 1.32000000e-01  2.49795809e-05 
 1.33000000e-01  2.53529782e-05 
 1.34000000e-01  2.57306568e-05 
 1.35000000e-01  2.61126479e-05 
 1.36000000e-01  2.64989823e-05 
 1.37000000e-01  2.68896913e-05 
 1.38000000e-01  2.72848059e-05 
 1.39000000e-01  2.76843571e-05 
 1.40000000e-01  2.80883762e-05 
 1.41000000e-01  2.84968941e-05 
 1.42000000e-01  2.89099420e-05 
 1.43000000e-01  2.93275510e-05 
 1.44000000e-01  2.97497520e-05 
 1.45000000e-01  3.01765762e-05 
 1.46000000e-01  3.06080545e-05 
 1.47000000e-01  3.10442178e-05 
 1.48000000e-01  3.14850970e-05 
 1.49000000e-01  3.19307230e-05 
 1.50000000e-01  3.23811266e-05 
 1.51000000e-01  3.28363383e-05 
 1.52000000e-01  3.32963890e-05 
 1.53000000e-01  3.37613090e-05 
 1.54000000e-01  3.42311288e-05 
 1.55000000e-01  3.47058788e-05 
 1.56000000e-01  3.51855891e-05 
 1.57000000e-01  3.56702898e-05 
 1.58000000e-01  3.61600109e-05 
 1.59000000e-01  3.66547822e-05 
 1.60000000e-01  3.71546333e-05 
 1.61000000e-01  3.76595937e-05 
 1.62000000e-01  3.81696928e-05 
 1.63000000e-01  3.86849596e-05 
 1.64000000e-01  3.92054231e-05 
 1.65000000e-01  3.97311121e-05 
 1.66000000e-01  4.02620550e-05 
 1.67000000e-01  4.07982801e-05 
 1.68000000e-01  4.13398156e-05 
 1.69000000e-01  4.18866892e-05 
 1.70000000e-01  4.24389284e-05 
 1.71000000e-01  4.29965606e-05 
 1.72000000e-01  4.35596127e-05 
 1.73000000e-01  4.41281114e-05 
 1.74000000e-01  4.47020831e-05 
 1.75000000e-01  4.52815539e-05 
 1.76000000e-01  4.58665496e-05 
 1.77000000e-01  4.64570956e-05 
 1.78000000e-01  4.70532168e-05 
 1.79000000e-01  4.76549380e-05 
 1.80000000e-01  4.82622836e-05 
 1.81000000e-01  4.88752773e-05 
 1.82000000e-01  4.94939428e-05 
 1.83000000e-01  5.01183032e-05 
 1.84000000e-01  5.07483811e-05 
 1.85000000e-01  5.13841987e-05 
 1.86000000e-01  5.20257779e-05 
 1.87000000e-01  5.26731400e-05 
 1.88000000e-01  5.33263058e-05 
 1.89000000e-01  5.39852957e-05 
 1.90000000e-01  5.46501295e-05 
 1.91000000e-01  5.53208267e-05 
 1.92000000e-01  5.59974061e-05 
 1.93000000e-01  5.66798859e-05 
 1.94000000e-01  5.73682839e-05 
 1.95000000e-01  5.80626173e-05 
 1.96000000e-01  5.87629028e-05 
 1.97000000e-01  5.94691563e-05 
 1.98000000e-01  6.01813934e-05 
 1.99000000e-01  6.08996288e-05 
 2.00000000e-01  6.16238769e-05 
 2.01000000e-01  6.23541513e-05 
 2.02000000e-01  6.30904649e-05 
 2.03000000e-01  6.38328301e-05 
 2.04000000e-01  6.45812585e-05 
 2.05000000e-01  6.53357613e-05 
 2.06000000e-01  6.60963487e-05 
 2.07000000e-01  6.68630304e-05 
 2.08000000e-01  6.76358155e-05 
 2.09000000e-01  6.84147121e-05 
 2.10000000e-01  6.91997279e-05 
 2.11000000e-01  6.99908697e-05 
 2.12000000e-01  7.07881437e-05 
 2.13000000e-01  7.15915552e-05 
 2.14000000e-01  7.24011090e-05 
 2.15000000e-01  7.32168089e-05 
 2.16000000e-01  7.40386581e-05 
 2.17000000e-01  7.48666591e-05 
 2.18000000e-01  7.57008134e-05 
 2.19000000e-01  7.65411220e-05 
 2.20000000e-01  7.73875850e-05 
 2.21000000e-01  7.82402017e-05 
 2.22000000e-01  7.90989707e-05 
 2.23000000e-01  7.99638896e-05 
 2.24000000e-01  8.08349556e-05 
 2.25000000e-01  8.17121647e-05 
 2.26000000e-01  8.25955124e-05 
 2.27000000e-01  8.34849933e-05 
 2.28000000e-01  8.43806011e-05 
 2.29000000e-01  8.52823288e-05 
 2.30000000e-01  8.61901687e-05 
 2.31000000e-01  8.71041121e-05 
 2.32000000e-01  8.80241496e-05 
 2.33000000e-01  8.89502710e-05 
 2.34000000e-01  8.98824653e-05 
 2.35000000e-01  9.08207207e-05 
 2.36000000e-01  9.17650245e-05 
 2.37000000e-01  9.27153635e-05 
 2.38000000e-01  9.36717233e-05 
 2.39000000e-01  9.46340890e-05 
 2.40000000e-01  9.56024449e-05 
 2.41000000e-01  9.65767744e-05 
 2.42000000e-01  9.75570601e-05 
 2.43000000e-01  9.85432840e-05 
 2.44000000e-01  9.95354273e-05 
 2.45000000e-01  1.00533470e-04 
 2.46000000e-01  1.01537393e-04 
 2.47000000e-01  1.02547173e-04 
 2.48000000e-01  1.03562790e-04 
 2.49000000e-01  1.04584221e-04 
 2.50000000e-01  1.05611442e-04 
 2.51000000e-01  1.06644429e-04 
 2.52000000e-01  1.07683158e-04 
 2.53000000e-01  1.08727604e-04 
 2.54000000e-01  1.09777739e-04 
 2.55000000e-01  1.10833538e-04 
 2.56000000e-01  1.11894972e-04 
 2.57000000e-01  1.12962015e-04 
 2.58000000e-01  1.14034636e-04 
 2.59000000e-01  1.15112806e-04 
 2.60000000e-01  1.16196496e-04 
 2.61000000e-01  1.17285675e-04 
 2.62000000e-01  1.18380311e-04 
 2.63000000e-01  1.19480372e-04 
 2.64000000e-01  1.20585827e-04 
 2.65000000e-01  1.21696642e-04 
 2.66000000e-01  1.22812784e-04 
 2.67000000e-01  1.23934218e-04 
 2.68000000e-01  1.25060910e-04 
 2.69000000e-01  1.26192825e-04 
 2.70000000e-01  1.27329928e-04 
 2.71000000e-01  1.28472181e-04 
 2.72000000e-01  1.29619549e-04 
 2.73000000e-01  1.30771995e-04 
 2.74000000e-01  1.31929481e-04 
 2.75000000e-01  1.33091970e-04 
 2.76000000e-01  1.34259422e-04 
 2.77000000e-01  1.35431800e-04 
 2.78000000e-01  1.36609065e-04 
 2.79000000e-01  1.37791176e-04 
 2.80000000e-01  1.38978095e-04 
 2.81000000e-01  1.40169782e-04 
 2.82000000e-01  1.41366195e-04 
 2.83000000e-01  1.42567295e-04 
 2.84000000e-01  1.43773040e-04 
 2.85000000e-01  1.44983389e-04 
 2.86000000e-01  1.46198302e-04 
 2.87000000e-01  1.47417735e-04 
 2.88000000e-01  1.48641648e-04 
 2.89000000e-01  1.49869999e-04 
 2.90000000e-01  1.51102744e-04 
 2.91000000e-01  1.52339842e-04 
 2.92000000e-01  1.53581250e-04 
 2.93000000e-01  1.54826926e-04 
 2.94000000e-01  1.56076826e-04 
 2.95000000e-01  1.57330908e-04 
 2.96000000e-01  1.58589129e-04 
 2.97000000e-01  1.59851445e-04 
 2.98000000e-01  1.61117814e-04 
 2.99000000e-01  1.62388193e-04 
 3.00000000e-01  1.63662538e-04 
 3.01000000e-01  1.64940806e-04 
 3.02000000e-01  1.66222953e-04 
 3.03000000e-01  1.67508938e-04 
 3.04000000e-01  1.68798716e-04 
 3.05000000e-01  1.70092245e-04 
 3.06000000e-01  1.71389482e-04 
 3.07000000e-01  1.72690383e-04 
 3.08000000e-01  1.73994906e-04 
 3.09000000e-01  1.75303008e-04 
 3.10000000e-01  1.76614646e-04 
 3.11000000e-01  1.77929779e-04 
 3.12000000e-01  1.79248363e-04 
 3.13000000e-01  1.80570357e-04 
 3.14000000e-01  1.81895718e-04 
 3.15000000e-01  1.83224406e-04 
 3.16000000e-01  1.84556377e-04 
 3.17000000e-01  1.85891590e-04 
 3.18000000e-01  1.87230005e-04 
 3.19000000e-01  1.88571581e-04 
 3.20000000e-01  1.89916276e-04 
 3.21000000e-01  1.91264051e-04 
 3.22000000e-01  1.92614864e-04 
 3.23000000e-01  1.93968676e-04 
 3.24000000e-01  1.95325448e-04 
 3.25000000e-01  1.96685140e-04 
 3.26000000e-01  1.98047712e-04 
 3.27000000e-01  1.99413126e-04 
 3.28000000e-01  2.00781344e-04 
 3.29000000e-01  2.02152327e-04 
 3.30000000e-01  2.03526038e-04 
 3.31000000e-01  2.04902438e-04 
 3.32000000e-01  2.06281492e-04 
 3.33000000e-01  2.07663161e-04 
 3.34000000e-01  2.09047410e-04 
 3.35000000e-01  2.10434203e-04 
 3.36000000e-01  2.11823503e-04 
 3.37000000e-01  2.13215276e-04 
 3.38000000e-01  2.14609487e-04 
 3.39000000e-01  2.16006100e-04 
 3.40000000e-01  2.17405083e-04 
 3.41000000e-01  2.18806401e-04 
 3.42000000e-01  2.20210020e-04 
 3.43000000e-01  2.21615908e-04 
 3.44000000e-01  2.23024032e-04 
 3.45000000e-01  2.24434361e-04 
 3.46000000e-01  2.25846862e-04 
 3.47000000e-01  2.27261504e-04 
 3.48000000e-01  2.28678257e-04 
 3.49000000e-01  2.30097090e-04 
 3.50000000e-01  2.31517972e-04 
 3.51000000e-01  2.32940875e-04 
 3.52000000e-01  2.34365769e-04 
 3.53000000e-01  2.35792625e-04 
 3.54000000e-01  2.37221416e-04 
 3.55000000e-01  2.38652113e-04 
 3.56000000e-01  2.40084689e-04 
 3.57000000e-01  2.41519118e-04 
 3.58000000e-01  2.42955372e-04 
 3.59000000e-01  2.44393426e-04 
 3.60000000e-01  2.45833253e-04 
 3.61000000e-01  2.47274830e-04 
 3.62000000e-01  2.48718130e-04 
 3.63000000e-01  2.50163130e-04 
 3.64000000e-01  2.51609806e-04 
 3.65000000e-01  2.53058135e-04 
 3.66000000e-01  2.54508093e-04 
 3.67000000e-01  2.55959658e-04 
 3.68000000e-01  2.57412808e-04 
 3.69000000e-01  2.58867521e-04 
 3.70000000e-01  2.60323776e-04 
 3.71000000e-01  2.61781552e-04 
 3.72000000e-01  2.63240829e-04 
 3.73000000e-01  2.64701587e-04 
 3.74000000e-01  2.66163806e-04 
 3.75000000e-01  2.67627467e-04 
 3.76000000e-01  2.69092551e-04 
 3.77000000e-01  2.70559041e-04 
 3.78000000e-01  2.72026918e-04 
 3.79000000e-01  2.73496165e-04 
 3.80000000e-01  2.74966764e-04 
 3.81000000e-01  2.76438700e-04 
 3.82000000e-01  2.77911956e-04 
 3.83000000e-01  2.79386516e-04 
 3.84000000e-01  2.80862364e-04 
 3.85000000e-01  2.82339486e-04 
 3.86000000e-01  2.83817866e-04 
 3.87000000e-01  2.85297491e-04 
 3.88000000e-01  2.86778347e-04 
 3.89000000e-01  2.88260420e-04 
 3.90000000e-01  2.89743696e-04 
 3.91000000e-01  2.91228164e-04 
 3.92000000e-01  2.92713810e-04 
 3.93000000e-01  2.94200623e-04 
 3.94000000e-01  2.95688591e-04 
 3.95000000e-01  2.97177702e-04 
 3.96000000e-01  2.98667945e-04 
 3.97000000e-01  3.00159310e-04 
 3.98000000e-01  3.01651787e-04 
 3.99000000e-01  3.03145364e-04 
 4.00000000e-01  3.04640033e-04 
 4.01000000e-01  3.06135784e-04 
 4.02000000e-01  3.07632609e-04 
 4.03000000e-01  3.09130497e-04 
 4.04000000e-01  3.10629442e-04 
 4.05000000e-01  3.12129434e-04 
 4.06000000e-01  3.13630466e-04 
 4.07000000e-01  3.15132530e-04 
 4.08000000e-01  3.16635620e-04 
 4.09000000e-01  3.18139727e-04 
 4.10000000e-01  3.19644846e-04 
 4.11000000e-01  3.21150971e-04 
 4.12000000e-01  3.22658093e-04 
 4.13000000e-01  3.24166209e-04 
 4.14000000e-01  3.25675313e-04 
 4.15000000e-01  3.27185398e-04 
 4.16000000e-01  3.28696460e-04 
 4.17000000e-01  3.30208494e-04 
 4.18000000e-01  3.31721496e-04 
 4.19000000e-01  3.33235461e-04 
 4.20000000e-01  3.34750385e-04 
 4.21000000e-01  3.36266263e-04 
 4.22000000e-01  3.37783093e-04 
 4.23000000e-01  3.39300871e-04 
 4.24000000e-01  3.40819594e-04 
 4.25000000e-01  3.42339258e-04 
 4.26000000e-01  3.43859861e-04 
 4.27000000e-01  3.45381400e-04 
 4.28000000e-01  3.46903872e-04 
 4.29000000e-01  3.48427276e-04 
 4.30000000e-01  3.49951610e-04 
 4.31000000e-01  3.51476871e-04 
 4.32000000e-01  3.53003058e-04 
 4.33000000e-01  3.54530169e-04 
 4.34000000e-01  3.56058203e-04 
 4.35000000e-01  3.57587159e-04 
 4.36000000e-01  3.59117036e-04 
 4.37000000e-01  3.60647833e-04 
 4.38000000e-01  3.62179549e-04 
 4.39000000e-01  3.63712184e-04 
 4.40000000e-01  3.65245737e-04 
 4.41000000e-01  3.66780208e-04 
 4.42000000e-01  3.68315598e-04 
 4.43000000e-01  3.69851905e-04 
 4.44000000e-01  3.71389131e-04 
 4.45000000e-01  3.72927275e-04 
 4.46000000e-01  3.74466338e-04 
 4.47000000e-01  3.76006320e-04 
 4.48000000e-01  3.77547223e-04 
 4.49000000e-01  3.79089046e-04 
 4.50000000e-01  3.80631791e-04 
 4.51000000e-01  3.82175459e-04 
 4.52000000e-01  3.83720051e-04 
 4.53000000e-01  3.85265567e-04 
 4.54000000e-01  3.86812010e-04 
 4.55000000e-01  3.88359380e-04 
 4.56000000e-01  3.89907680e-04 
 4.57000000e-01  3.91456910e-04 
 4.58000000e-01  3.93007072e-04 
 4.59000000e-01  3.94558168e-04 
 4.60000000e-01  3.96110200e-04 
 4.61000000e-01  3.97663170e-04 
 4.62000000e-01  3.99217079e-04 
 4.63000000e-01  4.00771930e-04 
 4.64000000e-01  4.02327724e-04 
 4.65000000e-01  4.03884464e-04 
 4.66000000e-01  4.05442151e-04 
 4.67000000e-01  4.07000789e-04 
 4.68000000e-01  4.08560379e-04 
 4.69000000e-01  4.10120925e-04 
 4.70000000e-01  4.11682427e-04 
 4.71000000e-01  4.13244888e-04 
 4.72000000e-01  4.14808312e-04 
 4.73000000e-01  4.16372701e-04 
 4.74000000e-01  4.17938056e-04 
 4.75000000e-01  4.19504381e-04 
 4.76000000e-01  4.21071679e-04 
 4.77000000e-01  4.22639951e-04 
 4.78000000e-01  4.24209201e-04 
 4.79000000e-01  4.25779432e-04 
 4.80000000e-01  4.27350646e-04 
 4.81000000e-01  4.28922845e-04 
 4.82000000e-01  4.30496034e-04 
 4.83000000e-01  4.32070214e-04 
 4.84000000e-01  4.33645388e-04 
 4.85000000e-01  4.35221559e-04 
 4.86000000e-01  4.36798730e-04 
 4.87000000e-01  4.38376904e-04 
 4.88000000e-01  4.39956083e-04 
 4.89000000e-01  4.41536271e-04 
 4.90000000e-01  4.43117470e-04 
 4.91000000e-01  4.44699684e-04 
 4.92000000e-01  4.46282914e-04 
 4.93000000e-01  4.47867165e-04 
 4.94000000e-01  4.49452438e-04 
 4.95000000e-01  4.51038737e-04 
 4.96000000e-01  4.52626064e-04 
 4.97000000e-01  4.54214423e-04 
 4.98000000e-01  4.55803816e-04 
 4.99000000e-01  4.57394246e-04 
 5.00000000e-01  4.58985716e-04 
 5.01000000e-01  4.60578229e-04 
 5.02000000e-01  4.62171787e-04 
 5.03000000e-01  4.63766393e-04 
 5.04000000e-01  4.65362050e-04 
 5.05000000e-01  4.66958761e-04 
 5.06000000e-01  4.68556528e-04 
 5.07000000e-01  4.70155354e-04 
 5.08000000e-01  4.71755242e-04 
 5.09000000e-01  4.73356194e-04 
 5.10000000e-01  4.74958213e-04 
 5.11000000e-01  4.76561302e-04 
 5.12000000e-01  4.78165463e-04 
 5.13000000e-01  4.79770699e-04 
 5.14000000e-01  4.81377012e-04 
 5.15000000e-01  4.82984405e-04 
 5.16000000e-01  4.84592879e-04 
 5.17000000e-01  4.86202439e-04 
 5.18000000e-01  4.87813085e-04 
 5.19000000e-01  4.89424821e-04 
 5.20000000e-01  4.91037648e-04 
 5.21000000e-01  4.92651569e-04 
 5.22000000e-01  4.94266586e-04 
 5.23000000e-01  4.95882702e-04 
 5.24000000e-01  4.97499918e-04 
 5.25000000e-01  4.99118236e-04 
 5.26000000e-01  5.00737660e-04 
 5.27000000e-01  5.02358190e-04 
 5.28000000e-01  5.03979829e-04 
 5.29000000e-01  5.05602578e-04 
 5.30000000e-01  5.07226440e-04 
 5.31000000e-01  5.08851417e-04 
 5.32000000e-01  5.10477511e-04 
 5.33000000e-01  5.12104722e-04 
 5.34000000e-01  5.13733053e-04 
 5.35000000e-01  5.15362506e-04 
 5.36000000e-01  5.16993082e-04 
 5.37000000e-01  5.18624783e-04 
 5.38000000e-01  5.20257611e-04 
 5.39000000e-01  5.21891566e-04 
 5.40000000e-01  5.23526651e-04 
 5.41000000e-01  5.25162867e-04 
 5.42000000e-01  5.26800215e-04 
 5.43000000e-01  5.28438697e-04 
 5.44000000e-01  5.30078313e-04 
 5.45000000e-01  5.31719066e-04 
 5.46000000e-01  5.33360956e-04 
 5.47000000e-01  5.35003984e-04 
 5.48000000e-01  5.36648151e-04 
 5.49000000e-01  5.38293459e-04 
 5.50000000e-01  5.39939908e-04 
 5.51000000e-01  5.41587500e-04 
 5.52000000e-01  5.43236235e-04 
 5.53000000e-01  5.44886114e-04 
 5.54000000e-01  5.46537137e-04 
 5.55000000e-01  5.48189306e-04 
 5.56000000e-01  5.49842622e-04 
 5.57000000e-01  5.51497084e-04 
 5.58000000e-01  5.53152693e-04 
 5.59000000e-01  5.54809450e-04 
 5.60000000e-01  5.56467355e-04 
 5.61000000e-01  5.58126408e-04 
 5.62000000e-01  5.59786611e-04 
 5.63000000e-01  5.61447963e-04 
 5.64000000e-01  5.63110464e-04 
 5.65000000e-01  5.64774115e-04 
 5.66000000e-01  5.66438915e-04 
 5.67000000e-01  5.68104865e-04 
 5.68000000e-01  5.69771965e-04 
 5.69000000e-01  5.71440215e-04 
 5.70000000e-01  5.73109614e-04 
 5.71000000e-01  5.74780162e-04 
 5.72000000e-01  5.76451860e-04 
 5.73000000e-01  5.78124706e-04 
 5.74000000e-01  5.79798702e-04 
 5.75000000e-01  5.81473845e-04 
 5.76000000e-01  5.83150136e-04 
 5.77000000e-01  5.84827574e-04 
 5.78000000e-01  5.86506159e-04 
 5.79000000e-01  5.88185890e-04 
 5.80000000e-01  5.89866766e-04 
 5.81000000e-01  5.91548787e-04 
 5.82000000e-01  5.93231952e-04 
 5.83000000e-01  5.94916260e-04 
 5.84000000e-01  5.96601710e-04 
 5.85000000e-01  5.98288301e-04 
 5.86000000e-01  5.99976032e-04 
 5.87000000e-01  6.01664902e-04 
 5.88000000e-01  6.03354911e-04 
 5.89000000e-01  6.05046056e-04 
 5.90000000e-01  6.06738337e-04 
 5.91000000e-01  6.08431752e-04 
 5.92000000e-01  6.10126300e-04 
 5.93000000e-01  6.11821980e-04 
 5.94000000e-01  6.13518790e-04 
 5.95000000e-01  6.15216728e-04 
 5.96000000e-01  6.16915794e-04 
 5.97000000e-01  6.18615985e-04 
 5.98000000e-01  6.20317300e-04 
 5.99000000e-01  6.22019736e-04 
 6.00000000e-01  6.23723293e-04 
 6.01000000e-01  6.25427969e-04 
 6.02000000e-01  6.27133760e-04 
 6.03000000e-01  6.28840667e-04 
 6.04000000e-01  6.30548686e-04 
 6.05000000e-01  6.32257815e-04 
 6.06000000e-01  6.33968053e-04 
 6.07000000e-01  6.35679397e-04 
 6.08000000e-01  6.37391845e-04 
 6.09000000e-01  6.39105395e-04 
 6.10000000e-01  6.40820044e-04 
 6.11000000e-01  6.42535791e-04 
 6.12000000e-01  6.44252631e-04 
 6.13000000e-01  6.45970564e-04 
 6.14000000e-01  6.47689586e-04 
 6.15000000e-01  6.49409696e-04 
 6.16000000e-01  6.51130889e-04 
 6.17000000e-01  6.52853164e-04 
 6.18000000e-01  6.54576518e-04 
 6.19000000e-01  6.56300948e-04 
 6.20000000e-01  6.58026451e-04 
 6.21000000e-01  6.59753024e-04 
 6.22000000e-01  6.61480664e-04 
 6.23000000e-01  6.63209369e-04 
 6.24000000e-01  6.64939135e-04 
 6.25000000e-01  6.66669959e-04 
 6.26000000e-01  6.68401837e-04 
 6.27000000e-01  6.70134767e-04 
 6.28000000e-01  6.71868746e-04 
 6.29000000e-01  6.73603769e-04 
 6.30000000e-01  6.75339834e-04 
 6.31000000e-01  6.77076937e-04 
 6.32000000e-01  6.78815075e-04 
 6.33000000e-01  6.80554244e-04 
 6.34000000e-01  6.82294441e-04 
 6.35000000e-01  6.84035661e-04 
 6.36000000e-01  6.85777902e-04 
 6.37000000e-01  6.87521159e-04 
 6.38000000e-01  6.89265429e-04 
 6.39000000e-01  6.91010707e-04 
 6.40000000e-01  6.92756991e-04 
 6.41000000e-01  6.94504275e-04 
 6.42000000e-01  6.96252557e-04 
 6.43000000e-01  6.98001831e-04 
 6.44000000e-01  6.99752094e-04 
 6.45000000e-01  7.01503343e-04 
 6.46000000e-01  7.03255571e-04 
 6.47000000e-01  7.05008776e-04 
 6.48000000e-01  7.06762953e-04 
 6.49000000e-01  7.08518098e-04 
 6.50000000e-01  7.10274206e-04 
 6.51000000e-01  7.12031273e-04 
 6.52000000e-01  7.13789294e-04 
 6.53000000e-01  7.15548265e-04 
 6.54000000e-01  7.17308182e-04 
 6.55000000e-01  7.19069039e-04 
 6.56000000e-01  7.20830833e-04 
 6.57000000e-01  7.22593557e-04 
 6.58000000e-01  7.24357209e-04 
 6.59000000e-01  7.26121782e-04 
 6.60000000e-01  7.27887272e-04 
 6.61000000e-01  7.29653674e-04 
 6.62000000e-01  7.31420983e-04 
 6.63000000e-01  7.33189194e-04 
 6.64000000e-01  7.34958303e-04 
 6.65000000e-01  7.36728303e-04 
 6.66000000e-01  7.38499190e-04 
 6.67000000e-01  7.40270959e-04 
 6.68000000e-01  7.42043604e-04 
 6.69000000e-01  7.43817121e-04 
 6.70000000e-01  7.45591503e-04 
 6.71000000e-01  7.47366747e-04 
 6.72000000e-01  7.49142845e-04 
 6.73000000e-01  7.50919793e-04 
 6.74000000e-01  7.52697585e-04 
 6.75000000e-01  7.54476216e-04 
 6.76000000e-01  7.56255680e-04 
 6.77000000e-01  7.58035972e-04 
 6.78000000e-01  7.59817086e-04 
 6.79000000e-01  7.61599016e-04 
 6.80000000e-01  7.63381756e-04 
 6.81000000e-01  7.65165301e-04 
 6.82000000e-01  7.66949645e-04 
 6.83000000e-01  7.68734782e-04 
 6.84000000e-01  7.70520706e-04 
 6.85000000e-01  7.72307411e-04 
 6.86000000e-01  7.74094892e-04 
 6.87000000e-01  7.75883141e-04 
 6.88000000e-01  7.77672154e-04 
 6.89000000e-01  7.79461923e-04 
 6.90000000e-01  7.81252443e-04 
 6.91000000e-01  7.83043708e-04 
 6.92000000e-01  7.84835711e-04 
 6.93000000e-01  7.86628446e-04 
 6.94000000e-01  7.88421907e-04 
 6.95000000e-01  7.90216088e-04 
 6.96000000e-01  7.92010981e-04 
 6.97000000e-01  7.93806581e-04 
 6.98000000e-01  7.95602880e-04 
 6.99000000e-01  7.97399874e-04 
 7.00000000e-01  7.99197554e-04 
 7.01000000e-01  8.00995915e-04 
 7.02000000e-01  8.02794949e-04 
 7.03000000e-01  8.04594651e-04 
 7.04000000e-01  8.06395013e-04 
 7.05000000e-01  8.08196028e-04 
 7.06000000e-01  8.09997690e-04 
 7.07000000e-01  8.11799992e-04 
 7.08000000e-01  8.13602928e-04 
 7.09000000e-01  8.15406489e-04 
 7.10000000e-01  8.17210670e-04 
 7.11000000e-01  8.19015463e-04 
 7.12000000e-01  8.20820861e-04 
 7.13000000e-01  8.22626858e-04 
 7.14000000e-01  8.24433446e-04 
 7.15000000e-01  8.26240617e-04 
 7.16000000e-01  8.28048366e-04 
 7.17000000e-01  8.29856684e-04 
 7.18000000e-01  8.31665564e-04 
 7.19000000e-01  8.33475000e-04 
 7.20000000e-01  8.35284983e-04 
 7.21000000e-01  8.37095507e-04 
 7.22000000e-01  8.38906564e-04 
 7.23000000e-01  8.40718146e-04 
 7.24000000e-01  8.42530247e-04 
 7.25000000e-01  8.44342858e-04 
 7.26000000e-01  8.46155973e-04 
 7.27000000e-01  8.47969583e-04 
 7.28000000e-01  8.49783681e-04 
 7.29000000e-01  8.51598260e-04 
 7.30000000e-01  8.53413311e-04 
 7.31000000e-01  8.55228828e-04 
 7.32000000e-01  8.57044801e-04 
 7.33000000e-01  8.58861225e-04 
 7.34000000e-01  8.60678090e-04 
 7.35000000e-01  8.62495389e-04 
 7.36000000e-01  8.64313114e-04 
 7.37000000e-01  8.66131257e-04 
 7.38000000e-01  8.67949810e-04 
 7.39000000e-01  8.69768766e-04 
 7.40000000e-01  8.71588116e-04 
 7.41000000e-01  8.73407852e-04 
 7.42000000e-01  8.75227967e-04 
 7.43000000e-01  8.77048451e-04 
 7.44000000e-01  8.78869297e-04 
 7.45000000e-01  8.80690498e-04 
 7.46000000e-01  8.82512044e-04 
 7.47000000e-01  8.84333927e-04 
 7.48000000e-01  8.86156139e-04 
 7.49000000e-01  8.87978673e-04 
 7.50000000e-01  8.89801518e-04 
 7.51000000e-01  8.91624668e-04 
 7.52000000e-01  8.93448114e-04 
 7.53000000e-01  8.95271847e-04 
 7.54000000e-01  8.97095860e-04 
 7.55000000e-01  8.98920142e-04 
 7.56000000e-01  9.00744687e-04 
 7.57000000e-01  9.02569485e-04 
 7.58000000e-01  9.04394528e-04 
 7.59000000e-01  9.06219808e-04 
 7.60000000e-01  9.08045315e-04 
 7.61000000e-01  9.09871041e-04 
 7.62000000e-01  9.11696977e-04 
 7.63000000e-01  9.13523116e-04 
 7.64000000e-01  9.15349447e-04 
 7.65000000e-01  9.17175962e-04 
 7.66000000e-01  9.19002653e-04 
 7.67000000e-01  9.20829510e-04 
 7.68000000e-01  9.22656525e-04 
 7.69000000e-01  9.24483689e-04 
 7.70000000e-01  9.26310993e-04 
 7.71000000e-01  9.28138427e-04 
 7.72000000e-01  9.29965984e-04 
 7.73000000e-01  9.31793654e-04 
 7.74000000e-01  9.33621428e-04 
 7.75000000e-01  9.35449296e-04 
 7.76000000e-01  9.37277251e-04 
 7.77000000e-01  9.39105283e-04 
 7.78000000e-01  9.40933382e-04 
 7.79000000e-01  9.42761539e-04 
 7.80000000e-01  9.44589747e-04 
 7.81000000e-01  9.46417994e-04 
 7.82000000e-01  9.48246272e-04 
 7.83000000e-01  9.50074572e-04 
 7.84000000e-01  9.51902884e-04 
 7.85000000e-01  9.53731199e-04 
 7.86000000e-01  9.55559508e-04 
 7.87000000e-01  9.57387801e-04 
 7.88000000e-01  9.59216069e-04 
 7.89000000e-01  9.61044303e-04 
 7.90000000e-01  9.62872493e-04 
 7.91000000e-01  9.64700630e-04 
 7.92000000e-01  9.66528704e-04 
 7.93000000e-01  9.68356706e-04 
 7.94000000e-01  9.70184625e-04 
 7.95000000e-01  9.72012454e-04 
 7.96000000e-01  9.73840181e-04 
 7.97000000e-01  9.75667798e-04 
 7.98000000e-01  9.77495294e-04 
 7.99000000e-01  9.79322661e-04 
 8.00000000e-01  9.81149888e-04 
 8.01000000e-01  9.82976966e-04 
 8.02000000e-01  9.84803885e-04 
 8.03000000e-01  9.86630635e-04 
 8.04000000e-01  9.88457206e-04 
 8.05000000e-01  9.90283590e-04 
 8.06000000e-01  9.92109775e-04 
 8.07000000e-01  9.93935752e-04 
 8.08000000e-01  9.95761512e-04 
 8.09000000e-01  9.97587044e-04 
 8.10000000e-01  9.99412338e-04 
 8.11000000e-01  1.00123738e-03 
 8.12000000e-01  1.00306217e-03 
 8.13000000e-01  1.00488670e-03 
 8.14000000e-01  1.00671094e-03 
 8.15000000e-01  1.00853490e-03 
 8.16000000e-01  1.01035856e-03 
 8.17000000e-01  1.01218191e-03 
 8.18000000e-01  1.01400494e-03 
 8.19000000e-01  1.01582765e-03 
 8.20000000e-01  1.01765002e-03 
 8.21000000e-01  1.01947204e-03 
 8.22000000e-01  1.02129371e-03 
 8.23000000e-01  1.02311500e-03 
 8.24000000e-01  1.02493592e-03 
 8.25000000e-01  1.02675644e-03 
 8.26000000e-01  1.02857657e-03 
 8.27000000e-01  1.03039629e-03 
 8.28000000e-01  1.03221559e-03 
 8.29000000e-01  1.03403446e-03 
 8.30000000e-01  1.03585290e-03 
 8.31000000e-01  1.03767088e-03 
 8.32000000e-01  1.03948840e-03 
 8.33000000e-01  1.04130545e-03 
 8.34000000e-01  1.04312201e-03 
 8.35000000e-01  1.04493809e-03 
 8.36000000e-01  1.04675366e-03 
 8.37000000e-01  1.04856872e-03 
 8.38000000e-01  1.05038326e-03 
 8.39000000e-01  1.05219726e-03 
 8.40000000e-01  1.05401072e-03 
 8.41000000e-01  1.05582363e-03 
 8.42000000e-01  1.05763597e-03 
 8.43000000e-01  1.05944773e-03 
 8.44000000e-01  1.06125891e-03 
 8.45000000e-01  1.06306949e-03 
 8.46000000e-01  1.06487947e-03 
 8.47000000e-01  1.06668883e-03 
 8.48000000e-01  1.06849755e-03 
 8.49000000e-01  1.07030564e-03 
 8.50000000e-01  1.07211308e-03 
 8.51000000e-01  1.07391986e-03 
 8.52000000e-01  1.07572597e-03 
 8.53000000e-01  1.07753139e-03 
 8.54000000e-01  1.07933612e-03 
 8.55000000e-01  1.08114015e-03 
 8.56000000e-01  1.08294347e-03 
 8.57000000e-01  1.08474606e-03 
 8.58000000e-01  1.08654791e-03 
 8.59000000e-01  1.08834902e-03 
 8.60000000e-01  1.09014937e-03 
 8.61000000e-01  1.09194896e-03 
 8.62000000e-01  1.09374776e-03 
 8.63000000e-01  1.09554577e-03 
 8.64000000e-01  1.09734299e-03 
 8.65000000e-01  1.09913939e-03 
 8.66000000e-01  1.10093497e-03 
 8.67000000e-01  1.10272972e-03 
 8.68000000e-01  1.10452362e-03 
 8.69000000e-01  1.10631667e-03 
 8.70000000e-01  1.10810885e-03 
 8.71000000e-01  1.10990015e-03 
 8.72000000e-01  1.11169057e-03 
 8.73000000e-01  1.11348009e-03 
 8.74000000e-01  1.11526870e-03 
 8.75000000e-01  1.11705639e-03 
 8.76000000e-01  1.11884314e-03 
 8.77000000e-01  1.12062896e-03 
 8.78000000e-01  1.12241382e-03 
 8.79000000e-01  1.12419771e-03 
 8.80000000e-01  1.12598063e-03 
 8.81000000e-01  1.12776256e-03 
 8.82000000e-01  1.12954349e-03 
 8.83000000e-01  1.13132342e-03 
 8.84000000e-01  1.13310232e-03 
 8.85000000e-01  1.13488020e-03 
 8.86000000e-01  1.13665703e-03 
 8.87000000e-01  1.13843280e-03 
 8.88000000e-01  1.14020752e-03 
 8.89000000e-01  1.14198115e-03 
 8.90000000e-01  1.14375370e-03 
 8.91000000e-01  1.14552515e-03 
 8.92000000e-01  1.14729550e-03 
 8.93000000e-01  1.14906472e-03 
 8.94000000e-01  1.15083281e-03 
 8.95000000e-01  1.15259975e-03 
 8.96000000e-01  1.15436555e-03 
 8.97000000e-01  1.15613018e-03 
 8.98000000e-01  1.15789363e-03 
 8.99000000e-01  1.15965589e-03 
 9.00000000e-01  1.16141696e-03 
 9.01000000e-01  1.16317681e-03 
 9.02000000e-01  1.16493544e-03 
 9.03000000e-01  1.16669284e-03 
 9.04000000e-01  1.16844900e-03 
 9.05000000e-01  1.17020390e-03 
 9.06000000e-01  1.17195754e-03 
 9.07000000e-01  1.17370990e-03 
 9.08000000e-01  1.17546096e-03 
 9.09000000e-01  1.17721073e-03 
 9.10000000e-01  1.17895919e-03 
 9.11000000e-01  1.18070632e-03 
 9.12000000e-01  1.18245212e-03 
 9.13000000e-01  1.18419658e-03 
 9.14000000e-01  1.18593967e-03 
 9.15000000e-01  1.18768140e-03 
 9.16000000e-01  1.18942175e-03 
 9.17000000e-01  1.19116071e-03 
 9.18000000e-01  1.19289827e-03 
 9.19000000e-01  1.19463441e-03 
 9.20000000e-01  1.19636913e-03 
 9.21000000e-01  1.19810241e-03 
 9.22000000e-01  1.19983424e-03 
 9.23000000e-01  1.20156462e-03 
 9.24000000e-01  1.20329352e-03 
 9.25000000e-01  1.20502094e-03 
 9.26000000e-01  1.20674687e-03 
 9.27000000e-01  1.20847130e-03 
 9.28000000e-01  1.21019421e-03 
 9.29000000e-01  1.21191559e-03 
 9.30000000e-01  1.21363543e-03 
 9.31000000e-01  1.21535373e-03 
 9.32000000e-01  1.21707046e-03 
 9.33000000e-01  1.21878562e-03 
 9.34000000e-01  1.22049919e-03 
 9.35000000e-01  1.22221117e-03 
 9.36000000e-01  1.22392154e-03 
 9.37000000e-01  1.22563030e-03 
 9.38000000e-01  1.22733742e-03 
 9.39000000e-01  1.22904291e-03 
 9.40000000e-01  1.23074674e-03 
 9.41000000e-01  1.23244890e-03 
 9.42000000e-01  1.23414939e-03 
 9.43000000e-01  1.23584820e-03 
 9.44000000e-01  1.23754530e-03 
 9.45000000e-01  1.23924070e-03 
 9.46000000e-01  1.24093438e-03 
 9.47000000e-01  1.24262632e-03 
 9.48000000e-01  1.24431652e-03 
 9.49000000e-01  1.24600496e-03 
 9.50000000e-01  1.24769164e-03 
 9.51000000e-01  1.24937654e-03 
 9.52000000e-01  1.25105965e-03 
 9.53000000e-01  1.25274096e-03 
 9.54000000e-01  1.25442045e-03 
 9.55000000e-01  1.25609813e-03 
 9.56000000e-01  1.25777396e-03 
 9.57000000e-01  1.25944795e-03 
 9.58000000e-01  1.26112009e-03 
 9.59000000e-01  1.26279035e-03 
 9.60000000e-01  1.26445874e-03 
 9.61000000e-01  1.26612523e-03 
 9.62000000e-01  1.26778981e-03 
 9.63000000e-01  1.26945249e-03 
 9.64000000e-01  1.27111323e-03 
 9.65000000e-01  1.27277204e-03 
 9.66000000e-01  1.27442890e-03 
 9.67000000e-01  1.27608380e-03 
 9.68000000e-01  1.27773673e-03 
 9.69000000e-01  1.27938768e-03 
 9.70000000e-01  1.28103663e-03 
 9.71000000e-01  1.28268357e-03 
 9.72000000e-01  1.28432850e-03 
 9.73000000e-01  1.28597140e-03 
 9.74000000e-01  1.28761226e-03 
 9.75000000e-01  1.28925107e-03 
 9.76000000e-01  1.29088781e-03 
 9.77000000e-01  1.29252248e-03 
 9.78000000e-01  1.29415507e-03 
 9.79000000e-01  1.29578556e-03 
 9.80000000e-01  1.29741394e-03 
 9.81000000e-01  1.29904021e-03 
 9.82000000e-01  1.30066434e-03 
 9.83000000e-01  1.30228633e-03 
 9.84000000e-01  1.30390617e-03 
 9.85000000e-01  1.30552384e-03 
 9.86000000e-01  1.30713934e-03 
 9.87000000e-01  1.30875265e-03 
 9.88000000e-01  1.31036376e-03 
 9.89000000e-01  1.31197267e-03 
 9.90000000e-01  1.31357935e-03 
 9.91000000e-01  1.31518380e-03 
 9.92000000e-01  1.31678601e-03 
 9.93000000e-01  1.31838596e-03 
 9.94000000e-01  1.31998365e-03 
 9.95000000e-01  1.32157906e-03 
 9.96000000e-01  1.32317218e-03 
 9.97000000e-01  1.32476301e-03 
 9.98000000e-01  1.32635152e-03 
 9.99000000e-01  1.32793771e-03 
 1.00000000e+00  1.32952157e-03 
 1.00100000e+00  1.33110308e-03 
 1.00200000e+00  1.33268224e-03 
 1.00300000e+00  1.33425904e-03 
 1.00400000e+00  1.33583345e-03 
 1.00500000e+00  1.33740548e-03 
 1.00600000e+00  1.33897511e-03 
 1.00700000e+00  1.34054233e-03 
 1.00800000e+00  1.34210712e-03 
 1.00900000e+00  1.34366948e-03 
 1.01000000e+00  1.34522940e-03 
 1.01100000e+00  1.34678686e-03 
 1.01200000e+00  1.34834186e-03 
 1.01300000e+00  1.34989438e-03 
 1.01400000e+00  1.35144441e-03 
 1.01500000e+00  1.35299194e-03 
 1.01600000e+00  1.35453697e-03 
 1.01700000e+00  1.35607947e-03 
 1.01800000e+00  1.35761943e-03 
 1.01900000e+00  1.35915686e-03 
 1.02000000e+00  1.36069173e-03 
 1.02100000e+00  1.36222404e-03 
 1.02200000e+00  1.36375376e-03 
 1.02300000e+00  1.36528091e-03 
 1.02400000e+00  1.36680545e-03 
 1.02500000e+00  1.36832739e-03 
 1.02600000e+00  1.36984670e-03 
 1.02700000e+00  1.37136338e-03 
 1.02800000e+00  1.37287743e-03 
 1.02900000e+00  1.37438882e-03 
 1.03000000e+00  1.37589754e-03 
 1.03100000e+00  1.37740360e-03 
 1.03200000e+00  1.37890696e-03 
 1.03300000e+00  1.38040764e-03 
 1.03400000e+00  1.38190560e-03 
 1.03500000e+00  1.38340085e-03 
 1.03600000e+00  1.38489337e-03 
 1.03700000e+00  1.38638315e-03 
 1.03800000e+00  1.38787018e-03 
 1.03900000e+00  1.38935445e-03 
 1.04000000e+00  1.39083595e-03 
 1.04100000e+00  1.39231467e-03 
 1.04200000e+00  1.39379059e-03 
 1.04300000e+00  1.39526372e-03 
 1.04400000e+00  1.39673403e-03 
 1.04500000e+00  1.39820151e-03 
 1.04600000e+00  1.39966616e-03 
 1.04700000e+00  1.40112796e-03 
 1.04800000e+00  1.40258691e-03 
 1.04900000e+00  1.40404299e-03 
 1.05000000e+00  1.40549619e-03 
 1.05100000e+00  1.40694651e-03 
 1.05200000e+00  1.40839392e-03 
 1.05300000e+00  1.40983843e-03 
 1.05400000e+00  1.41128002e-03 
 1.05500000e+00  1.41271868e-03 
 1.05600000e+00  1.41415439e-03 
 1.05700000e+00  1.41558716e-03 
 1.05800000e+00  1.41701697e-03 
 1.05900000e+00  1.41844380e-03 
 1.06000000e+00  1.41986765e-03 
 1.06100000e+00  1.42128851e-03 
 1.06200000e+00  1.42270637e-03 
 1.06300000e+00  1.42412121e-03 
 1.06400000e+00  1.42553303e-03 
 1.06500000e+00  1.42694182e-03 
 1.06600000e+00  1.42834756e-03 
 1.06700000e+00  1.42975025e-03 
 1.06800000e+00  1.43114988e-03 
 1.06900000e+00  1.43254643e-03 
 1.07000000e+00  1.43393989e-03 
 1.07100000e+00  1.43533026e-03 
 1.07200000e+00  1.43671752e-03 
 1.07300000e+00  1.43810167e-03 
 1.07400000e+00  1.43948269e-03 
 1.07500000e+00  1.44086058e-03 
 1.07600000e+00  1.44223532e-03 
 1.07700000e+00  1.44360691e-03 
 1.07800000e+00  1.44497532e-03 
 1.07900000e+00  1.44634057e-03 
 1.08000000e+00  1.44770262e-03 
 1.08100000e+00  1.44906149e-03 
 1.08200000e+00  1.45041714e-03 
 1.08300000e+00  1.45176958e-03 
 1.08400000e+00  1.45311879e-03 
 1.08500000e+00  1.45446477e-03 
 1.08600000e+00  1.45580750e-03 
 1.08700000e+00  1.45714698e-03 
 1.08800000e+00  1.45848319e-03 
 1.08900000e+00  1.45981612e-03 
 1.09000000e+00  1.46114578e-03 
 1.09100000e+00  1.46247213e-03 
 1.09200000e+00  1.46379518e-03 
 1.09300000e+00  1.46511492e-03 
 1.09400000e+00  1.46643133e-03 
 1.09500000e+00  1.46774441e-03 
 1.09600000e+00  1.46905415e-03 
 1.09700000e+00  1.47036053e-03 
 1.09800000e+00  1.47166355e-03 
 1.09900000e+00  1.47296319e-03 
 1.10000000e+00  1.47425946e-03 
 1.10100000e+00  1.47555233e-03 
 1.10200000e+00  1.47684181e-03 
 1.10300000e+00  1.47812787e-03 
 1.10400000e+00  1.47941051e-03 
 1.10500000e+00  1.48068972e-03 
 1.10600000e+00  1.48196550e-03 
 1.10700000e+00  1.48323782e-03 
 1.10800000e+00  1.48450669e-03 
 1.10900000e+00  1.48577209e-03 
 1.11000000e+00  1.48703401e-03 
 1.11100000e+00  1.48829245e-03 
 1.11200000e+00  1.48954739e-03 
 1.11300000e+00  1.49079883e-03 
 1.11400000e+00  1.49204675e-03 
 1.11500000e+00  1.49329115e-03 
 1.11600000e+00  1.49453202e-03 
 1.11700000e+00  1.49576935e-03 
 1.11800000e+00  1.49700312e-03 
 1.11900000e+00  1.49823334e-03 
 1.12000000e+00  1.49945999e-03 
 1.12100000e+00  1.50068306e-03 
 1.12200000e+00  1.50190254e-03 
 1.12300000e+00  1.50311842e-03 
 1.12400000e+00  1.50433071e-03 
 1.12500000e+00  1.50553937e-03 
 1.12600000e+00  1.50674442e-03 
 1.12700000e+00  1.50794583e-03 
 1.12800000e+00  1.50914360e-03 
 1.12900000e+00  1.51033772e-03 
 1.13000000e+00  1.51152818e-03 
 1.13100000e+00  1.51271498e-03 
 1.13200000e+00  1.51389810e-03 
 1.13300000e+00  1.51507753e-03 
 1.13400000e+00  1.51625327e-03 
 1.13500000e+00  1.51742531e-03 
 1.13600000e+00  1.51859363e-03 
 1.13700000e+00  1.51975824e-03 
 1.13800000e+00  1.52091912e-03 
 1.13900000e+00  1.52207626e-03 
 1.14000000e+00  1.52322965e-03 
 1.14100000e+00  1.52437929e-03 
 1.14200000e+00  1.52552517e-03 
 1.14300000e+00  1.52666727e-03 
 1.14400000e+00  1.52780560e-03 
 1.14500000e+00  1.52894013e-03 
 1.14600000e+00  1.53007087e-03 
 1.14700000e+00  1.53119780e-03 
 1.14800000e+00  1.53232092e-03 
 1.14900000e+00  1.53344022e-03 
 1.15000000e+00  1.53455569e-03 
 1.15100000e+00  1.53566732e-03 
 1.15200000e+00  1.53677510e-03 
 1.15300000e+00  1.53787903e-03 
 1.15400000e+00  1.53897909e-03 
 1.15500000e+00  1.54007528e-03 
 1.15600000e+00  1.54116759e-03 
 1.15700000e+00  1.54225602e-03 
 1.15800000e+00  1.54334054e-03 
 1.15900000e+00  1.54442117e-03 
 1.16000000e+00  1.54549788e-03 
 1.16100000e+00  1.54657067e-03 
 1.16200000e+00  1.54763953e-03 
 1.16300000e+00  1.54870445e-03 
 1.16400000e+00  1.54976544e-03 
 1.16500000e+00  1.55082247e-03 
 1.16600000e+00  1.55187554e-03 
 1.16700000e+00  1.55292464e-03 
 1.16800000e+00  1.55396977e-03 
 1.16900000e+00  1.55501091e-03 
 1.17000000e+00  1.55604806e-03 
 1.17100000e+00  1.55708121e-03 
 1.17200000e+00  1.55811036e-03 
 1.17300000e+00  1.55913549e-03 
 1.17400000e+00  1.56015660e-03 
 1.17500000e+00  1.56117368e-03 
 1.17600000e+00  1.56218673e-03 
 1.17700000e+00  1.56319573e-03 
 1.17800000e+00  1.56420067e-03 
 1.17900000e+00  1.56520156e-03 
 1.18000000e+00  1.56619838e-03 
 1.18100000e+00  1.56719113e-03 
 1.18200000e+00  1.56817979e-03 
 1.18300000e+00  1.56916437e-03 
 1.18400000e+00  1.57014485e-03 
 1.18500000e+00  1.57112122e-03 
 1.18600000e+00  1.57209348e-03 
 1.18700000e+00  1.57306163e-03 
 1.18800000e+00  1.57402565e-03 
 1.18900000e+00  1.57498553e-03 
 1.19000000e+00  1.57594128e-03 
 1.19100000e+00  1.57689288e-03 
 1.19200000e+00  1.57784032e-03 
 1.19300000e+00  1.57878360e-03 
 1.19400000e+00  1.57972272e-03 
 1.19500000e+00  1.58065766e-03 
 1.19600000e+00  1.58158841e-03 
 1.19700000e+00  1.58251498e-03 
 1.19800000e+00  1.58343735e-03 
 1.19900000e+00  1.58435552e-03 
 1.20000000e+00  1.58526948e-03 
 1.20100000e+00  1.58617922e-03 
 1.20200000e+00  1.58708474e-03 
 1.20300000e+00  1.58798603e-03 
 1.20400000e+00  1.58888308e-03 
 1.20500000e+00  1.58977589e-03 
 1.20600000e+00  1.59066444e-03 
 1.20700000e+00  1.59154874e-03 
 1.20800000e+00  1.59242878e-03 
 1.20900000e+00  1.59330455e-03 
 1.21000000e+00  1.59417604e-03 
 1.21100000e+00  1.59504325e-03 
 1.21200000e+00  1.59590616e-03 
 1.21300000e+00  1.59676478e-03 
 1.21400000e+00  1.59761910e-03 
 1.21500000e+00  1.59846911e-03 
 1.21600000e+00  1.59931481e-03 
 1.21700000e+00  1.60015618e-03 
 1.21800000e+00  1.60099323e-03 
 1.21900000e+00  1.60182594e-03 
 1.22000000e+00  1.60265431e-03 
 1.22100000e+00  1.60347834e-03 
 1.22200000e+00  1.60429801e-03 
 1.22300000e+00  1.60511333e-03 
 1.22400000e+00  1.60592428e-03 
 1.22500000e+00  1.60673086e-03 
 1.22600000e+00  1.60753306e-03 
 1.22700000e+00  1.60833088e-03 
 1.22800000e+00  1.60912432e-03 
 1.22900000e+00  1.60991335e-03 
 1.23000000e+00  1.61069799e-03 
 1.23100000e+00  1.61147822e-03 
 1.23200000e+00  1.61225404e-03 
 1.23300000e+00  1.61302544e-03 
 1.23400000e+00  1.61379242e-03 
 1.23500000e+00  1.61455497e-03 
 1.23600000e+00  1.61531309e-03 
 1.23700000e+00  1.61606676e-03 
 1.23800000e+00  1.61681599e-03 
 1.23900000e+00  1.61756076e-03 
 1.24000000e+00  1.61830108e-03 
 1.24100000e+00  1.61903694e-03 
 1.24200000e+00  1.61976833e-03 
 1.24300000e+00  1.62049524e-03 
 1.24400000e+00  1.62121768e-03 
 1.24500000e+00  1.62193563e-03 
 1.24600000e+00  1.62264909e-03 
 1.24700000e+00  1.62335805e-03 
 1.24800000e+00  1.62406252e-03 
 1.24900000e+00  1.62476248e-03 
 1.25000000e+00  1.62545793e-03 
 1.25100000e+00  1.62614886e-03 
 1.25200000e+00  1.62683527e-03 
 1.25300000e+00  1.62751716e-03 
 1.25400000e+00  1.62819452e-03 
 1.25500000e+00  1.62886733e-03 
 1.25600000e+00  1.62953561e-03 
 1.25700000e+00  1.63019934e-03 
 1.25800000e+00  1.63085852e-03 
 1.25900000e+00  1.63151315e-03 
 1.26000000e+00  1.63216321e-03 
 1.26100000e+00  1.63280871e-03 
 1.26200000e+00  1.63344963e-03 
 1.26300000e+00  1.63408599e-03 
 1.26400000e+00  1.63471776e-03 
 1.26500000e+00  1.63534494e-03 
 1.26600000e+00  1.63596754e-03 
 1.26700000e+00  1.63658554e-03 
 1.26800000e+00  1.63719895e-03 
 1.26900000e+00  1.63780775e-03 
 1.27000000e+00  1.63841194e-03 
 1.27100000e+00  1.63901153e-03 
 1.27200000e+00  1.63960649e-03 
 1.27300000e+00  1.64019684e-03 
 1.27400000e+00  1.64078255e-03 
 1.27500000e+00  1.64136364e-03 
 1.27600000e+00  1.64194010e-03 
 1.27700000e+00  1.64251192e-03 
 1.27800000e+00  1.64307909e-03 
 1.27900000e+00  1.64364162e-03 
 1.28000000e+00  1.64419949e-03 
 1.28100000e+00  1.64475272e-03 
 1.28200000e+00  1.64530128e-03 
 1.28300000e+00  1.64584518e-03 
 1.28400000e+00  1.64638441e-03 
 1.28500000e+00  1.64691897e-03 
 1.28600000e+00  1.64744885e-03 
 1.28700000e+00  1.64797406e-03 
 1.28800000e+00  1.64849458e-03 
 1.28900000e+00  1.64901042e-03 
 1.29000000e+00  1.64952156e-03 
 1.29100000e+00  1.65002801e-03 
 1.29200000e+00  1.65052977e-03 
 1.29300000e+00  1.65102682e-03 
 1.29400000e+00  1.65151916e-03 
 1.29500000e+00  1.65200680e-03 
 1.29600000e+00  1.65248972e-03 
 1.29700000e+00  1.65296793e-03 
 1.29800000e+00  1.65344141e-03 
 1.29900000e+00  1.65391017e-03 
 1.30000000e+00  1.65437421e-03 
 1.30100000e+00  1.65483351e-03 
 1.30200000e+00  1.65528808e-03 
 1.30300000e+00  1.65573792e-03 
 1.30400000e+00  1.65618301e-03 
 1.30500000e+00  1.65662336e-03 
 1.30600000e+00  1.65705896e-03 
 1.30700000e+00  1.65748981e-03 
 1.30800000e+00  1.65791591e-03 
 1.30900000e+00  1.65833725e-03 
 1.31000000e+00  1.65875383e-03 
 1.31100000e+00  1.65916565e-03 
 1.31200000e+00  1.65957270e-03 
 1.31300000e+00  1.65997498e-03 
 1.31400000e+00  1.66037249e-03 
 1.31500000e+00  1.66076522e-03 
 1.31600000e+00  1.66115318e-03 
 1.31700000e+00  1.66153636e-03 
 1.31800000e+00  1.66191475e-03 
 1.31900000e+00  1.66228836e-03 
 1.32000000e+00  1.66265718e-03 
 1.32100000e+00  1.66302120e-03 
 1.32200000e+00  1.66338043e-03 
 1.32300000e+00  1.66373486e-03 
 1.32400000e+00  1.66408450e-03 
 1.32500000e+00  1.66442933e-03 
 1.32600000e+00  1.66476935e-03 
 1.32700000e+00  1.66510457e-03 
 1.32800000e+00  1.66543498e-03 
 1.32900000e+00  1.66576057e-03 
 1.33000000e+00  1.66608135e-03 
 1.33100000e+00  1.66639731e-03 
 1.33200000e+00  1.66670846e-03 
 1.33300000e+00  1.66701478e-03 
 1.33400000e+00  1.66731627e-03 
 1.33500000e+00  1.66761294e-03 
 1.33600000e+00  1.66790478e-03 
 1.33700000e+00  1.66819179e-03 
 1.33800000e+00  1.66847397e-03 
 1.33900000e+00  1.66875131e-03 
 1.34000000e+00  1.66902381e-03 
 1.34100000e+00  1.66929147e-03 
 1.34200000e+00  1.66955429e-03 
 1.34300000e+00  1.66981227e-03 
 1.34400000e+00  1.67006541e-03 
 1.34500000e+00  1.67031369e-03 
 1.34600000e+00  1.67055713e-03 
 1.34700000e+00  1.67079571e-03 
 1.34800000e+00  1.67102945e-03 
 1.34900000e+00  1.67125833e-03 
 1.35000000e+00  1.67148235e-03 
 1.35100000e+00  1.67170151e-03 
 1.35200000e+00  1.67191582e-03 
 1.35300000e+00  1.67212526e-03 
 1.35400000e+00  1.67232984e-03 
 1.35500000e+00  1.67252956e-03 
 1.35600000e+00  1.67272441e-03 
 1.35700000e+00  1.67291439e-03 
 1.35800000e+00  1.67309951e-03 
 1.35900000e+00  1.67327975e-03 
 1.36000000e+00  1.67345512e-03 
 1.36100000e+00  1.67362562e-03 
 1.36200000e+00  1.67379125e-03 
 1.36300000e+00  1.67395200e-03 
 1.36400000e+00  1.67410787e-03 
 1.36500000e+00  1.67425886e-03 
 1.36600000e+00  1.67440498e-03 
 1.36700000e+00  1.67454622e-03 
 1.36800000e+00  1.67468257e-03 
 1.36900000e+00  1.67481404e-03 
 1.37000000e+00  1.67494063e-03 
 1.37100000e+00  1.67506233e-03 
 1.37200000e+00  1.67517915e-03 
 1.37300000e+00  1.67529108e-03 
 1.37400000e+00  1.67539813e-03 
 1.37500000e+00  1.67550028e-03 
 1.37600000e+00  1.67559755e-03 
 1.37700000e+00  1.67568993e-03 
 1.37800000e+00  1.67577742e-03 
 1.37900000e+00  1.67586001e-03 
 1.38000000e+00  1.67593771e-03 
 1.38100000e+00  1.67601053e-03 
 1.38200000e+00  1.67607844e-03 
 1.38300000e+00  1.67614147e-03 
 1.38400000e+00  1.67619960e-03 
 1.38500000e+00  1.67625283e-03 
 1.38600000e+00  1.67630117e-03 
 1.38700000e+00  1.67634462e-03 
 1.38800000e+00  1.67638316e-03 
 1.38900000e+00  1.67641682e-03 
 1.39000000e+00  1.67644557e-03 
 1.39100000e+00  1.67646943e-03 
 1.39200000e+00  1.67648839e-03 
 1.39300000e+00  1.67650245e-03 
 1.39400000e+00  1.67651161e-03 
 1.39500000e+00  1.67651588e-03 
 1.39600000e+00  1.67651524e-03 
 1.39700000e+00  1.67650971e-03 
 1.39800000e+00  1.67649928e-03 
 1.39900000e+00  1.67648395e-03 
 1.40000000e+00  1.67646372e-03 
 1.40100000e+00  1.67643860e-03 
 1.40200000e+00  1.67640857e-03 
 1.40300000e+00  1.67637365e-03 
 1.40400000e+00  1.67633383e-03 
 1.40500000e+00  1.67628911e-03 
 1.40600000e+00  1.67623950e-03 
 1.40700000e+00  1.67618498e-03 
 1.40800000e+00  1.67612557e-03 
 1.40900000e+00  1.67606126e-03 
 1.41000000e+00  1.67599205e-03 
 1.41100000e+00  1.67591795e-03 
 1.41200000e+00  1.67583895e-03 
 1.41300000e+00  1.67575506e-03 
 1.41400000e+00  1.67566627e-03 
 1.41500000e+00  1.67557259e-03 
 1.41600000e+00  1.67547401e-03 
 1.41700000e+00  1.67537054e-03 
 1.41800000e+00  1.67526217e-03 
 1.41900000e+00  1.67514891e-03 
 1.42000000e+00  1.67503076e-03 
 1.42100000e+00  1.67490772e-03 
 1.42200000e+00  1.67477979e-03 
 1.42300000e+00  1.67464697e-03 
 1.42400000e+00  1.67450927e-03 
 1.42500000e+00  1.67436667e-03 
 1.42600000e+00  1.67421919e-03 
 1.42700000e+00  1.67406682e-03 
 1.42800000e+00  1.67390956e-03 
 1.42900000e+00  1.67374742e-03 
 1.43000000e+00  1.67358040e-03 
 1.43100000e+00  1.67340850e-03 
 1.43200000e+00  1.67323171e-03 
 1.43300000e+00  1.67305004e-03 
 1.43400000e+00  1.67286350e-03 
 1.43500000e+00  1.67267207e-03 
 1.43600000e+00  1.67247577e-03 
 1.43700000e+00  1.67227460e-03 
 1.43800000e+00  1.67206855e-03 
 1.43900000e+00  1.67185763e-03 
 1.44000000e+00  1.67164183e-03 
 1.44100000e+00  1.67142117e-03 
 1.44200000e+00  1.67119564e-03 
 1.44300000e+00  1.67096523e-03 
 1.44400000e+00  1.67072997e-03 
 1.44500000e+00  1.67048984e-03 
 1.44600000e+00  1.67024484e-03 
 1.44700000e+00  1.66999498e-03 
 1.44800000e+00  1.66974027e-03 
 1.44900000e+00  1.66948069e-03 
 1.45000000e+00  1.66921626e-03 
 1.45100000e+00  1.66894698e-03 
 1.45200000e+00  1.66867284e-03 
 1.45300000e+00  1.66839384e-03 
 1.45400000e+00  1.66811000e-03 
 1.45500000e+00  1.66782131e-03 
 1.45600000e+00  1.66752778e-03 
 1.45700000e+00  1.66722940e-03 
 1.45800000e+00  1.66692617e-03 
 1.45900000e+00  1.66661811e-03 
 1.46000000e+00  1.66630521e-03 
 1.46100000e+00  1.66598747e-03 
 1.46200000e+00  1.66566490e-03 
 1.46300000e+00  1.66533749e-03 
 1.46400000e+00  1.66500525e-03 
 1.46500000e+00  1.66466819e-03 
 1.46600000e+00  1.66432630e-03 
 1.46700000e+00  1.66397958e-03 
 1.46800000e+00  1.66362805e-03 
 1.46900000e+00  1.66327169e-03 
 1.47000000e+00  1.66291051e-03 
 1.47100000e+00  1.66254452e-03 
 1.47200000e+00  1.66217372e-03 
 1.47300000e+00  1.66179811e-03 
 1.47400000e+00  1.66141769e-03 
 1.47500000e+00  1.66103246e-03 
 1.47600000e+00  1.66064243e-03 
 1.47700000e+00  1.66024760e-03 
 1.47800000e+00  1.65984797e-03 
 1.47900000e+00  1.65944355e-03 
 1.48000000e+00  1.65903433e-03 
 1.48100000e+00  1.65862032e-03 
 1.48200000e+00  1.65820152e-03 
 1.48300000e+00  1.65777794e-03 
 1.48400000e+00  1.65734958e-03 
 1.48500000e+00  1.65691644e-03 
 1.48600000e+00  1.65647851e-03 
 1.48700000e+00  1.65603582e-03 
 1.48800000e+00  1.65558835e-03 
 1.48900000e+00  1.65513612e-03 
 1.49000000e+00  1.65467912e-03 
 1.49100000e+00  1.65421735e-03 
 1.49200000e+00  1.65375083e-03 
 1.49300000e+00  1.65327955e-03 
 1.49400000e+00  1.65280351e-03 
 1.49500000e+00  1.65232273e-03 
 1.49600000e+00  1.65183720e-03 
 1.49700000e+00  1.65134692e-03 
 1.49800000e+00  1.65085190e-03 
 1.49900000e+00  1.65035214e-03 
 1.50000000e+00  1.64984765e-03 
 1.50100000e+00  1.64933842e-03 
 1.50200000e+00  1.64882447e-03 
 1.50300000e+00  1.64830579e-03 
 1.50400000e+00  1.64778238e-03 
 1.50500000e+00  1.64725426e-03 
 1.50600000e+00  1.64672142e-03 
 1.50700000e+00  1.64618387e-03 
 1.50800000e+00  1.64564161e-03 
 1.50900000e+00  1.64509465e-03 
 1.51000000e+00  1.64454298e-03 
 1.51100000e+00  1.64398662e-03 
 1.51200000e+00  1.64342556e-03 
 1.51300000e+00  1.64285981e-03 
 1.51400000e+00  1.64228937e-03 
 1.51500000e+00  1.64171424e-03 
 1.51600000e+00  1.64113444e-03 
 1.51700000e+00  1.64054996e-03 
 1.51800000e+00  1.63996080e-03 
 1.51900000e+00  1.63936698e-03 
 1.52000000e+00  1.63876849e-03 
 1.52100000e+00  1.63816534e-03 
 1.52200000e+00  1.63755753e-03 
 1.52300000e+00  1.63694506e-03 
 1.52400000e+00  1.63632795e-03 
 1.52500000e+00  1.63570619e-03 
 1.52600000e+00  1.63507978e-03 
 1.52700000e+00  1.63444874e-03 
 1.52800000e+00  1.63381306e-03 
 1.52900000e+00  1.63317275e-03 
 1.53000000e+00  1.63252782e-03 
 1.53100000e+00  1.63187826e-03 
 1.53200000e+00  1.63122408e-03 
 1.53300000e+00  1.63056529e-03 
 1.53400000e+00  1.62990189e-03 
 1.53500000e+00  1.62923388e-03 
 1.53600000e+00  1.62856127e-03 
 1.53700000e+00  1.62788407e-03 
 1.53800000e+00  1.62720227e-03 
 1.53900000e+00  1.62651588e-03 
 1.54000000e+00  1.62582490e-03 
 1.54100000e+00  1.62512935e-03 
 1.54200000e+00  1.62442921e-03 
 1.54300000e+00  1.62372451e-03 
 1.54400000e+00  1.62301524e-03 
 1.54500000e+00  1.62230141e-03 
 1.54600000e+00  1.62158302e-03 
 1.54700000e+00  1.62086007e-03 
 1.54800000e+00  1.62013258e-03 
 1.54900000e+00  1.61940054e-03 
 1.55000000e+00  1.61866396e-03 
 1.55100000e+00  1.61792284e-03 
 1.55200000e+00  1.61717719e-03 
 1.55300000e+00  1.61642702e-03 
 1.55400000e+00  1.61567233e-03 
 1.55500000e+00  1.61491311e-03 
 1.55600000e+00  1.61414939e-03 
 1.55700000e+00  1.61338116e-03 
 1.55800000e+00  1.61260842e-03 
 1.55900000e+00  1.61183119e-03 
 1.56000000e+00  1.61104947e-03 
 1.56100000e+00  1.61026326e-03 
 1.56200000e+00  1.60947256e-03 
 1.56300000e+00  1.60867739e-03 
 1.56400000e+00  1.60787774e-03 
 1.56500000e+00  1.60707362e-03 
 1.56600000e+00  1.60626504e-03 
 1.56700000e+00  1.60545201e-03 
 1.56800000e+00  1.60463452e-03 
 1.56900000e+00  1.60381258e-03 
 1.57000000e+00  1.60298620e-03 
 1.57100000e+00  1.60215538e-03 
 1.57200000e+00  1.60132012e-03 
 1.57300000e+00  1.60048044e-03 
 1.57400000e+00  1.59963634e-03 
 1.57500000e+00  1.59878782e-03 
 1.57600000e+00  1.59793489e-03 
 1.57700000e+00  1.59707755e-03 
 1.57800000e+00  1.59621581e-03 
 1.57900000e+00  1.59534968e-03 
 1.58000000e+00  1.59447916e-03 
 1.58100000e+00  1.59360424e-03 
 1.58200000e+00  1.59272495e-03 
 1.58300000e+00  1.59184129e-03 
 1.58400000e+00  1.59095326e-03 
 1.58500000e+00  1.59006086e-03 
 1.58600000e+00  1.58916411e-03 
 1.58700000e+00  1.58826300e-03 
 1.58800000e+00  1.58735755e-03 
 1.58900000e+00  1.58644775e-03 
 1.59000000e+00  1.58553362e-03 
 1.59100000e+00  1.58461516e-03 
 1.59200000e+00  1.58369238e-03 
 1.59300000e+00  1.58276528e-03 
 1.59400000e+00  1.58183386e-03 
 1.59500000e+00  1.58089814e-03 
 1.59600000e+00  1.57995812e-03 
 1.59700000e+00  1.57901380e-03 
 1.59800000e+00  1.57806519e-03 
 1.59900000e+00  1.57711230e-03 
 1.60000000e+00  1.57615513e-03 
 1.60100000e+00  1.57519368e-03 
 1.60200000e+00  1.57422797e-03 
 1.60300000e+00  1.57325800e-03 
 1.60400000e+00  1.57228378e-03 
 1.60500000e+00  1.57130531e-03 
 1.60600000e+00  1.57032260e-03 
 1.60700000e+00  1.56933564e-03 
 1.60800000e+00  1.56834446e-03 
 1.60900000e+00  1.56734906e-03 
 1.61000000e+00  1.56634944e-03 
 1.61100000e+00  1.56534560e-03 
 1.61200000e+00  1.56433756e-03 
 1.61300000e+00  1.56332532e-03 
 1.61400000e+00  1.56230888e-03 
 1.61500000e+00  1.56128826e-03 
 1.61600000e+00  1.56026346e-03 
 1.61700000e+00  1.55923448e-03 
 1.61800000e+00  1.55820134e-03 
 1.61900000e+00  1.55716403e-03 
 1.62000000e+00  1.55612256e-03 
 1.62100000e+00  1.55507695e-03 
 1.62200000e+00  1.55402719e-03 
 1.62300000e+00  1.55297330e-03 
 1.62400000e+00  1.55191528e-03 
 1.62500000e+00  1.55085313e-03 
 1.62600000e+00  1.54978686e-03 
 1.62700000e+00  1.54871649e-03 
 1.62800000e+00  1.54764201e-03 
 1.62900000e+00  1.54656343e-03 
 1.63000000e+00  1.54548076e-03 
 1.63100000e+00  1.54439400e-03 
 1.63200000e+00  1.54330317e-03 
 1.63300000e+00  1.54220826e-03 
 1.63400000e+00  1.54110930e-03 
 1.63500000e+00  1.54000627e-03 
 1.63600000e+00  1.53889919e-03 
 1.63700000e+00  1.53778806e-03 
 1.63800000e+00  1.53667290e-03 
 1.63900000e+00  1.53555371e-03 
 1.64000000e+00  1.53443049e-03 
 1.64100000e+00  1.53330325e-03 
 1.64200000e+00  1.53217201e-03 
 1.64300000e+00  1.53103676e-03 
 1.64400000e+00  1.52989751e-03 
 1.64500000e+00  1.52875427e-03 
 1.64600000e+00  1.52760705e-03 
 1.64700000e+00  1.52645585e-03 
 1.64800000e+00  1.52530068e-03 
 1.64900000e+00  1.52414155e-03 
 1.65000000e+00  1.52297846e-03 
 1.65100000e+00  1.52181143e-03 
 1.65200000e+00  1.52064045e-03 
 1.65300000e+00  1.51946554e-03 
 1.65400000e+00  1.51828670e-03 
 1.65500000e+00  1.51710394e-03 
 1.65600000e+00  1.51591726e-03 
 1.65700000e+00  1.51472669e-03 
 1.65800000e+00  1.51353221e-03 
 1.65900000e+00  1.51233384e-03 
 1.66000000e+00  1.51113158e-03 
 1.66100000e+00  1.50992545e-03 
 1.66200000e+00  1.50871545e-03 
 1.66300000e+00  1.50750158e-03 
 1.66400000e+00  1.50628386e-03 
 1.66500000e+00  1.50506229e-03 
 1.66600000e+00  1.50383688e-03 
 1.66700000e+00  1.50260764e-03 
 1.66800000e+00  1.50137457e-03 
 1.66900000e+00  1.50013768e-03 
 1.67000000e+00  1.49889698e-03 
 1.67100000e+00  1.49765248e-03 
 1.67200000e+00  1.49640418e-03 
 1.67300000e+00  1.49515209e-03 
 1.67400000e+00  1.49389621e-03 
 1.67500000e+00  1.49263657e-03 
 1.67600000e+00  1.49137315e-03 
 1.67700000e+00  1.49010598e-03 
 1.67800000e+00  1.48883506e-03 
 1.67900000e+00  1.48756039e-03 
 1.68000000e+00  1.48628199e-03 
 1.68100000e+00  1.48499985e-03 
 1.68200000e+00  1.48371400e-03 
 1.68300000e+00  1.48242443e-03 
 1.68400000e+00  1.48113116e-03 
 1.68500000e+00  1.47983419e-03 
 1.68600000e+00  1.47853353e-03 
 1.68700000e+00  1.47722918e-03 
 1.68800000e+00  1.47592116e-03 
 1.68900000e+00  1.47460947e-03 
 1.69000000e+00  1.47329413e-03 
 1.69100000e+00  1.47197513e-03 
 1.69200000e+00  1.47065249e-03 
 1.69300000e+00  1.46932621e-03 
 1.69400000e+00  1.46799631e-03 
 1.69500000e+00  1.46666278e-03 
 1.69600000e+00  1.46532565e-03 
 1.69700000e+00  1.46398490e-03 
 1.69800000e+00  1.46264057e-03 
 1.69900000e+00  1.46129264e-03 
 1.70000000e+00  1.45994113e-03 
 1.70100000e+00  1.45858605e-03 
 1.70200000e+00  1.45722741e-03 
 1.70300000e+00  1.45586521e-03 
 1.70400000e+00  1.45449946e-03 
 1.70500000e+00  1.45313017e-03 
 1.70600000e+00  1.45175735e-03 
 1.70700000e+00  1.45038100e-03 
 1.70800000e+00  1.44900114e-03 
 1.70900000e+00  1.44761777e-03 
 1.71000000e+00  1.44623090e-03 
 1.71100000e+00  1.44484054e-03 
 1.71200000e+00  1.44344670e-03 
 1.71300000e+00  1.44204938e-03 
 1.71400000e+00  1.44064860e-03 
 1.71500000e+00  1.43924435e-03 
 1.71600000e+00  1.43783666e-03 
 1.71700000e+00  1.43642552e-03 
 1.71800000e+00  1.43501095e-03 
 1.71900000e+00  1.43359295e-03 
 1.72000000e+00  1.43217154e-03 
 1.72100000e+00  1.43074672e-03 
 1.72200000e+00  1.42931850e-03 
 1.72300000e+00  1.42788688e-03 
 1.72400000e+00  1.42645188e-03 
 1.72500000e+00  1.42501351e-03 
 1.72600000e+00  1.42357177e-03 
 1.72700000e+00  1.42212667e-03 
 1.72800000e+00  1.42067822e-03 
 1.72900000e+00  1.41922643e-03 
 1.73000000e+00  1.41777131e-03 
 1.73100000e+00  1.41631286e-03 
 1.73200000e+00  1.41485110e-03 
 1.73300000e+00  1.41338603e-03 
 1.73400000e+00  1.41191766e-03 
 1.73500000e+00  1.41044600e-03 
 1.73600000e+00  1.40897106e-03 
 1.73700000e+00  1.40749284e-03 
 1.73800000e+00  1.40601136e-03 
 1.73900000e+00  1.40452663e-03 
 1.74000000e+00  1.40303865e-03 
 1.74100000e+00  1.40154743e-03 
 1.74200000e+00  1.40005298e-03 
 1.74300000e+00  1.39855531e-03 
 1.74400000e+00  1.39705442e-03 
 1.74500000e+00  1.39555033e-03 
 1.74600000e+00  1.39404305e-03 
 1.74700000e+00  1.39253258e-03 
 1.74800000e+00  1.39101894e-03 
 1.74900000e+00  1.38950213e-03 
 1.75000000e+00  1.38798215e-03 
 1.75100000e+00  1.38645903e-03 
 1.75200000e+00  1.38493276e-03 
 1.75300000e+00  1.38340336e-03 
 1.75400000e+00  1.38187084e-03 
 1.75500000e+00  1.38033520e-03 
 1.75600000e+00  1.37879645e-03 
 1.75700000e+00  1.37725461e-03 
 1.75800000e+00  1.37570968e-03 
 1.75900000e+00  1.37416167e-03 
 1.76000000e+00  1.37261059e-03 
 1.76100000e+00  1.37105644e-03 
 1.76200000e+00  1.36949925e-03 
 1.76300000e+00  1.36793900e-03 
 1.76400000e+00  1.36637573e-03 
 1.76500000e+00  1.36480943e-03 
 1.76600000e+00  1.36324011e-03 
 1.76700000e+00  1.36166779e-03 
 1.76800000e+00  1.36009246e-03 
 1.76900000e+00  1.35851415e-03 
 1.77000000e+00  1.35693285e-03 
 1.77100000e+00  1.35534859e-03 
 1.77200000e+00  1.35376136e-03 
 1.77300000e+00  1.35217118e-03 
 1.77400000e+00  1.35057806e-03 
 1.77500000e+00  1.34898200e-03 
 1.77600000e+00  1.34738302e-03 
 1.77700000e+00  1.34578112e-03 
 1.77800000e+00  1.34417631e-03 
 1.77900000e+00  1.34256860e-03 
 1.78000000e+00  1.34095801e-03 
 1.78100000e+00  1.33934454e-03 
 1.78200000e+00  1.33772820e-03 
 1.78300000e+00  1.33610899e-03 
 1.78400000e+00  1.33448694e-03 
 1.78500000e+00  1.33286204e-03 
 1.78600000e+00  1.33123431e-03 
 1.78700000e+00  1.32960376e-03 
 1.78800000e+00  1.32797039e-03 
 1.78900000e+00  1.32633421e-03 
 1.79000000e+00  1.32469525e-03 
 1.79100000e+00  1.32305349e-03 
 1.79200000e+00  1.32140896e-03 
 1.79300000e+00  1.31976166e-03 
 1.79400000e+00  1.31811161e-03 
 1.79500000e+00  1.31645880e-03 
 1.79600000e+00  1.31480326e-03 
 1.79700000e+00  1.31314498e-03 
 1.79800000e+00  1.31148399e-03 
 1.79900000e+00  1.30982029e-03 
 1.80000000e+00  1.30815388e-03 
