 0.00000000e+00  9.51604093e-09 
 1.00000000e-03  9.77470367e-09 
 2.00000000e-03  1.00403497e-08 
 3.00000000e-03  1.03131655e-08 
 4.00000000e-03  1.05933426e-08 
 5.00000000e-03  1.08810776e-08 
 6.00000000e-03  1.11765722e-08 
 7.00000000e-03  1.14800332e-08 
 8.00000000e-03  1.17916731e-08 
 9.00000000e-03  1.21117100e-08 
 1.00000000e-02  1.24403673e-08 
 1.10000000e-02  1.27778748e-08 
 1.20000000e-02  1.31244679e-08 
 1.30000000e-02  1.34803883e-08 
 1.40000000e-02  1.38458840e-08 
 1.50000000e-02  1.42212095e-08 
 1.60000000e-02  1.46066260e-08 
 1.70000000e-02  1.50024012e-08 
 1.80000000e-02  1.54088102e-08 
 1.90000000e-02  1.58261350e-08 
 2.00000000e-02  1.62546649e-08 
 2.10000000e-02  1.66946968e-08 
 2.20000000e-02  1.71465354e-08 
 2.30000000e-02  1.76104931e-08 
 2.40000000e-02  1.80868906e-08 
 2.50000000e-02  1.85760568e-08 
 2.60000000e-02  1.90783289e-08 
 2.70000000e-02  1.95940533e-08 
 2.80000000e-02  2.01235850e-08 
 2.90000000e-02  2.06672881e-08 
 3.00000000e-02  2.12255364e-08 
 3.10000000e-02  2.17987130e-08 
 3.20000000e-02  2.23872111e-08 
 3.30000000e-02  2.29914338e-08 
 3.40000000e-02  2.36117949e-08 
 3.50000000e-02  2.42487184e-08 
 3.60000000e-02  2.49026393e-08 
 3.70000000e-02  2.55740040e-08 
 3.80000000e-02  2.62632700e-08 
 3.90000000e-02  2.69709065e-08 
 4.00000000e-02  2.76973950e-08 
 4.10000000e-02  2.84432290e-08 
 4.20000000e-02  2.92089146e-08 
 4.30000000e-02  2.99949708e-08 
 4.40000000e-02  3.08019299e-08 
 4.50000000e-02  3.16303375e-08 
 4.60000000e-02  3.24807533e-08 
 4.70000000e-02  3.33537511e-08 
 4.80000000e-02  3.42499190e-08 
 4.90000000e-02  3.51698603e-08 
 5.00000000e-02  3.61141933e-08 
 5.10000000e-02  3.70835520e-08 
 5.20000000e-02  3.80785863e-08 
 5.30000000e-02  3.90999626e-08 
 5.40000000e-02  4.01483638e-08 
 5.50000000e-02  4.12244902e-08 
 5.60000000e-02  4.23290594e-08 
 5.70000000e-02  4.34628071e-08 
 5.80000000e-02  4.46264875e-08 
 5.90000000e-02  4.58208735e-08 
 6.00000000e-02  4.70467571e-08 
 6.10000000e-02  4.83049503e-08 
 6.20000000e-02  4.95962852e-08 
 6.30000000e-02  5.09216145e-08 
 6.40000000e-02  5.22818120e-08 
 6.50000000e-02  5.36777734e-08 
 6.60000000e-02  5.51104162e-08 
 6.70000000e-02  5.65806807e-08 
 6.80000000e-02  5.80895305e-08 
 6.90000000e-02  5.96379526e-08 
 7.00000000e-02  6.12269585e-08 
 7.10000000e-02  6.28575844e-08 
 7.20000000e-02  6.45308920e-08 
 7.30000000e-02  6.62479688e-08 
 7.40000000e-02  6.80099290e-08 
 7.50000000e-02  6.98179138e-08 
 7.60000000e-02  7.16730923e-08 
 7.70000000e-02  7.35766618e-08 
 7.80000000e-02  7.55298490e-08 
 7.90000000e-02  7.75339099e-08 
 8.00000000e-02  7.95901310e-08 
 8.10000000e-02  8.16998299e-08 
 8.20000000e-02  8.38643558e-08 
 8.30000000e-02  8.60850904e-08 
 8.40000000e-02  8.83634484e-08 
 8.50000000e-02  9.07008786e-08 
 8.60000000e-02  9.30988642e-08 
 8.70000000e-02  9.55589239e-08 
 8.80000000e-02  9.80826124e-08 
 8.90000000e-02  1.00671522e-07 
 9.00000000e-02  1.03327281e-07 
 9.10000000e-02  1.06051558e-07 
 9.20000000e-02  1.08846060e-07 
 9.30000000e-02  1.11712535e-07 
 9.40000000e-02  1.14652772e-07 
 9.50000000e-02  1.17668600e-07 
 9.60000000e-02  1.20761894e-07 
 9.70000000e-02  1.23934570e-07 
 9.80000000e-02  1.27188591e-07 
 9.90000000e-02  1.30525963e-07 
 1.00000000e-01  1.33948741e-07 
 1.01000000e-01  1.37459025e-07 
 1.02000000e-01  1.41058966e-07 
 1.03000000e-01  1.44750763e-07 
 1.04000000e-01  1.48536666e-07 
 1.05000000e-01  1.52418976e-07 
 1.06000000e-01  1.56400048e-07 
 1.07000000e-01  1.60482288e-07 
 1.08000000e-01  1.64668159e-07 
 1.09000000e-01  1.68960179e-07 
 1.10000000e-01  1.73360922e-07 
 1.11000000e-01  1.77873023e-07 
 1.12000000e-01  1.82499173e-07 
 1.13000000e-01  1.87242125e-07 
 1.14000000e-01  1.92104692e-07 
 1.15000000e-01  1.97089752e-07 
 1.16000000e-01  2.02200245e-07 
 1.17000000e-01  2.07439177e-07 
 1.18000000e-01  2.12809620e-07 
 1.19000000e-01  2.18314714e-07 
 1.20000000e-01  2.23957668e-07 
 1.21000000e-01  2.29741761e-07 
 1.22000000e-01  2.35670343e-07 
 1.23000000e-01  2.41746838e-07 
 1.24000000e-01  2.47974744e-07 
 1.25000000e-01  2.54357633e-07 
 1.26000000e-01  2.60899156e-07 
 1.27000000e-01  2.67603041e-07 
 1.28000000e-01  2.74473096e-07 
 1.29000000e-01  2.81513210e-07 
 1.30000000e-01  2.88727355e-07 
 1.31000000e-01  2.96119586e-07 
 1.32000000e-01  3.03694046e-07 
 1.33000000e-01  3.11454962e-07 
 1.34000000e-01  3.19406651e-07 
 1.35000000e-01  3.27553519e-07 
 1.36000000e-01  3.35900065e-07 
 1.37000000e-01  3.44450879e-07 
 1.38000000e-01  3.53210647e-07 
 1.39000000e-01  3.62184151e-07 
 1.40000000e-01  3.71376270e-07 
 1.41000000e-01  3.80791983e-07 
 1.42000000e-01  3.90436369e-07 
 1.43000000e-01  4.00314611e-07 
 1.44000000e-01  4.10431993e-07 
 1.45000000e-01  4.20793908e-07 
 1.46000000e-01  4.31405855e-07 
 1.47000000e-01  4.42273441e-07 
 1.48000000e-01  4.53402386e-07 
 1.49000000e-01  4.64798519e-07 
 1.50000000e-01  4.76467786e-07 
 1.51000000e-01  4.88416247e-07 
 1.52000000e-01  5.00650080e-07 
 1.53000000e-01  5.13175581e-07 
 1.54000000e-01  5.25999168e-07 
 1.55000000e-01  5.39127380e-07 
 1.56000000e-01  5.52566880e-07 
 1.57000000e-01  5.66324458e-07 
 1.58000000e-01  5.80407031e-07 
 1.59000000e-01  5.94821645e-07 
 1.60000000e-01  6.09575476e-07 
 1.61000000e-01  6.24675834e-07 
 1.62000000e-01  6.40130162e-07 
 1.63000000e-01  6.55946039e-07 
 1.64000000e-01  6.72131182e-07 
 1.65000000e-01  6.88693449e-07 
 1.66000000e-01  7.05640834e-07 
 1.67000000e-01  7.22981480e-07 
 1.68000000e-01  7.40723669e-07 
 1.69000000e-01  7.58875832e-07 
 1.70000000e-01  7.77446545e-07 
 1.71000000e-01  7.96444537e-07 
 1.72000000e-01  8.15878685e-07 
 1.73000000e-01  8.35758018e-07 
 1.74000000e-01  8.56091721e-07 
 1.75000000e-01  8.76889134e-07 
 1.76000000e-01  8.98159754e-07 
 1.77000000e-01  9.19913235e-07 
 1.78000000e-01  9.42159395e-07 
 1.79000000e-01  9.64908210e-07 
 1.80000000e-01  9.88169822e-07 
 1.81000000e-01  1.01195454e-06 
 1.82000000e-01  1.03627282e-06 
 1.83000000e-01  1.06113532e-06 
 1.84000000e-01  1.08655284e-06 
 1.85000000e-01  1.11253637e-06 
 1.86000000e-01  1.13909704e-06 
 1.87000000e-01  1.16624618e-06 
 1.88000000e-01  1.19399529e-06 
 1.89000000e-01  1.22235604e-06 
 1.90000000e-01  1.25134029e-06 
 1.91000000e-01  1.28096005e-06 
 1.92000000e-01  1.31122754e-06 
 1.93000000e-01  1.34215514e-06 
 1.94000000e-01  1.37375541e-06 
 1.95000000e-01  1.40604111e-06 
 1.96000000e-01  1.43902517e-06 
 1.97000000e-01  1.47272069e-06 
 1.98000000e-01  1.50714100e-06 
 1.99000000e-01  1.54229956e-06 
 2.00000000e-01  1.57821006e-06 
 2.01000000e-01  1.61488635e-06 
 2.02000000e-01  1.65234248e-06 
 2.03000000e-01  1.69059270e-06 
 2.04000000e-01  1.72965141e-06 
 2.05000000e-01  1.76953325e-06 
 2.06000000e-01  1.81025301e-06 
 2.07000000e-01  1.85182570e-06 
 2.08000000e-01  1.89426650e-06 
 2.09000000e-01  1.93759079e-06 
 2.10000000e-01  1.98181414e-06 
 2.11000000e-01  2.02695232e-06 
 2.12000000e-01  2.07302127e-06 
 2.13000000e-01  2.12003716e-06 
 2.14000000e-01  2.16801631e-06 
 2.15000000e-01  2.21697526e-06 
 2.16000000e-01  2.26693073e-06 
 2.17000000e-01  2.31789965e-06 
 2.18000000e-01  2.36989911e-06 
 2.19000000e-01  2.42294643e-06 
 2.20000000e-01  2.47705909e-06 
 2.21000000e-01  2.53225477e-06 
 2.22000000e-01  2.58855136e-06 
 2.23000000e-01  2.64596691e-06 
 2.24000000e-01  2.70451967e-06 
 2.25000000e-01  2.76422810e-06 
 2.26000000e-01  2.82511083e-06 
 2.27000000e-01  2.88718667e-06 
 2.28000000e-01  2.95047463e-06 
 2.29000000e-01  3.01499390e-06 
 2.30000000e-01  3.08076387e-06 
 2.31000000e-01  3.14780410e-06 
 2.32000000e-01  3.21613434e-06 
 2.33000000e-01  3.28577451e-06 
 2.34000000e-01  3.35674473e-06 
 2.35000000e-01  3.42906528e-06 
 2.36000000e-01  3.50275665e-06 
 2.37000000e-01  3.57783947e-06 
 2.38000000e-01  3.65433459e-06 
 2.39000000e-01  3.73226299e-06 
 2.40000000e-01  3.81164585e-06 
 2.41000000e-01  3.89250452e-06 
 2.42000000e-01  3.97486052e-06 
 2.43000000e-01  4.05873555e-06 
 2.44000000e-01  4.14415145e-06 
 2.45000000e-01  4.23113025e-06 
 2.46000000e-01  4.31969414e-06 
 2.47000000e-01  4.40986548e-06 
 2.48000000e-01  4.50166677e-06 
 2.49000000e-01  4.59512070e-06 
 2.50000000e-01  4.69025009e-06 
 2.51000000e-01  4.78707794e-06 
 2.52000000e-01  4.88562740e-06 
 2.53000000e-01  4.98592174e-06 
 2.54000000e-01  5.08798444e-06 
 2.55000000e-01  5.19183909e-06 
 2.56000000e-01  5.29750943e-06 
 2.57000000e-01  5.40501935e-06 
 2.58000000e-01  5.51439290e-06 
 2.59000000e-01  5.62565425e-06 
 2.60000000e-01  5.73882773e-06 
 2.61000000e-01  5.85393778e-06 
 2.62000000e-01  5.97100901e-06 
 2.63000000e-01  6.09006615e-06 
 2.64000000e-01  6.21113405e-06 
 2.65000000e-01  6.33423771e-06 
 2.66000000e-01  6.45940226e-06 
 2.67000000e-01  6.58665295e-06 
 2.68000000e-01  6.71601515e-06 
 2.69000000e-01  6.84751436e-06 
 2.70000000e-01  6.98117621e-06 
 2.71000000e-01  7.11702645e-06 
 2.72000000e-01  7.25509093e-06 
 2.73000000e-01  7.39539563e-06 
 2.74000000e-01  7.53796666e-06 
 2.75000000e-01  7.68283023e-06 
 2.76000000e-01  7.83001265e-06 
 2.77000000e-01  7.97954036e-06 
 2.78000000e-01  8.13143990e-06 
 2.79000000e-01  8.28573793e-06 
 2.80000000e-01  8.44246120e-06 
 2.81000000e-01  8.60163658e-06 
 2.82000000e-01  8.76329103e-06 
 2.83000000e-01  8.92745163e-06 
 2.84000000e-01  9.09414554e-06 
 2.85000000e-01  9.26340003e-06 
 2.86000000e-01  9.43524249e-06 
 2.87000000e-01  9.60970036e-06 
 2.88000000e-01  9.78680123e-06 
 2.89000000e-01  9.96657275e-06 
 2.90000000e-01  1.01490427e-05 
 2.91000000e-01  1.03342388e-05 
 2.92000000e-01  1.05221892e-05 
 2.93000000e-01  1.07129218e-05 
 2.94000000e-01  1.09064648e-05 
 2.95000000e-01  1.11028463e-05 
 2.96000000e-01  1.13020947e-05 
 2.97000000e-01  1.15042384e-05 
 2.98000000e-01  1.17093059e-05 
 2.99000000e-01  1.19173257e-05 
 3.00000000e-01  1.21283265e-05 
 3.01000000e-01  1.23423370e-05 
 3.02000000e-01  1.25593860e-05 
 3.03000000e-01  1.27795026e-05 
 3.04000000e-01  1.30027157e-05 
 3.05000000e-01  1.32290543e-05 
 3.06000000e-01  1.34585477e-05 
 3.07000000e-01  1.36912251e-05 
 3.08000000e-01  1.39271159e-05 
 3.09000000e-01  1.41662494e-05 
 3.10000000e-01  1.44086552e-05 
 3.11000000e-01  1.46543630e-05 
 3.12000000e-01  1.49034022e-05 
 3.13000000e-01  1.51558028e-05 
 3.14000000e-01  1.54115946e-05 
 3.15000000e-01  1.56708074e-05 
 3.16000000e-01  1.59334713e-05 
 3.17000000e-01  1.61996164e-05 
 3.18000000e-01  1.64692728e-05 
 3.19000000e-01  1.67424707e-05 
 3.20000000e-01  1.70192406e-05 
 3.21000000e-01  1.72996128e-05 
 3.22000000e-01  1.75836178e-05 
 3.23000000e-01  1.78712861e-05 
 3.24000000e-01  1.81626484e-05 
 3.25000000e-01  1.84577355e-05 
 3.26000000e-01  1.87565780e-05 
 3.27000000e-01  1.90592069e-05 
 3.28000000e-01  1.93656532e-05 
 3.29000000e-01  1.96759478e-05 
 3.30000000e-01  1.99901218e-05 
 3.31000000e-01  2.03082065e-05 
 3.32000000e-01  2.06302330e-05 
 3.33000000e-01  2.09562326e-05 
 3.34000000e-01  2.12862368e-05 
 3.35000000e-01  2.16202769e-05 
 3.36000000e-01  2.19583844e-05 
 3.37000000e-01  2.23005910e-05 
 3.38000000e-01  2.26469283e-05 
 3.39000000e-01  2.29974279e-05 
 3.40000000e-01  2.33521217e-05 
 3.41000000e-01  2.37110413e-05 
 3.42000000e-01  2.40742187e-05 
 3.43000000e-01  2.44416857e-05 
 3.44000000e-01  2.48134744e-05 
 3.45000000e-01  2.51896167e-05 
 3.46000000e-01  2.55701446e-05 
 3.47000000e-01  2.59550903e-05 
 3.48000000e-01  2.63444858e-05 
 3.49000000e-01  2.67383634e-05 
 3.50000000e-01  2.71367550e-05 
 3.51000000e-01  2.75396931e-05 
 3.52000000e-01  2.79472097e-05 
 3.53000000e-01  2.83593372e-05 
 3.54000000e-01  2.87761077e-05 
 3.55000000e-01  2.91975536e-05 
 3.56000000e-01  2.96237070e-05 
 3.57000000e-01  3.00546002e-05 
 3.58000000e-01  3.04902655e-05 
 3.59000000e-01  3.09307351e-05 
 3.60000000e-01  3.13760412e-05 
 3.61000000e-01  3.18262159e-05 
 3.62000000e-01  3.22812915e-05 
 3.63000000e-01  3.27413000e-05 
 3.64000000e-01  3.32062736e-05 
 3.65000000e-01  3.36762442e-05 
 3.66000000e-01  3.41512438e-05 
 3.67000000e-01  3.46313043e-05 
 3.68000000e-01  3.51164575e-05 
 3.69000000e-01  3.56067351e-05 
 3.70000000e-01  3.61021689e-05 
 3.71000000e-01  3.66027903e-05 
 3.72000000e-01  3.71086309e-05 
 3.73000000e-01  3.76197219e-05 
 3.74000000e-01  3.81360946e-05 
 3.75000000e-01  3.86577801e-05 
 3.76000000e-01  3.91848093e-05 
 3.77000000e-01  3.97172131e-05 
 3.78000000e-01  4.02550220e-05 
 3.79000000e-01  4.07982666e-05 
 3.80000000e-01  4.13469771e-05 
 3.81000000e-01  4.19011837e-05 
 3.82000000e-01  4.24609163e-05 
 3.83000000e-01  4.30262045e-05 
 3.84000000e-01  4.35970780e-05 
 3.85000000e-01  4.41735659e-05 
 3.86000000e-01  4.47556972e-05 
 3.87000000e-01  4.53435008e-05 
 3.88000000e-01  4.59370051e-05 
 3.89000000e-01  4.65362384e-05 
 3.90000000e-01  4.71412285e-05 
 3.91000000e-01  4.77520033e-05 
 3.92000000e-01  4.83685900e-05 
 3.93000000e-01  4.89910155e-05 
 3.94000000e-01  4.96193068e-05 
 3.95000000e-01  5.02534899e-05 
 3.96000000e-01  5.08935911e-05 
 3.97000000e-01  5.15396358e-05 
 3.98000000e-01  5.21916494e-05 
 3.99000000e-01  5.28496566e-05 
 4.00000000e-01  5.35136820e-05 
 4.01000000e-01  5.41837495e-05 
 4.02000000e-01  5.48598827e-05 
 4.03000000e-01  5.55421049e-05 
 4.04000000e-01  5.62304386e-05 
 4.05000000e-01  5.69249062e-05 
 4.06000000e-01  5.76255293e-05 
 4.07000000e-01  5.83323293e-05 
 4.08000000e-01  5.90453269e-05 
 4.09000000e-01  5.97645423e-05 
 4.10000000e-01  6.04899952e-05 
 4.11000000e-01  6.12217049e-05 
 4.12000000e-01  6.19596898e-05 
 4.13000000e-01  6.27039681e-05 
 4.14000000e-01  6.34545572e-05 
 4.15000000e-01  6.42114740e-05 
 4.16000000e-01  6.49747348e-05 
 4.17000000e-01  6.57443552e-05 
 4.18000000e-01  6.65203502e-05 
 4.19000000e-01  6.73027343e-05 
 4.20000000e-01  6.80915212e-05 
 4.21000000e-01  6.88867240e-05 
 4.22000000e-01  6.96883552e-05 
 4.23000000e-01  7.04964263e-05 
 4.24000000e-01  7.13109486e-05 
 4.25000000e-01  7.21319324e-05 
 4.26000000e-01  7.29593872e-05 
 4.27000000e-01  7.37933220e-05 
 4.28000000e-01  7.46337450e-05 
 4.29000000e-01  7.54806637e-05 
 4.30000000e-01  7.63340846e-05 
 4.31000000e-01  7.71940139e-05 
 4.32000000e-01  7.80604566e-05 
 4.33000000e-01  7.89334171e-05 
 4.34000000e-01  7.98128992e-05 
 4.35000000e-01  8.06989055e-05 
 4.36000000e-01  8.15914381e-05 
 4.37000000e-01  8.24904983e-05 
 4.38000000e-01  8.33960865e-05 
 4.39000000e-01  8.43082023e-05 
 4.40000000e-01  8.52268445e-05 
 4.41000000e-01  8.61520110e-05 
 4.42000000e-01  8.70836990e-05 
 4.43000000e-01  8.80219048e-05 
 4.44000000e-01  8.89666238e-05 
 4.45000000e-01  8.99178507e-05 
 4.46000000e-01  9.08755792e-05 
 4.47000000e-01  9.18398023e-05 
 4.48000000e-01  9.28105119e-05 
 4.49000000e-01  9.37876994e-05 
 4.50000000e-01  9.47713551e-05 
 4.51000000e-01  9.57614685e-05 
 4.52000000e-01  9.67580282e-05 
 4.53000000e-01  9.77610221e-05 
 4.54000000e-01  9.87704370e-05 
 4.55000000e-01  9.97862591e-05 
 4.56000000e-01  1.00808474e-04 
 4.57000000e-01  1.01837065e-04 
 4.58000000e-01  1.02872016e-04 
 4.59000000e-01  1.03913311e-04 
 4.60000000e-01  1.04960930e-04 
 4.61000000e-01  1.06014855e-04 
 4.62000000e-01  1.07075067e-04 
 4.63000000e-01  1.08141543e-04 
 4.64000000e-01  1.09214263e-04 
 4.65000000e-01  1.10293205e-04 
 4.66000000e-01  1.11378344e-04 
 4.67000000e-01  1.12469658e-04 
 4.68000000e-01  1.13567122e-04 
 4.69000000e-01  1.14670710e-04 
 4.70000000e-01  1.15780395e-04 
 4.71000000e-01  1.16896151e-04 
 4.72000000e-01  1.18017949e-04 
 4.73000000e-01  1.19145761e-04 
 4.74000000e-01  1.20279558e-04 
 4.75000000e-01  1.21419309e-04 
 4.76000000e-01  1.22564984e-04 
 4.77000000e-01  1.23716550e-04 
 4.78000000e-01  1.24873975e-04 
 4.79000000e-01  1.26037227e-04 
 4.80000000e-01  1.27206272e-04 
 4.81000000e-01  1.28381074e-04 
 4.82000000e-01  1.29561600e-04 
 4.83000000e-01  1.30747813e-04 
 4.84000000e-01  1.31939676e-04 
 4.85000000e-01  1.33137154e-04 
 4.86000000e-01  1.34340208e-04 
 4.87000000e-01  1.35548799e-04 
 4.88000000e-01  1.36762890e-04 
 4.89000000e-01  1.37982440e-04 
 4.90000000e-01  1.39207410e-04 
 4.91000000e-01  1.40437759e-04 
 4.92000000e-01  1.41673446e-04 
 4.93000000e-01  1.42914429e-04 
 4.94000000e-01  1.44160667e-04 
 4.95000000e-01  1.45412117e-04 
 4.96000000e-01  1.46668735e-04 
 4.97000000e-01  1.47930479e-04 
 4.98000000e-01  1.49197304e-04 
 4.99000000e-01  1.50469166e-04 
 5.00000000e-01  1.51746020e-04 
 5.01000000e-01  1.53027821e-04 
 5.02000000e-01  1.54314523e-04 
 5.03000000e-01  1.55606082e-04 
 5.04000000e-01  1.56902449e-04 
 5.05000000e-01  1.58203580e-04 
 5.06000000e-01  1.59509427e-04 
 5.07000000e-01  1.60819942e-04 
 5.08000000e-01  1.62135079e-04 
 5.09000000e-01  1.63454790e-04 
 5.10000000e-01  1.64779027e-04 
 5.11000000e-01  1.66107741e-04 
 5.12000000e-01  1.67440885e-04 
 5.13000000e-01  1.68778410e-04 
 5.14000000e-01  1.70120268e-04 
 5.15000000e-01  1.71466408e-04 
 5.16000000e-01  1.72816783e-04 
 5.17000000e-01  1.74171344e-04 
 5.18000000e-01  1.75530041e-04 
 5.19000000e-01  1.76892824e-04 
 5.20000000e-01  1.78259645e-04 
 5.21000000e-01  1.79630455e-04 
 5.22000000e-01  1.81005202e-04 
 5.23000000e-01  1.82383839e-04 
 5.24000000e-01  1.83766316e-04 
 5.25000000e-01  1.85152583e-04 
 5.26000000e-01  1.86542591e-04 
 5.27000000e-01  1.87936290e-04 
 5.28000000e-01  1.89333631e-04 
 5.29000000e-01  1.90734564e-04 
 5.30000000e-01  1.92139041e-04 
 5.31000000e-01  1.93547013e-04 
 5.32000000e-01  1.94958430e-04 
 5.33000000e-01  1.96373243e-04 
 5.34000000e-01  1.97791404e-04 
 5.35000000e-01  1.99212865e-04 
 5.36000000e-01  2.00637576e-04 
 5.37000000e-01  2.02065489e-04 
 5.38000000e-01  2.03496557e-04 
 5.39000000e-01  2.04930732e-04 
 5.40000000e-01  2.06367966e-04 
 5.41000000e-01  2.07808211e-04 
 5.42000000e-01  2.09251421e-04 
 5.43000000e-01  2.10697548e-04 
 5.44000000e-01  2.12146546e-04 
 5.45000000e-01  2.13598369e-04 
 5.46000000e-01  2.15052970e-04 
 5.47000000e-01  2.16510304e-04 
 5.48000000e-01  2.17970325e-04 
 5.49000000e-01  2.19432988e-04 
 5.50000000e-01  2.20898248e-04 
 5.51000000e-01  2.22366061e-04 
 5.52000000e-01  2.23836383e-04 
 5.53000000e-01  2.25309169e-04 
 5.54000000e-01  2.26784376e-04 
 5.55000000e-01  2.28261961e-04 
 5.56000000e-01  2.29741881e-04 
 5.57000000e-01  2.31224095e-04 
 5.58000000e-01  2.32708560e-04 
 5.59000000e-01  2.34195233e-04 
 5.60000000e-01  2.35684076e-04 
 5.61000000e-01  2.37175046e-04 
 5.62000000e-01  2.38668102e-04 
 5.63000000e-01  2.40163207e-04 
 5.64000000e-01  2.41660319e-04 
 5.65000000e-01  2.43159399e-04 
 5.66000000e-01  2.44660410e-04 
 5.67000000e-01  2.46163312e-04 
 5.68000000e-01  2.47668068e-04 
 5.69000000e-01  2.49174641e-04 
 5.70000000e-01  2.50682994e-04 
 5.71000000e-01  2.52193090e-04 
 5.72000000e-01  2.53704893e-04 
 5.73000000e-01  2.55218369e-04 
 5.74000000e-01  2.56733481e-04 
 5.75000000e-01  2.58250195e-04 
 5.76000000e-01  2.59768478e-04 
 5.77000000e-01  2.61288294e-04 
 5.78000000e-01  2.62809612e-04 
 5.79000000e-01  2.64332399e-04 
 5.80000000e-01  2.65856622e-04 
 5.81000000e-01  2.67382249e-04 
 5.82000000e-01  2.68909249e-04 
 5.83000000e-01  2.70437591e-04 
 5.84000000e-01  2.71967245e-04 
 5.85000000e-01  2.73498181e-04 
 5.86000000e-01  2.75030370e-04 
 5.87000000e-01  2.76563782e-04 
 5.88000000e-01  2.78098389e-04 
 5.89000000e-01  2.79634163e-04 
 5.90000000e-01  2.81171077e-04 
 5.91000000e-01  2.82709102e-04 
 5.92000000e-01  2.84248214e-04 
 5.93000000e-01  2.85788384e-04 
 5.94000000e-01  2.87329589e-04 
 5.95000000e-01  2.88871802e-04 
 5.96000000e-01  2.90414999e-04 
 5.97000000e-01  2.91959155e-04 
 5.98000000e-01  2.93504246e-04 
 5.99000000e-01  2.95050250e-04 
 6.00000000e-01  2.96597142e-04 
 6.01000000e-01  2.98144901e-04 
 6.02000000e-01  2.99693504e-04 
 6.03000000e-01  3.01242930e-04 
 6.04000000e-01  3.02793157e-04 
 6.05000000e-01  3.04344165e-04 
 6.06000000e-01  3.05895933e-04 
 6.07000000e-01  3.07448441e-04 
 6.08000000e-01  3.09001670e-04 
 6.09000000e-01  3.10555600e-04 
 6.10000000e-01  3.12110213e-04 
 6.11000000e-01  3.13665491e-04 
 6.12000000e-01  3.15221415e-04 
 6.13000000e-01  3.16777968e-04 
 6.14000000e-01  3.18335133e-04 
 6.15000000e-01  3.19892894e-04 
 6.16000000e-01  3.21451233e-04 
 6.17000000e-01  3.23010136e-04 
 6.18000000e-01  3.24569586e-04 
 6.19000000e-01  3.26129568e-04 
 6.20000000e-01  3.27690068e-04 
 6.21000000e-01  3.29251071e-04 
 6.22000000e-01  3.30812562e-04 
 6.23000000e-01  3.32374529e-04 
 6.24000000e-01  3.33936957e-04 
 6.25000000e-01  3.35499834e-04 
 6.26000000e-01  3.37063147e-04 
 6.27000000e-01  3.38626884e-04 
 6.28000000e-01  3.40191032e-04 
 6.29000000e-01  3.41755581e-04 
 6.30000000e-01  3.43320517e-04 
 6.31000000e-01  3.44885831e-04 
 6.32000000e-01  3.46451512e-04 
 6.33000000e-01  3.48017549e-04 
 6.34000000e-01  3.49583932e-04 
 6.35000000e-01  3.51150652e-04 
 6.36000000e-01  3.52717698e-04 
 6.37000000e-01  3.54285061e-04 
 6.38000000e-01  3.55852733e-04 
 6.39000000e-01  3.57420705e-04 
 6.40000000e-01  3.58988967e-04 
 6.41000000e-01  3.60557513e-04 
 6.42000000e-01  3.62126334e-04 
 6.43000000e-01  3.63695423e-04 
 6.44000000e-01  3.65264771e-04 
 6.45000000e-01  3.66834373e-04 
 6.46000000e-01  3.68404221e-04 
 6.47000000e-01  3.69974308e-04 
 6.48000000e-01  3.71544628e-04 
 6.49000000e-01  3.73115175e-04 
 6.50000000e-01  3.74685942e-04 
 6.51000000e-01  3.76256925e-04 
 6.52000000e-01  3.77828117e-04 
 6.53000000e-01  3.79399513e-04 
 6.54000000e-01  3.80971108e-04 
 6.55000000e-01  3.82542898e-04 
 6.56000000e-01  3.84114876e-04 
 6.57000000e-01  3.85687039e-04 
 6.58000000e-01  3.87259383e-04 
 6.59000000e-01  3.88831903e-04 
 6.60000000e-01  3.90404595e-04 
 6.61000000e-01  3.91977456e-04 
 6.62000000e-01  3.93550481e-04 
 6.63000000e-01  3.95123668e-04 
 6.64000000e-01  3.96697012e-04 
 6.65000000e-01  3.98270511e-04 
 6.66000000e-01  3.99844162e-04 
 6.67000000e-01  4.01417962e-04 
 6.68000000e-01  4.02991908e-04 
 6.69000000e-01  4.04565998e-04 
 6.70000000e-01  4.06140229e-04 
 6.71000000e-01  4.07714598e-04 
 6.72000000e-01  4.09289104e-04 
 6.73000000e-01  4.10863745e-04 
 6.74000000e-01  4.12438518e-04 
 6.75000000e-01  4.14013422e-04 
 6.76000000e-01  4.15588455e-04 
 6.77000000e-01  4.17163615e-04 
 6.78000000e-01  4.18738902e-04 
 6.79000000e-01  4.20314313e-04 
 6.80000000e-01  4.21889847e-04 
 6.81000000e-01  4.23465503e-04 
 6.82000000e-01  4.25041281e-04 
 6.83000000e-01  4.26617178e-04 
 6.84000000e-01  4.28193194e-04 
 6.85000000e-01  4.29769329e-04 
 6.86000000e-01  4.31345580e-04 
 6.87000000e-01  4.32921949e-04 
 6.88000000e-01  4.34498433e-04 
 6.89000000e-01  4.36075033e-04 
 6.90000000e-01  4.37651748e-04 
 6.91000000e-01  4.39228578e-04 
 6.92000000e-01  4.40805522e-04 
 6.93000000e-01  4.42382580e-04 
 6.94000000e-01  4.43959751e-04 
 6.95000000e-01  4.45537036e-04 
 6.96000000e-01  4.47114435e-04 
 6.97000000e-01  4.48691946e-04 
 6.98000000e-01  4.50269571e-04 
 6.99000000e-01  4.51847309e-04 
 7.00000000e-01  4.53425160e-04 
 7.01000000e-01  4.55003125e-04 
 7.02000000e-01  4.56581202e-04 
 7.03000000e-01  4.58159393e-04 
 7.04000000e-01  4.59737698e-04 
 7.05000000e-01  4.61316117e-04 
 7.06000000e-01  4.62894650e-04 
 7.07000000e-01  4.64473296e-04 
 7.08000000e-01  4.66052058e-04 
 7.09000000e-01  4.67630934e-04 
 7.10000000e-01  4.69209925e-04 
 7.11000000e-01  4.70789032e-04 
 7.12000000e-01  4.72368254e-04 
 7.13000000e-01  4.73947592e-04 
 7.14000000e-01  4.75527047e-04 
 7.15000000e-01  4.77106618e-04 
 7.16000000e-01  4.78686306e-04 
 7.17000000e-01  4.80266112e-04 
 7.18000000e-01  4.81846035e-04 
 7.19000000e-01  4.83426076e-04 
 7.20000000e-01  4.85006236e-04 
 7.21000000e-01  4.86586514e-04 
 7.22000000e-01  4.88166911e-04 
 7.23000000e-01  4.89747428e-04 
 7.24000000e-01  4.91328064e-04 
 7.25000000e-01  4.92908820e-04 
 7.26000000e-01  4.94489696e-04 
 7.27000000e-01  4.96070693e-04 
 7.28000000e-01  4.97651811e-04 
 7.29000000e-01  4.99233050e-04 
 7.30000000e-01  5.00814410e-04 
 7.31000000e-01  5.02395891e-04 
 7.32000000e-01  5.03977494e-04 
 7.33000000e-01  5.05559219e-04 
 7.34000000e-01  5.07141066e-04 
 7.35000000e-01  5.08723034e-04 
 7.36000000e-01  5.10305125e-04 
 7.37000000e-01  5.11887338e-04 
 7.38000000e-01  5.13469674e-04 
 7.39000000e-01  5.15052132e-04 
 7.40000000e-01  5.16634712e-04 
 7.41000000e-01  5.18217414e-04 
 7.42000000e-01  5.19800238e-04 
 7.43000000e-01  5.21383184e-04 
 7.44000000e-01  5.22966252e-04 
 7.45000000e-01  5.24549442e-04 
 7.46000000e-01  5.26132754e-04 
 7.47000000e-01  5.27716186e-04 
 7.48000000e-01  5.29299740e-04 
 7.49000000e-01  5.30883414e-04 
 7.50000000e-01  5.32467208e-04 
 7.51000000e-01  5.34051122e-04 
 7.52000000e-01  5.35635156e-04 
 7.53000000e-01  5.37219308e-04 
 7.54000000e-01  5.38803579e-04 
 7.55000000e-01  5.40387968e-04 
 7.56000000e-01  5.41972474e-04 
 7.57000000e-01  5.43557096e-04 
 7.58000000e-01  5.45141835e-04 
 7.59000000e-01  5.46726688e-04 
 7.60000000e-01  5.48311656e-04 
 7.61000000e-01  5.49896737e-04 
 7.62000000e-01  5.51481932e-04 
 7.63000000e-01  5.53067237e-04 
 7.64000000e-01  5.54652654e-04 
 7.65000000e-01  5.56238180e-04 
 7.66000000e-01  5.57823815e-04 
 7.67000000e-01  5.59409558e-04 
 7.68000000e-01  5.60995407e-04 
 7.69000000e-01  5.62581362e-04 
 7.70000000e-01  5.64167420e-04 
 7.71000000e-01  5.65753581e-04 
 7.72000000e-01  5.67339843e-04 
 7.73000000e-01  5.68926205e-04 
 7.74000000e-01  5.70512666e-04 
 7.75000000e-01  5.72099224e-04 
 7.76000000e-01  5.73685877e-04 
 7.77000000e-01  5.75272624e-04 
 7.78000000e-01  5.76859463e-04 
 7.79000000e-01  5.78446392e-04 
 7.80000000e-01  5.80033410e-04 
 7.81000000e-01  5.81620515e-04 
 7.82000000e-01  5.83207705e-04 
 7.83000000e-01  5.84794978e-04 
 7.84000000e-01  5.86382332e-04 
 7.85000000e-01  5.87969766e-04 
 7.86000000e-01  5.89557276e-04 
 7.87000000e-01  5.91144861e-04 
 7.88000000e-01  5.92732519e-04 
 7.89000000e-01  5.94320247e-04 
 7.90000000e-01  5.95908044e-04 
 7.91000000e-01  5.97495906e-04 
 7.92000000e-01  5.99083832e-04 
 7.93000000e-01  6.00671819e-04 
 7.94000000e-01  6.02259864e-04 
 7.95000000e-01  6.03847965e-04 
 7.96000000e-01  6.05436120e-04 
 7.97000000e-01  6.07024325e-04 
 7.98000000e-01  6.08612578e-04 
 7.99000000e-01  6.10200877e-04 
 8.00000000e-01  6.11789218e-04 
 8.01000000e-01  6.13377598e-04 
 8.02000000e-01  6.14966015e-04 
 8.03000000e-01  6.16554466e-04 
 8.04000000e-01  6.18142947e-04 
 8.05000000e-01  6.19731456e-04 
 8.06000000e-01  6.21319989e-04 
 8.07000000e-01  6.22908543e-04 
 8.08000000e-01  6.24497115e-04 
 8.09000000e-01  6.26085702e-04 
 8.10000000e-01  6.27674300e-04 
 8.11000000e-01  6.29262906e-04 
 8.12000000e-01  6.30851516e-04 
 8.13000000e-01  6.32440128e-04 
 8.14000000e-01  6.34028736e-04 
 8.15000000e-01  6.35617338e-04 
 8.16000000e-01  6.37205931e-04 
 8.17000000e-01  6.38794510e-04 
 8.18000000e-01  6.40383071e-04 
 8.19000000e-01  6.41971611e-04 
 8.20000000e-01  6.43560126e-04 
 8.21000000e-01  6.45148612e-04 
 8.22000000e-01  6.46737064e-04 
 8.23000000e-01  6.48325480e-04 
 8.24000000e-01  6.49913855e-04 
 8.25000000e-01  6.51502184e-04 
 8.26000000e-01  6.53090464e-04 
 8.27000000e-01  6.54678691e-04 
 8.28000000e-01  6.56266859e-04 
 8.29000000e-01  6.57854965e-04 
 8.30000000e-01  6.59443005e-04 
 8.31000000e-01  6.61030973e-04 
 8.32000000e-01  6.62618866e-04 
 8.33000000e-01  6.64206678e-04 
 8.34000000e-01  6.65794407e-04 
 8.35000000e-01  6.67382045e-04 
 8.36000000e-01  6.68969590e-04 
 8.37000000e-01  6.70557036e-04 
 8.38000000e-01  6.72144379e-04 
 8.39000000e-01  6.73731613e-04 
 8.40000000e-01  6.75318734e-04 
 8.41000000e-01  6.76905737e-04 
 8.42000000e-01  6.78492618e-04 
 8.43000000e-01  6.80079370e-04 
 8.44000000e-01  6.81665989e-04 
 8.45000000e-01  6.83252469e-04 
 8.46000000e-01  6.84838807e-04 
 8.47000000e-01  6.86424996e-04 
 8.48000000e-01  6.88011031e-04 
 8.49000000e-01  6.89596907e-04 
 8.50000000e-01  6.91182618e-04 
 8.51000000e-01  6.92768160e-04 
 8.52000000e-01  6.94353526e-04 
 8.53000000e-01  6.95938712e-04 
 8.54000000e-01  6.97523712e-04 
 8.55000000e-01  6.99108520e-04 
 8.56000000e-01  7.00693131e-04 
 8.57000000e-01  7.02277538e-04 
 8.58000000e-01  7.03861737e-04 
 8.59000000e-01  7.05445721e-04 
 8.60000000e-01  7.07029486e-04 
 8.61000000e-01  7.08613024e-04 
 8.62000000e-01  7.10196330e-04 
 8.63000000e-01  7.11779399e-04 
 8.64000000e-01  7.13362224e-04 
 8.65000000e-01  7.14944799e-04 
 8.66000000e-01  7.16527118e-04 
 8.67000000e-01  7.18109176e-04 
 8.68000000e-01  7.19690966e-04 
 8.69000000e-01  7.21272481e-04 
 8.70000000e-01  7.22853717e-04 
 8.71000000e-01  7.24434666e-04 
 8.72000000e-01  7.26015322e-04 
 8.73000000e-01  7.27595679e-04 
 8.74000000e-01  7.29175731e-04 
 8.75000000e-01  7.30755471e-04 
 8.76000000e-01  7.32334892e-04 
 8.77000000e-01  7.33913989e-04 
 8.78000000e-01  7.35492755e-04 
 8.79000000e-01  7.37071183e-04 
 8.80000000e-01  7.38649267e-04 
 8.81000000e-01  7.40227000e-04 
 8.82000000e-01  7.41804375e-04 
 8.83000000e-01  7.43381386e-04 
 8.84000000e-01  7.44958026e-04 
 8.85000000e-01  7.46534288e-04 
 8.86000000e-01  7.48110166e-04 
 8.87000000e-01  7.49685652e-04 
 8.88000000e-01  7.51260740e-04 
 8.89000000e-01  7.52835423e-04 
 8.90000000e-01  7.54409693e-04 
 8.91000000e-01  7.55983545e-04 
 8.92000000e-01  7.57556970e-04 
 8.93000000e-01  7.59129963e-04 
 8.94000000e-01  7.60702515e-04 
 8.95000000e-01  7.62274619e-04 
 8.96000000e-01  7.63846270e-04 
 8.97000000e-01  7.65417458e-04 
 8.98000000e-01  7.66988178e-04 
 8.99000000e-01  7.68558421e-04 
 9.00000000e-01  7.70128182e-04 
 9.01000000e-01  7.71697451e-04 
 9.02000000e-01  7.73266222e-04 
 9.03000000e-01  7.74834488e-04 
 9.04000000e-01  7.76402242e-04 
 9.05000000e-01  7.77969475e-04 
 9.06000000e-01  7.79536180e-04 
 9.07000000e-01  7.81102350e-04 
 9.08000000e-01  7.82667977e-04 
 9.09000000e-01  7.84233054e-04 
 9.10000000e-01  7.85797573e-04 
 9.11000000e-01  7.87361527e-04 
 9.12000000e-01  7.88924907e-04 
 9.13000000e-01  7.90487707e-04 
 9.14000000e-01  7.92049918e-04 
 9.15000000e-01  7.93611533e-04 
 9.16000000e-01  7.95172544e-04 
 9.17000000e-01  7.96732943e-04 
 9.18000000e-01  7.98292723e-04 
 9.19000000e-01  7.99851875e-04 
 9.20000000e-01  8.01410392e-04 
 9.21000000e-01  8.02968266e-04 
 9.22000000e-01  8.04525489e-04 
 9.23000000e-01  8.06082052e-04 
 9.24000000e-01  8.07637949e-04 
 9.25000000e-01  8.09193170e-04 
 9.26000000e-01  8.10747709e-04 
 9.27000000e-01  8.12301556e-04 
 9.28000000e-01  8.13854705e-04 
 9.29000000e-01  8.15407146e-04 
 9.30000000e-01  8.16958872e-04 
 9.31000000e-01  8.18509874e-04 
 9.32000000e-01  8.20060144e-04 
 9.33000000e-01  8.21609675e-04 
 9.34000000e-01  8.23158458e-04 
 9.35000000e-01  8.24706484e-04 
 9.36000000e-01  8.26253745e-04 
 9.37000000e-01  8.27800234e-04 
 9.38000000e-01  8.29345942e-04 
 9.39000000e-01  8.30890860e-04 
 9.40000000e-01  8.32434980e-04 
 9.41000000e-01  8.33978294e-04 
 9.42000000e-01  8.35520793e-04 
 9.43000000e-01  8.37062469e-04 
 9.44000000e-01  8.38603314e-04 
 9.45000000e-01  8.40143319e-04 
 9.46000000e-01  8.41682475e-04 
 9.47000000e-01  8.43220775e-04 
 9.48000000e-01  8.44758209e-04 
 9.49000000e-01  8.46294769e-04 
 9.50000000e-01  8.47830446e-04 
 9.51000000e-01  8.49365233e-04 
 9.52000000e-01  8.50899119e-04 
 9.53000000e-01  8.52432098e-04 
 9.54000000e-01  8.53964159e-04 
 9.55000000e-01  8.55495295e-04 
 9.56000000e-01  8.57025496e-04 
 9.57000000e-01  8.58554755e-04 
 9.58000000e-01  8.60083062e-04 
 9.59000000e-01  8.61610408e-04 
 9.60000000e-01  8.63136785e-04 
 9.61000000e-01  8.64662185e-04 
 9.62000000e-01  8.66186598e-04 
 9.63000000e-01  8.67710015e-04 
 9.64000000e-01  8.69232428e-04 
 9.65000000e-01  8.70753828e-04 
 9.66000000e-01  8.72274207e-04 
 9.67000000e-01  8.73793554e-04 
 9.68000000e-01  8.75311862e-04 
 9.69000000e-01  8.76829121e-04 
 9.70000000e-01  8.78345323e-04 
 9.71000000e-01  8.79860459e-04 
 9.72000000e-01  8.81374519e-04 
 9.73000000e-01  8.82887495e-04 
 9.74000000e-01  8.84399378e-04 
 9.75000000e-01  8.85910159e-04 
 9.76000000e-01  8.87419829e-04 
 9.77000000e-01  8.88928379e-04 
 9.78000000e-01  8.90435799e-04 
 9.79000000e-01  8.91942082e-04 
 9.80000000e-01  8.93447218e-04 
 9.81000000e-01  8.94951197e-04 
 9.82000000e-01  8.96454011e-04 
 9.83000000e-01  8.97955651e-04 
 9.84000000e-01  8.99456107e-04 
 9.85000000e-01  9.00955371e-04 
 9.86000000e-01  9.02453434e-04 
 9.87000000e-01  9.03950285e-04 
 9.88000000e-01  9.05445917e-04 
 9.89000000e-01  9.06940320e-04 
 9.90000000e-01  9.08433485e-04 
 9.91000000e-01  9.09925403e-04 
 9.92000000e-01  9.11416064e-04 
 9.93000000e-01  9.12905459e-04 
 9.94000000e-01  9.14393580e-04 
 9.95000000e-01  9.15880417e-04 
 9.96000000e-01  9.17365961e-04 
 9.97000000e-01  9.18850202e-04 
 9.98000000e-01  9.20333132e-04 
 9.99000000e-01  9.21814741e-04 
 1.00000000e+00  9.23295020e-04 
 1.00100000e+00  9.24773959e-04 
 1.00200000e+00  9.26251550e-04 
 1.00300000e+00  9.27727784e-04 
 1.00400000e+00  9.29202650e-04 
 1.00500000e+00  9.30676139e-04 
 1.00600000e+00  9.32148244e-04 
 1.00700000e+00  9.33618953e-04 
 1.00800000e+00  9.35088258e-04 
 1.00900000e+00  9.36556149e-04 
 1.01000000e+00  9.38022618e-04 
 1.01100000e+00  9.39487654e-04 
 1.01200000e+00  9.40951249e-04 
 1.01300000e+00  9.42413394e-04 
 1.01400000e+00  9.43874078e-04 
 1.01500000e+00  9.45333292e-04 
 1.01600000e+00  9.46791028e-04 
 1.01700000e+00  9.48247276e-04 
 1.01800000e+00  9.49702026e-04 
 1.01900000e+00  9.51155269e-04 
 1.02000000e+00  9.52606997e-04 
 1.02100000e+00  9.54057198e-04 
 1.02200000e+00  9.55505865e-04 
 1.02300000e+00  9.56952987e-04 
 1.02400000e+00  9.58398556e-04 
 1.02500000e+00  9.59842562e-04 
 1.02600000e+00  9.61284995e-04 
 1.02700000e+00  9.62725846e-04 
 1.02800000e+00  9.64165106e-04 
 1.02900000e+00  9.65602766e-04 
 1.03000000e+00  9.67038816e-04 
 1.03100000e+00  9.68473246e-04 
 1.03200000e+00  9.69906048e-04 
 1.03300000e+00  9.71337211e-04 
 1.03400000e+00  9.72766727e-04 
 1.03500000e+00  9.74194586e-04 
 1.03600000e+00  9.75620779e-04 
 1.03700000e+00  9.77045296e-04 
 1.03800000e+00  9.78468127e-04 
 1.03900000e+00  9.79889265e-04 
 1.04000000e+00  9.81308698e-04 
 1.04100000e+00  9.82726418e-04 
 1.04200000e+00  9.84142415e-04 
 1.04300000e+00  9.85556680e-04 
 1.04400000e+00  9.86969204e-04 
 1.04500000e+00  9.88379977e-04 
 1.04600000e+00  9.89788989e-04 
 1.04700000e+00  9.91196232e-04 
 1.04800000e+00  9.92601695e-04 
 1.04900000e+00  9.94005370e-04 
 1.05000000e+00  9.95407247e-04 
 1.05100000e+00  9.96807317e-04 
 1.05200000e+00  9.98205570e-04 
 1.05300000e+00  9.99601997e-04 
 1.05400000e+00  1.00099659e-03 
 1.05500000e+00  1.00238933e-03 
 1.05600000e+00  1.00378023e-03 
 1.05700000e+00  1.00516926e-03 
 1.05800000e+00  1.00655641e-03 
 1.05900000e+00  1.00794169e-03 
 1.06000000e+00  1.00932507e-03 
 1.06100000e+00  1.01070655e-03 
 1.06200000e+00  1.01208612e-03 
 1.06300000e+00  1.01346377e-03 
 1.06400000e+00  1.01483949e-03 
 1.06500000e+00  1.01621327e-03 
 1.06600000e+00  1.01758511e-03 
 1.06700000e+00  1.01895499e-03 
 1.06800000e+00  1.02032290e-03 
 1.06900000e+00  1.02168883e-03 
 1.07000000e+00  1.02305278e-03 
 1.07100000e+00  1.02441474e-03 
 1.07200000e+00  1.02577469e-03 
 1.07300000e+00  1.02713263e-03 
 1.07400000e+00  1.02848854e-03 
 1.07500000e+00  1.02984243e-03 
 1.07600000e+00  1.03119427e-03 
 1.07700000e+00  1.03254407e-03 
 1.07800000e+00  1.03389180e-03 
 1.07900000e+00  1.03523746e-03 
 1.08000000e+00  1.03658105e-03 
 1.08100000e+00  1.03792255e-03 
 1.08200000e+00  1.03926195e-03 
 1.08300000e+00  1.04059925e-03 
 1.08400000e+00  1.04193443e-03 
 1.08500000e+00  1.04326749e-03 
 1.08600000e+00  1.04459841e-03 
 1.08700000e+00  1.04592719e-03 
 1.08800000e+00  1.04725382e-03 
 1.08900000e+00  1.04857829e-03 
 1.09000000e+00  1.04990059e-03 
 1.09100000e+00  1.05122070e-03 
 1.09200000e+00  1.05253863e-03 
 1.09300000e+00  1.05385436e-03 
 1.09400000e+00  1.05516789e-03 
 1.09500000e+00  1.05647920e-03 
 1.09600000e+00  1.05778828e-03 
 1.09700000e+00  1.05909513e-03 
 1.09800000e+00  1.06039973e-03 
 1.09900000e+00  1.06170208e-03 
 1.10000000e+00  1.06300217e-03 
 1.10100000e+00  1.06429999e-03 
 1.10200000e+00  1.06559553e-03 
 1.10300000e+00  1.06688878e-03 
 1.10400000e+00  1.06817974e-03 
 1.10500000e+00  1.06946838e-03 
 1.10600000e+00  1.07075471e-03 
 1.10700000e+00  1.07203871e-03 
 1.10800000e+00  1.07332038e-03 
 1.10900000e+00  1.07459971e-03 
 1.11000000e+00  1.07587668e-03 
 1.11100000e+00  1.07715130e-03 
 1.11200000e+00  1.07842354e-03 
 1.11300000e+00  1.07969341e-03 
 1.11400000e+00  1.08096088e-03 
 1.11500000e+00  1.08222596e-03 
 1.11600000e+00  1.08348863e-03 
 1.11700000e+00  1.08474889e-03 
 1.11800000e+00  1.08600673e-03 
 1.11900000e+00  1.08726213e-03 
 1.12000000e+00  1.08851509e-03 
 1.12100000e+00  1.08976560e-03 
 1.12200000e+00  1.09101365e-03 
 1.12300000e+00  1.09225924e-03 
 1.12400000e+00  1.09350234e-03 
 1.12500000e+00  1.09474297e-03 
 1.12600000e+00  1.09598109e-03 
 1.12700000e+00  1.09721672e-03 
 1.12800000e+00  1.09844983e-03 
 1.12900000e+00  1.09968042e-03 
 1.13000000e+00  1.10090848e-03 
 1.13100000e+00  1.10213401e-03 
 1.13200000e+00  1.10335699e-03 
 1.13300000e+00  1.10457741e-03 
 1.13400000e+00  1.10579527e-03 
 1.13500000e+00  1.10701055e-03 
 1.13600000e+00  1.10822326e-03 
 1.13700000e+00  1.10943337e-03 
 1.13800000e+00  1.11064089e-03 
 1.13900000e+00  1.11184579e-03 
 1.14000000e+00  1.11304809e-03 
 1.14100000e+00  1.11424776e-03 
 1.14200000e+00  1.11544479e-03 
 1.14300000e+00  1.11663918e-03 
 1.14400000e+00  1.11783093e-03 
 1.14500000e+00  1.11902001e-03 
 1.14600000e+00  1.12020643e-03 
 1.14700000e+00  1.12139018e-03 
 1.14800000e+00  1.12257124e-03 
 1.14900000e+00  1.12374960e-03 
 1.15000000e+00  1.12492527e-03 
 1.15100000e+00  1.12609823e-03 
 1.15200000e+00  1.12726847e-03 
 1.15300000e+00  1.12843598e-03 
 1.15400000e+00  1.12960076e-03 
 1.15500000e+00  1.13076280e-03 
 1.15600000e+00  1.13192209e-03 
 1.15700000e+00  1.13307862e-03 
 1.15800000e+00  1.13423238e-03 
 1.15900000e+00  1.13538336e-03 
 1.16000000e+00  1.13653156e-03 
 1.16100000e+00  1.13767697e-03 
 1.16200000e+00  1.13881958e-03 
 1.16300000e+00  1.13995938e-03 
 1.16400000e+00  1.14109637e-03 
 1.16500000e+00  1.14223053e-03 
 1.16600000e+00  1.14336186e-03 
 1.16700000e+00  1.14449034e-03 
 1.16800000e+00  1.14561598e-03 
 1.16900000e+00  1.14673876e-03 
 1.17000000e+00  1.14785867e-03 
 1.17100000e+00  1.14897572e-03 
 1.17200000e+00  1.15008988e-03 
 1.17300000e+00  1.15120115e-03 
 1.17400000e+00  1.15230952e-03 
 1.17500000e+00  1.15341499e-03 
 1.17600000e+00  1.15451755e-03 
 1.17700000e+00  1.15561718e-03 
 1.17800000e+00  1.15671389e-03 
 1.17900000e+00  1.15780766e-03 
 1.18000000e+00  1.15889849e-03 
 1.18100000e+00  1.15998636e-03 
 1.18200000e+00  1.16107127e-03 
 1.18300000e+00  1.16215322e-03 
 1.18400000e+00  1.16323219e-03 
 1.18500000e+00  1.16430818e-03 
 1.18600000e+00  1.16538117e-03 
 1.18700000e+00  1.16645117e-03 
 1.18800000e+00  1.16751816e-03 
 1.18900000e+00  1.16858214e-03 
 1.19000000e+00  1.16964309e-03 
 1.19100000e+00  1.17070102e-03 
 1.19200000e+00  1.17175591e-03 
 1.19300000e+00  1.17280775e-03 
 1.19400000e+00  1.17385654e-03 
 1.19500000e+00  1.17490228e-03 
 1.19600000e+00  1.17594494e-03 
 1.19700000e+00  1.17698454e-03 
 1.19800000e+00  1.17802105e-03 
 1.19900000e+00  1.17905447e-03 
 1.20000000e+00  1.18008479e-03 
 1.20100000e+00  1.18111201e-03 
 1.20200000e+00  1.18213612e-03 
 1.20300000e+00  1.18315711e-03 
 1.20400000e+00  1.18417497e-03 
 1.20500000e+00  1.18518970e-03 
 1.20600000e+00  1.18620129e-03 
 1.20700000e+00  1.18720973e-03 
 1.20800000e+00  1.18821502e-03 
 1.20900000e+00  1.18921714e-03 
 1.21000000e+00  1.19021609e-03 
 1.21100000e+00  1.19121187e-03 
 1.21200000e+00  1.19220447e-03 
 1.21300000e+00  1.19319387e-03 
 1.21400000e+00  1.19418007e-03 
 1.21500000e+00  1.19516307e-03 
 1.21600000e+00  1.19614286e-03 
 1.21700000e+00  1.19711943e-03 
 1.21800000e+00  1.19809277e-03 
 1.21900000e+00  1.19906288e-03 
 1.22000000e+00  1.20002975e-03 
 1.22100000e+00  1.20099338e-03 
 1.22200000e+00  1.20195375e-03 
 1.22300000e+00  1.20291086e-03 
 1.22400000e+00  1.20386470e-03 
 1.22500000e+00  1.20481527e-03 
 1.22600000e+00  1.20576256e-03 
 1.22700000e+00  1.20670656e-03 
 1.22800000e+00  1.20764726e-03 
 1.22900000e+00  1.20858467e-03 
 1.23000000e+00  1.20951876e-03 
 1.23100000e+00  1.21044954e-03 
 1.23200000e+00  1.21137701e-03 
 1.23300000e+00  1.21230114e-03 
 1.23400000e+00  1.21322194e-03 
 1.23500000e+00  1.21413940e-03 
 1.23600000e+00  1.21505351e-03 
 1.23700000e+00  1.21596427e-03 
 1.23800000e+00  1.21687167e-03 
 1.23900000e+00  1.21777570e-03 
 1.24000000e+00  1.21867635e-03 
 1.24100000e+00  1.21957363e-03 
 1.24200000e+00  1.22046753e-03 
 1.24300000e+00  1.22135803e-03 
 1.24400000e+00  1.22224513e-03 
 1.24500000e+00  1.22312883e-03 
 1.24600000e+00  1.22400911e-03 
 1.24700000e+00  1.22488598e-03 
 1.24800000e+00  1.22575943e-03 
 1.24900000e+00  1.22662945e-03 
 1.25000000e+00  1.22749603e-03 
 1.25100000e+00  1.22835917e-03 
 1.25200000e+00  1.22921886e-03 
 1.25300000e+00  1.23007510e-03 
 1.25400000e+00  1.23092788e-03 
 1.25500000e+00  1.23177719e-03 
 1.25600000e+00  1.23262303e-03 
 1.25700000e+00  1.23346539e-03 
 1.25800000e+00  1.23430427e-03 
 1.25900000e+00  1.23513966e-03 
 1.26000000e+00  1.23597155e-03 
 1.26100000e+00  1.23679994e-03 
 1.26200000e+00  1.23762483e-03 
 1.26300000e+00  1.23844620e-03 
 1.26400000e+00  1.23926405e-03 
 1.26500000e+00  1.24007838e-03 
 1.26600000e+00  1.24088918e-03 
 1.26700000e+00  1.24169644e-03 
 1.26800000e+00  1.24250016e-03 
 1.26900000e+00  1.24330033e-03 
 1.27000000e+00  1.24409695e-03 
 1.27100000e+00  1.24489002e-03 
 1.27200000e+00  1.24567952e-03 
 1.27300000e+00  1.24646545e-03 
 1.27400000e+00  1.24724780e-03 
 1.27500000e+00  1.24802658e-03 
 1.27600000e+00  1.24880177e-03 
 1.27700000e+00  1.24957336e-03 
 1.27800000e+00  1.25034137e-03 
 1.27900000e+00  1.25110577e-03 
 1.28000000e+00  1.25186656e-03 
 1.28100000e+00  1.25262374e-03 
 1.28200000e+00  1.25337730e-03 
 1.28300000e+00  1.25412725e-03 
 1.28400000e+00  1.25487356e-03 
 1.28500000e+00  1.25561624e-03 
 1.28600000e+00  1.25635528e-03 
 1.28700000e+00  1.25709068e-03 
 1.28800000e+00  1.25782243e-03 
 1.28900000e+00  1.25855053e-03 
 1.29000000e+00  1.25927497e-03 
 1.29100000e+00  1.25999574e-03 
 1.29200000e+00  1.26071285e-03 
 1.29300000e+00  1.26142629e-03 
 1.29400000e+00  1.26213604e-03 
 1.29500000e+00  1.26284212e-03 
 1.29600000e+00  1.26354451e-03 
 1.29700000e+00  1.26424320e-03 
 1.29800000e+00  1.26493820e-03 
 1.29900000e+00  1.26562949e-03 
 1.30000000e+00  1.26631708e-03 
 1.30100000e+00  1.26700096e-03 
 1.30200000e+00  1.26768112e-03 
 1.30300000e+00  1.26835756e-03 
 1.30400000e+00  1.26903027e-03 
 1.30500000e+00  1.26969926e-03 
 1.30600000e+00  1.27036451e-03 
 1.30700000e+00  1.27102602e-03 
 1.30800000e+00  1.27168379e-03 
 1.30900000e+00  1.27233781e-03 
 1.31000000e+00  1.27298808e-03 
 1.31100000e+00  1.27363460e-03 
 1.31200000e+00  1.27427735e-03 
 1.31300000e+00  1.27491634e-03 
 1.31400000e+00  1.27555156e-03 
 1.31500000e+00  1.27618300e-03 
 1.31600000e+00  1.27681067e-03 
 1.31700000e+00  1.27743455e-03 
 1.31800000e+00  1.27805465e-03 
 1.31900000e+00  1.27867096e-03 
 1.32000000e+00  1.27928348e-03 
 1.32100000e+00  1.27989219e-03 
 1.32200000e+00  1.28049711e-03 
 1.32300000e+00  1.28109821e-03 
 1.32400000e+00  1.28169551e-03 
 1.32500000e+00  1.28228899e-03 
 1.32600000e+00  1.28287866e-03 
 1.32700000e+00  1.28346450e-03 
 1.32800000e+00  1.28404652e-03 
 1.32900000e+00  1.28462470e-03 
 1.33000000e+00  1.28519906e-03 
 1.33100000e+00  1.28576957e-03 
 1.33200000e+00  1.28633625e-03 
 1.33300000e+00  1.28689908e-03 
 1.33400000e+00  1.28745806e-03 
 1.33500000e+00  1.28801319e-03 
 1.33600000e+00  1.28856446e-03 
 1.33700000e+00  1.28911188e-03 
 1.33800000e+00  1.28965543e-03 
 1.33900000e+00  1.29019512e-03 
 1.34000000e+00  1.29073093e-03 
 1.34100000e+00  1.29126288e-03 
 1.34200000e+00  1.29179094e-03 
 1.34300000e+00  1.29231513e-03 
 1.34400000e+00  1.29283544e-03 
 1.34500000e+00  1.29335185e-03 
 1.34600000e+00  1.29386438e-03 
 1.34700000e+00  1.29437301e-03 
 1.34800000e+00  1.29487775e-03 
 1.34900000e+00  1.29537859e-03 
 1.35000000e+00  1.29587553e-03 
 1.35100000e+00  1.29636856e-03 
 1.35200000e+00  1.29685768e-03 
 1.35300000e+00  1.29734289e-03 
 1.35400000e+00  1.29782418e-03 
 1.35500000e+00  1.29830156e-03 
 1.35600000e+00  1.29877502e-03 
 1.35700000e+00  1.29924455e-03 
 1.35800000e+00  1.29971015e-03 
 1.35900000e+00  1.30017183e-03 
 1.36000000e+00  1.30062957e-03 
 1.36100000e+00  1.30108338e-03 
 1.36200000e+00  1.30153325e-03 
 1.36300000e+00  1.30197918e-03 
 1.36400000e+00  1.30242116e-03 
 1.36500000e+00  1.30285920e-03 
 1.36600000e+00  1.30329329e-03 
 1.36700000e+00  1.30372343e-03 
 1.36800000e+00  1.30414962e-03 
 1.36900000e+00  1.30457184e-03 
 1.37000000e+00  1.30499011e-03 
 1.37100000e+00  1.30540442e-03 
 1.37200000e+00  1.30581476e-03 
 1.37300000e+00  1.30622114e-03 
 1.37400000e+00  1.30662355e-03 
 1.37500000e+00  1.30702199e-03 
 1.37600000e+00  1.30741645e-03 
 1.37700000e+00  1.30780694e-03 
 1.37800000e+00  1.30819344e-03 
 1.37900000e+00  1.30857597e-03 
 1.38000000e+00  1.30895452e-03 
 1.38100000e+00  1.30932908e-03 
 1.38200000e+00  1.30969965e-03 
 1.38300000e+00  1.31006624e-03 
 1.38400000e+00  1.31042883e-03 
 1.38500000e+00  1.31078743e-03 
 1.38600000e+00  1.31114204e-03 
 1.38700000e+00  1.31149265e-03 
 1.38800000e+00  1.31183925e-03 
 1.38900000e+00  1.31218186e-03 
 1.39000000e+00  1.31252047e-03 
 1.39100000e+00  1.31285507e-03 
 1.39200000e+00  1.31318566e-03 
 1.39300000e+00  1.31351224e-03 
 1.39400000e+00  1.31383482e-03 
 1.39500000e+00  1.31415338e-03 
 1.39600000e+00  1.31446793e-03 
 1.39700000e+00  1.31477846e-03 
 1.39800000e+00  1.31508498e-03 
 1.39900000e+00  1.31538748e-03 
 1.40000000e+00  1.31568596e-03 
 1.40100000e+00  1.31598041e-03 
 1.40200000e+00  1.31627085e-03 
 1.40300000e+00  1.31655725e-03 
 1.40400000e+00  1.31683964e-03 
 1.40500000e+00  1.31711799e-03 
 1.40600000e+00  1.31739232e-03 
 1.40700000e+00  1.31766261e-03 
 1.40800000e+00  1.31792888e-03 
 1.40900000e+00  1.31819111e-03 
 1.41000000e+00  1.31844930e-03 
 1.41100000e+00  1.31870347e-03 
 1.41200000e+00  1.31895359e-03 
 1.41300000e+00  1.31919968e-03 
 1.41400000e+00  1.31944173e-03 
 1.41500000e+00  1.31967973e-03 
 1.41600000e+00  1.31991370e-03 
 1.41700000e+00  1.32014363e-03 
 1.41800000e+00  1.32036951e-03 
 1.41900000e+00  1.32059135e-03 
 1.42000000e+00  1.32080914e-03 
 1.42100000e+00  1.32102289e-03 
 1.42200000e+00  1.32123259e-03 
 1.42300000e+00  1.32143824e-03 
 1.42400000e+00  1.32163984e-03 
 1.42500000e+00  1.32183740e-03 
 1.42600000e+00  1.32203090e-03 
 1.42700000e+00  1.32222036e-03 
 1.42800000e+00  1.32240576e-03 
 1.42900000e+00  1.32258711e-03 
 1.43000000e+00  1.32276441e-03 
 1.43100000e+00  1.32293765e-03 
 1.43200000e+00  1.32310684e-03 
 1.43300000e+00  1.32327198e-03 
 1.43400000e+00  1.32343306e-03 
 1.43500000e+00  1.32359009e-03 
 1.43600000e+00  1.32374306e-03 
 1.43700000e+00  1.32389197e-03 
 1.43800000e+00  1.32403683e-03 
 1.43900000e+00  1.32417763e-03 
 1.44000000e+00  1.32431437e-03 
 1.44100000e+00  1.32444706e-03 
 1.44200000e+00  1.32457568e-03 
 1.44300000e+00  1.32470025e-03 
 1.44400000e+00  1.32482076e-03 
 1.44500000e+00  1.32493722e-03 
 1.44600000e+00  1.32504961e-03 
 1.44700000e+00  1.32515795e-03 
 1.44800000e+00  1.32526222e-03 
 1.44900000e+00  1.32536244e-03 
 1.45000000e+00  1.32545860e-03 
 1.45100000e+00  1.32555070e-03 
 1.45200000e+00  1.32563874e-03 
 1.45300000e+00  1.32572272e-03 
 1.45400000e+00  1.32580265e-03 
 1.45500000e+00  1.32587851e-03 
 1.45600000e+00  1.32595032e-03 
 1.45700000e+00  1.32601807e-03 
 1.45800000e+00  1.32608176e-03 
 1.45900000e+00  1.32614139e-03 
 1.46000000e+00  1.32619697e-03 
 1.46100000e+00  1.32624849e-03 
 1.46200000e+00  1.32629595e-03 
 1.46300000e+00  1.32633936e-03 
 1.46400000e+00  1.32637871e-03 
 1.46500000e+00  1.32641400e-03 
 1.46600000e+00  1.32644525e-03 
 1.46700000e+00  1.32647243e-03 
 1.46800000e+00  1.32649556e-03 
 1.46900000e+00  1.32651464e-03 
 1.47000000e+00  1.32652967e-03 
 1.47100000e+00  1.32654064e-03 
 1.47200000e+00  1.32654757e-03 
 1.47300000e+00  1.32655044e-03 
 1.47400000e+00  1.32654926e-03 
 1.47500000e+00  1.32654404e-03 
 1.47600000e+00  1.32653476e-03 
 1.47700000e+00  1.32652144e-03 
 1.47800000e+00  1.32650407e-03 
 1.47900000e+00  1.32648265e-03 
 1.48000000e+00  1.32645719e-03 
 1.48100000e+00  1.32642769e-03 
 1.48200000e+00  1.32639414e-03 
 1.48300000e+00  1.32635655e-03 
 1.48400000e+00  1.32631492e-03 
 1.48500000e+00  1.32626925e-03 
 1.48600000e+00  1.32621954e-03 
 1.48700000e+00  1.32616579e-03 
 1.48800000e+00  1.32610800e-03 
 1.48900000e+00  1.32604618e-03 
 1.49000000e+00  1.32598033e-03 
 1.49100000e+00  1.32591044e-03 
 1.49200000e+00  1.32583652e-03 
 1.49300000e+00  1.32575857e-03 
 1.49400000e+00  1.32567659e-03 
 1.49500000e+00  1.32559058e-03 
 1.49600000e+00  1.32550054e-03 
 1.49700000e+00  1.32540648e-03 
 1.49800000e+00  1.32530840e-03 
 1.49900000e+00  1.32520629e-03 
 1.50000000e+00  1.32510016e-03 
 1.50100000e+00  1.32499001e-03 
 1.50200000e+00  1.32487585e-03 
 1.50300000e+00  1.32475767e-03 
 1.50400000e+00  1.32463547e-03 
 1.50500000e+00  1.32450926e-03 
 1.50600000e+00  1.32437904e-03 
 1.50700000e+00  1.32424481e-03 
 1.50800000e+00  1.32410657e-03 
 1.50900000e+00  1.32396433e-03 
 1.51000000e+00  1.32381808e-03 
 1.51100000e+00  1.32366783e-03 
 1.51200000e+00  1.32351357e-03 
 1.51300000e+00  1.32335532e-03 
 1.51400000e+00  1.32319307e-03 
 1.51500000e+00  1.32302683e-03 
 1.51600000e+00  1.32285659e-03 
 1.51700000e+00  1.32268236e-03 
 1.51800000e+00  1.32250414e-03 
 1.51900000e+00  1.32232194e-03 
 1.52000000e+00  1.32213575e-03 
 1.52100000e+00  1.32194557e-03 
 1.52200000e+00  1.32175142e-03 
 1.52300000e+00  1.32155329e-03 
 1.52400000e+00  1.32135118e-03 
 1.52500000e+00  1.32114509e-03 
 1.52600000e+00  1.32093503e-03 
 1.52700000e+00  1.32072101e-03 
 1.52800000e+00  1.32050301e-03 
 1.52900000e+00  1.32028105e-03 
 1.53000000e+00  1.32005513e-03 
 1.53100000e+00  1.31982524e-03 
 1.53200000e+00  1.31959140e-03 
 1.53300000e+00  1.31935360e-03 
 1.53400000e+00  1.31911185e-03 
 1.53500000e+00  1.31886615e-03 
 1.53600000e+00  1.31861650e-03 
 1.53700000e+00  1.31836290e-03 
 1.53800000e+00  1.31810536e-03 
 1.53900000e+00  1.31784388e-03 
 1.54000000e+00  1.31757846e-03 
 1.54100000e+00  1.31730910e-03 
 1.54200000e+00  1.31703582e-03 
 1.54300000e+00  1.31675860e-03 
 1.54400000e+00  1.31647745e-03 
 1.54500000e+00  1.31619238e-03 
 1.54600000e+00  1.31590339e-03 
 1.54700000e+00  1.31561048e-03 
 1.54800000e+00  1.31531365e-03 
 1.54900000e+00  1.31501291e-03 
 1.55000000e+00  1.31470825e-03 
 1.55100000e+00  1.31439969e-03 
 1.55200000e+00  1.31408723e-03 
 1.55300000e+00  1.31377086e-03 
 1.55400000e+00  1.31345060e-03 
 1.55500000e+00  1.31312644e-03 
 1.55600000e+00  1.31279838e-03 
 1.55700000e+00  1.31246644e-03 
 1.55800000e+00  1.31213061e-03 
 1.55900000e+00  1.31179089e-03 
 1.56000000e+00  1.31144730e-03 
 1.56100000e+00  1.31109983e-03 
 1.56200000e+00  1.31074848e-03 
 1.56300000e+00  1.31039327e-03 
 1.56400000e+00  1.31003418e-03 
 1.56500000e+00  1.30967124e-03 
 1.56600000e+00  1.30930443e-03 
 1.56700000e+00  1.30893376e-03 
 1.56800000e+00  1.30855924e-03 
 1.56900000e+00  1.30818087e-03 
 1.57000000e+00  1.30779865e-03 
 1.57100000e+00  1.30741259e-03 
 1.57200000e+00  1.30702269e-03 
 1.57300000e+00  1.30662895e-03 
 1.57400000e+00  1.30623137e-03 
 1.57500000e+00  1.30582997e-03 
 1.57600000e+00  1.30542474e-03 
 1.57700000e+00  1.30501569e-03 
 1.57800000e+00  1.30460282e-03 
 1.57900000e+00  1.30418613e-03 
 1.58000000e+00  1.30376563e-03 
 1.58100000e+00  1.30334132e-03 
 1.58200000e+00  1.30291321e-03 
 1.58300000e+00  1.30248130e-03 
 1.58400000e+00  1.30204559e-03 
 1.58500000e+00  1.30160608e-03 
 1.58600000e+00  1.30116279e-03 
 1.58700000e+00  1.30071571e-03 
 1.58800000e+00  1.30026485e-03 
 1.58900000e+00  1.29981021e-03 
 1.59000000e+00  1.29935180e-03 
 1.59100000e+00  1.29888962e-03 
 1.59200000e+00  1.29842367e-03 
 1.59300000e+00  1.29795396e-03 
 1.59400000e+00  1.29748050e-03 
 1.59500000e+00  1.29700328e-03 
 1.59600000e+00  1.29652230e-03 
 1.59700000e+00  1.29603759e-03 
 1.59800000e+00  1.29554913e-03 
 1.59900000e+00  1.29505693e-03 
 1.60000000e+00  1.29456100e-03 
 1.60100000e+00  1.29406134e-03 
 1.60200000e+00  1.29355796e-03 
 1.60300000e+00  1.29305085e-03 
 1.60400000e+00  1.29254003e-03 
 1.60500000e+00  1.29202550e-03 
 1.60600000e+00  1.29150726e-03 
 1.60700000e+00  1.29098531e-03 
 1.60800000e+00  1.29045967e-03 
 1.60900000e+00  1.28993033e-03 
 1.61000000e+00  1.28939730e-03 
 1.61100000e+00  1.28886059e-03 
 1.61200000e+00  1.28832019e-03 
 1.61300000e+00  1.28777611e-03 
 1.61400000e+00  1.28722837e-03 
 1.61500000e+00  1.28667695e-03 
 1.61600000e+00  1.28612187e-03 
 1.61700000e+00  1.28556314e-03 
 1.61800000e+00  1.28500074e-03 
 1.61900000e+00  1.28443470e-03 
 1.62000000e+00  1.28386501e-03 
 1.62100000e+00  1.28329169e-03 
 1.62200000e+00  1.28271472e-03 
 1.62300000e+00  1.28213413e-03 
 1.62400000e+00  1.28154991e-03 
 1.62500000e+00  1.28096207e-03 
 1.62600000e+00  1.28037061e-03 
 1.62700000e+00  1.27977553e-03 
 1.62800000e+00  1.27917686e-03 
 1.62900000e+00  1.27857457e-03 
 1.63000000e+00  1.27796870e-03 
 1.63100000e+00  1.27735922e-03 
 1.63200000e+00  1.27674616e-03 
 1.63300000e+00  1.27612952e-03 
 1.63400000e+00  1.27550930e-03 
 1.63500000e+00  1.27488551e-03 
 1.63600000e+00  1.27425815e-03 
 1.63700000e+00  1.27362722e-03 
 1.63800000e+00  1.27299274e-03 
 1.63900000e+00  1.27235471e-03 
 1.64000000e+00  1.27171313e-03 
 1.64100000e+00  1.27106800e-03 
 1.64200000e+00  1.27041934e-03 
 1.64300000e+00  1.26976714e-03 
 1.64400000e+00  1.26911142e-03 
 1.64500000e+00  1.26845218e-03 
 1.64600000e+00  1.26778942e-03 
 1.64700000e+00  1.26712314e-03 
 1.64800000e+00  1.26645337e-03 
 1.64900000e+00  1.26578009e-03 
 1.65000000e+00  1.26510331e-03 
 1.65100000e+00  1.26442305e-03 
 1.65200000e+00  1.26373930e-03 
 1.65300000e+00  1.26305207e-03 
 1.65400000e+00  1.26236136e-03 
 1.65500000e+00  1.26166719e-03 
 1.65600000e+00  1.26096955e-03 
 1.65700000e+00  1.26026846e-03 
 1.65800000e+00  1.25956391e-03 
 1.65900000e+00  1.25885592e-03 
 1.66000000e+00  1.25814448e-03 
 1.66100000e+00  1.25742961e-03 
 1.66200000e+00  1.25671131e-03 
 1.66300000e+00  1.25598958e-03 
 1.66400000e+00  1.25526444e-03 
 1.66500000e+00  1.25453588e-03 
 1.66600000e+00  1.25380391e-03 
 1.66700000e+00  1.25306854e-03 
 1.66800000e+00  1.25232978e-03 
 1.66900000e+00  1.25158762e-03 
 1.67000000e+00  1.25084208e-03 
 1.67100000e+00  1.25009316e-03 
 1.67200000e+00  1.24934086e-03 
 1.67300000e+00  1.24858520e-03 
 1.67400000e+00  1.24782617e-03 
 1.67500000e+00  1.24706379e-03 
 1.67600000e+00  1.24629806e-03 
 1.67700000e+00  1.24552898e-03 
 1.67800000e+00  1.24475657e-03 
 1.67900000e+00  1.24398082e-03 
 1.68000000e+00  1.24320174e-03 
 1.68100000e+00  1.24241935e-03 
 1.68200000e+00  1.24163364e-03 
 1.68300000e+00  1.24084462e-03 
 1.68400000e+00  1.24005229e-03 
 1.68500000e+00  1.23925667e-03 
 1.68600000e+00  1.23845776e-03 
 1.68700000e+00  1.23765557e-03 
 1.68800000e+00  1.23685009e-03 
 1.68900000e+00  1.23604134e-03 
 1.69000000e+00  1.23522933e-03 
 1.69100000e+00  1.23441405e-03 
 1.69200000e+00  1.23359552e-03 
 1.69300000e+00  1.23277375e-03 
 1.69400000e+00  1.23194873e-03 
 1.69500000e+00  1.23112047e-03 
 1.69600000e+00  1.23028899e-03 
 1.69700000e+00  1.22945428e-03 
 1.69800000e+00  1.22861636e-03 
 1.69900000e+00  1.22777522e-03 
 1.70000000e+00  1.22693088e-03 
 1.70100000e+00  1.22608334e-03 
 1.70200000e+00  1.22523261e-03 
 1.70300000e+00  1.22437869e-03 
 1.70400000e+00  1.22352160e-03 
 1.70500000e+00  1.22266133e-03 
 1.70600000e+00  1.22179790e-03 
 1.70700000e+00  1.22093130e-03 
 1.70800000e+00  1.22006156e-03 
 1.70900000e+00  1.21918866e-03 
 1.71000000e+00  1.21831263e-03 
 1.71100000e+00  1.21743346e-03 
 1.71200000e+00  1.21655116e-03 
 1.71300000e+00  1.21566574e-03 
 1.71400000e+00  1.21477721e-03 
 1.71500000e+00  1.21388557e-03 
 1.71600000e+00  1.21299083e-03 
 1.71700000e+00  1.21209300e-03 
 1.71800000e+00  1.21119207e-03 
 1.71900000e+00  1.21028807e-03 
 1.72000000e+00  1.20938099e-03 
 1.72100000e+00  1.20847084e-03 
 1.72200000e+00  1.20755763e-03 
 1.72300000e+00  1.20664137e-03 
 1.72400000e+00  1.20572206e-03 
 1.72500000e+00  1.20479970e-03 
 1.72600000e+00  1.20387431e-03 
 1.72700000e+00  1.20294590e-03 
 1.72800000e+00  1.20201446e-03 
 1.72900000e+00  1.20108001e-03 
 1.73000000e+00  1.20014255e-03 
 1.73100000e+00  1.19920210e-03 
 1.73200000e+00  1.19825864e-03 
 1.73300000e+00  1.19731221e-03 
 1.73400000e+00  1.19636279e-03 
 1.73500000e+00  1.19541040e-03 
 1.73600000e+00  1.19445504e-03 
 1.73700000e+00  1.19349672e-03 
 1.73800000e+00  1.19253545e-03 
 1.73900000e+00  1.19157124e-03 
 1.74000000e+00  1.19060409e-03 
 1.74100000e+00  1.18963400e-03 
 1.74200000e+00  1.18866100e-03 
 1.74300000e+00  1.18768507e-03 
 1.74400000e+00  1.18670624e-03 
 1.74500000e+00  1.18572450e-03 
 1.74600000e+00  1.18473986e-03 
 1.74700000e+00  1.18375234e-03 
 1.74800000e+00  1.18276194e-03 
 1.74900000e+00  1.18176866e-03 
 1.75000000e+00  1.18077251e-03 
 1.75100000e+00  1.17977350e-03 
 1.75200000e+00  1.17877164e-03 
 1.75300000e+00  1.17776694e-03 
 1.75400000e+00  1.17675939e-03 
 1.75500000e+00  1.17574901e-03 
 1.75600000e+00  1.17473581e-03 
 1.75700000e+00  1.17371979e-03 
 1.75800000e+00  1.17270096e-03 
 1.75900000e+00  1.17167933e-03 
 1.76000000e+00  1.17065490e-03 
 1.76100000e+00  1.16962769e-03 
 1.76200000e+00  1.16859769e-03 
 1.76300000e+00  1.16756492e-03 
 1.76400000e+00  1.16652939e-03 
 1.76500000e+00  1.16549109e-03 
 1.76600000e+00  1.16445005e-03 
 1.76700000e+00  1.16340626e-03 
 1.76800000e+00  1.16235973e-03 
 1.76900000e+00  1.16131047e-03 
 1.77000000e+00  1.16025850e-03 
 1.77100000e+00  1.15920380e-03 
 1.77200000e+00  1.15814641e-03 
 1.77300000e+00  1.15708631e-03 
 1.77400000e+00  1.15602352e-03 
 1.77500000e+00  1.15495804e-03 
 1.77600000e+00  1.15388989e-03 
 1.77700000e+00  1.15281907e-03 
 1.77800000e+00  1.15174558e-03 
 1.77900000e+00  1.15066944e-03 
 1.78000000e+00  1.14959066e-03 
 1.78100000e+00  1.14850923e-03 
 1.78200000e+00  1.14742518e-03 
 1.78300000e+00  1.14633850e-03 
 1.78400000e+00  1.14524920e-03 
 1.78500000e+00  1.14415729e-03 
 1.78600000e+00  1.14306279e-03 
 1.78700000e+00  1.14196568e-03 
 1.78800000e+00  1.14086600e-03 
 1.78900000e+00  1.13976373e-03 
 1.79000000e+00  1.13865889e-03 
 1.79100000e+00  1.13755149e-03 
 1.79200000e+00  1.13644154e-03 
 1.79300000e+00  1.13532904e-03 
 1.79400000e+00  1.13421399e-03 
 1.79500000e+00  1.13309642e-03 
 1.79600000e+00  1.13197632e-03 
 1.79700000e+00  1.13085371e-03 
 1.79800000e+00  1.12972858e-03 
 1.79900000e+00  1.12860095e-03 
 1.80000000e+00  1.12747084e-03 
