 0.00000000e+00  1.48175535e-07 
 1.00000000e-03  1.52083515e-07 
 2.00000000e-03  1.56091724e-07 
 3.00000000e-03  1.60202623e-07 
 4.00000000e-03  1.64418727e-07 
 5.00000000e-03  1.68742609e-07 
 6.00000000e-03  1.73176903e-07 
 7.00000000e-03  1.77724298e-07 
 8.00000000e-03  1.82387546e-07 
 9.00000000e-03  1.87169462e-07 
 1.00000000e-02  1.92072923e-07 
 1.10000000e-02  1.97100870e-07 
 1.20000000e-02  2.02256309e-07 
 1.30000000e-02  2.07542315e-07 
 1.40000000e-02  2.12962030e-07 
 1.50000000e-02  2.18518663e-07 
 1.60000000e-02  2.24215499e-07 
 1.70000000e-02  2.30055889e-07 
 1.80000000e-02  2.36043262e-07 
 1.90000000e-02  2.42181120e-07 
 2.00000000e-02  2.48473040e-07 
 2.10000000e-02  2.54922677e-07 
 2.20000000e-02  2.61533767e-07 
 2.30000000e-02  2.68310123e-07 
 2.40000000e-02  2.75255641e-07 
 2.50000000e-02  2.82374301e-07 
 2.60000000e-02  2.89670167e-07 
 2.70000000e-02  2.97147389e-07 
 2.80000000e-02  3.04810203e-07 
 2.90000000e-02  3.12662936e-07 
 3.00000000e-02  3.20710006e-07 
 3.10000000e-02  3.28955920e-07 
 3.20000000e-02  3.37405283e-07 
 3.30000000e-02  3.46062791e-07 
 3.40000000e-02  3.54933238e-07 
 3.50000000e-02  3.64021519e-07 
 3.60000000e-02  3.73332624e-07 
 3.70000000e-02  3.82871649e-07 
 3.80000000e-02  3.92643790e-07 
 3.90000000e-02  4.02654349e-07 
 4.00000000e-02  4.12908734e-07 
 4.10000000e-02  4.23412462e-07 
 4.20000000e-02  4.34171158e-07 
 4.30000000e-02  4.45190558e-07 
 4.40000000e-02  4.56476512e-07 
 4.50000000e-02  4.68034985e-07 
 4.60000000e-02  4.79872057e-07 
 4.70000000e-02  4.91993927e-07 
 4.80000000e-02  5.04406911e-07 
 4.90000000e-02  5.17117450e-07 
 5.00000000e-02  5.30132104e-07 
 5.10000000e-02  5.43457562e-07 
 5.20000000e-02  5.57100634e-07 
 5.30000000e-02  5.71068263e-07 
 5.40000000e-02  5.85367519e-07 
 5.50000000e-02  6.00005603e-07 
 5.60000000e-02  6.14989849e-07 
 5.70000000e-02  6.30327728e-07 
 5.80000000e-02  6.46026844e-07 
 5.90000000e-02  6.62094941e-07 
 6.00000000e-02  6.78539904e-07 
 6.10000000e-02  6.95369755e-07 
 6.20000000e-02  7.12592662e-07 
 6.30000000e-02  7.30216938e-07 
 6.40000000e-02  7.48251040e-07 
 6.50000000e-02  7.66703575e-07 
 6.60000000e-02  7.85583298e-07 
 6.70000000e-02  8.04899114e-07 
 6.80000000e-02  8.24660083e-07 
 6.90000000e-02  8.44875418e-07 
 7.00000000e-02  8.65554487e-07 
 7.10000000e-02  8.86706816e-07 
 7.20000000e-02  9.08342088e-07 
 7.30000000e-02  9.30470148e-07 
 7.40000000e-02  9.53101001e-07 
 7.50000000e-02  9.76244817e-07 
 7.60000000e-02  9.99911928e-07 
 7.70000000e-02  1.02411283e-06 
 7.80000000e-02  1.04885820e-06 
 7.90000000e-02  1.07415886e-06 
 8.00000000e-02  1.10002581e-06 
 8.10000000e-02  1.12647024e-06 
 8.20000000e-02  1.15350349e-06 
 8.30000000e-02  1.18113707e-06 
 8.40000000e-02  1.20938270e-06 
 8.50000000e-02  1.23825222e-06 
 8.60000000e-02  1.26775770e-06 
 8.70000000e-02  1.29791135e-06 
 8.80000000e-02  1.32872558e-06 
 8.90000000e-02  1.36021298e-06 
 9.00000000e-02  1.39238630e-06 
 9.10000000e-02  1.42525849e-06 
 9.20000000e-02  1.45884268e-06 
 9.30000000e-02  1.49315218e-06 
 9.40000000e-02  1.52820048e-06 
 9.50000000e-02  1.56400127e-06 
 9.60000000e-02  1.60056841e-06 
 9.70000000e-02  1.63791594e-06 
 9.80000000e-02  1.67605810e-06 
 9.90000000e-02  1.71500933e-06 
 1.00000000e-01  1.75478422e-06 
 1.01000000e-01  1.79539757e-06 
 1.02000000e-01  1.83686438e-06 
 1.03000000e-01  1.87919981e-06 
 1.04000000e-01  1.92241923e-06 
 1.05000000e-01  1.96653818e-06 
 1.06000000e-01  2.01157242e-06 
 1.07000000e-01  2.05753787e-06 
 1.08000000e-01  2.10445065e-06 
 1.09000000e-01  2.15232706e-06 
 1.10000000e-01  2.20118360e-06 
 1.11000000e-01  2.25103695e-06 
 1.12000000e-01  2.30190399e-06 
 1.13000000e-01  2.35380177e-06 
 1.14000000e-01  2.40674755e-06 
 1.15000000e-01  2.46075875e-06 
 1.16000000e-01  2.51585301e-06 
 1.17000000e-01  2.57204813e-06 
 1.18000000e-01  2.62936210e-06 
 1.19000000e-01  2.68781310e-06 
 1.20000000e-01  2.74741950e-06 
 1.21000000e-01  2.80819984e-06 
 1.22000000e-01  2.87017285e-06 
 1.23000000e-01  2.93335745e-06 
 1.24000000e-01  2.99777273e-06 
 1.25000000e-01  3.06343796e-06 
 1.26000000e-01  3.13037260e-06 
 1.27000000e-01  3.19859627e-06 
 1.28000000e-01  3.26812878e-06 
 1.29000000e-01  3.33899012e-06 
 1.30000000e-01  3.41120045e-06 
 1.31000000e-01  3.48478009e-06 
 1.32000000e-01  3.55974955e-06 
 1.33000000e-01  3.63612951e-06 
 1.34000000e-01  3.71394081e-06 
 1.35000000e-01  3.79320446e-06 
 1.36000000e-01  3.87394165e-06 
 1.37000000e-01  3.95617370e-06 
 1.38000000e-01  4.03992214e-06 
 1.39000000e-01  4.12520863e-06 
 1.40000000e-01  4.21205501e-06 
 1.41000000e-01  4.30048325e-06 
 1.42000000e-01  4.39051552e-06 
 1.43000000e-01  4.48217410e-06 
 1.44000000e-01  4.57548146e-06 
 1.45000000e-01  4.67046020e-06 
 1.46000000e-01  4.76713308e-06 
 1.47000000e-01  4.86552302e-06 
 1.48000000e-01  4.96565306e-06 
 1.49000000e-01  5.06754641e-06 
 1.50000000e-01  5.17122640e-06 
 1.51000000e-01  5.27671653e-06 
 1.52000000e-01  5.38404042e-06 
 1.53000000e-01  5.49322184e-06 
 1.54000000e-01  5.60428468e-06 
 1.55000000e-01  5.71725299e-06 
 1.56000000e-01  5.83215093e-06 
 1.57000000e-01  5.94900280e-06 
 1.58000000e-01  6.06783304e-06 
 1.59000000e-01  6.18866620e-06 
 1.60000000e-01  6.31152696e-06 
 1.61000000e-01  6.43644015e-06 
 1.62000000e-01  6.56343069e-06 
 1.63000000e-01  6.69252363e-06 
 1.64000000e-01  6.82374416e-06 
 1.65000000e-01  6.95711756e-06 
 1.66000000e-01  7.09266925e-06 
 1.67000000e-01  7.23042475e-06 
 1.68000000e-01  7.37040971e-06 
 1.69000000e-01  7.51264987e-06 
 1.70000000e-01  7.65717111e-06 
 1.71000000e-01  7.80399939e-06 
 1.72000000e-01  7.95316080e-06 
 1.73000000e-01  8.10468153e-06 
 1.74000000e-01  8.25858788e-06 
 1.75000000e-01  8.41490626e-06 
 1.76000000e-01  8.57366315e-06 
 1.77000000e-01  8.73488519e-06 
 1.78000000e-01  8.89859907e-06 
 1.79000000e-01  9.06483162e-06 
 1.80000000e-01  9.23360974e-06 
 1.81000000e-01  9.40496044e-06 
 1.82000000e-01  9.57891084e-06 
 1.83000000e-01  9.75548815e-06 
 1.84000000e-01  9.93471968e-06 
 1.85000000e-01  1.01166328e-05 
 1.86000000e-01  1.03012551e-05 
 1.87000000e-01  1.04886140e-05 
 1.88000000e-01  1.06787374e-05 
 1.89000000e-01  1.08716529e-05 
 1.90000000e-01  1.10673884e-05 
 1.91000000e-01  1.12659720e-05 
 1.92000000e-01  1.14674317e-05 
 1.93000000e-01  1.16717956e-05 
 1.94000000e-01  1.18790919e-05 
 1.95000000e-01  1.20893491e-05 
 1.96000000e-01  1.23025956e-05 
 1.97000000e-01  1.25188598e-05 
 1.98000000e-01  1.27381704e-05 
 1.99000000e-01  1.29605561e-05 
 2.00000000e-01  1.31860457e-05 
 2.01000000e-01  1.34146680e-05 
 2.02000000e-01  1.36464521e-05 
 2.03000000e-01  1.38814271e-05 
 2.04000000e-01  1.41196220e-05 
 2.05000000e-01  1.43610661e-05 
 2.06000000e-01  1.46057888e-05 
 2.07000000e-01  1.48538195e-05 
 2.08000000e-01  1.51051878e-05 
 2.09000000e-01  1.53599231e-05 
 2.10000000e-01  1.56180554e-05 
 2.11000000e-01  1.58796142e-05 
 2.12000000e-01  1.61446296e-05 
 2.13000000e-01  1.64131315e-05 
 2.14000000e-01  1.66851499e-05 
 2.15000000e-01  1.69607150e-05 
 2.16000000e-01  1.72398570e-05 
 2.17000000e-01  1.75226063e-05 
 2.18000000e-01  1.78089933e-05 
 2.19000000e-01  1.80990485e-05 
 2.20000000e-01  1.83928025e-05 
 2.21000000e-01  1.86902858e-05 
 2.22000000e-01  1.89915294e-05 
 2.23000000e-01  1.92965641e-05 
 2.24000000e-01  1.96054206e-05 
 2.25000000e-01  1.99181302e-05 
 2.26000000e-01  2.02347239e-05 
 2.27000000e-01  2.05552327e-05 
 2.28000000e-01  2.08796881e-05 
 2.29000000e-01  2.12081212e-05 
 2.30000000e-01  2.15405636e-05 
 2.31000000e-01  2.18770466e-05 
 2.32000000e-01  2.22176018e-05 
 2.33000000e-01  2.25622609e-05 
 2.34000000e-01  2.29110555e-05 
 2.35000000e-01  2.32640173e-05 
 2.36000000e-01  2.36211782e-05 
 2.37000000e-01  2.39825700e-05 
 2.38000000e-01  2.43482246e-05 
 2.39000000e-01  2.47181741e-05 
 2.40000000e-01  2.50924504e-05 
 2.41000000e-01  2.54710856e-05 
 2.42000000e-01  2.58541118e-05 
 2.43000000e-01  2.62415613e-05 
 2.44000000e-01  2.66334661e-05 
 2.45000000e-01  2.70298586e-05 
 2.46000000e-01  2.74307709e-05 
 2.47000000e-01  2.78362354e-05 
 2.48000000e-01  2.82462842e-05 
 2.49000000e-01  2.86609499e-05 
 2.50000000e-01  2.90802646e-05 
 2.51000000e-01  2.95042606e-05 
 2.52000000e-01  2.99329704e-05 
 2.53000000e-01  3.03664262e-05 
 2.54000000e-01  3.08046602e-05 
 2.55000000e-01  3.12477048e-05 
 2.56000000e-01  3.16955923e-05 
 2.57000000e-01  3.21483547e-05 
 2.58000000e-01  3.26060244e-05 
 2.59000000e-01  3.30686333e-05 
 2.60000000e-01  3.35362137e-05 
 2.61000000e-01  3.40087974e-05 
 2.62000000e-01  3.44864165e-05 
 2.63000000e-01  3.49691028e-05 
 2.64000000e-01  3.54568880e-05 
 2.65000000e-01  3.59498039e-05 
 2.66000000e-01  3.64478819e-05 
 2.67000000e-01  3.69511537e-05 
 2.68000000e-01  3.74596505e-05 
 2.69000000e-01  3.79734035e-05 
 2.70000000e-01  3.84924438e-05 
 2.71000000e-01  3.90168023e-05 
 2.72000000e-01  3.95465098e-05 
 2.73000000e-01  4.00815969e-05 
 2.74000000e-01  4.06220940e-05 
 2.75000000e-01  4.11680313e-05 
 2.76000000e-01  4.17194389e-05 
 2.77000000e-01  4.22763465e-05 
 2.78000000e-01  4.28387838e-05 
 2.79000000e-01  4.34067801e-05 
 2.80000000e-01  4.39803645e-05 
 2.81000000e-01  4.45595659e-05 
 2.82000000e-01  4.51444129e-05 
 2.83000000e-01  4.57349339e-05 
 2.84000000e-01  4.63311567e-05 
 2.85000000e-01  4.69331092e-05 
 2.86000000e-01  4.75408188e-05 
 2.87000000e-01  4.81543125e-05 
 2.88000000e-01  4.87736171e-05 
 2.89000000e-01  4.93987590e-05 
 2.90000000e-01  5.00297642e-05 
 2.91000000e-01  5.06666584e-05 
 2.92000000e-01  5.13094669e-05 
 2.93000000e-01  5.19582145e-05 
 2.94000000e-01  5.26129257e-05 
 2.95000000e-01  5.32736245e-05 
 2.96000000e-01  5.39403345e-05 
 2.97000000e-01  5.46130789e-05 
 2.98000000e-01  5.52918803e-05 
 2.99000000e-01  5.59767609e-05 
 3.00000000e-01  5.66677426e-05 
 3.01000000e-01  5.73648464e-05 
 3.02000000e-01  5.80680931e-05 
 3.03000000e-01  5.87775030e-05 
 3.04000000e-01  5.94930955e-05 
 3.05000000e-01  6.02148899e-05 
 3.06000000e-01  6.09429046e-05 
 3.07000000e-01  6.16771576e-05 
 3.08000000e-01  6.24176664e-05 
 3.09000000e-01  6.31644476e-05 
 3.10000000e-01  6.39175174e-05 
 3.11000000e-01  6.46768915e-05 
 3.12000000e-01  6.54425846e-05 
 3.13000000e-01  6.62146111e-05 
 3.14000000e-01  6.69929846e-05 
 3.15000000e-01  6.77777180e-05 
 3.16000000e-01  6.85688237e-05 
 3.17000000e-01  6.93663131e-05 
 3.18000000e-01  7.01701973e-05 
 3.19000000e-01  7.09804864e-05 
 3.20000000e-01  7.17971899e-05 
 3.21000000e-01  7.26203165e-05 
 3.22000000e-01  7.34498743e-05 
 3.23000000e-01  7.42858705e-05 
 3.24000000e-01  7.51283116e-05 
 3.25000000e-01  7.59772035e-05 
 3.26000000e-01  7.68325511e-05 
 3.27000000e-01  7.76943586e-05 
 3.28000000e-01  7.85626296e-05 
 3.29000000e-01  7.94373666e-05 
 3.30000000e-01  8.03185715e-05 
 3.31000000e-01  8.12062454e-05 
 3.32000000e-01  8.21003885e-05 
 3.33000000e-01  8.30010003e-05 
 3.34000000e-01  8.39080794e-05 
 3.35000000e-01  8.48216237e-05 
 3.36000000e-01  8.57416300e-05 
 3.37000000e-01  8.66680945e-05 
 3.38000000e-01  8.76010127e-05 
 3.39000000e-01  8.85403789e-05 
 3.40000000e-01  8.94861868e-05 
 3.41000000e-01  9.04384292e-05 
 3.42000000e-01  9.13970981e-05 
 3.43000000e-01  9.23621846e-05 
 3.44000000e-01  9.33336790e-05 
 3.45000000e-01  9.43115708e-05 
 3.46000000e-01  9.52958485e-05 
 3.47000000e-01  9.62864998e-05 
 3.48000000e-01  9.72835118e-05 
 3.49000000e-01  9.82868704e-05 
 3.50000000e-01  9.92965610e-05 
 3.51000000e-01  1.00312568e-04 
 3.52000000e-01  1.01334875e-04 
 3.53000000e-01  1.02363464e-04 
 3.54000000e-01  1.03398318e-04 
 3.55000000e-01  1.04439418e-04 
 3.56000000e-01  1.05486743e-04 
 3.57000000e-01  1.06540274e-04 
 3.58000000e-01  1.07599989e-04 
 3.59000000e-01  1.08665866e-04 
 3.60000000e-01  1.09737882e-04 
 3.61000000e-01  1.10816014e-04 
 3.62000000e-01  1.11900236e-04 
 3.63000000e-01  1.12990524e-04 
 3.64000000e-01  1.14086851e-04 
 3.65000000e-01  1.15189191e-04 
 3.66000000e-01  1.16297517e-04 
 3.67000000e-01  1.17411799e-04 
 3.68000000e-01  1.18532010e-04 
 3.69000000e-01  1.19658119e-04 
 3.70000000e-01  1.20790096e-04 
 3.71000000e-01  1.21927911e-04 
 3.72000000e-01  1.23071530e-04 
 3.73000000e-01  1.24220922e-04 
 3.74000000e-01  1.25376054e-04 
 3.75000000e-01  1.26536892e-04 
 3.76000000e-01  1.27703401e-04 
 3.77000000e-01  1.28875548e-04 
 3.78000000e-01  1.30053295e-04 
 3.79000000e-01  1.31236607e-04 
 3.80000000e-01  1.32425448e-04 
 3.81000000e-01  1.33619779e-04 
 3.82000000e-01  1.34819564e-04 
 3.83000000e-01  1.36024763e-04 
 3.84000000e-01  1.37235337e-04 
 3.85000000e-01  1.38451249e-04 
 3.86000000e-01  1.39672456e-04 
 3.87000000e-01  1.40898920e-04 
 3.88000000e-01  1.42130599e-04 
 3.89000000e-01  1.43367451e-04 
 3.90000000e-01  1.44609436e-04 
 3.91000000e-01  1.45856512e-04 
 3.92000000e-01  1.47108634e-04 
 3.93000000e-01  1.48365762e-04 
 3.94000000e-01  1.49627851e-04 
 3.95000000e-01  1.50894858e-04 
 3.96000000e-01  1.52166739e-04 
 3.97000000e-01  1.53443450e-04 
 3.98000000e-01  1.54724947e-04 
 3.99000000e-01  1.56011183e-04 
 4.00000000e-01  1.57302116e-04 
 4.01000000e-01  1.58597698e-04 
 4.02000000e-01  1.59897885e-04 
 4.03000000e-01  1.61202631e-04 
 4.04000000e-01  1.62511890e-04 
 4.05000000e-01  1.63825616e-04 
 4.06000000e-01  1.65143763e-04 
 4.07000000e-01  1.66466283e-04 
 4.08000000e-01  1.67793132e-04 
 4.09000000e-01  1.69124261e-04 
 4.10000000e-01  1.70459625e-04 
 4.11000000e-01  1.71799177e-04 
 4.12000000e-01  1.73142869e-04 
 4.13000000e-01  1.74490655e-04 
 4.14000000e-01  1.75842487e-04 
 4.15000000e-01  1.77198320e-04 
 4.16000000e-01  1.78558105e-04 
 4.17000000e-01  1.79921797e-04 
 4.18000000e-01  1.81289347e-04 
 4.19000000e-01  1.82660709e-04 
 4.20000000e-01  1.84035837e-04 
 4.21000000e-01  1.85414684e-04 
 4.22000000e-01  1.86797202e-04 
 4.23000000e-01  1.88183346e-04 
 4.24000000e-01  1.89573069e-04 
 4.25000000e-01  1.90966324e-04 
 4.26000000e-01  1.92363067e-04 
 4.27000000e-01  1.93763249e-04 
 4.28000000e-01  1.95166827e-04 
 4.29000000e-01  1.96573754e-04 
 4.30000000e-01  1.97983985e-04 
 4.31000000e-01  1.99397474e-04 
 4.32000000e-01  2.00814177e-04 
 4.33000000e-01  2.02234049e-04 
 4.34000000e-01  2.03657045e-04 
 4.35000000e-01  2.05083121e-04 
 4.36000000e-01  2.06512233e-04 
 4.37000000e-01  2.07944337e-04 
 4.38000000e-01  2.09379391e-04 
 4.39000000e-01  2.10817350e-04 
 4.40000000e-01  2.12258172e-04 
 4.41000000e-01  2.13701814e-04 
 4.42000000e-01  2.15148235e-04 
 4.43000000e-01  2.16597392e-04 
 4.44000000e-01  2.18049244e-04 
 4.45000000e-01  2.19503749e-04 
 4.46000000e-01  2.20960868e-04 
 4.47000000e-01  2.22420559e-04 
 4.48000000e-01  2.23882782e-04 
 4.49000000e-01  2.25347498e-04 
 4.50000000e-01  2.26814667e-04 
 4.51000000e-01  2.28284251e-04 
 4.52000000e-01  2.29756211e-04 
 4.53000000e-01  2.31230508e-04 
 4.54000000e-01  2.32707106e-04 
 4.55000000e-01  2.34185966e-04 
 4.56000000e-01  2.35667052e-04 
 4.57000000e-01  2.37150328e-04 
 4.58000000e-01  2.38635758e-04 
 4.59000000e-01  2.40123305e-04 
 4.60000000e-01  2.41612935e-04 
 4.61000000e-01  2.43104613e-04 
 4.62000000e-01  2.44598305e-04 
 4.63000000e-01  2.46093977e-04 
 4.64000000e-01  2.47591595e-04 
 4.65000000e-01  2.49091127e-04 
 4.66000000e-01  2.50592541e-04 
 4.67000000e-01  2.52095803e-04 
 4.68000000e-01  2.53600883e-04 
 4.69000000e-01  2.55107750e-04 
 4.70000000e-01  2.56616373e-04 
 4.71000000e-01  2.58126721e-04 
 4.72000000e-01  2.59638765e-04 
 4.73000000e-01  2.61152476e-04 
 4.74000000e-01  2.62667825e-04 
 4.75000000e-01  2.64184784e-04 
 4.76000000e-01  2.65703324e-04 
 4.77000000e-01  2.67223419e-04 
 4.78000000e-01  2.68745041e-04 
 4.79000000e-01  2.70268164e-04 
 4.80000000e-01  2.71792762e-04 
 4.81000000e-01  2.73318809e-04 
 4.82000000e-01  2.74846280e-04 
 4.83000000e-01  2.76375151e-04 
 4.84000000e-01  2.77905397e-04 
 4.85000000e-01  2.79436995e-04 
 4.86000000e-01  2.80969921e-04 
 4.87000000e-01  2.82504153e-04 
 4.88000000e-01  2.84039667e-04 
 4.89000000e-01  2.85576442e-04 
 4.90000000e-01  2.87114457e-04 
 4.91000000e-01  2.88653690e-04 
 4.92000000e-01  2.90194121e-04 
 4.93000000e-01  2.91735730e-04 
 4.94000000e-01  2.93278496e-04 
 4.95000000e-01  2.94822400e-04 
 4.96000000e-01  2.96367424e-04 
 4.97000000e-01  2.97913549e-04 
 4.98000000e-01  2.99460756e-04 
 4.99000000e-01  3.01009029e-04 
 5.00000000e-01  3.02558349e-04 
 5.01000000e-01  3.04108700e-04 
 5.02000000e-01  3.05660065e-04 
 5.03000000e-01  3.07212428e-04 
 5.04000000e-01  3.08765774e-04 
 5.05000000e-01  3.10320087e-04 
 5.06000000e-01  3.11875353e-04 
 5.07000000e-01  3.13431556e-04 
 5.08000000e-01  3.14988682e-04 
 5.09000000e-01  3.16546719e-04 
 5.10000000e-01  3.18105651e-04 
 5.11000000e-01  3.19665467e-04 
 5.12000000e-01  3.21226153e-04 
 5.13000000e-01  3.22787697e-04 
 5.14000000e-01  3.24350087e-04 
 5.15000000e-01  3.25913311e-04 
 5.16000000e-01  3.27477358e-04 
 5.17000000e-01  3.29042217e-04 
 5.18000000e-01  3.30607878e-04 
 5.19000000e-01  3.32174329e-04 
 5.20000000e-01  3.33741561e-04 
 5.21000000e-01  3.35309564e-04 
 5.22000000e-01  3.36878328e-04 
 5.23000000e-01  3.38447846e-04 
 5.24000000e-01  3.40018106e-04 
 5.25000000e-01  3.41589102e-04 
 5.26000000e-01  3.43160825e-04 
 5.27000000e-01  3.44733267e-04 
 5.28000000e-01  3.46306420e-04 
 5.29000000e-01  3.47880276e-04 
 5.30000000e-01  3.49454830e-04 
 5.31000000e-01  3.51030073e-04 
 5.32000000e-01  3.52605999e-04 
 5.33000000e-01  3.54182603e-04 
 5.34000000e-01  3.55759877e-04 
 5.35000000e-01  3.57337815e-04 
 5.36000000e-01  3.58916414e-04 
 5.37000000e-01  3.60495666e-04 
 5.38000000e-01  3.62075566e-04 
 5.39000000e-01  3.63656111e-04 
 5.40000000e-01  3.65237294e-04 
 5.41000000e-01  3.66819112e-04 
 5.42000000e-01  3.68401561e-04 
 5.43000000e-01  3.69984635e-04 
 5.44000000e-01  3.71568332e-04 
 5.45000000e-01  3.73152648e-04 
 5.46000000e-01  3.74737578e-04 
 5.47000000e-01  3.76323121e-04 
 5.48000000e-01  3.77909273e-04 
 5.49000000e-01  3.79496030e-04 
 5.50000000e-01  3.81083390e-04 
 5.51000000e-01  3.82671351e-04 
 5.52000000e-01  3.84259911e-04 
 5.53000000e-01  3.85849066e-04 
 5.54000000e-01  3.87438815e-04 
 5.55000000e-01  3.89029155e-04 
 5.56000000e-01  3.90620086e-04 
 5.57000000e-01  3.92211605e-04 
 5.58000000e-01  3.93803712e-04 
 5.59000000e-01  3.95396404e-04 
 5.60000000e-01  3.96989680e-04 
 5.61000000e-01  3.98583539e-04 
 5.62000000e-01  4.00177981e-04 
 5.63000000e-01  4.01773005e-04 
 5.64000000e-01  4.03368609e-04 
 5.65000000e-01  4.04964793e-04 
 5.66000000e-01  4.06561557e-04 
 5.67000000e-01  4.08158901e-04 
 5.68000000e-01  4.09756823e-04 
 5.69000000e-01  4.11355324e-04 
 5.70000000e-01  4.12954404e-04 
 5.71000000e-01  4.14554063e-04 
 5.72000000e-01  4.16154300e-04 
 5.73000000e-01  4.17755117e-04 
 5.74000000e-01  4.19356512e-04 
 5.75000000e-01  4.20958488e-04 
 5.76000000e-01  4.22561044e-04 
 5.77000000e-01  4.24164180e-04 
 5.78000000e-01  4.25767897e-04 
 5.79000000e-01  4.27372196e-04 
 5.80000000e-01  4.28977078e-04 
 5.81000000e-01  4.30582543e-04 
 5.82000000e-01  4.32188592e-04 
 5.83000000e-01  4.33795226e-04 
 5.84000000e-01  4.35402445e-04 
 5.85000000e-01  4.37010252e-04 
 5.86000000e-01  4.38618647e-04 
 5.87000000e-01  4.40227631e-04 
 5.88000000e-01  4.41837205e-04 
 5.89000000e-01  4.43447370e-04 
 5.90000000e-01  4.45058128e-04 
 5.91000000e-01  4.46669479e-04 
 5.92000000e-01  4.48281426e-04 
 5.93000000e-01  4.49893969e-04 
 5.94000000e-01  4.51507109e-04 
 5.95000000e-01  4.53120849e-04 
 5.96000000e-01  4.54735188e-04 
 5.97000000e-01  4.56350130e-04 
 5.98000000e-01  4.57965675e-04 
 5.99000000e-01  4.59581824e-04 
 6.00000000e-01  4.61198580e-04 
 6.01000000e-01  4.62815943e-04 
 6.02000000e-01  4.64433915e-04 
 6.03000000e-01  4.66052497e-04 
 6.04000000e-01  4.67671691e-04 
 6.05000000e-01  4.69291499e-04 
 6.06000000e-01  4.70911922e-04 
 6.07000000e-01  4.72532961e-04 
 6.08000000e-01  4.74154618e-04 
 6.09000000e-01  4.75776894e-04 
 6.10000000e-01  4.77399791e-04 
 6.11000000e-01  4.79023311e-04 
 6.12000000e-01  4.80647454e-04 
 6.13000000e-01  4.82272223e-04 
 6.14000000e-01  4.83897618e-04 
 6.15000000e-01  4.85523641e-04 
 6.16000000e-01  4.87150294e-04 
 6.17000000e-01  4.88777578e-04 
 6.18000000e-01  4.90405494e-04 
 6.19000000e-01  4.92034045e-04 
 6.20000000e-01  4.93663230e-04 
 6.21000000e-01  4.95293051e-04 
 6.22000000e-01  4.96923510e-04 
 6.23000000e-01  4.98554609e-04 
 6.24000000e-01  5.00186347e-04 
 6.25000000e-01  5.01818727e-04 
 6.26000000e-01  5.03451750e-04 
 6.27000000e-01  5.05085417e-04 
 6.28000000e-01  5.06719728e-04 
 6.29000000e-01  5.08354686e-04 
 6.30000000e-01  5.09990291e-04 
 6.31000000e-01  5.11626545e-04 
 6.32000000e-01  5.13263447e-04 
 6.33000000e-01  5.14901000e-04 
 6.34000000e-01  5.16539204e-04 
 6.35000000e-01  5.18178061e-04 
 6.36000000e-01  5.19817570e-04 
 6.37000000e-01  5.21457734e-04 
 6.38000000e-01  5.23098552e-04 
 6.39000000e-01  5.24740026e-04 
 6.40000000e-01  5.26382155e-04 
 6.41000000e-01  5.28024942e-04 
 6.42000000e-01  5.29668386e-04 
 6.43000000e-01  5.31312488e-04 
 6.44000000e-01  5.32957249e-04 
 6.45000000e-01  5.34602669e-04 
 6.46000000e-01  5.36248749e-04 
 6.47000000e-01  5.37895489e-04 
 6.48000000e-01  5.39542889e-04 
 6.49000000e-01  5.41190950e-04 
 6.50000000e-01  5.42839672e-04 
 6.51000000e-01  5.44489055e-04 
 6.52000000e-01  5.46139100e-04 
 6.53000000e-01  5.47789806e-04 
 6.54000000e-01  5.49441174e-04 
 6.55000000e-01  5.51093204e-04 
 6.56000000e-01  5.52745896e-04 
 6.57000000e-01  5.54399249e-04 
 6.58000000e-01  5.56053263e-04 
 6.59000000e-01  5.57707939e-04 
 6.60000000e-01  5.59363276e-04 
 6.61000000e-01  5.61019274e-04 
 6.62000000e-01  5.62675932e-04 
 6.63000000e-01  5.64333251e-04 
 6.64000000e-01  5.65991229e-04 
 6.65000000e-01  5.67649867e-04 
 6.66000000e-01  5.69309163e-04 
 6.67000000e-01  5.70969118e-04 
 6.68000000e-01  5.72629729e-04 
 6.69000000e-01  5.74290998e-04 
 6.70000000e-01  5.75952923e-04 
 6.71000000e-01  5.77615503e-04 
 6.72000000e-01  5.79278737e-04 
 6.73000000e-01  5.80942625e-04 
 6.74000000e-01  5.82607165e-04 
 6.75000000e-01  5.84272357e-04 
 6.76000000e-01  5.85938199e-04 
 6.77000000e-01  5.87604690e-04 
 6.78000000e-01  5.89271829e-04 
 6.79000000e-01  5.90939615e-04 
 6.80000000e-01  5.92608046e-04 
 6.81000000e-01  5.94277122e-04 
 6.82000000e-01  5.95946840e-04 
 6.83000000e-01  5.97617199e-04 
 6.84000000e-01  5.99288198e-04 
 6.85000000e-01  6.00959835e-04 
 6.86000000e-01  6.02632108e-04 
 6.87000000e-01  6.04305016e-04 
 6.88000000e-01  6.05978557e-04 
 6.89000000e-01  6.07652729e-04 
 6.90000000e-01  6.09327530e-04 
 6.91000000e-01  6.11002958e-04 
 6.92000000e-01  6.12679012e-04 
 6.93000000e-01  6.14355689e-04 
 6.94000000e-01  6.16032986e-04 
 6.95000000e-01  6.17710903e-04 
 6.96000000e-01  6.19389437e-04 
 6.97000000e-01  6.21068585e-04 
 6.98000000e-01  6.22748345e-04 
 6.99000000e-01  6.24428714e-04 
 7.00000000e-01  6.26109691e-04 
 7.01000000e-01  6.27791273e-04 
 7.02000000e-01  6.29473456e-04 
 7.03000000e-01  6.31156240e-04 
 7.04000000e-01  6.32839620e-04 
 7.05000000e-01  6.34523594e-04 
 7.06000000e-01  6.36208160e-04 
 7.07000000e-01  6.37893314e-04 
 7.08000000e-01  6.39579053e-04 
 7.09000000e-01  6.41265375e-04 
 7.10000000e-01  6.42952277e-04 
 7.11000000e-01  6.44639755e-04 
 7.12000000e-01  6.46327807e-04 
 7.13000000e-01  6.48016428e-04 
 7.14000000e-01  6.49705617e-04 
 7.15000000e-01  6.51395369e-04 
 7.16000000e-01  6.53085682e-04 
 7.17000000e-01  6.54776551e-04 
 7.18000000e-01  6.56467974e-04 
 7.19000000e-01  6.58159947e-04 
 7.20000000e-01  6.59852466e-04 
 7.21000000e-01  6.61545527e-04 
 7.22000000e-01  6.63239128e-04 
 7.23000000e-01  6.64933264e-04 
 7.24000000e-01  6.66627931e-04 
 7.25000000e-01  6.68323126e-04 
 7.26000000e-01  6.70018845e-04 
 7.27000000e-01  6.71715083e-04 
 7.28000000e-01  6.73411837e-04 
 7.29000000e-01  6.75109103e-04 
 7.30000000e-01  6.76806877e-04 
 7.31000000e-01  6.78505153e-04 
 7.32000000e-01  6.80203929e-04 
 7.33000000e-01  6.81903200e-04 
 7.34000000e-01  6.83602962e-04 
 7.35000000e-01  6.85303209e-04 
 7.36000000e-01  6.87003939e-04 
 7.37000000e-01  6.88705145e-04 
 7.38000000e-01  6.90406824e-04 
 7.39000000e-01  6.92108972e-04 
 7.40000000e-01  6.93811583e-04 
 7.41000000e-01  6.95514653e-04 
 7.42000000e-01  6.97218177e-04 
 7.43000000e-01  6.98922150e-04 
 7.44000000e-01  7.00626567e-04 
 7.45000000e-01  7.02331424e-04 
 7.46000000e-01  7.04036716e-04 
 7.47000000e-01  7.05742437e-04 
 7.48000000e-01  7.07448583e-04 
 7.49000000e-01  7.09155149e-04 
 7.50000000e-01  7.10862128e-04 
 7.51000000e-01  7.12569517e-04 
 7.52000000e-01  7.14277310e-04 
 7.53000000e-01  7.15985501e-04 
 7.54000000e-01  7.17694086e-04 
 7.55000000e-01  7.19403058e-04 
 7.56000000e-01  7.21112413e-04 
 7.57000000e-01  7.22822145e-04 
 7.58000000e-01  7.24532249e-04 
 7.59000000e-01  7.26242718e-04 
 7.60000000e-01  7.27953547e-04 
 7.61000000e-01  7.29664731e-04 
 7.62000000e-01  7.31376264e-04 
 7.63000000e-01  7.33088140e-04 
 7.64000000e-01  7.34800353e-04 
 7.65000000e-01  7.36512898e-04 
 7.66000000e-01  7.38225768e-04 
 7.67000000e-01  7.39938958e-04 
 7.68000000e-01  7.41652462e-04 
 7.69000000e-01  7.43366273e-04 
 7.70000000e-01  7.45080385e-04 
 7.71000000e-01  7.46794793e-04 
 7.72000000e-01  7.48509490e-04 
 7.73000000e-01  7.50224470e-04 
 7.74000000e-01  7.51939726e-04 
 7.75000000e-01  7.53655253e-04 
 7.76000000e-01  7.55371044e-04 
 7.77000000e-01  7.57087093e-04 
 7.78000000e-01  7.58803393e-04 
 7.79000000e-01  7.60519937e-04 
 7.80000000e-01  7.62236720e-04 
 7.81000000e-01  7.63953735e-04 
 7.82000000e-01  7.65670975e-04 
 7.83000000e-01  7.67388433e-04 
 7.84000000e-01  7.69106102e-04 
 7.85000000e-01  7.70823977e-04 
 7.86000000e-01  7.72542050e-04 
 7.87000000e-01  7.74260315e-04 
 7.88000000e-01  7.75978764e-04 
 7.89000000e-01  7.77697391e-04 
 7.90000000e-01  7.79416188e-04 
 7.91000000e-01  7.81135150e-04 
 7.92000000e-01  7.82854268e-04 
 7.93000000e-01  7.84573535e-04 
 7.94000000e-01  7.86292946e-04 
 7.95000000e-01  7.88012492e-04 
 7.96000000e-01  7.89732166e-04 
 7.97000000e-01  7.91451962e-04 
 7.98000000e-01  7.93171871e-04 
 7.99000000e-01  7.94891887e-04 
 8.00000000e-01  7.96612003e-04 
 8.01000000e-01  7.98332210e-04 
 8.02000000e-01  8.00052502e-04 
 8.03000000e-01  8.01772871e-04 
 8.04000000e-01  8.03493309e-04 
 8.05000000e-01  8.05213810e-04 
 8.06000000e-01  8.06934365e-04 
 8.07000000e-01  8.08654967e-04 
 8.08000000e-01  8.10375609e-04 
 8.09000000e-01  8.12096283e-04 
 8.10000000e-01  8.13816980e-04 
 8.11000000e-01  8.15537694e-04 
 8.12000000e-01  8.17258416e-04 
 8.13000000e-01  8.18979139e-04 
 8.14000000e-01  8.20699856e-04 
 8.15000000e-01  8.22420557e-04 
 8.16000000e-01  8.24141235e-04 
 8.17000000e-01  8.25861883e-04 
 8.18000000e-01  8.27582492e-04 
 8.19000000e-01  8.29303055e-04 
 8.20000000e-01  8.31023562e-04 
 8.21000000e-01  8.32744007e-04 
 8.22000000e-01  8.34464381e-04 
 8.23000000e-01  8.36184676e-04 
 8.24000000e-01  8.37904884e-04 
 8.25000000e-01  8.39624996e-04 
 8.26000000e-01  8.41345005e-04 
 8.27000000e-01  8.43064902e-04 
 8.28000000e-01  8.44784679e-04 
 8.29000000e-01  8.46504327e-04 
 8.30000000e-01  8.48223839e-04 
 8.31000000e-01  8.49943205e-04 
 8.32000000e-01  8.51662418e-04 
 8.33000000e-01  8.53381469e-04 
 8.34000000e-01  8.55100349e-04 
 8.35000000e-01  8.56819050e-04 
 8.36000000e-01  8.58537563e-04 
 8.37000000e-01  8.60255881e-04 
 8.38000000e-01  8.61973994e-04 
 8.39000000e-01  8.63691893e-04 
 8.40000000e-01  8.65409570e-04 
 8.41000000e-01  8.67127017e-04 
 8.42000000e-01  8.68844224e-04 
 8.43000000e-01  8.70561183e-04 
 8.44000000e-01  8.72277885e-04 
 8.45000000e-01  8.73994322e-04 
 8.46000000e-01  8.75710484e-04 
 8.47000000e-01  8.77426362e-04 
 8.48000000e-01  8.79141949e-04 
 8.49000000e-01  8.80857234e-04 
 8.50000000e-01  8.82572209e-04 
 8.51000000e-01  8.84286865e-04 
 8.52000000e-01  8.86001193e-04 
 8.53000000e-01  8.87715184e-04 
 8.54000000e-01  8.89428829e-04 
 8.55000000e-01  8.91142119e-04 
 8.56000000e-01  8.92855045e-04 
 8.57000000e-01  8.94567597e-04 
 8.58000000e-01  8.96279767e-04 
 8.59000000e-01  8.97991545e-04 
 8.60000000e-01  8.99702922e-04 
 8.61000000e-01  9.01413890e-04 
 8.62000000e-01  9.03124438e-04 
 8.63000000e-01  9.04834557e-04 
 8.64000000e-01  9.06544239e-04 
 8.65000000e-01  9.08253474e-04 
 8.66000000e-01  9.09962252e-04 
 8.67000000e-01  9.11670564e-04 
 8.68000000e-01  9.13378401e-04 
 8.69000000e-01  9.15085754e-04 
 8.70000000e-01  9.16792612e-04 
 8.71000000e-01  9.18498967e-04 
 8.72000000e-01  9.20204810e-04 
 8.73000000e-01  9.21910129e-04 
 8.74000000e-01  9.23614917e-04 
 8.75000000e-01  9.25319163e-04 
 8.76000000e-01  9.27022859e-04 
 8.77000000e-01  9.28725993e-04 
 8.78000000e-01  9.30428558e-04 
 8.79000000e-01  9.32130543e-04 
 8.80000000e-01  9.33831938e-04 
 8.81000000e-01  9.35532734e-04 
 8.82000000e-01  9.37232921e-04 
 8.83000000e-01  9.38932490e-04 
 8.84000000e-01  9.40631430e-04 
 8.85000000e-01  9.42329733e-04 
 8.86000000e-01  9.44027388e-04 
 8.87000000e-01  9.45724385e-04 
 8.88000000e-01  9.47420715e-04 
 8.89000000e-01  9.49116368e-04 
 8.90000000e-01  9.50811334e-04 
 8.91000000e-01  9.52505603e-04 
 8.92000000e-01  9.54199166e-04 
 8.93000000e-01  9.55892012e-04 
 8.94000000e-01  9.57584131e-04 
 8.95000000e-01  9.59275514e-04 
 8.96000000e-01  9.60966151e-04 
 8.97000000e-01  9.62656031e-04 
 8.98000000e-01  9.64345145e-04 
 8.99000000e-01  9.66033483e-04 
 9.00000000e-01  9.67721034e-04 
 9.01000000e-01  9.69407789e-04 
 9.02000000e-01  9.71093738e-04 
 9.03000000e-01  9.72778870e-04 
 9.04000000e-01  9.74463176e-04 
 9.05000000e-01  9.76146645e-04 
 9.06000000e-01  9.77829268e-04 
 9.07000000e-01  9.79511033e-04 
 9.08000000e-01  9.81191932e-04 
 9.09000000e-01  9.82871953e-04 
 9.10000000e-01  9.84551088e-04 
 9.11000000e-01  9.86229324e-04 
 9.12000000e-01  9.87906653e-04 
 9.13000000e-01  9.89583064e-04 
 9.14000000e-01  9.91258547e-04 
 9.15000000e-01  9.92933092e-04 
 9.16000000e-01  9.94606688e-04 
 9.17000000e-01  9.96279325e-04 
 9.18000000e-01  9.97950993e-04 
 9.19000000e-01  9.99621682e-04 
 9.20000000e-01  1.00129138e-03 
 9.21000000e-01  1.00296008e-03 
 9.22000000e-01  1.00462777e-03 
 9.23000000e-01  1.00629443e-03 
 9.24000000e-01  1.00796007e-03 
 9.25000000e-01  1.00962467e-03 
 9.26000000e-01  1.01128821e-03 
 9.27000000e-01  1.01295069e-03 
 9.28000000e-01  1.01461210e-03 
 9.29000000e-01  1.01627242e-03 
 9.30000000e-01  1.01793165e-03 
 9.31000000e-01  1.01958978e-03 
 9.32000000e-01  1.02124680e-03 
 9.33000000e-01  1.02290268e-03 
 9.34000000e-01  1.02455744e-03 
 9.35000000e-01  1.02621104e-03 
 9.36000000e-01  1.02786350e-03 
 9.37000000e-01  1.02951478e-03 
 9.38000000e-01  1.03116489e-03 
 9.39000000e-01  1.03281381e-03 
 9.40000000e-01  1.03446153e-03 
 9.41000000e-01  1.03610804e-03 
 9.42000000e-01  1.03775333e-03 
 9.43000000e-01  1.03939740e-03 
 9.44000000e-01  1.04104022e-03 
 9.45000000e-01  1.04268179e-03 
 9.46000000e-01  1.04432210e-03 
 9.47000000e-01  1.04596114e-03 
 9.48000000e-01  1.04759889e-03 
 9.49000000e-01  1.04923535e-03 
 9.50000000e-01  1.05087051e-03 
 9.51000000e-01  1.05250435e-03 
 9.52000000e-01  1.05413687e-03 
 9.53000000e-01  1.05576805e-03 
 9.54000000e-01  1.05739789e-03 
 9.55000000e-01  1.05902637e-03 
 9.56000000e-01  1.06065348e-03 
 9.57000000e-01  1.06227921e-03 
 9.58000000e-01  1.06390355e-03 
 9.59000000e-01  1.06552650e-03 
 9.60000000e-01  1.06714803e-03 
 9.61000000e-01  1.06876814e-03 
 9.62000000e-01  1.07038682e-03 
 9.63000000e-01  1.07200406e-03 
 9.64000000e-01  1.07361984e-03 
 9.65000000e-01  1.07523417e-03 
 9.66000000e-01  1.07684701e-03 
 9.67000000e-01  1.07845837e-03 
 9.68000000e-01  1.08006824e-03 
 9.69000000e-01  1.08167660e-03 
 9.70000000e-01  1.08328344e-03 
 9.71000000e-01  1.08488875e-03 
 9.72000000e-01  1.08649253e-03 
 9.73000000e-01  1.08809475e-03 
 9.74000000e-01  1.08969542e-03 
 9.75000000e-01  1.09129451e-03 
 9.76000000e-01  1.09289202e-03 
 9.77000000e-01  1.09448794e-03 
 9.78000000e-01  1.09608226e-03 
 9.79000000e-01  1.09767496e-03 
 9.80000000e-01  1.09926604e-03 
 9.81000000e-01  1.10085548e-03 
 9.82000000e-01  1.10244328e-03 
 9.83000000e-01  1.10402942e-03 
 9.84000000e-01  1.10561389e-03 
 9.85000000e-01  1.10719669e-03 
 9.86000000e-01  1.10877779e-03 
 9.87000000e-01  1.11035720e-03 
 9.88000000e-01  1.11193490e-03 
 9.89000000e-01  1.11351087e-03 
 9.90000000e-01  1.11508511e-03 
 9.91000000e-01  1.11665761e-03 
 9.92000000e-01  1.11822836e-03 
 9.93000000e-01  1.11979734e-03 
 9.94000000e-01  1.12136454e-03 
 9.95000000e-01  1.12292997e-03 
 9.96000000e-01  1.12449359e-03 
 9.97000000e-01  1.12605541e-03 
 9.98000000e-01  1.12761541e-03 
 9.99000000e-01  1.12917358e-03 
 1.00000000e+00  1.13072991e-03 
 1.00100000e+00  1.13228439e-03 
 1.00200000e+00  1.13383701e-03 
 1.00300000e+00  1.13538776e-03 
 1.00400000e+00  1.13693662e-03 
 1.00500000e+00  1.13848360e-03 
 1.00600000e+00  1.14002867e-03 
 1.00700000e+00  1.14157182e-03 
 1.00800000e+00  1.14311305e-03 
 1.00900000e+00  1.14465235e-03 
 1.01000000e+00  1.14618969e-03 
 1.01100000e+00  1.14772508e-03 
 1.01200000e+00  1.14925851e-03 
 1.01300000e+00  1.15078995e-03 
 1.01400000e+00  1.15231940e-03 
 1.01500000e+00  1.15384686e-03 
 1.01600000e+00  1.15537230e-03 
 1.01700000e+00  1.15689572e-03 
 1.01800000e+00  1.15841711e-03 
 1.01900000e+00  1.15993646e-03 
 1.02000000e+00  1.16145375e-03 
 1.02100000e+00  1.16296898e-03 
 1.02200000e+00  1.16448213e-03 
 1.02300000e+00  1.16599320e-03 
 1.02400000e+00  1.16750217e-03 
 1.02500000e+00  1.16900904e-03 
 1.02600000e+00  1.17051379e-03 
 1.02700000e+00  1.17201641e-03 
 1.02800000e+00  1.17351689e-03 
 1.02900000e+00  1.17501523e-03 
 1.03000000e+00  1.17651140e-03 
 1.03100000e+00  1.17800540e-03 
 1.03200000e+00  1.17949722e-03 
 1.03300000e+00  1.18098685e-03 
 1.03400000e+00  1.18247428e-03 
 1.03500000e+00  1.18395950e-03 
 1.03600000e+00  1.18544249e-03 
 1.03700000e+00  1.18692325e-03 
 1.03800000e+00  1.18840176e-03 
 1.03900000e+00  1.18987802e-03 
 1.04000000e+00  1.19135202e-03 
 1.04100000e+00  1.19282374e-03 
 1.04200000e+00  1.19429317e-03 
 1.04300000e+00  1.19576030e-03 
 1.04400000e+00  1.19722513e-03 
 1.04500000e+00  1.19868764e-03 
 1.04600000e+00  1.20014782e-03 
 1.04700000e+00  1.20160566e-03 
 1.04800000e+00  1.20306116e-03 
 1.04900000e+00  1.20451429e-03 
 1.05000000e+00  1.20596505e-03 
 1.05100000e+00  1.20741344e-03 
 1.05200000e+00  1.20885943e-03 
 1.05300000e+00  1.21030302e-03 
 1.05400000e+00  1.21174420e-03 
 1.05500000e+00  1.21318295e-03 
 1.05600000e+00  1.21461928e-03 
 1.05700000e+00  1.21605316e-03 
 1.05800000e+00  1.21748459e-03 
 1.05900000e+00  1.21891355e-03 
 1.06000000e+00  1.22034005e-03 
 1.06100000e+00  1.22176405e-03 
 1.06200000e+00  1.22318557e-03 
 1.06300000e+00  1.22460457e-03 
 1.06400000e+00  1.22602107e-03 
 1.06500000e+00  1.22743503e-03 
 1.06600000e+00  1.22884647e-03 
 1.06700000e+00  1.23025535e-03 
 1.06800000e+00  1.23166168e-03 
 1.06900000e+00  1.23306545e-03 
 1.07000000e+00  1.23446664e-03 
 1.07100000e+00  1.23586524e-03 
 1.07200000e+00  1.23726124e-03 
 1.07300000e+00  1.23865464e-03 
 1.07400000e+00  1.24004542e-03 
 1.07500000e+00  1.24143358e-03 
 1.07600000e+00  1.24281909e-03 
 1.07700000e+00  1.24420196e-03 
 1.07800000e+00  1.24558218e-03 
 1.07900000e+00  1.24695972e-03 
 1.08000000e+00  1.24833459e-03 
 1.08100000e+00  1.24970677e-03 
 1.08200000e+00  1.25107625e-03 
 1.08300000e+00  1.25244302e-03 
 1.08400000e+00  1.25380708e-03 
 1.08500000e+00  1.25516841e-03 
 1.08600000e+00  1.25652700e-03 
 1.08700000e+00  1.25788285e-03 
 1.08800000e+00  1.25923594e-03 
 1.08900000e+00  1.26058626e-03 
 1.09000000e+00  1.26193380e-03 
 1.09100000e+00  1.26327856e-03 
 1.09200000e+00  1.26462052e-03 
 1.09300000e+00  1.26595967e-03 
 1.09400000e+00  1.26729600e-03 
 1.09500000e+00  1.26862951e-03 
 1.09600000e+00  1.26996019e-03 
 1.09700000e+00  1.27128802e-03 
 1.09800000e+00  1.27261299e-03 
 1.09900000e+00  1.27393509e-03 
 1.10000000e+00  1.27525432e-03 
 1.10100000e+00  1.27657067e-03 
 1.10200000e+00  1.27788412e-03 
 1.10300000e+00  1.27919467e-03 
 1.10400000e+00  1.28050230e-03 
 1.10500000e+00  1.28180701e-03 
 1.10600000e+00  1.28310879e-03 
 1.10700000e+00  1.28440763e-03 
 1.10800000e+00  1.28570351e-03 
 1.10900000e+00  1.28699643e-03 
 1.11000000e+00  1.28828638e-03 
 1.11100000e+00  1.28957335e-03 
 1.11200000e+00  1.29085732e-03 
 1.11300000e+00  1.29213830e-03 
 1.11400000e+00  1.29341627e-03 
 1.11500000e+00  1.29469122e-03 
 1.11600000e+00  1.29596314e-03 
 1.11700000e+00  1.29723202e-03 
 1.11800000e+00  1.29849786e-03 
 1.11900000e+00  1.29976064e-03 
 1.12000000e+00  1.30102036e-03 
 1.12100000e+00  1.30227699e-03 
 1.12200000e+00  1.30353055e-03 
 1.12300000e+00  1.30478101e-03 
 1.12400000e+00  1.30602837e-03 
 1.12500000e+00  1.30727262e-03 
 1.12600000e+00  1.30851374e-03 
 1.12700000e+00  1.30975174e-03 
 1.12800000e+00  1.31098659e-03 
 1.12900000e+00  1.31221830e-03 
 1.13000000e+00  1.31344685e-03 
 1.13100000e+00  1.31467223e-03 
 1.13200000e+00  1.31589444e-03 
 1.13300000e+00  1.31711346e-03 
 1.13400000e+00  1.31832928e-03 
 1.13500000e+00  1.31954190e-03 
 1.13600000e+00  1.32075132e-03 
 1.13700000e+00  1.32195750e-03 
 1.13800000e+00  1.32316046e-03 
 1.13900000e+00  1.32436018e-03 
 1.14000000e+00  1.32555666e-03 
 1.14100000e+00  1.32674987e-03 
 1.14200000e+00  1.32793982e-03 
 1.14300000e+00  1.32912650e-03 
 1.14400000e+00  1.33030989e-03 
 1.14500000e+00  1.33148999e-03 
 1.14600000e+00  1.33266678e-03 
 1.14700000e+00  1.33384027e-03 
 1.14800000e+00  1.33501044e-03 
 1.14900000e+00  1.33617729e-03 
 1.15000000e+00  1.33734080e-03 
 1.15100000e+00  1.33850096e-03 
 1.15200000e+00  1.33965777e-03 
 1.15300000e+00  1.34081122e-03 
 1.15400000e+00  1.34196130e-03 
 1.15500000e+00  1.34310800e-03 
 1.15600000e+00  1.34425131e-03 
 1.15700000e+00  1.34539122e-03 
 1.15800000e+00  1.34652774e-03 
 1.15900000e+00  1.34766084e-03 
 1.16000000e+00  1.34879052e-03 
 1.16100000e+00  1.34991677e-03 
 1.16200000e+00  1.35103958e-03 
 1.16300000e+00  1.35215894e-03 
 1.16400000e+00  1.35327485e-03 
 1.16500000e+00  1.35438730e-03 
 1.16600000e+00  1.35549628e-03 
 1.16700000e+00  1.35660178e-03 
 1.16800000e+00  1.35770379e-03 
 1.16900000e+00  1.35880230e-03 
 1.17000000e+00  1.35989731e-03 
 1.17100000e+00  1.36098881e-03 
 1.17200000e+00  1.36207679e-03 
 1.17300000e+00  1.36316124e-03 
 1.17400000e+00  1.36424216e-03 
 1.17500000e+00  1.36531953e-03 
 1.17600000e+00  1.36639335e-03 
 1.17700000e+00  1.36746360e-03 
 1.17800000e+00  1.36853029e-03 
 1.17900000e+00  1.36959341e-03 
 1.18000000e+00  1.37065294e-03 
 1.18100000e+00  1.37170887e-03 
 1.18200000e+00  1.37276121e-03 
 1.18300000e+00  1.37380994e-03 
 1.18400000e+00  1.37485506e-03 
 1.18500000e+00  1.37589655e-03 
 1.18600000e+00  1.37693441e-03 
 1.18700000e+00  1.37796864e-03 
 1.18800000e+00  1.37899921e-03 
 1.18900000e+00  1.38002614e-03 
 1.19000000e+00  1.38104940e-03 
 1.19100000e+00  1.38206899e-03 
 1.19200000e+00  1.38308491e-03 
 1.19300000e+00  1.38409714e-03 
 1.19400000e+00  1.38510568e-03 
 1.19500000e+00  1.38611052e-03 
 1.19600000e+00  1.38711166e-03 
 1.19700000e+00  1.38810908e-03 
 1.19800000e+00  1.38910278e-03 
 1.19900000e+00  1.39009275e-03 
 1.20000000e+00  1.39107899e-03 
 1.20100000e+00  1.39206148e-03 
 1.20200000e+00  1.39304022e-03 
 1.20300000e+00  1.39401521e-03 
 1.20400000e+00  1.39498643e-03 
 1.20500000e+00  1.39595387e-03 
 1.20600000e+00  1.39691754e-03 
 1.20700000e+00  1.39787742e-03 
 1.20800000e+00  1.39883351e-03 
 1.20900000e+00  1.39978580e-03 
 1.21000000e+00  1.40073428e-03 
 1.21100000e+00  1.40167895e-03 
 1.21200000e+00  1.40261979e-03 
 1.21300000e+00  1.40355681e-03 
 1.21400000e+00  1.40448999e-03 
 1.21500000e+00  1.40541932e-03 
 1.21600000e+00  1.40634481e-03 
 1.21700000e+00  1.40726645e-03 
 1.21800000e+00  1.40818422e-03 
 1.21900000e+00  1.40909812e-03 
 1.22000000e+00  1.41000814e-03 
 1.22100000e+00  1.41091428e-03 
 1.22200000e+00  1.41181654e-03 
 1.22300000e+00  1.41271489e-03 
 1.22400000e+00  1.41360935e-03 
 1.22500000e+00  1.41449989e-03 
 1.22600000e+00  1.41538652e-03 
 1.22700000e+00  1.41626922e-03 
 1.22800000e+00  1.41714800e-03 
 1.22900000e+00  1.41802284e-03 
 1.23000000e+00  1.41889374e-03 
 1.23100000e+00  1.41976069e-03 
 1.23200000e+00  1.42062369e-03 
 1.23300000e+00  1.42148273e-03 
 1.23400000e+00  1.42233780e-03 
 1.23500000e+00  1.42318889e-03 
 1.23600000e+00  1.42403601e-03 
 1.23700000e+00  1.42487914e-03 
 1.23800000e+00  1.42571828e-03 
 1.23900000e+00  1.42655342e-03 
 1.24000000e+00  1.42738456e-03 
 1.24100000e+00  1.42821168e-03 
 1.24200000e+00  1.42903479e-03 
 1.24300000e+00  1.42985388e-03 
 1.24400000e+00  1.43066894e-03 
 1.24500000e+00  1.43147997e-03 
 1.24600000e+00  1.43228695e-03 
 1.24700000e+00  1.43308989e-03 
 1.24800000e+00  1.43388878e-03 
 1.24900000e+00  1.43468361e-03 
 1.25000000e+00  1.43547438e-03 
 1.25100000e+00  1.43626108e-03 
 1.25200000e+00  1.43704370e-03 
 1.25300000e+00  1.43782224e-03 
 1.25400000e+00  1.43859670e-03 
 1.25500000e+00  1.43936706e-03 
 1.25600000e+00  1.44013333e-03 
 1.25700000e+00  1.44089550e-03 
 1.25800000e+00  1.44165355e-03 
 1.25900000e+00  1.44240750e-03 
 1.26000000e+00  1.44315732e-03 
 1.26100000e+00  1.44390302e-03 
 1.26200000e+00  1.44464459e-03 
 1.26300000e+00  1.44538202e-03 
 1.26400000e+00  1.44611531e-03 
 1.26500000e+00  1.44684446e-03 
 1.26600000e+00  1.44756946e-03 
 1.26700000e+00  1.44829029e-03 
 1.26800000e+00  1.44900697e-03 
 1.26900000e+00  1.44971948e-03 
 1.27000000e+00  1.45042782e-03 
 1.27100000e+00  1.45113198e-03 
 1.27200000e+00  1.45183196e-03 
 1.27300000e+00  1.45252775e-03 
 1.27400000e+00  1.45321936e-03 
 1.27500000e+00  1.45390676e-03 
 1.27600000e+00  1.45458996e-03 
 1.27700000e+00  1.45526896e-03 
 1.27800000e+00  1.45594374e-03 
 1.27900000e+00  1.45661431e-03 
 1.28000000e+00  1.45728065e-03 
 1.28100000e+00  1.45794277e-03 
 1.28200000e+00  1.45860066e-03 
 1.28300000e+00  1.45925432e-03 
 1.28400000e+00  1.45990373e-03 
 1.28500000e+00  1.46054890e-03 
 1.28600000e+00  1.46118982e-03 
 1.28700000e+00  1.46182649e-03 
 1.28800000e+00  1.46245890e-03 
 1.28900000e+00  1.46308704e-03 
 1.29000000e+00  1.46371092e-03 
 1.29100000e+00  1.46433053e-03 
 1.29200000e+00  1.46494586e-03 
 1.29300000e+00  1.46555691e-03 
 1.29400000e+00  1.46616368e-03 
 1.29500000e+00  1.46676616e-03 
 1.29600000e+00  1.46736435e-03 
 1.29700000e+00  1.46795824e-03 
 1.29800000e+00  1.46854782e-03 
 1.29900000e+00  1.46913311e-03 
 1.30000000e+00  1.46971408e-03 
 1.30100000e+00  1.47029074e-03 
 1.30200000e+00  1.47086308e-03 
 1.30300000e+00  1.47143110e-03 
 1.30400000e+00  1.47199479e-03 
 1.30500000e+00  1.47255416e-03 
 1.30600000e+00  1.47310919e-03 
 1.30700000e+00  1.47365988e-03 
 1.30800000e+00  1.47420624e-03 
 1.30900000e+00  1.47474825e-03 
 1.31000000e+00  1.47528591e-03 
 1.31100000e+00  1.47581921e-03 
 1.31200000e+00  1.47634817e-03 
 1.31300000e+00  1.47687276e-03 
 1.31400000e+00  1.47739299e-03 
 1.31500000e+00  1.47790885e-03 
 1.31600000e+00  1.47842034e-03 
 1.31700000e+00  1.47892746e-03 
 1.31800000e+00  1.47943021e-03 
 1.31900000e+00  1.47992857e-03 
 1.32000000e+00  1.48042254e-03 
 1.32100000e+00  1.48091213e-03 
 1.32200000e+00  1.48139733e-03 
 1.32300000e+00  1.48187814e-03 
 1.32400000e+00  1.48235454e-03 
 1.32500000e+00  1.48282655e-03 
 1.32600000e+00  1.48329415e-03 
 1.32700000e+00  1.48375735e-03 
 1.32800000e+00  1.48421614e-03 
 1.32900000e+00  1.48467051e-03 
 1.33000000e+00  1.48512047e-03 
 1.33100000e+00  1.48556600e-03 
 1.33200000e+00  1.48600712e-03 
 1.33300000e+00  1.48644381e-03 
 1.33400000e+00  1.48687607e-03 
 1.33500000e+00  1.48730391e-03 
 1.33600000e+00  1.48772730e-03 
 1.33700000e+00  1.48814627e-03 
 1.33800000e+00  1.48856079e-03 
 1.33900000e+00  1.48897087e-03 
 1.34000000e+00  1.48937651e-03 
 1.34100000e+00  1.48977769e-03 
 1.34200000e+00  1.49017443e-03 
 1.34300000e+00  1.49056672e-03 
 1.34400000e+00  1.49095455e-03 
 1.34500000e+00  1.49133792e-03 
 1.34600000e+00  1.49171683e-03 
 1.34700000e+00  1.49209128e-03 
 1.34800000e+00  1.49246127e-03 
 1.34900000e+00  1.49282679e-03 
 1.35000000e+00  1.49318784e-03 
 1.35100000e+00  1.49354441e-03 
 1.35200000e+00  1.49389651e-03 
 1.35300000e+00  1.49424414e-03 
 1.35400000e+00  1.49458728e-03 
 1.35500000e+00  1.49492595e-03 
 1.35600000e+00  1.49526013e-03 
 1.35700000e+00  1.49558983e-03 
 1.35800000e+00  1.49591503e-03 
 1.35900000e+00  1.49623575e-03 
 1.36000000e+00  1.49655198e-03 
 1.36100000e+00  1.49686372e-03 
 1.36200000e+00  1.49717096e-03 
 1.36300000e+00  1.49747370e-03 
 1.36400000e+00  1.49777194e-03 
 1.36500000e+00  1.49806568e-03 
 1.36600000e+00  1.49835492e-03 
 1.36700000e+00  1.49863966e-03 
 1.36800000e+00  1.49891989e-03 
 1.36900000e+00  1.49919561e-03 
 1.37000000e+00  1.49946682e-03 
 1.37100000e+00  1.49973352e-03 
 1.37200000e+00  1.49999571e-03 
 1.37300000e+00  1.50025338e-03 
 1.37400000e+00  1.50050654e-03 
 1.37500000e+00  1.50075518e-03 
 1.37600000e+00  1.50099930e-03 
 1.37700000e+00  1.50123890e-03 
 1.37800000e+00  1.50147398e-03 
 1.37900000e+00  1.50170453e-03 
 1.38000000e+00  1.50193057e-03 
 1.38100000e+00  1.50215207e-03 
 1.38200000e+00  1.50236905e-03 
 1.38300000e+00  1.50258150e-03 
 1.38400000e+00  1.50278943e-03 
 1.38500000e+00  1.50299282e-03 
 1.38600000e+00  1.50319168e-03 
 1.38700000e+00  1.50338601e-03 
 1.38800000e+00  1.50357580e-03 
 1.38900000e+00  1.50376107e-03 
 1.39000000e+00  1.50394179e-03 
 1.39100000e+00  1.50411798e-03 
 1.39200000e+00  1.50428963e-03 
 1.39300000e+00  1.50445675e-03 
 1.39400000e+00  1.50461932e-03 
 1.39500000e+00  1.50477735e-03 
 1.39600000e+00  1.50493085e-03 
 1.39700000e+00  1.50507980e-03 
 1.39800000e+00  1.50522421e-03 
 1.39900000e+00  1.50536408e-03 
 1.40000000e+00  1.50549941e-03 
 1.40100000e+00  1.50563019e-03 
 1.40200000e+00  1.50575643e-03 
 1.40300000e+00  1.50587812e-03 
 1.40400000e+00  1.50599526e-03 
 1.40500000e+00  1.50610786e-03 
 1.40600000e+00  1.50621592e-03 
 1.40700000e+00  1.50631943e-03 
 1.40800000e+00  1.50641839e-03 
 1.40900000e+00  1.50651280e-03 
 1.41000000e+00  1.50660267e-03 
 1.41100000e+00  1.50668799e-03 
 1.41200000e+00  1.50676876e-03 
 1.41300000e+00  1.50684498e-03 
 1.41400000e+00  1.50691665e-03 
 1.41500000e+00  1.50698378e-03 
 1.41600000e+00  1.50704635e-03 
 1.41700000e+00  1.50710438e-03 
 1.41800000e+00  1.50715786e-03 
 1.41900000e+00  1.50720679e-03 
 1.42000000e+00  1.50725117e-03 
 1.42100000e+00  1.50729100e-03 
 1.42200000e+00  1.50732629e-03 
 1.42300000e+00  1.50735702e-03 
 1.42400000e+00  1.50738321e-03 
 1.42500000e+00  1.50740485e-03 
 1.42600000e+00  1.50742194e-03 
 1.42700000e+00  1.50743449e-03 
 1.42800000e+00  1.50744249e-03 
 1.42900000e+00  1.50744594e-03 
 1.43000000e+00  1.50744484e-03 
 1.43100000e+00  1.50743920e-03 
 1.43200000e+00  1.50742902e-03 
 1.43300000e+00  1.50741428e-03 
 1.43400000e+00  1.50739501e-03 
 1.43500000e+00  1.50737119e-03 
 1.43600000e+00  1.50734283e-03 
 1.43700000e+00  1.50730992e-03 
 1.43800000e+00  1.50727247e-03 
 1.43900000e+00  1.50723048e-03 
 1.44000000e+00  1.50718396e-03 
 1.44100000e+00  1.50713289e-03 
 1.44200000e+00  1.50707728e-03 
 1.44300000e+00  1.50701713e-03 
 1.44400000e+00  1.50695245e-03 
 1.44500000e+00  1.50688322e-03 
 1.44600000e+00  1.50680947e-03 
 1.44700000e+00  1.50673118e-03 
 1.44800000e+00  1.50664835e-03 
 1.44900000e+00  1.50656099e-03 
 1.45000000e+00  1.50646910e-03 
 1.45100000e+00  1.50637268e-03 
 1.45200000e+00  1.50627173e-03 
 1.45300000e+00  1.50616626e-03 
 1.45400000e+00  1.50605625e-03 
 1.45500000e+00  1.50594172e-03 
 1.45600000e+00  1.50582266e-03 
 1.45700000e+00  1.50569908e-03 
 1.45800000e+00  1.50557098e-03 
 1.45900000e+00  1.50543836e-03 
 1.46000000e+00  1.50530121e-03 
 1.46100000e+00  1.50515955e-03 
 1.46200000e+00  1.50501337e-03 
 1.46300000e+00  1.50486268e-03 
 1.46400000e+00  1.50470747e-03 
 1.46500000e+00  1.50454776e-03 
 1.46600000e+00  1.50438353e-03 
 1.46700000e+00  1.50421479e-03 
 1.46800000e+00  1.50404154e-03 
 1.46900000e+00  1.50386379e-03 
 1.47000000e+00  1.50368153e-03 
 1.47100000e+00  1.50349477e-03 
 1.47200000e+00  1.50330351e-03 
 1.47300000e+00  1.50310775e-03 
 1.47400000e+00  1.50290750e-03 
 1.47500000e+00  1.50270274e-03 
 1.47600000e+00  1.50249350e-03 
 1.47700000e+00  1.50227976e-03 
 1.47800000e+00  1.50206153e-03 
 1.47900000e+00  1.50183882e-03 
 1.48000000e+00  1.50161162e-03 
 1.48100000e+00  1.50137994e-03 
 1.48200000e+00  1.50114377e-03 
 1.48300000e+00  1.50090313e-03 
 1.48400000e+00  1.50065800e-03 
 1.48500000e+00  1.50040841e-03 
 1.48600000e+00  1.50015433e-03 
 1.48700000e+00  1.49989579e-03 
 1.48800000e+00  1.49963278e-03 
 1.48900000e+00  1.49936530e-03 
 1.49000000e+00  1.49909336e-03 
 1.49100000e+00  1.49881696e-03 
 1.49200000e+00  1.49853610e-03 
 1.49300000e+00  1.49825078e-03 
 1.49400000e+00  1.49796100e-03 
 1.49500000e+00  1.49766678e-03 
 1.49600000e+00  1.49736810e-03 
 1.49700000e+00  1.49706498e-03 
 1.49800000e+00  1.49675741e-03 
 1.49900000e+00  1.49644540e-03 
 1.50000000e+00  1.49612895e-03 
 1.50100000e+00  1.49580806e-03 
 1.50200000e+00  1.49548274e-03 
 1.50300000e+00  1.49515299e-03 
 1.50400000e+00  1.49481881e-03 
 1.50500000e+00  1.49448020e-03 
 1.50600000e+00  1.49413717e-03 
 1.50700000e+00  1.49378972e-03 
 1.50800000e+00  1.49343785e-03 
 1.50900000e+00  1.49308156e-03 
 1.51000000e+00  1.49272087e-03 
 1.51100000e+00  1.49235576e-03 
 1.51200000e+00  1.49198625e-03 
 1.51300000e+00  1.49161234e-03 
 1.51400000e+00  1.49123403e-03 
 1.51500000e+00  1.49085132e-03 
 1.51600000e+00  1.49046421e-03 
 1.51700000e+00  1.49007272e-03 
 1.51800000e+00  1.48967683e-03 
 1.51900000e+00  1.48927657e-03 
 1.52000000e+00  1.48887192e-03 
 1.52100000e+00  1.48846289e-03 
 1.52200000e+00  1.48804949e-03 
 1.52300000e+00  1.48763172e-03 
 1.52400000e+00  1.48720958e-03 
 1.52500000e+00  1.48678307e-03 
 1.52600000e+00  1.48635220e-03 
 1.52700000e+00  1.48591698e-03 
 1.52800000e+00  1.48547739e-03 
 1.52900000e+00  1.48503346e-03 
 1.53000000e+00  1.48458518e-03 
 1.53100000e+00  1.48413256e-03 
 1.53200000e+00  1.48367559e-03 
 1.53300000e+00  1.48321429e-03 
 1.53400000e+00  1.48274866e-03 
 1.53500000e+00  1.48227869e-03 
 1.53600000e+00  1.48180440e-03 
 1.53700000e+00  1.48132578e-03 
 1.53800000e+00  1.48084285e-03 
 1.53900000e+00  1.48035560e-03 
 1.54000000e+00  1.47986404e-03 
 1.54100000e+00  1.47936817e-03 
 1.54200000e+00  1.47886800e-03 
 1.54300000e+00  1.47836352e-03 
 1.54400000e+00  1.47785476e-03 
 1.54500000e+00  1.47734169e-03 
 1.54600000e+00  1.47682434e-03 
 1.54700000e+00  1.47630271e-03 
 1.54800000e+00  1.47577680e-03 
 1.54900000e+00  1.47524661e-03 
 1.55000000e+00  1.47471214e-03 
 1.55100000e+00  1.47417341e-03 
 1.55200000e+00  1.47363041e-03 
 1.55300000e+00  1.47308316e-03 
 1.55400000e+00  1.47253165e-03 
 1.55500000e+00  1.47197588e-03 
 1.55600000e+00  1.47141587e-03 
 1.55700000e+00  1.47085162e-03 
 1.55800000e+00  1.47028312e-03 
 1.55900000e+00  1.46971039e-03 
 1.56000000e+00  1.46913343e-03 
 1.56100000e+00  1.46855225e-03 
 1.56200000e+00  1.46796684e-03 
 1.56300000e+00  1.46737721e-03 
 1.56400000e+00  1.46678337e-03 
 1.56500000e+00  1.46618533e-03 
 1.56600000e+00  1.46558308e-03 
 1.56700000e+00  1.46497662e-03 
 1.56800000e+00  1.46436598e-03 
 1.56900000e+00  1.46375114e-03 
 1.57000000e+00  1.46313212e-03 
 1.57100000e+00  1.46250891e-03 
 1.57200000e+00  1.46188153e-03 
 1.57300000e+00  1.46124998e-03 
 1.57400000e+00  1.46061426e-03 
 1.57500000e+00  1.45997437e-03 
 1.57600000e+00  1.45933033e-03 
 1.57700000e+00  1.45868213e-03 
 1.57800000e+00  1.45802979e-03 
 1.57900000e+00  1.45737330e-03 
 1.58000000e+00  1.45671267e-03 
 1.58100000e+00  1.45604791e-03 
 1.58200000e+00  1.45537902e-03 
 1.58300000e+00  1.45470600e-03 
 1.58400000e+00  1.45402887e-03 
 1.58500000e+00  1.45334762e-03 
 1.58600000e+00  1.45266226e-03 
 1.58700000e+00  1.45197280e-03 
 1.58800000e+00  1.45127923e-03 
 1.58900000e+00  1.45058157e-03 
 1.59000000e+00  1.44987983e-03 
 1.59100000e+00  1.44917400e-03 
 1.59200000e+00  1.44846409e-03 
 1.59300000e+00  1.44775010e-03 
 1.59400000e+00  1.44703205e-03 
 1.59500000e+00  1.44630993e-03 
 1.59600000e+00  1.44558376e-03 
 1.59700000e+00  1.44485353e-03 
 1.59800000e+00  1.44411925e-03 
 1.59900000e+00  1.44338093e-03 
 1.60000000e+00  1.44263858e-03 
 1.60100000e+00  1.44189219e-03 
 1.60200000e+00  1.44114177e-03 
 1.60300000e+00  1.44038734e-03 
 1.60400000e+00  1.43962889e-03 
 1.60500000e+00  1.43886642e-03 
 1.60600000e+00  1.43809996e-03 
 1.60700000e+00  1.43732949e-03 
 1.60800000e+00  1.43655503e-03 
 1.60900000e+00  1.43577658e-03 
 1.61000000e+00  1.43499415e-03 
 1.61100000e+00  1.43420775e-03 
 1.61200000e+00  1.43341737e-03 
 1.61300000e+00  1.43262302e-03 
 1.61400000e+00  1.43182472e-03 
 1.61500000e+00  1.43102246e-03 
 1.61600000e+00  1.43021625e-03 
 1.61700000e+00  1.42940610e-03 
 1.61800000e+00  1.42859201e-03 
 1.61900000e+00  1.42777399e-03 
 1.62000000e+00  1.42695204e-03 
 1.62100000e+00  1.42612617e-03 
 1.62200000e+00  1.42529639e-03 
 1.62300000e+00  1.42446270e-03 
 1.62400000e+00  1.42362511e-03 
 1.62500000e+00  1.42278362e-03 
 1.62600000e+00  1.42193825e-03 
 1.62700000e+00  1.42108898e-03 
 1.62800000e+00  1.42023584e-03 
 1.62900000e+00  1.41937883e-03 
 1.63000000e+00  1.41851795e-03 
 1.63100000e+00  1.41765321e-03 
 1.63200000e+00  1.41678461e-03 
 1.63300000e+00  1.41591217e-03 
 1.63400000e+00  1.41503588e-03 
 1.63500000e+00  1.41415576e-03 
 1.63600000e+00  1.41327181e-03 
 1.63700000e+00  1.41238403e-03 
 1.63800000e+00  1.41149244e-03 
 1.63900000e+00  1.41059704e-03 
 1.64000000e+00  1.40969783e-03 
 1.64100000e+00  1.40879482e-03 
 1.64200000e+00  1.40788802e-03 
 1.64300000e+00  1.40697743e-03 
 1.64400000e+00  1.40606307e-03 
 1.64500000e+00  1.40514493e-03 
 1.64600000e+00  1.40422302e-03 
 1.64700000e+00  1.40329735e-03 
 1.64800000e+00  1.40236793e-03 
 1.64900000e+00  1.40143476e-03 
 1.65000000e+00  1.40049785e-03 
 1.65100000e+00  1.39955720e-03 
 1.65200000e+00  1.39861282e-03 
 1.65300000e+00  1.39766473e-03 
 1.65400000e+00  1.39671292e-03 
 1.65500000e+00  1.39575739e-03 
 1.65600000e+00  1.39479817e-03 
 1.65700000e+00  1.39383525e-03 
 1.65800000e+00  1.39286864e-03 
 1.65900000e+00  1.39189835e-03 
 1.66000000e+00  1.39092439e-03 
 1.66100000e+00  1.38994675e-03 
 1.66200000e+00  1.38896546e-03 
 1.66300000e+00  1.38798051e-03 
 1.66400000e+00  1.38699190e-03 
 1.66500000e+00  1.38599966e-03 
 1.66600000e+00  1.38500378e-03 
 1.66700000e+00  1.38400428e-03 
 1.66800000e+00  1.38300115e-03 
 1.66900000e+00  1.38199441e-03 
 1.67000000e+00  1.38098406e-03 
 1.67100000e+00  1.37997010e-03 
 1.67200000e+00  1.37895256e-03 
 1.67300000e+00  1.37793143e-03 
 1.67400000e+00  1.37690671e-03 
 1.67500000e+00  1.37587843e-03 
 1.67600000e+00  1.37484658e-03 
 1.67700000e+00  1.37381117e-03 
 1.67800000e+00  1.37277220e-03 
 1.67900000e+00  1.37172969e-03 
 1.68000000e+00  1.37068365e-03 
 1.68100000e+00  1.36963407e-03 
 1.68200000e+00  1.36858097e-03 
 1.68300000e+00  1.36752435e-03 
 1.68400000e+00  1.36646423e-03 
 1.68500000e+00  1.36540060e-03 
 1.68600000e+00  1.36433347e-03 
 1.68700000e+00  1.36326286e-03 
 1.68800000e+00  1.36218877e-03 
 1.68900000e+00  1.36111120e-03 
 1.69000000e+00  1.36003017e-03 
 1.69100000e+00  1.35894568e-03 
 1.69200000e+00  1.35785773e-03 
 1.69300000e+00  1.35676635e-03 
 1.69400000e+00  1.35567152e-03 
 1.69500000e+00  1.35457327e-03 
 1.69600000e+00  1.35347159e-03 
 1.69700000e+00  1.35236650e-03 
 1.69800000e+00  1.35125800e-03 
 1.69900000e+00  1.35014610e-03 
 1.70000000e+00  1.34903081e-03 
 1.70100000e+00  1.34791213e-03 
 1.70200000e+00  1.34679008e-03 
 1.70300000e+00  1.34566465e-03 
 1.70400000e+00  1.34453586e-03 
 1.70500000e+00  1.34340372e-03 
 1.70600000e+00  1.34226823e-03 
 1.70700000e+00  1.34112940e-03 
 1.70800000e+00  1.33998724e-03 
 1.70900000e+00  1.33884175e-03 
 1.71000000e+00  1.33769295e-03 
 1.71100000e+00  1.33654083e-03 
 1.71200000e+00  1.33538542e-03 
 1.71300000e+00  1.33422671e-03 
 1.71400000e+00  1.33306471e-03 
 1.71500000e+00  1.33189943e-03 
 1.71600000e+00  1.33073089e-03 
 1.71700000e+00  1.32955908e-03 
 1.71800000e+00  1.32838401e-03 
 1.71900000e+00  1.32720569e-03 
 1.72000000e+00  1.32602414e-03 
 1.72100000e+00  1.32483935e-03 
 1.72200000e+00  1.32365134e-03 
 1.72300000e+00  1.32246012e-03 
 1.72400000e+00  1.32126568e-03 
 1.72500000e+00  1.32006804e-03 
 1.72600000e+00  1.31886721e-03 
 1.72700000e+00  1.31766320e-03 
 1.72800000e+00  1.31645600e-03 
 1.72900000e+00  1.31524564e-03 
 1.73000000e+00  1.31403212e-03 
 1.73100000e+00  1.31281544e-03 
 1.73200000e+00  1.31159562e-03 
 1.73300000e+00  1.31037266e-03 
 1.73400000e+00  1.30914657e-03 
 1.73500000e+00  1.30791736e-03 
 1.73600000e+00  1.30668504e-03 
 1.73700000e+00  1.30544961e-03 
 1.73800000e+00  1.30421109e-03 
 1.73900000e+00  1.30296947e-03 
 1.74000000e+00  1.30172478e-03 
 1.74100000e+00  1.30047701e-03 
 1.74200000e+00  1.29922618e-03 
 1.74300000e+00  1.29797229e-03 
 1.74400000e+00  1.29671535e-03 
 1.74500000e+00  1.29545537e-03 
 1.74600000e+00  1.29419236e-03 
 1.74700000e+00  1.29292633e-03 
 1.74800000e+00  1.29165728e-03 
 1.74900000e+00  1.29038522e-03 
 1.75000000e+00  1.28911016e-03 
 1.75100000e+00  1.28783212e-03 
 1.75200000e+00  1.28655109e-03 
 1.75300000e+00  1.28526709e-03 
 1.75400000e+00  1.28398012e-03 
 1.75500000e+00  1.28269019e-03 
 1.75600000e+00  1.28139731e-03 
 1.75700000e+00  1.28010150e-03 
 1.75800000e+00  1.27880275e-03 
 1.75900000e+00  1.27750107e-03 
 1.76000000e+00  1.27619649e-03 
 1.76100000e+00  1.27488899e-03 
 1.76200000e+00  1.27357859e-03 
 1.76300000e+00  1.27226531e-03 
 1.76400000e+00  1.27094914e-03 
 1.76500000e+00  1.26963010e-03 
 1.76600000e+00  1.26830819e-03 
 1.76700000e+00  1.26698343e-03 
 1.76800000e+00  1.26565582e-03 
 1.76900000e+00  1.26432537e-03 
 1.77000000e+00  1.26299209e-03 
 1.77100000e+00  1.26165599e-03 
 1.77200000e+00  1.26031707e-03 
 1.77300000e+00  1.25897534e-03 
 1.77400000e+00  1.25763083e-03 
 1.77500000e+00  1.25628352e-03 
 1.77600000e+00  1.25493343e-03 
 1.77700000e+00  1.25358057e-03 
 1.77800000e+00  1.25222495e-03 
 1.77900000e+00  1.25086658e-03 
 1.78000000e+00  1.24950546e-03 
 1.78100000e+00  1.24814160e-03 
 1.78200000e+00  1.24677502e-03 
 1.78300000e+00  1.24540572e-03 
 1.78400000e+00  1.24403370e-03 
 1.78500000e+00  1.24265899e-03 
 1.78600000e+00  1.24128158e-03 
 1.78700000e+00  1.23990149e-03 
 1.78800000e+00  1.23851873e-03 
 1.78900000e+00  1.23713329e-03 
 1.79000000e+00  1.23574520e-03 
 1.79100000e+00  1.23435447e-03 
 1.79200000e+00  1.23296109e-03 
 1.79300000e+00  1.23156508e-03 
 1.79400000e+00  1.23016644e-03 
 1.79500000e+00  1.22876520e-03 
 1.79600000e+00  1.22736134e-03 
 1.79700000e+00  1.22595490e-03 
 1.79800000e+00  1.22454586e-03 
 1.79900000e+00  1.22313425e-03 
 1.80000000e+00  1.22172007e-03 
