 0.00000000e+00  2.72849889e+01 
 1.00000000e-03  2.72814944e+01 
 2.00000000e-03  2.72779535e+01 
 3.00000000e-03  2.72743655e+01 
 4.00000000e-03  2.72707299e+01 
 5.00000000e-03  2.72670461e+01 
 6.00000000e-03  2.72633134e+01 
 7.00000000e-03  2.72595312e+01 
 8.00000000e-03  2.72556989e+01 
 9.00000000e-03  2.72518159e+01 
 1.00000000e-02  2.72478815e+01 
 1.10000000e-02  2.72438951e+01 
 1.20000000e-02  2.72398561e+01 
 1.30000000e-02  2.72357637e+01 
 1.40000000e-02  2.72316173e+01 
 1.50000000e-02  2.72274163e+01 
 1.60000000e-02  2.72231599e+01 
 1.70000000e-02  2.72188475e+01 
 1.80000000e-02  2.72144783e+01 
 1.90000000e-02  2.72100517e+01 
 2.00000000e-02  2.72055669e+01 
 2.10000000e-02  2.72010232e+01 
 2.20000000e-02  2.71964200e+01 
 2.30000000e-02  2.71917564e+01 
 2.40000000e-02  2.71870317e+01 
 2.50000000e-02  2.71822452e+01 
 2.60000000e-02  2.71773961e+01 
 2.70000000e-02  2.71724836e+01 
 2.80000000e-02  2.71675070e+01 
 2.90000000e-02  2.71624655e+01 
 3.00000000e-02  2.71573583e+01 
 3.10000000e-02  2.71521845e+01 
 3.20000000e-02  2.71469435e+01 
 3.30000000e-02  2.71416343e+01 
 3.40000000e-02  2.71362561e+01 
 3.50000000e-02  2.71308082e+01 
 3.60000000e-02  2.71252896e+01 
 3.70000000e-02  2.71196995e+01 
 3.80000000e-02  2.71140371e+01 
 3.90000000e-02  2.71083015e+01 
 4.00000000e-02  2.71024919e+01 
 4.10000000e-02  2.70966072e+01 
 4.20000000e-02  2.70906467e+01 
 4.30000000e-02  2.70846095e+01 
 4.40000000e-02  2.70784946e+01 
 4.50000000e-02  2.70723011e+01 
 4.60000000e-02  2.70660281e+01 
 4.70000000e-02  2.70596747e+01 
 4.80000000e-02  2.70532399e+01 
 4.90000000e-02  2.70467227e+01 
 5.00000000e-02  2.70401223e+01 
 5.10000000e-02  2.70334376e+01 
 5.20000000e-02  2.70266676e+01 
 5.30000000e-02  2.70198115e+01 
 5.40000000e-02  2.70128681e+01 
 5.50000000e-02  2.70058365e+01 
 5.60000000e-02  2.69987156e+01 
 5.70000000e-02  2.69915045e+01 
 5.80000000e-02  2.69842021e+01 
 5.90000000e-02  2.69768073e+01 
 6.00000000e-02  2.69693192e+01 
 6.10000000e-02  2.69617367e+01 
 6.20000000e-02  2.69540586e+01 
 6.30000000e-02  2.69462840e+01 
 6.40000000e-02  2.69384117e+01 
 6.50000000e-02  2.69304407e+01 
 6.60000000e-02  2.69223699e+01 
 6.70000000e-02  2.69141981e+01 
 6.80000000e-02  2.69059242e+01 
 6.90000000e-02  2.68975472e+01 
 7.00000000e-02  2.68890658e+01 
 7.10000000e-02  2.68804789e+01 
 7.20000000e-02  2.68717855e+01 
 7.30000000e-02  2.68629843e+01 
 7.40000000e-02  2.68540741e+01 
 7.50000000e-02  2.68450539e+01 
 7.60000000e-02  2.68359223e+01 
 7.70000000e-02  2.68266783e+01 
 7.80000000e-02  2.68173206e+01 
 7.90000000e-02  2.68078480e+01 
 8.00000000e-02  2.67982593e+01 
 8.10000000e-02  2.67885533e+01 
 8.20000000e-02  2.67787287e+01 
 8.30000000e-02  2.67687844e+01 
 8.40000000e-02  2.67587191e+01 
 8.50000000e-02  2.67485314e+01 
 8.60000000e-02  2.67382203e+01 
 8.70000000e-02  2.67277844e+01 
 8.80000000e-02  2.67172224e+01 
 8.90000000e-02  2.67065330e+01 
 9.00000000e-02  2.66957151e+01 
 9.10000000e-02  2.66847672e+01 
 9.20000000e-02  2.66736882e+01 
 9.30000000e-02  2.66624766e+01 
 9.40000000e-02  2.66511312e+01 
 9.50000000e-02  2.66396507e+01 
 9.60000000e-02  2.66280338e+01 
 9.70000000e-02  2.66162791e+01 
 9.80000000e-02  2.66043853e+01 
 9.90000000e-02  2.65923511e+01 
 1.00000000e-01  2.65801751e+01 
 1.01000000e-01  2.65678559e+01 
 1.02000000e-01  2.65553924e+01 
 1.03000000e-01  2.65427830e+01 
 1.04000000e-01  2.65300265e+01 
 1.05000000e-01  2.65171215e+01 
 1.06000000e-01  2.65040666e+01 
 1.07000000e-01  2.64908604e+01 
 1.08000000e-01  2.64775017e+01 
 1.09000000e-01  2.64639889e+01 
 1.10000000e-01  2.64503209e+01 
 1.11000000e-01  2.64364961e+01 
 1.12000000e-01  2.64225132e+01 
 1.13000000e-01  2.64083709e+01 
 1.14000000e-01  2.63940678e+01 
 1.15000000e-01  2.63796024e+01 
 1.16000000e-01  2.63649735e+01 
 1.17000000e-01  2.63501796e+01 
 1.18000000e-01  2.63352194e+01 
 1.19000000e-01  2.63200914e+01 
 1.20000000e-01  2.63047944e+01 
 1.21000000e-01  2.62893270e+01 
 1.22000000e-01  2.62736877e+01 
 1.23000000e-01  2.62578753e+01 
 1.24000000e-01  2.62418883e+01 
 1.25000000e-01  2.62257254e+01 
 1.26000000e-01  2.62093853e+01 
 1.27000000e-01  2.61928666e+01 
 1.28000000e-01  2.61761679e+01 
 1.29000000e-01  2.61592880e+01 
 1.30000000e-01  2.61422255e+01 
 1.31000000e-01  2.61249790e+01 
 1.32000000e-01  2.61075473e+01 
 1.33000000e-01  2.60899290e+01 
 1.34000000e-01  2.60721228e+01 
 1.35000000e-01  2.60541275e+01 
 1.36000000e-01  2.60359417e+01 
 1.37000000e-01  2.60175642e+01 
 1.38000000e-01  2.59989937e+01 
 1.39000000e-01  2.59802289e+01 
 1.40000000e-01  2.59612687e+01 
 1.41000000e-01  2.59421117e+01 
 1.42000000e-01  2.59227568e+01 
 1.43000000e-01  2.59032027e+01 
 1.44000000e-01  2.58834483e+01 
 1.45000000e-01  2.58634924e+01 
 1.46000000e-01  2.58433338e+01 
 1.47000000e-01  2.58229714e+01 
 1.48000000e-01  2.58024040e+01 
 1.49000000e-01  2.57816305e+01 
 1.50000000e-01  2.57606499e+01 
 1.51000000e-01  2.57394611e+01 
 1.52000000e-01  2.57180629e+01 
 1.53000000e-01  2.56964544e+01 
 1.54000000e-01  2.56746346e+01 
 1.55000000e-01  2.56526024e+01 
 1.56000000e-01  2.56303569e+01 
 1.57000000e-01  2.56078971e+01 
 1.58000000e-01  2.55852221e+01 
 1.59000000e-01  2.55623311e+01 
 1.60000000e-01  2.55392230e+01 
 1.61000000e-01  2.55158972e+01 
 1.62000000e-01  2.54923527e+01 
 1.63000000e-01  2.54685887e+01 
 1.64000000e-01  2.54446046e+01 
 1.65000000e-01  2.54203994e+01 
 1.66000000e-01  2.53959727e+01 
 1.67000000e-01  2.53713236e+01 
 1.68000000e-01  2.53464515e+01 
 1.69000000e-01  2.53213558e+01 
 1.70000000e-01  2.52960359e+01 
 1.71000000e-01  2.52704913e+01 
 1.72000000e-01  2.52447215e+01 
 1.73000000e-01  2.52187260e+01 
 1.74000000e-01  2.51925043e+01 
 1.75000000e-01  2.51660560e+01 
 1.76000000e-01  2.51393809e+01 
 1.77000000e-01  2.51124785e+01 
 1.78000000e-01  2.50853485e+01 
 1.79000000e-01  2.50579908e+01 
 1.80000000e-01  2.50304051e+01 
 1.81000000e-01  2.50025912e+01 
 1.82000000e-01  2.49745491e+01 
 1.83000000e-01  2.49462787e+01 
 1.84000000e-01  2.49177799e+01 
 1.85000000e-01  2.48890527e+01 
 1.86000000e-01  2.48600973e+01 
 1.87000000e-01  2.48309136e+01 
 1.88000000e-01  2.48015020e+01 
 1.89000000e-01  2.47718625e+01 
 1.90000000e-01  2.47419954e+01 
 1.91000000e-01  2.47119011e+01 
 1.92000000e-01  2.46815799e+01 
 1.93000000e-01  2.46510322e+01 
 1.94000000e-01  2.46202584e+01 
 1.95000000e-01  2.45892591e+01 
 1.96000000e-01  2.45580349e+01 
 1.97000000e-01  2.45265863e+01 
 1.98000000e-01  2.44949140e+01 
 1.99000000e-01  2.44630188e+01 
 2.00000000e-01  2.44309014e+01 
 2.01000000e-01  2.43985627e+01 
 2.02000000e-01  2.43660036e+01 
 2.03000000e-01  2.43332250e+01 
 2.04000000e-01  2.43002280e+01 
 2.05000000e-01  2.42670136e+01 
 2.06000000e-01  2.42335830e+01 
 2.07000000e-01  2.41999374e+01 
 2.08000000e-01  2.41660780e+01 
 2.09000000e-01  2.41320061e+01 
 2.10000000e-01  2.40977231e+01 
 2.11000000e-01  2.40632305e+01 
 2.12000000e-01  2.40285297e+01 
 2.13000000e-01  2.39936224e+01 
 2.14000000e-01  2.39585101e+01 
 2.15000000e-01  2.39231945e+01 
 2.16000000e-01  2.38876774e+01 
 2.17000000e-01  2.38519605e+01 
 2.18000000e-01  2.38160459e+01 
 2.19000000e-01  2.37799353e+01 
 2.20000000e-01  2.37436309e+01 
 2.21000000e-01  2.37071346e+01 
 2.22000000e-01  2.36704487e+01 
 2.23000000e-01  2.36335753e+01 
 2.24000000e-01  2.35965166e+01 
 2.25000000e-01  2.35592750e+01 
 2.26000000e-01  2.35218529e+01 
 2.27000000e-01  2.34842527e+01 
 2.28000000e-01  2.34464770e+01 
 2.29000000e-01  2.34085282e+01 
 2.30000000e-01  2.33704091e+01 
 2.31000000e-01  2.33321223e+01 
 2.32000000e-01  2.32936706e+01 
 2.33000000e-01  2.32550568e+01 
 2.34000000e-01  2.32162839e+01 
 2.35000000e-01  2.31773546e+01 
 2.36000000e-01  2.31382721e+01 
 2.37000000e-01  2.30990395e+01 
 2.38000000e-01  2.30596597e+01 
 2.39000000e-01  2.30201360e+01 
 2.40000000e-01  2.29804716e+01 
 2.41000000e-01  2.29406699e+01 
 2.42000000e-01  2.29007341e+01 
 2.43000000e-01  2.28606677e+01 
 2.44000000e-01  2.28204741e+01 
 2.45000000e-01  2.27801568e+01 
 2.46000000e-01  2.27397194e+01 
 2.47000000e-01  2.26991655e+01 
 2.48000000e-01  2.26584987e+01 
 2.49000000e-01  2.26177228e+01 
 2.50000000e-01  2.25768415e+01 
 2.51000000e-01  2.25358586e+01 
 2.52000000e-01  2.24947779e+01 
 2.53000000e-01  2.24536033e+01 
 2.54000000e-01  2.24123389e+01 
 2.55000000e-01  2.23709884e+01 
 2.56000000e-01  2.23295560e+01 
 2.57000000e-01  2.22880457e+01 
 2.58000000e-01  2.22464616e+01 
 2.59000000e-01  2.22048078e+01 
 2.60000000e-01  2.21630884e+01 
 2.61000000e-01  2.21213077e+01 
 2.62000000e-01  2.20794698e+01 
 2.63000000e-01  2.20375790e+01 
 2.64000000e-01  2.19956395e+01 
 2.65000000e-01  2.19536558e+01 
 2.66000000e-01  2.19116320e+01 
 2.67000000e-01  2.18695725e+01 
 2.68000000e-01  2.18274817e+01 
 2.69000000e-01  2.17853639e+01 
 2.70000000e-01  2.17432236e+01 
 2.71000000e-01  2.17010651e+01 
 2.72000000e-01  2.16588929e+01 
 2.73000000e-01  2.16167114e+01 
 2.74000000e-01  2.15745250e+01 
 2.75000000e-01  2.15323382e+01 
 2.76000000e-01  2.14901554e+01 
 2.77000000e-01  2.14479810e+01 
 2.78000000e-01  2.14058196e+01 
 2.79000000e-01  2.13636755e+01 
 2.80000000e-01  2.13215532e+01 
 2.81000000e-01  2.12794571e+01 
 2.82000000e-01  2.12373916e+01 
 2.83000000e-01  2.11953612e+01 
 2.84000000e-01  2.11533702e+01 
 2.85000000e-01  2.11114231e+01 
 2.86000000e-01  2.10695242e+01 
 2.87000000e-01  2.10276778e+01 
 2.88000000e-01  2.09858882e+01 
 2.89000000e-01  2.09441599e+01 
 2.90000000e-01  2.09024970e+01 
 2.91000000e-01  2.08609037e+01 
 2.92000000e-01  2.08193844e+01 
 2.93000000e-01  2.07779431e+01 
 2.94000000e-01  2.07365841e+01 
 2.95000000e-01  2.06953114e+01 
 2.96000000e-01  2.06541291e+01 
 2.97000000e-01  2.06130412e+01 
 2.98000000e-01  2.05720518e+01 
 2.99000000e-01  2.05311647e+01 
 3.00000000e-01  2.04903838e+01 
 3.01000000e-01  2.04497131e+01 
 3.02000000e-01  2.04091562e+01 
 3.03000000e-01  2.03687170e+01 
 3.04000000e-01  2.03283991e+01 
 3.05000000e-01  2.02882061e+01 
 3.06000000e-01  2.02481416e+01 
 3.07000000e-01  2.02082091e+01 
 3.08000000e-01  2.01684120e+01 
 3.09000000e-01  2.01287537e+01 
 3.10000000e-01  2.00892375e+01 
 3.11000000e-01  2.00498667e+01 
 3.12000000e-01  2.00106444e+01 
 3.13000000e-01  1.99715738e+01 
 3.14000000e-01  1.99326577e+01 
 3.15000000e-01  1.98938993e+01 
 3.16000000e-01  1.98553012e+01 
 3.17000000e-01  1.98168665e+01 
 3.18000000e-01  1.97785976e+01 
 3.19000000e-01  1.97404974e+01 
 3.20000000e-01  1.97025682e+01 
 3.21000000e-01  1.96648126e+01 
 3.22000000e-01  1.96272330e+01 
 3.23000000e-01  1.95898316e+01 
 3.24000000e-01  1.95526107e+01 
 3.25000000e-01  1.95155722e+01 
 3.26000000e-01  1.94787183e+01 
 3.27000000e-01  1.94420509e+01 
 3.28000000e-01  1.94055718e+01 
 3.29000000e-01  1.93692827e+01 
 3.30000000e-01  1.93331854e+01 
 3.31000000e-01  1.92972812e+01 
 3.32000000e-01  1.92615717e+01 
 3.33000000e-01  1.92260583e+01 
 3.34000000e-01  1.91907421e+01 
 3.35000000e-01  1.91556244e+01 
 3.36000000e-01  1.91207061e+01 
 3.37000000e-01  1.90859883e+01 
 3.38000000e-01  1.90514717e+01 
 3.39000000e-01  1.90171573e+01 
 3.40000000e-01  1.89830455e+01 
 3.41000000e-01  1.89491369e+01 
 3.42000000e-01  1.89154320e+01 
 3.43000000e-01  1.88819312e+01 
 3.44000000e-01  1.88486346e+01 
 3.45000000e-01  1.88155425e+01 
 3.46000000e-01  1.87826547e+01 
 3.47000000e-01  1.87499714e+01 
 3.48000000e-01  1.87174922e+01 
 3.49000000e-01  1.86852170e+01 
 3.50000000e-01  1.86531453e+01 
 3.51000000e-01  1.86212766e+01 
 3.52000000e-01  1.85896105e+01 
 3.53000000e-01  1.85581461e+01 
 3.54000000e-01  1.85268828e+01 
 3.55000000e-01  1.84958196e+01 
 3.56000000e-01  1.84649556e+01 
 3.57000000e-01  1.84342896e+01 
 3.58000000e-01  1.84038205e+01 
 3.59000000e-01  1.83735470e+01 
 3.60000000e-01  1.83434677e+01 
 3.61000000e-01  1.83135811e+01 
 3.62000000e-01  1.82838857e+01 
 3.63000000e-01  1.82543798e+01 
 3.64000000e-01  1.82250616e+01 
 3.65000000e-01  1.81959293e+01 
 3.66000000e-01  1.81669809e+01 
 3.67000000e-01  1.81382144e+01 
 3.68000000e-01  1.81096277e+01 
 3.69000000e-01  1.80812185e+01 
 3.70000000e-01  1.80529845e+01 
 3.71000000e-01  1.80249234e+01 
 3.72000000e-01  1.79970326e+01 
 3.73000000e-01  1.79693096e+01 
 3.74000000e-01  1.79417518e+01 
 3.75000000e-01  1.79143564e+01 
 3.76000000e-01  1.78871207e+01 
 3.77000000e-01  1.78600418e+01 
 3.78000000e-01  1.78331166e+01 
 3.79000000e-01  1.78063423e+01 
 3.80000000e-01  1.77797156e+01 
 3.81000000e-01  1.77532335e+01 
 3.82000000e-01  1.77268926e+01 
 3.83000000e-01  1.77006898e+01 
 3.84000000e-01  1.76746215e+01 
 3.85000000e-01  1.76486845e+01 
 3.86000000e-01  1.76228751e+01 
 3.87000000e-01  1.75971899e+01 
 3.88000000e-01  1.75716253e+01 
 3.89000000e-01  1.75461776e+01 
 3.90000000e-01  1.75208430e+01 
 3.91000000e-01  1.74956178e+01 
 3.92000000e-01  1.74704983e+01 
 3.93000000e-01  1.74454805e+01 
 3.94000000e-01  1.74205606e+01 
 3.95000000e-01  1.73957346e+01 
 3.96000000e-01  1.73709986e+01 
 3.97000000e-01  1.73463485e+01 
 3.98000000e-01  1.73217803e+01 
 3.99000000e-01  1.72972899e+01 
 4.00000000e-01  1.72728731e+01 
 4.01000000e-01  1.72485260e+01 
 4.02000000e-01  1.72242443e+01 
 4.03000000e-01  1.72000237e+01 
 4.04000000e-01  1.71758603e+01 
 4.05000000e-01  1.71517496e+01 
 4.06000000e-01  1.71276875e+01 
 4.07000000e-01  1.71036697e+01 
 4.08000000e-01  1.70796920e+01 
 4.09000000e-01  1.70557501e+01 
 4.10000000e-01  1.70318398e+01 
 4.11000000e-01  1.70079567e+01 
 4.12000000e-01  1.69840967e+01 
 4.13000000e-01  1.69602554e+01 
 4.14000000e-01  1.69364286e+01 
 4.15000000e-01  1.69126121e+01 
 4.16000000e-01  1.68888015e+01 
 4.17000000e-01  1.68649927e+01 
 4.18000000e-01  1.68411815e+01 
 4.19000000e-01  1.68173637e+01 
 4.20000000e-01  1.67935350e+01 
 4.21000000e-01  1.67696914e+01 
 4.22000000e-01  1.67458287e+01 
 4.23000000e-01  1.67219428e+01 
 4.24000000e-01  1.66980296e+01 
 4.25000000e-01  1.66740851e+01 
 4.26000000e-01  1.66501054e+01 
 4.27000000e-01  1.66260864e+01 
 4.28000000e-01  1.66020241e+01 
 4.29000000e-01  1.65779148e+01 
 4.30000000e-01  1.65537546e+01 
 4.31000000e-01  1.65295397e+01 
 4.32000000e-01  1.65052662e+01 
 4.33000000e-01  1.64809306e+01 
 4.34000000e-01  1.64565292e+01 
 4.35000000e-01  1.64320583e+01 
 4.36000000e-01  1.64075145e+01 
 4.37000000e-01  1.63828942e+01 
 4.38000000e-01  1.63581941e+01 
 4.39000000e-01  1.63334107e+01 
 4.40000000e-01  1.63085408e+01 
 4.41000000e-01  1.62835811e+01 
 4.42000000e-01  1.62585285e+01 
 4.43000000e-01  1.62333799e+01 
 4.44000000e-01  1.62081321e+01 
 4.45000000e-01  1.61827824e+01 
 4.46000000e-01  1.61573277e+01 
 4.47000000e-01  1.61317653e+01 
 4.48000000e-01  1.61060924e+01 
 4.49000000e-01  1.60803064e+01 
 4.50000000e-01  1.60544046e+01 
 4.51000000e-01  1.60283847e+01 
 4.52000000e-01  1.60022440e+01 
 4.53000000e-01  1.59759804e+01 
 4.54000000e-01  1.59495915e+01 
 4.55000000e-01  1.59230752e+01 
 4.56000000e-01  1.58964293e+01 
 4.57000000e-01  1.58696518e+01 
 4.58000000e-01  1.58427409e+01 
 4.59000000e-01  1.58156946e+01 
 4.60000000e-01  1.57885113e+01 
 4.61000000e-01  1.57611892e+01 
 4.62000000e-01  1.57337268e+01 
 4.63000000e-01  1.57061225e+01 
 4.64000000e-01  1.56783750e+01 
 4.65000000e-01  1.56504830e+01 
 4.66000000e-01  1.56224451e+01 
 4.67000000e-01  1.55942604e+01 
 4.68000000e-01  1.55659277e+01 
 4.69000000e-01  1.55374461e+01 
 4.70000000e-01  1.55088146e+01 
 4.71000000e-01  1.54800326e+01 
 4.72000000e-01  1.54510992e+01 
 4.73000000e-01  1.54220140e+01 
 4.74000000e-01  1.53927763e+01 
 4.75000000e-01  1.53633859e+01 
 4.76000000e-01  1.53338422e+01 
 4.77000000e-01  1.53041450e+01 
 4.78000000e-01  1.52742942e+01 
 4.79000000e-01  1.52442897e+01 
 4.80000000e-01  1.52141315e+01 
 4.81000000e-01  1.51838197e+01 
 4.82000000e-01  1.51533543e+01 
 4.83000000e-01  1.51227358e+01 
 4.84000000e-01  1.50919644e+01 
 4.85000000e-01  1.50610404e+01 
 4.86000000e-01  1.50299645e+01 
 4.87000000e-01  1.49987372e+01 
 4.88000000e-01  1.49673591e+01 
 4.89000000e-01  1.49358309e+01 
 4.90000000e-01  1.49041535e+01 
 4.91000000e-01  1.48723278e+01 
 4.92000000e-01  1.48403546e+01 
 4.93000000e-01  1.48082350e+01 
 4.94000000e-01  1.47759701e+01 
 4.95000000e-01  1.47435610e+01 
 4.96000000e-01  1.47110091e+01 
 4.97000000e-01  1.46783155e+01 
 4.98000000e-01  1.46454816e+01 
 4.99000000e-01  1.46125090e+01 
 5.00000000e-01  1.45793990e+01 
 5.01000000e-01  1.45461532e+01 
 5.02000000e-01  1.45127732e+01 
 5.03000000e-01  1.44792607e+01 
 5.04000000e-01  1.44456175e+01 
 5.05000000e-01  1.44118452e+01 
 5.06000000e-01  1.43779458e+01 
 5.07000000e-01  1.43439211e+01 
 5.08000000e-01  1.43097731e+01 
 5.09000000e-01  1.42755037e+01 
 5.10000000e-01  1.42411150e+01 
 5.11000000e-01  1.42066091e+01 
 5.12000000e-01  1.41719880e+01 
 5.13000000e-01  1.41372540e+01 
 5.14000000e-01  1.41024092e+01 
 5.15000000e-01  1.40674560e+01 
 5.16000000e-01  1.40323965e+01 
 5.17000000e-01  1.39972332e+01 
 5.18000000e-01  1.39619682e+01 
 5.19000000e-01  1.39266042e+01 
 5.20000000e-01  1.38911433e+01 
 5.21000000e-01  1.38555882e+01 
 5.22000000e-01  1.38199413e+01 
 5.23000000e-01  1.37842050e+01 
 5.24000000e-01  1.37483819e+01 
 5.25000000e-01  1.37124746e+01 
 5.26000000e-01  1.36764856e+01 
 5.27000000e-01  1.36404175e+01 
 5.28000000e-01  1.36042729e+01 
 5.29000000e-01  1.35680544e+01 
 5.30000000e-01  1.35317646e+01 
 5.31000000e-01  1.34954063e+01 
 5.32000000e-01  1.34589821e+01 
 5.33000000e-01  1.34224946e+01 
 5.34000000e-01  1.33859466e+01 
 5.35000000e-01  1.33493406e+01 
 5.36000000e-01  1.33126795e+01 
 5.37000000e-01  1.32759659e+01 
 5.38000000e-01  1.32392026e+01 
 5.39000000e-01  1.32023922e+01 
 5.40000000e-01  1.31655374e+01 
 5.41000000e-01  1.31286410e+01 
 5.42000000e-01  1.30917056e+01 
 5.43000000e-01  1.30547340e+01 
 5.44000000e-01  1.30177289e+01 
 5.45000000e-01  1.29806929e+01 
 5.46000000e-01  1.29436288e+01 
 5.47000000e-01  1.29065393e+01 
 5.48000000e-01  1.28694269e+01 
 5.49000000e-01  1.28322944e+01 
 5.50000000e-01  1.27951444e+01 
 5.51000000e-01  1.27579796e+01 
 5.52000000e-01  1.27208026e+01 
 5.53000000e-01  1.26836159e+01 
 5.54000000e-01  1.26464223e+01 
 5.55000000e-01  1.26092243e+01 
 5.56000000e-01  1.25720244e+01 
 5.57000000e-01  1.25348253e+01 
 5.58000000e-01  1.24976294e+01 
 5.59000000e-01  1.24604392e+01 
 5.60000000e-01  1.24232573e+01 
 5.61000000e-01  1.23860861e+01 
 5.62000000e-01  1.23489281e+01 
 5.63000000e-01  1.23117856e+01 
 5.64000000e-01  1.22746613e+01 
 5.65000000e-01  1.22375573e+01 
 5.66000000e-01  1.22004760e+01 
 5.67000000e-01  1.21634199e+01 
 5.68000000e-01  1.21263912e+01 
 5.69000000e-01  1.20893921e+01 
 5.70000000e-01  1.20524251e+01 
 5.71000000e-01  1.20154922e+01 
 5.72000000e-01  1.19785957e+01 
 5.73000000e-01  1.19417378e+01 
 5.74000000e-01  1.19049207e+01 
 5.75000000e-01  1.18681464e+01 
 5.76000000e-01  1.18314171e+01 
 5.77000000e-01  1.17947348e+01 
 5.78000000e-01  1.17581016e+01 
 5.79000000e-01  1.17215194e+01 
 5.80000000e-01  1.16849904e+01 
 5.81000000e-01  1.16485163e+01 
 5.82000000e-01  1.16120992e+01 
 5.83000000e-01  1.15757409e+01 
 5.84000000e-01  1.15394433e+01 
 5.85000000e-01  1.15032082e+01 
 5.86000000e-01  1.14670374e+01 
 5.87000000e-01  1.14309327e+01 
 5.88000000e-01  1.13948958e+01 
 5.89000000e-01  1.13589285e+01 
 5.90000000e-01  1.13230324e+01 
 5.91000000e-01  1.12872091e+01 
 5.92000000e-01  1.12514603e+01 
 5.93000000e-01  1.12157876e+01 
 5.94000000e-01  1.11801925e+01 
 5.95000000e-01  1.11446765e+01 
 5.96000000e-01  1.11092411e+01 
 5.97000000e-01  1.10738878e+01 
 5.98000000e-01  1.10386180e+01 
 5.99000000e-01  1.10034332e+01 
 6.00000000e-01  1.09683346e+01 
 6.01000000e-01  1.09333236e+01 
 6.02000000e-01  1.08984016e+01 
 6.03000000e-01  1.08635698e+01 
 6.04000000e-01  1.08288294e+01 
 6.05000000e-01  1.07941816e+01 
 6.06000000e-01  1.07596278e+01 
 6.07000000e-01  1.07251689e+01 
 6.08000000e-01  1.06908062e+01 
 6.09000000e-01  1.06565407e+01 
 6.10000000e-01  1.06223735e+01 
 6.11000000e-01  1.05883057e+01 
 6.12000000e-01  1.05543382e+01 
 6.13000000e-01  1.05204721e+01 
 6.14000000e-01  1.04867082e+01 
 6.15000000e-01  1.04530476e+01 
 6.16000000e-01  1.04194911e+01 
 6.17000000e-01  1.03860397e+01 
 6.18000000e-01  1.03526940e+01 
 6.19000000e-01  1.03194551e+01 
 6.20000000e-01  1.02863236e+01 
 6.21000000e-01  1.02533003e+01 
 6.22000000e-01  1.02203860e+01 
 6.23000000e-01  1.01875813e+01 
 6.24000000e-01  1.01548871e+01 
 6.25000000e-01  1.01223038e+01 
 6.26000000e-01  1.00898323e+01 
 6.27000000e-01  1.00574730e+01 
 6.28000000e-01  1.00252266e+01 
 6.29000000e-01  9.99309358e+00 
 6.30000000e-01  9.96107458e+00 
 6.31000000e-01  9.92917009e+00 
 6.32000000e-01  9.89738058e+00 
 6.33000000e-01  9.86570655e+00 
 6.34000000e-01  9.83414844e+00 
 6.35000000e-01  9.80270668e+00 
 6.36000000e-01  9.77138167e+00 
 6.37000000e-01  9.74017380e+00 
 6.38000000e-01  9.70908344e+00 
 6.39000000e-01  9.67811092e+00 
 6.40000000e-01  9.64725658e+00 
 6.41000000e-01  9.61652072e+00 
 6.42000000e-01  9.58590361e+00 
 6.43000000e-01  9.55540553e+00 
 6.44000000e-01  9.52502671e+00 
 6.45000000e-01  9.49476739e+00 
 6.46000000e-01  9.46462776e+00 
 6.47000000e-01  9.43460803e+00 
 6.48000000e-01  9.40470835e+00 
 6.49000000e-01  9.37492889e+00 
 6.50000000e-01  9.34526977e+00 
 6.51000000e-01  9.31573112e+00 
 6.52000000e-01  9.28631305e+00 
 6.53000000e-01  9.25701562e+00 
 6.54000000e-01  9.22783893e+00 
 6.55000000e-01  9.19878302e+00 
 6.56000000e-01  9.16984792e+00 
 6.57000000e-01  9.14103367e+00 
 6.58000000e-01  9.11234027e+00 
 6.59000000e-01  9.08376772e+00 
 6.60000000e-01  9.05531599e+00 
 6.61000000e-01  9.02698506e+00 
 6.62000000e-01  8.99877487e+00 
 6.63000000e-01  8.97068536e+00 
 6.64000000e-01  8.94271647e+00 
 6.65000000e-01  8.91486809e+00 
 6.66000000e-01  8.88714014e+00 
 6.67000000e-01  8.85953251e+00 
 6.68000000e-01  8.83204506e+00 
 6.69000000e-01  8.80467766e+00 
 6.70000000e-01  8.77743016e+00 
 6.71000000e-01  8.75030242e+00 
 6.72000000e-01  8.72329425e+00 
 6.73000000e-01  8.69640548e+00 
 6.74000000e-01  8.66963592e+00 
 6.75000000e-01  8.64298537e+00 
 6.76000000e-01  8.61645362e+00 
 6.77000000e-01  8.59004044e+00 
 6.78000000e-01  8.56374561e+00 
 6.79000000e-01  8.53756889e+00 
 6.80000000e-01  8.51151004e+00 
 6.81000000e-01  8.48556879e+00 
 6.82000000e-01  8.45974488e+00 
 6.83000000e-01  8.43403804e+00 
 6.84000000e-01  8.40844799e+00 
 6.85000000e-01  8.38297443e+00 
 6.86000000e-01  8.35761708e+00 
 6.87000000e-01  8.33237563e+00 
 6.88000000e-01  8.30724976e+00 
 6.89000000e-01  8.28223916e+00 
 6.90000000e-01  8.25734351e+00 
 6.91000000e-01  8.23256247e+00 
 6.92000000e-01  8.20789570e+00 
 6.93000000e-01  8.18334286e+00 
 6.94000000e-01  8.15890360e+00 
 6.95000000e-01  8.13457757e+00 
 6.96000000e-01  8.11036440e+00 
 6.97000000e-01  8.08626373e+00 
 6.98000000e-01  8.06227518e+00 
 6.99000000e-01  8.03839838e+00 
 7.00000000e-01  8.01463294e+00 
 7.01000000e-01  7.99097847e+00 
 7.02000000e-01  7.96743460e+00 
 7.03000000e-01  7.94400091e+00 
 7.04000000e-01  7.92067702e+00 
 7.05000000e-01  7.89746251e+00 
 7.06000000e-01  7.87435697e+00 
 7.07000000e-01  7.85136000e+00 
 7.08000000e-01  7.82847118e+00 
 7.09000000e-01  7.80569009e+00 
 7.10000000e-01  7.78301631e+00 
 7.11000000e-01  7.76044941e+00 
 7.12000000e-01  7.73798896e+00 
 7.13000000e-01  7.71563454e+00 
 7.14000000e-01  7.69338570e+00 
 7.15000000e-01  7.67124200e+00 
 7.16000000e-01  7.64920302e+00 
 7.17000000e-01  7.62726831e+00 
 7.18000000e-01  7.60543742e+00 
 7.19000000e-01  7.58370990e+00 
 7.20000000e-01  7.56208531e+00 
 7.21000000e-01  7.54056320e+00 
 7.22000000e-01  7.51914311e+00 
 7.23000000e-01  7.49782459e+00 
 7.24000000e-01  7.47660718e+00 
 7.25000000e-01  7.45549043e+00 
 7.26000000e-01  7.43447388e+00 
 7.27000000e-01  7.41355706e+00 
 7.28000000e-01  7.39273952e+00 
 7.29000000e-01  7.37202080e+00 
 7.30000000e-01  7.35140042e+00 
 7.31000000e-01  7.33087793e+00 
 7.32000000e-01  7.31045286e+00 
 7.33000000e-01  7.29012474e+00 
 7.34000000e-01  7.26989311e+00 
 7.35000000e-01  7.24975750e+00 
 7.36000000e-01  7.22971744e+00 
 7.37000000e-01  7.20977246e+00 
 7.38000000e-01  7.18992210e+00 
 7.39000000e-01  7.17016589e+00 
 7.40000000e-01  7.15050336e+00 
 7.41000000e-01  7.13093403e+00 
 7.42000000e-01  7.11145745e+00 
 7.43000000e-01  7.09207313e+00 
 7.44000000e-01  7.07278062e+00 
 7.45000000e-01  7.05357944e+00 
 7.46000000e-01  7.03446912e+00 
 7.47000000e-01  7.01544920e+00 
 7.48000000e-01  6.99651921e+00 
 7.49000000e-01  6.97767868e+00 
 7.50000000e-01  6.95892714e+00 
 7.51000000e-01  6.94026413e+00 
 7.52000000e-01  6.92168918e+00 
 7.53000000e-01  6.90320182e+00 
 7.54000000e-01  6.88480160e+00 
 7.55000000e-01  6.86648804e+00 
 7.56000000e-01  6.84826069e+00 
 7.57000000e-01  6.83011907e+00 
 7.58000000e-01  6.81206274e+00 
 7.59000000e-01  6.79409122e+00 
 7.60000000e-01  6.77620407e+00 
 7.61000000e-01  6.75840081e+00 
 7.62000000e-01  6.74068100e+00 
 7.63000000e-01  6.72304417e+00 
 7.64000000e-01  6.70548988e+00 
 7.65000000e-01  6.68801766e+00 
 7.66000000e-01  6.67062707e+00 
 7.67000000e-01  6.65331765e+00 
 7.68000000e-01  6.63608895e+00 
 7.69000000e-01  6.61894052e+00 
 7.70000000e-01  6.60187192e+00 
 7.71000000e-01  6.58488270e+00 
 7.72000000e-01  6.56797241e+00 
 7.73000000e-01  6.55114060e+00 
 7.74000000e-01  6.53438685e+00 
 7.75000000e-01  6.51771070e+00 
 7.76000000e-01  6.50111172e+00 
 7.77000000e-01  6.48458946e+00 
 7.78000000e-01  6.46814350e+00 
 7.79000000e-01  6.45177340e+00 
 7.80000000e-01  6.43547872e+00 
 7.81000000e-01  6.41925904e+00 
 7.82000000e-01  6.40311391e+00 
 7.83000000e-01  6.38704293e+00 
 7.84000000e-01  6.37104565e+00 
 7.85000000e-01  6.35512166e+00 
 7.86000000e-01  6.33927053e+00 
 7.87000000e-01  6.32349183e+00 
 7.88000000e-01  6.30778516e+00 
 7.89000000e-01  6.29215009e+00 
 7.90000000e-01  6.27658620e+00 
 7.91000000e-01  6.26109309e+00 
 7.92000000e-01  6.24567033e+00 
 7.93000000e-01  6.23031752e+00 
 7.94000000e-01  6.21503426e+00 
 7.95000000e-01  6.19982012e+00 
 7.96000000e-01  6.18467471e+00 
 7.97000000e-01  6.16959762e+00 
 7.98000000e-01  6.15458846e+00 
 7.99000000e-01  6.13964682e+00 
 8.00000000e-01  6.12477230e+00 
 8.01000000e-01  6.10996451e+00 
 8.02000000e-01  6.09522306e+00 
 8.03000000e-01  6.08054755e+00 
 8.04000000e-01  6.06593759e+00 
 8.05000000e-01  6.05139280e+00 
 8.06000000e-01  6.03691278e+00 
 8.07000000e-01  6.02249716e+00 
 8.08000000e-01  6.00814555e+00 
 8.09000000e-01  5.99385756e+00 
 8.10000000e-01  5.97963283e+00 
 8.11000000e-01  5.96547098e+00 
 8.12000000e-01  5.95137163e+00 
 8.13000000e-01  5.93733440e+00 
 8.14000000e-01  5.92335893e+00 
 8.15000000e-01  5.90944485e+00 
 8.16000000e-01  5.89559179e+00 
 8.17000000e-01  5.88179939e+00 
 8.18000000e-01  5.86806728e+00 
 8.19000000e-01  5.85439510e+00 
 8.20000000e-01  5.84078249e+00 
 8.21000000e-01  5.82722910e+00 
 8.22000000e-01  5.81373458e+00 
 8.23000000e-01  5.80029856e+00 
 8.24000000e-01  5.78692069e+00 
 8.25000000e-01  5.77360063e+00 
 8.26000000e-01  5.76033804e+00 
 8.27000000e-01  5.74713255e+00 
 8.28000000e-01  5.73398384e+00 
 8.29000000e-01  5.72089156e+00 
 8.30000000e-01  5.70785536e+00 
 8.31000000e-01  5.69487492e+00 
 8.32000000e-01  5.68194989e+00 
 8.33000000e-01  5.66907995e+00 
 8.34000000e-01  5.65626475e+00 
 8.35000000e-01  5.64350398e+00 
 8.36000000e-01  5.63079730e+00 
 8.37000000e-01  5.61814439e+00 
 8.38000000e-01  5.60554491e+00 
 8.39000000e-01  5.59299856e+00 
 8.40000000e-01  5.58050501e+00 
 8.41000000e-01  5.56806393e+00 
 8.42000000e-01  5.55567502e+00 
 8.43000000e-01  5.54333796e+00 
 8.44000000e-01  5.53105244e+00 
 8.45000000e-01  5.51881814e+00 
 8.46000000e-01  5.50663476e+00 
 8.47000000e-01  5.49450199e+00 
 8.48000000e-01  5.48241952e+00 
 8.49000000e-01  5.47038705e+00 
 8.50000000e-01  5.45840428e+00 
 8.51000000e-01  5.44647091e+00 
 8.52000000e-01  5.43458663e+00 
 8.53000000e-01  5.42275117e+00 
 8.54000000e-01  5.41096421e+00 
 8.55000000e-01  5.39922546e+00 
 8.56000000e-01  5.38753465e+00 
 8.57000000e-01  5.37589147e+00 
 8.58000000e-01  5.36429564e+00 
 8.59000000e-01  5.35274687e+00 
 8.60000000e-01  5.34124489e+00 
 8.61000000e-01  5.32978940e+00 
 8.62000000e-01  5.31838013e+00 
 8.63000000e-01  5.30701680e+00 
 8.64000000e-01  5.29569913e+00 
 8.65000000e-01  5.28442685e+00 
 8.66000000e-01  5.27319969e+00 
 8.67000000e-01  5.26201737e+00 
 8.68000000e-01  5.25087962e+00 
 8.69000000e-01  5.23978618e+00 
 8.70000000e-01  5.22873678e+00 
 8.71000000e-01  5.21773115e+00 
 8.72000000e-01  5.20676904e+00 
 8.73000000e-01  5.19585017e+00 
 8.74000000e-01  5.18497429e+00 
 8.75000000e-01  5.17414114e+00 
 8.76000000e-01  5.16335047e+00 
 8.77000000e-01  5.15260202e+00 
 8.78000000e-01  5.14189554e+00 
 8.79000000e-01  5.13123077e+00 
 8.80000000e-01  5.12060747e+00 
 8.81000000e-01  5.11002539e+00 
 8.82000000e-01  5.09948427e+00 
 8.83000000e-01  5.08898389e+00 
 8.84000000e-01  5.07852398e+00 
 8.85000000e-01  5.06810431e+00 
 8.86000000e-01  5.05772465e+00 
 8.87000000e-01  5.04738474e+00 
 8.88000000e-01  5.03708436e+00 
 8.89000000e-01  5.02682326e+00 
 8.90000000e-01  5.01660122e+00 
 8.91000000e-01  5.00641799e+00 
 8.92000000e-01  4.99627336e+00 
 8.93000000e-01  4.98616708e+00 
 8.94000000e-01  4.97609894e+00 
 8.95000000e-01  4.96606870e+00 
 8.96000000e-01  4.95607613e+00 
 8.97000000e-01  4.94612102e+00 
 8.98000000e-01  4.93620315e+00 
 8.99000000e-01  4.92632228e+00 
 9.00000000e-01  4.91647821e+00 
 9.01000000e-01  4.90667071e+00 
 9.02000000e-01  4.89689956e+00 
 9.03000000e-01  4.88716456e+00 
 9.04000000e-01  4.87746548e+00 
 9.05000000e-01  4.86780212e+00 
 9.06000000e-01  4.85817426e+00 
 9.07000000e-01  4.84858170e+00 
 9.08000000e-01  4.83902422e+00 
 9.09000000e-01  4.82950163e+00 
 9.10000000e-01  4.82001370e+00 
 9.11000000e-01  4.81056024e+00 
 9.12000000e-01  4.80114105e+00 
 9.13000000e-01  4.79175593e+00 
 9.14000000e-01  4.78240467e+00 
 9.15000000e-01  4.77308707e+00 
 9.16000000e-01  4.76380294e+00 
 9.17000000e-01  4.75455208e+00 
 9.18000000e-01  4.74533429e+00 
 9.19000000e-01  4.73614939e+00 
 9.20000000e-01  4.72699718e+00 
 9.21000000e-01  4.71787747e+00 
 9.22000000e-01  4.70879006e+00 
 9.23000000e-01  4.69973477e+00 
 9.24000000e-01  4.69071142e+00 
 9.25000000e-01  4.68171981e+00 
 9.26000000e-01  4.67275976e+00 
 9.27000000e-01  4.66383108e+00 
 9.28000000e-01  4.65493360e+00 
 9.29000000e-01  4.64606714e+00 
 9.30000000e-01  4.63723150e+00 
 9.31000000e-01  4.62842652e+00 
 9.32000000e-01  4.61965201e+00 
 9.33000000e-01  4.61090780e+00 
 9.34000000e-01  4.60219371e+00 
 9.35000000e-01  4.59350957e+00 
 9.36000000e-01  4.58485521e+00 
 9.37000000e-01  4.57623044e+00 
 9.38000000e-01  4.56763511e+00 
 9.39000000e-01  4.55906904e+00 
 9.40000000e-01  4.55053207e+00 
 9.41000000e-01  4.54202402e+00 
 9.42000000e-01  4.53354472e+00 
 9.43000000e-01  4.52509402e+00 
 9.44000000e-01  4.51667175e+00 
 9.45000000e-01  4.50827774e+00 
 9.46000000e-01  4.49991184e+00 
 9.47000000e-01  4.49157388e+00 
 9.48000000e-01  4.48326370e+00 
 9.49000000e-01  4.47498114e+00 
 9.50000000e-01  4.46672605e+00 
 9.51000000e-01  4.45849826e+00 
 9.52000000e-01  4.45029762e+00 
 9.53000000e-01  4.44212399e+00 
 9.54000000e-01  4.43397719e+00 
 9.55000000e-01  4.42585708e+00 
 9.56000000e-01  4.41776351e+00 
 9.57000000e-01  4.40969633e+00 
 9.58000000e-01  4.40165538e+00 
 9.59000000e-01  4.39364052e+00 
 9.60000000e-01  4.38565160e+00 
 9.61000000e-01  4.37768847e+00 
 9.62000000e-01  4.36975099e+00 
 9.63000000e-01  4.36183901e+00 
 9.64000000e-01  4.35395238e+00 
 9.65000000e-01  4.34609097e+00 
 9.66000000e-01  4.33825463e+00 
 9.67000000e-01  4.33044322e+00 
 9.68000000e-01  4.32265660e+00 
 9.69000000e-01  4.31489463e+00 
 9.70000000e-01  4.30715717e+00 
 9.71000000e-01  4.29944408e+00 
 9.72000000e-01  4.29175523e+00 
 9.73000000e-01  4.28409048e+00 
 9.74000000e-01  4.27644969e+00 
 9.75000000e-01  4.26883273e+00 
 9.76000000e-01  4.26123947e+00 
 9.77000000e-01  4.25366978e+00 
 9.78000000e-01  4.24612352e+00 
 9.79000000e-01  4.23860056e+00 
 9.80000000e-01  4.23110077e+00 
 9.81000000e-01  4.22362403e+00 
 9.82000000e-01  4.21617020e+00 
 9.83000000e-01  4.20873916e+00 
 9.84000000e-01  4.20133078e+00 
 9.85000000e-01  4.19394493e+00 
 9.86000000e-01  4.18658150e+00 
 9.87000000e-01  4.17924035e+00 
 9.88000000e-01  4.17192136e+00 
 9.89000000e-01  4.16462441e+00 
 9.90000000e-01  4.15734938e+00 
 9.91000000e-01  4.15009615e+00 
 9.92000000e-01  4.14286459e+00 
 9.93000000e-01  4.13565459e+00 
 9.94000000e-01  4.12846602e+00 
 9.95000000e-01  4.12129878e+00 
 9.96000000e-01  4.11415274e+00 
 9.97000000e-01  4.10702779e+00 
 9.98000000e-01  4.09992380e+00 
 9.99000000e-01  4.09284068e+00 
 1.00000000e+00  4.08577829e+00 
 1.00100000e+00  4.07873653e+00 
 1.00200000e+00  4.07171529e+00 
 1.00300000e+00  4.06471445e+00 
 1.00400000e+00  4.05773390e+00 
 1.00500000e+00  4.05077353e+00 
 1.00600000e+00  4.04383323e+00 
 1.00700000e+00  4.03691289e+00 
 1.00800000e+00  4.03001240e+00 
 1.00900000e+00  4.02313166e+00 
 1.01000000e+00  4.01627056e+00 
 1.01100000e+00  4.00942899e+00 
 1.01200000e+00  4.00260684e+00 
 1.01300000e+00  3.99580402e+00 
 1.01400000e+00  3.98902041e+00 
 1.01500000e+00  3.98225591e+00 
 1.01600000e+00  3.97551042e+00 
 1.01700000e+00  3.96878383e+00 
 1.01800000e+00  3.96207605e+00 
 1.01900000e+00  3.95538697e+00 
 1.02000000e+00  3.94871649e+00 
 1.02100000e+00  3.94206451e+00 
 1.02200000e+00  3.93543094e+00 
 1.02300000e+00  3.92881567e+00 
 1.02400000e+00  3.92221860e+00 
 1.02500000e+00  3.91563964e+00 
 1.02600000e+00  3.90907870e+00 
 1.02700000e+00  3.90253566e+00 
 1.02800000e+00  3.89601045e+00 
 1.02900000e+00  3.88950296e+00 
 1.03000000e+00  3.88301310e+00 
 1.03100000e+00  3.87654077e+00 
 1.03200000e+00  3.87008589e+00 
 1.03300000e+00  3.86364835e+00 
 1.03400000e+00  3.85722807e+00 
 1.03500000e+00  3.85082495e+00 
 1.03600000e+00  3.84443891e+00 
 1.03700000e+00  3.83806985e+00 
 1.03800000e+00  3.83171769e+00 
 1.03900000e+00  3.82538233e+00 
 1.04000000e+00  3.81906368e+00 
 1.04100000e+00  3.81276166e+00 
 1.04200000e+00  3.80647618e+00 
 1.04300000e+00  3.80020715e+00 
 1.04400000e+00  3.79395448e+00 
 1.04500000e+00  3.78771810e+00 
 1.04600000e+00  3.78149791e+00 
 1.04700000e+00  3.77529382e+00 
 1.04800000e+00  3.76910576e+00 
 1.04900000e+00  3.76293364e+00 
 1.05000000e+00  3.75677737e+00 
 1.05100000e+00  3.75063687e+00 
 1.05200000e+00  3.74451207e+00 
 1.05300000e+00  3.73840287e+00 
 1.05400000e+00  3.73230920e+00 
 1.05500000e+00  3.72623098e+00 
 1.05600000e+00  3.72016812e+00 
 1.05700000e+00  3.71412054e+00 
 1.05800000e+00  3.70808817e+00 
 1.05900000e+00  3.70207093e+00 
 1.06000000e+00  3.69606873e+00 
 1.06100000e+00  3.69008151e+00 
 1.06200000e+00  3.68410917e+00 
 1.06300000e+00  3.67815165e+00 
 1.06400000e+00  3.67220886e+00 
 1.06500000e+00  3.66628074e+00 
 1.06600000e+00  3.66036720e+00 
 1.06700000e+00  3.65446818e+00 
 1.06800000e+00  3.64858358e+00 
 1.06900000e+00  3.64271335e+00 
 1.07000000e+00  3.63685741e+00 
 1.07100000e+00  3.63101568e+00 
 1.07200000e+00  3.62518808e+00 
 1.07300000e+00  3.61937456e+00 
 1.07400000e+00  3.61357503e+00 
 1.07500000e+00  3.60778942e+00 
 1.07600000e+00  3.60201767e+00 
 1.07700000e+00  3.59625969e+00 
 1.07800000e+00  3.59051543e+00 
 1.07900000e+00  3.58478480e+00 
 1.08000000e+00  3.57906775e+00 
 1.08100000e+00  3.57336419e+00 
 1.08200000e+00  3.56767407e+00 
 1.08300000e+00  3.56199731e+00 
 1.08400000e+00  3.55633385e+00 
 1.08500000e+00  3.55068361e+00 
 1.08600000e+00  3.54504654e+00 
 1.08700000e+00  3.53942255e+00 
 1.08800000e+00  3.53381160e+00 
 1.08900000e+00  3.52821360e+00 
 1.09000000e+00  3.52262850e+00 
 1.09100000e+00  3.51705623e+00 
 1.09200000e+00  3.51149673e+00 
 1.09300000e+00  3.50594992e+00 
 1.09400000e+00  3.50041575e+00 
 1.09500000e+00  3.49489415e+00 
 1.09600000e+00  3.48938506e+00 
 1.09700000e+00  3.48388842e+00 
 1.09800000e+00  3.47840416e+00 
 1.09900000e+00  3.47293222e+00 
 1.10000000e+00  3.46747253e+00 
 1.10100000e+00  3.46202505e+00 
 1.10200000e+00  3.45658970e+00 
 1.10300000e+00  3.45116642e+00 
 1.10400000e+00  3.44575516e+00 
 1.10500000e+00  3.44035585e+00 
 1.10600000e+00  3.43496843e+00 
 1.10700000e+00  3.42959285e+00 
 1.10800000e+00  3.42422904e+00 
 1.10900000e+00  3.41887695e+00 
 1.11000000e+00  3.41353652e+00 
 1.11100000e+00  3.40820769e+00 
 1.11200000e+00  3.40289039e+00 
 1.11300000e+00  3.39758459e+00 
 1.11400000e+00  3.39229020e+00 
 1.11500000e+00  3.38700719e+00 
 1.11600000e+00  3.38173549e+00 
 1.11700000e+00  3.37647505e+00 
 1.11800000e+00  3.37122581e+00 
 1.11900000e+00  3.36598772e+00 
 1.12000000e+00  3.36076072e+00 
 1.12100000e+00  3.35554475e+00 
 1.12200000e+00  3.35033976e+00 
 1.12300000e+00  3.34514570e+00 
 1.12400000e+00  3.33996251e+00 
 1.12500000e+00  3.33479014e+00 
 1.12600000e+00  3.32962854e+00 
 1.12700000e+00  3.32447764e+00 
 1.12800000e+00  3.31933741e+00 
 1.12900000e+00  3.31420779e+00 
 1.13000000e+00  3.30908871e+00 
 1.13100000e+00  3.30398015e+00 
 1.13200000e+00  3.29888203e+00 
 1.13300000e+00  3.29379431e+00 
 1.13400000e+00  3.28871694e+00 
 1.13500000e+00  3.28364987e+00 
 1.13600000e+00  3.27859305e+00 
 1.13700000e+00  3.27354642e+00 
 1.13800000e+00  3.26850994e+00 
 1.13900000e+00  3.26348356e+00 
 1.14000000e+00  3.25846722e+00 
 1.14100000e+00  3.25346089e+00 
 1.14200000e+00  3.24846451e+00 
 1.14300000e+00  3.24347802e+00 
 1.14400000e+00  3.23850139e+00 
 1.14500000e+00  3.23353457e+00 
 1.14600000e+00  3.22857751e+00 
 1.14700000e+00  3.22363015e+00 
 1.14800000e+00  3.21869246e+00 
 1.14900000e+00  3.21376438e+00 
 1.15000000e+00  3.20884587e+00 
 1.15100000e+00  3.20393689e+00 
 1.15200000e+00  3.19903738e+00 
 1.15300000e+00  3.19414730e+00 
 1.15400000e+00  3.18926661e+00 
 1.15500000e+00  3.18439526e+00 
 1.15600000e+00  3.17953320e+00 
 1.15700000e+00  3.17468039e+00 
 1.15800000e+00  3.16983679e+00 
 1.15900000e+00  3.16500234e+00 
 1.16000000e+00  3.16017702e+00 
 1.16100000e+00  3.15536076e+00 
 1.16200000e+00  3.15055353e+00 
 1.16300000e+00  3.14575529e+00 
 1.16400000e+00  3.14096599e+00 
 1.16500000e+00  3.13618559e+00 
 1.16600000e+00  3.13141404e+00 
 1.16700000e+00  3.12665131e+00 
 1.16800000e+00  3.12189735e+00 
 1.16900000e+00  3.11715211e+00 
 1.17000000e+00  3.11241557e+00 
 1.17100000e+00  3.10768766e+00 
 1.17200000e+00  3.10296837e+00 
 1.17300000e+00  3.09825763e+00 
 1.17400000e+00  3.09355542e+00 
 1.17500000e+00  3.08886169e+00 
 1.17600000e+00  3.08417640e+00 
 1.17700000e+00  3.07949951e+00 
 1.17800000e+00  3.07483098e+00 
 1.17900000e+00  3.07017077e+00 
 1.18000000e+00  3.06551883e+00 
 1.18100000e+00  3.06087515e+00 
 1.18200000e+00  3.05623966e+00 
 1.18300000e+00  3.05161233e+00 
 1.18400000e+00  3.04699313e+00 
 1.18500000e+00  3.04238202e+00 
 1.18600000e+00  3.03777895e+00 
 1.18700000e+00  3.03318389e+00 
 1.18800000e+00  3.02859680e+00 
 1.18900000e+00  3.02401765e+00 
 1.19000000e+00  3.01944639e+00 
 1.19100000e+00  3.01488298e+00 
 1.19200000e+00  3.01032740e+00 
 1.19300000e+00  3.00577960e+00 
 1.19400000e+00  3.00123955e+00 
 1.19500000e+00  2.99670721e+00 
 1.19600000e+00  2.99218255e+00 
 1.19700000e+00  2.98766552e+00 
 1.19800000e+00  2.98315609e+00 
 1.19900000e+00  2.97865423e+00 
 1.20000000e+00  2.97415990e+00 
 1.20100000e+00  2.96967306e+00 
 1.20200000e+00  2.96519369e+00 
 1.20300000e+00  2.96072173e+00 
 1.20400000e+00  2.95625717e+00 
 1.20500000e+00  2.95179996e+00 
 1.20600000e+00  2.94735008e+00 
 1.20700000e+00  2.94290747e+00 
 1.20800000e+00  2.93847212e+00 
 1.20900000e+00  2.93404399e+00 
 1.21000000e+00  2.92962304e+00 
 1.21100000e+00  2.92520925e+00 
 1.21200000e+00  2.92080257e+00 
 1.21300000e+00  2.91640297e+00 
 1.21400000e+00  2.91201042e+00 
 1.21500000e+00  2.90762489e+00 
 1.21600000e+00  2.90324635e+00 
 1.21700000e+00  2.89887476e+00 
 1.21800000e+00  2.89451008e+00 
 1.21900000e+00  2.89015230e+00 
 1.22000000e+00  2.88580137e+00 
 1.22100000e+00  2.88145726e+00 
 1.22200000e+00  2.87711995e+00 
 1.22300000e+00  2.87278940e+00 
 1.22400000e+00  2.86846557e+00 
 1.22500000e+00  2.86414845e+00 
 1.22600000e+00  2.85983799e+00 
 1.22700000e+00  2.85553416e+00 
 1.22800000e+00  2.85123694e+00 
 1.22900000e+00  2.84694630e+00 
 1.23000000e+00  2.84266220e+00 
 1.23100000e+00  2.83838461e+00 
 1.23200000e+00  2.83411351e+00 
 1.23300000e+00  2.82984886e+00 
 1.23400000e+00  2.82559063e+00 
 1.23500000e+00  2.82133880e+00 
 1.23600000e+00  2.81709333e+00 
 1.23700000e+00  2.81285420e+00 
 1.23800000e+00  2.80862138e+00 
 1.23900000e+00  2.80439483e+00 
 1.24000000e+00  2.80017453e+00 
 1.24100000e+00  2.79596045e+00 
 1.24200000e+00  2.79175256e+00 
 1.24300000e+00  2.78755083e+00 
 1.24400000e+00  2.78335524e+00 
 1.24500000e+00  2.77916575e+00 
 1.24600000e+00  2.77498235e+00 
 1.24700000e+00  2.77080499e+00 
 1.24800000e+00  2.76663366e+00 
 1.24900000e+00  2.76246832e+00 
 1.25000000e+00  2.75830895e+00 
 1.25100000e+00  2.75415552e+00 
 1.25200000e+00  2.75000800e+00 
 1.25300000e+00  2.74586637e+00 
 1.25400000e+00  2.74173060e+00 
 1.25500000e+00  2.73760066e+00 
 1.25600000e+00  2.73347653e+00 
 1.25700000e+00  2.72935818e+00 
 1.25800000e+00  2.72524558e+00 
 1.25900000e+00  2.72113872e+00 
 1.26000000e+00  2.71703755e+00 
 1.26100000e+00  2.71294206e+00 
 1.26200000e+00  2.70885222e+00 
 1.26300000e+00  2.70476800e+00 
 1.26400000e+00  2.70068939e+00 
 1.26500000e+00  2.69661635e+00 
 1.26600000e+00  2.69254885e+00 
 1.26700000e+00  2.68848689e+00 
 1.26800000e+00  2.68443042e+00 
 1.26900000e+00  2.68037942e+00 
 1.27000000e+00  2.67633388e+00 
 1.27100000e+00  2.67229376e+00 
 1.27200000e+00  2.66825904e+00 
 1.27300000e+00  2.66422969e+00 
 1.27400000e+00  2.66020570e+00 
 1.27500000e+00  2.65618704e+00 
 1.27600000e+00  2.65217368e+00 
 1.27700000e+00  2.64816561e+00 
 1.27800000e+00  2.64416279e+00 
 1.27900000e+00  2.64016521e+00 
 1.28000000e+00  2.63617283e+00 
 1.28100000e+00  2.63218565e+00 
 1.28200000e+00  2.62820363e+00 
 1.28300000e+00  2.62422675e+00 
 1.28400000e+00  2.62025498e+00 
 1.28500000e+00  2.61628832e+00 
 1.28600000e+00  2.61232673e+00 
 1.28700000e+00  2.60837019e+00 
 1.28800000e+00  2.60441867e+00 
 1.28900000e+00  2.60047217e+00 
 1.29000000e+00  2.59653065e+00 
 1.29100000e+00  2.59259409e+00 
 1.29200000e+00  2.58866247e+00 
 1.29300000e+00  2.58473577e+00 
 1.29400000e+00  2.58081397e+00 
 1.29500000e+00  2.57689704e+00 
 1.29600000e+00  2.57298497e+00 
 1.29700000e+00  2.56907773e+00 
 1.29800000e+00  2.56517530e+00 
 1.29900000e+00  2.56127767e+00 
 1.30000000e+00  2.55738480e+00 
 1.30100000e+00  2.55349669e+00 
 1.30200000e+00  2.54961330e+00 
 1.30300000e+00  2.54573462e+00 
 1.30400000e+00  2.54186063e+00 
 1.30500000e+00  2.53799131e+00 
 1.30600000e+00  2.53412663e+00 
 1.30700000e+00  2.53026658e+00 
 1.30800000e+00  2.52641114e+00 
 1.30900000e+00  2.52256029e+00 
 1.31000000e+00  2.51871400e+00 
 1.31100000e+00  2.51487227e+00 
 1.31200000e+00  2.51103506e+00 
 1.31300000e+00  2.50720236e+00 
 1.31400000e+00  2.50337415e+00 
 1.31500000e+00  2.49955042e+00 
 1.31600000e+00  2.49573113e+00 
 1.31700000e+00  2.49191628e+00 
 1.31800000e+00  2.48810584e+00 
 1.31900000e+00  2.48429980e+00 
 1.32000000e+00  2.48049813e+00 
 1.32100000e+00  2.47670083e+00 
 1.32200000e+00  2.47290786e+00 
 1.32300000e+00  2.46911922e+00 
 1.32400000e+00  2.46533488e+00 
 1.32500000e+00  2.46155482e+00 
 1.32600000e+00  2.45777903e+00 
 1.32700000e+00  2.45400750e+00 
 1.32800000e+00  2.45024019e+00 
 1.32900000e+00  2.44647710e+00 
 1.33000000e+00  2.44271821e+00 
 1.33100000e+00  2.43896350e+00 
 1.33200000e+00  2.43521295e+00 
 1.33300000e+00  2.43146654e+00 
 1.33400000e+00  2.42772427e+00 
 1.33500000e+00  2.42398610e+00 
 1.33600000e+00  2.42025203e+00 
 1.33700000e+00  2.41652204e+00 
 1.33800000e+00  2.41279611e+00 
 1.33900000e+00  2.40907422e+00 
 1.34000000e+00  2.40535636e+00 
 1.34100000e+00  2.40164252e+00 
 1.34200000e+00  2.39793267e+00 
 1.34300000e+00  2.39422679e+00 
 1.34400000e+00  2.39052489e+00 
 1.34500000e+00  2.38682693e+00 
 1.34600000e+00  2.38313290e+00 
 1.34700000e+00  2.37944279e+00 
 1.34800000e+00  2.37575658e+00 
 1.34900000e+00  2.37207426e+00 
 1.35000000e+00  2.36839580e+00 
 1.35100000e+00  2.36472120e+00 
 1.35200000e+00  2.36105044e+00 
 1.35300000e+00  2.35738351e+00 
 1.35400000e+00  2.35372038e+00 
 1.35500000e+00  2.35006105e+00 
 1.35600000e+00  2.34640550e+00 
 1.35700000e+00  2.34275371e+00 
 1.35800000e+00  2.33910567e+00 
 1.35900000e+00  2.33546138e+00 
 1.36000000e+00  2.33182080e+00 
 1.36100000e+00  2.32818393e+00 
 1.36200000e+00  2.32455075e+00 
 1.36300000e+00  2.32092126e+00 
 1.36400000e+00  2.31729543e+00 
 1.36500000e+00  2.31367325e+00 
 1.36600000e+00  2.31005471e+00 
 1.36700000e+00  2.30643979e+00 
 1.36800000e+00  2.30282849e+00 
 1.36900000e+00  2.29922078e+00 
 1.37000000e+00  2.29561666e+00 
 1.37100000e+00  2.29201611e+00 
 1.37200000e+00  2.28841912e+00 
 1.37300000e+00  2.28482567e+00 
 1.37400000e+00  2.28123575e+00 
 1.37500000e+00  2.27764935e+00 
 1.37600000e+00  2.27406646e+00 
 1.37700000e+00  2.27048707e+00 
 1.37800000e+00  2.26691115e+00 
 1.37900000e+00  2.26333871e+00 
 1.38000000e+00  2.25976972e+00 
 1.38100000e+00  2.25620417e+00 
 1.38200000e+00  2.25264206e+00 
 1.38300000e+00  2.24908337e+00 
 1.38400000e+00  2.24552808e+00 
 1.38500000e+00  2.24197620e+00 
 1.38600000e+00  2.23842769e+00 
 1.38700000e+00  2.23488256e+00 
 1.38800000e+00  2.23134080e+00 
 1.38900000e+00  2.22780238e+00 
 1.39000000e+00  2.22426730e+00 
 1.39100000e+00  2.22073555e+00 
 1.39200000e+00  2.21720711e+00 
 1.39300000e+00  2.21368199e+00 
 1.39400000e+00  2.21016015e+00 
 1.39500000e+00  2.20664160e+00 
 1.39600000e+00  2.20312632e+00 
 1.39700000e+00  2.19961431e+00 
 1.39800000e+00  2.19610555e+00 
 1.39900000e+00  2.19260002e+00 
 1.40000000e+00  2.18909773e+00 
 1.40100000e+00  2.18559866e+00 
 1.40200000e+00  2.18210280e+00 
 1.40300000e+00  2.17861014e+00 
 1.40400000e+00  2.17512067e+00 
 1.40500000e+00  2.17163439e+00 
 1.40600000e+00  2.16815127e+00 
 1.40700000e+00  2.16467131e+00 
 1.40800000e+00  2.16119451e+00 
 1.40900000e+00  2.15772084e+00 
 1.41000000e+00  2.15425031e+00 
 1.41100000e+00  2.15078291e+00 
 1.41200000e+00  2.14731861e+00 
 1.41300000e+00  2.14385743e+00 
 1.41400000e+00  2.14039934e+00 
 1.41500000e+00  2.13694433e+00 
 1.41600000e+00  2.13349240e+00 
 1.41700000e+00  2.13004355e+00 
 1.41800000e+00  2.12659775e+00 
 1.41900000e+00  2.12315501e+00 
 1.42000000e+00  2.11971531e+00 
 1.42100000e+00  2.11627864e+00 
 1.42200000e+00  2.11284501e+00 
 1.42300000e+00  2.10941439e+00 
 1.42400000e+00  2.10598678e+00 
 1.42500000e+00  2.10256218e+00 
 1.42600000e+00  2.09914057e+00 
 1.42700000e+00  2.09572194e+00 
 1.42800000e+00  2.09230630e+00 
 1.42900000e+00  2.08889363e+00 
 1.43000000e+00  2.08548392e+00 
 1.43100000e+00  2.08207717e+00 
 1.43200000e+00  2.07867337e+00 
 1.43300000e+00  2.07527252e+00 
 1.43400000e+00  2.07187459e+00 
 1.43500000e+00  2.06847960e+00 
 1.43600000e+00  2.06508753e+00 
 1.43700000e+00  2.06169837e+00 
 1.43800000e+00  2.05831211e+00 
 1.43900000e+00  2.05492876e+00 
 1.44000000e+00  2.05154831e+00 
 1.44100000e+00  2.04817074e+00 
 1.44200000e+00  2.04479605e+00 
 1.44300000e+00  2.04142424e+00 
 1.44400000e+00  2.03805529e+00 
 1.44500000e+00  2.03468921e+00 
 1.44600000e+00  2.03132598e+00 
 1.44700000e+00  2.02796560e+00 
 1.44800000e+00  2.02460807e+00 
 1.44900000e+00  2.02125338e+00 
 1.45000000e+00  2.01790152e+00 
 1.45100000e+00  2.01455248e+00 
 1.45200000e+00  2.01120627e+00 
 1.45300000e+00  2.00786288e+00 
 1.45400000e+00  2.00452229e+00 
 1.45500000e+00  2.00118451e+00 
 1.45600000e+00  1.99784953e+00 
 1.45700000e+00  1.99451735e+00 
 1.45800000e+00  1.99118795e+00 
 1.45900000e+00  1.98786134e+00 
 1.46000000e+00  1.98453752e+00 
 1.46100000e+00  1.98121646e+00 
 1.46200000e+00  1.97789818e+00 
 1.46300000e+00  1.97458266e+00 
 1.46400000e+00  1.97126991e+00 
 1.46500000e+00  1.96795991e+00 
 1.46600000e+00  1.96465267e+00 
 1.46700000e+00  1.96134817e+00 
 1.46800000e+00  1.95804642e+00 
 1.46900000e+00  1.95474741e+00 
 1.47000000e+00  1.95145113e+00 
 1.47100000e+00  1.94815759e+00 
 1.47200000e+00  1.94486678e+00 
 1.47300000e+00  1.94157869e+00 
 1.47400000e+00  1.93829332e+00 
 1.47500000e+00  1.93501067e+00 
 1.47600000e+00  1.93173073e+00 
 1.47700000e+00  1.92845350e+00 
 1.47800000e+00  1.92517898e+00 
 1.47900000e+00  1.92190717e+00 
 1.48000000e+00  1.91863805e+00 
 1.48100000e+00  1.91537163e+00 
 1.48200000e+00  1.91210791e+00 
 1.48300000e+00  1.90884688e+00 
 1.48400000e+00  1.90558853e+00 
 1.48500000e+00  1.90233287e+00 
 1.48600000e+00  1.89907990e+00 
 1.48700000e+00  1.89582960e+00 
 1.48800000e+00  1.89258198e+00 
 1.48900000e+00  1.88933704e+00 
 1.49000000e+00  1.88609477e+00 
 1.49100000e+00  1.88285517e+00 
 1.49200000e+00  1.87961824e+00 
 1.49300000e+00  1.87638397e+00 
 1.49400000e+00  1.87315237e+00 
 1.49500000e+00  1.86992343e+00 
 1.49600000e+00  1.86669715e+00 
 1.49700000e+00  1.86347353e+00 
 1.49800000e+00  1.86025256e+00 
 1.49900000e+00  1.85703425e+00 
 1.50000000e+00  1.85381859e+00 
 1.50100000e+00  1.85060558e+00 
 1.50200000e+00  1.84739522e+00 
 1.50300000e+00  1.84418750e+00 
 1.50400000e+00  1.84098244e+00 
 1.50500000e+00  1.83778001e+00 
 1.50600000e+00  1.83458024e+00 
 1.50700000e+00  1.83138310e+00 
 1.50800000e+00  1.82818860e+00 
 1.50900000e+00  1.82499675e+00 
 1.51000000e+00  1.82180754e+00 
 1.51100000e+00  1.81862096e+00 
 1.51200000e+00  1.81543702e+00 
 1.51300000e+00  1.81225572e+00 
 1.51400000e+00  1.80907705e+00 
 1.51500000e+00  1.80590102e+00 
 1.51600000e+00  1.80272762e+00 
 1.51700000e+00  1.79955686e+00 
 1.51800000e+00  1.79638873e+00 
 1.51900000e+00  1.79322323e+00 
 1.52000000e+00  1.79006037e+00 
 1.52100000e+00  1.78690014e+00 
 1.52200000e+00  1.78374254e+00 
 1.52300000e+00  1.78058757e+00 
 1.52400000e+00  1.77743524e+00 
 1.52500000e+00  1.77428553e+00 
 1.52600000e+00  1.77113846e+00 
 1.52700000e+00  1.76799402e+00 
 1.52800000e+00  1.76485222e+00 
 1.52900000e+00  1.76171304e+00 
 1.53000000e+00  1.75857650e+00 
 1.53100000e+00  1.75544259e+00 
 1.53200000e+00  1.75231131e+00 
 1.53300000e+00  1.74918267e+00 
 1.53400000e+00  1.74605666e+00 
 1.53500000e+00  1.74293329e+00 
 1.53600000e+00  1.73981255e+00 
 1.53700000e+00  1.73669445e+00 
 1.53800000e+00  1.73357898e+00 
 1.53900000e+00  1.73046615e+00 
 1.54000000e+00  1.72735596e+00 
 1.54100000e+00  1.72424841e+00 
 1.54200000e+00  1.72114349e+00 
 1.54300000e+00  1.71804122e+00 
 1.54400000e+00  1.71494159e+00 
 1.54500000e+00  1.71184460e+00 
 1.54600000e+00  1.70875026e+00 
 1.54700000e+00  1.70565856e+00 
 1.54800000e+00  1.70256951e+00 
 1.54900000e+00  1.69948310e+00 
 1.55000000e+00  1.69639934e+00 
 1.55100000e+00  1.69331824e+00 
 1.55200000e+00  1.69023978e+00 
 1.55300000e+00  1.68716398e+00 
 1.55400000e+00  1.68409083e+00 
 1.55500000e+00  1.68102033e+00 
 1.55600000e+00  1.67795250e+00 
 1.55700000e+00  1.67488732e+00 
 1.55800000e+00  1.67182480e+00 
 1.55900000e+00  1.66876495e+00 
 1.56000000e+00  1.66570775e+00 
 1.56100000e+00  1.66265323e+00 
 1.56200000e+00  1.65960137e+00 
 1.56300000e+00  1.65655218e+00 
 1.56400000e+00  1.65350566e+00 
 1.56500000e+00  1.65046182e+00 
 1.56600000e+00  1.64742065e+00 
 1.56700000e+00  1.64438215e+00 
 1.56800000e+00  1.64134634e+00 
 1.56900000e+00  1.63831320e+00 
 1.57000000e+00  1.63528275e+00 
 1.57100000e+00  1.63225499e+00 
 1.57200000e+00  1.62922991e+00 
 1.57300000e+00  1.62620752e+00 
 1.57400000e+00  1.62318782e+00 
 1.57500000e+00  1.62017082e+00 
 1.57600000e+00  1.61715651e+00 
 1.57700000e+00  1.61414490e+00 
 1.57800000e+00  1.61113599e+00 
 1.57900000e+00  1.60812979e+00 
 1.58000000e+00  1.60512629e+00 
 1.58100000e+00  1.60212550e+00 
 1.58200000e+00  1.59912741e+00 
 1.58300000e+00  1.59613205e+00 
 1.58400000e+00  1.59313939e+00 
 1.58500000e+00  1.59014946e+00 
 1.58600000e+00  1.58716225e+00 
 1.58700000e+00  1.58417776e+00 
 1.58800000e+00  1.58119599e+00 
 1.58900000e+00  1.57821695e+00 
 1.59000000e+00  1.57524065e+00 
 1.59100000e+00  1.57226708e+00 
 1.59200000e+00  1.56929624e+00 
 1.59300000e+00  1.56632815e+00 
 1.59400000e+00  1.56336279e+00 
 1.59500000e+00  1.56040018e+00 
 1.59600000e+00  1.55744032e+00 
 1.59700000e+00  1.55448321e+00 
 1.59800000e+00  1.55152885e+00 
 1.59900000e+00  1.54857725e+00 
 1.60000000e+00  1.54562840e+00 
 1.60100000e+00  1.54268232e+00 
 1.60200000e+00  1.53973900e+00 
 1.60300000e+00  1.53679845e+00 
 1.60400000e+00  1.53386067e+00 
 1.60500000e+00  1.53092566e+00 
 1.60600000e+00  1.52799343e+00 
 1.60700000e+00  1.52506398e+00 
 1.60800000e+00  1.52213731e+00 
 1.60900000e+00  1.51921342e+00 
 1.61000000e+00  1.51629233e+00 
 1.61100000e+00  1.51337402e+00 
 1.61200000e+00  1.51045851e+00 
 1.61300000e+00  1.50754579e+00 
 1.61400000e+00  1.50463588e+00 
 1.61500000e+00  1.50172877e+00 
 1.61600000e+00  1.49882446e+00 
 1.61700000e+00  1.49592297e+00 
 1.61800000e+00  1.49302428e+00 
 1.61900000e+00  1.49012841e+00 
 1.62000000e+00  1.48723536e+00 
 1.62100000e+00  1.48434514e+00 
 1.62200000e+00  1.48145773e+00 
 1.62300000e+00  1.47857316e+00 
 1.62400000e+00  1.47569141e+00 
 1.62500000e+00  1.47281250e+00 
 1.62600000e+00  1.46993643e+00 
 1.62700000e+00  1.46706319e+00 
 1.62800000e+00  1.46419280e+00 
 1.62900000e+00  1.46132526e+00 
 1.63000000e+00  1.45846056e+00 
 1.63100000e+00  1.45559872e+00 
 1.63200000e+00  1.45273973e+00 
 1.63300000e+00  1.44988361e+00 
 1.63400000e+00  1.44703034e+00 
 1.63500000e+00  1.44417994e+00 
 1.63600000e+00  1.44133241e+00 
 1.63700000e+00  1.43848774e+00 
 1.63800000e+00  1.43564596e+00 
 1.63900000e+00  1.43280705e+00 
 1.64000000e+00  1.42997102e+00 
 1.64100000e+00  1.42713787e+00 
 1.64200000e+00  1.42430761e+00 
 1.64300000e+00  1.42148024e+00 
 1.64400000e+00  1.41865577e+00 
 1.64500000e+00  1.41583419e+00 
 1.64600000e+00  1.41301551e+00 
 1.64700000e+00  1.41019973e+00 
 1.64800000e+00  1.40738685e+00 
 1.64900000e+00  1.40457689e+00 
 1.65000000e+00  1.40176983e+00 
 1.65100000e+00  1.39896569e+00 
 1.65200000e+00  1.39616447e+00 
 1.65300000e+00  1.39336617e+00 
 1.65400000e+00  1.39057079e+00 
 1.65500000e+00  1.38777834e+00 
 1.65600000e+00  1.38498881e+00 
 1.65700000e+00  1.38220222e+00 
 1.65800000e+00  1.37941856e+00 
 1.65900000e+00  1.37663784e+00 
 1.66000000e+00  1.37386007e+00 
 1.66100000e+00  1.37108523e+00 
 1.66200000e+00  1.36831335e+00 
 1.66300000e+00  1.36554441e+00 
 1.66400000e+00  1.36277843e+00 
 1.66500000e+00  1.36001540e+00 
 1.66600000e+00  1.35725533e+00 
 1.66700000e+00  1.35449822e+00 
 1.66800000e+00  1.35174408e+00 
 1.66900000e+00  1.34899290e+00 
 1.67000000e+00  1.34624469e+00 
 1.67100000e+00  1.34349946e+00 
 1.67200000e+00  1.34075720e+00 
 1.67300000e+00  1.33801791e+00 
 1.67400000e+00  1.33528161e+00 
 1.67500000e+00  1.33254829e+00 
 1.67600000e+00  1.32981796e+00 
 1.67700000e+00  1.32709062e+00 
 1.67800000e+00  1.32436627e+00 
 1.67900000e+00  1.32164491e+00 
 1.68000000e+00  1.31892655e+00 
 1.68100000e+00  1.31621119e+00 
 1.68200000e+00  1.31349884e+00 
 1.68300000e+00  1.31078948e+00 
 1.68400000e+00  1.30808314e+00 
 1.68500000e+00  1.30537980e+00 
 1.68600000e+00  1.30267948e+00 
 1.68700000e+00  1.29998217e+00 
 1.68800000e+00  1.29728788e+00 
 1.68900000e+00  1.29459660e+00 
 1.69000000e+00  1.29190835e+00 
 1.69100000e+00  1.28922313e+00 
 1.69200000e+00  1.28654093e+00 
 1.69300000e+00  1.28386176e+00 
 1.69400000e+00  1.28118563e+00 
 1.69500000e+00  1.27851252e+00 
 1.69600000e+00  1.27584246e+00 
 1.69700000e+00  1.27317543e+00 
 1.69800000e+00  1.27051144e+00 
 1.69900000e+00  1.26785050e+00 
 1.70000000e+00  1.26519260e+00 
 1.70100000e+00  1.26253775e+00 
 1.70200000e+00  1.25988595e+00 
 1.70300000e+00  1.25723720e+00 
 1.70400000e+00  1.25459151e+00 
 1.70500000e+00  1.25194887e+00 
 1.70600000e+00  1.24930930e+00 
 1.70700000e+00  1.24667278e+00 
 1.70800000e+00  1.24403932e+00 
 1.70900000e+00  1.24140893e+00 
 1.71000000e+00  1.23878160e+00 
 1.71100000e+00  1.23615735e+00 
 1.71200000e+00  1.23353616e+00 
 1.71300000e+00  1.23091805e+00 
 1.71400000e+00  1.22830301e+00 
 1.71500000e+00  1.22569105e+00 
 1.71600000e+00  1.22308216e+00 
 1.71700000e+00  1.22047636e+00 
 1.71800000e+00  1.21787363e+00 
 1.71900000e+00  1.21527399e+00 
 1.72000000e+00  1.21267744e+00 
 1.72100000e+00  1.21008397e+00 
 1.72200000e+00  1.20749359e+00 
 1.72300000e+00  1.20490630e+00 
 1.72400000e+00  1.20232211e+00 
 1.72500000e+00  1.19974100e+00 
 1.72600000e+00  1.19716299e+00 
 1.72700000e+00  1.19458808e+00 
 1.72800000e+00  1.19201627e+00 
 1.72900000e+00  1.18944756e+00 
 1.73000000e+00  1.18688194e+00 
 1.73100000e+00  1.18431943e+00 
 1.73200000e+00  1.18176003e+00 
 1.73300000e+00  1.17920373e+00 
 1.73400000e+00  1.17665054e+00 
 1.73500000e+00  1.17410045e+00 
 1.73600000e+00  1.17155348e+00 
 1.73700000e+00  1.16900962e+00 
 1.73800000e+00  1.16646887e+00 
 1.73900000e+00  1.16393123e+00 
 1.74000000e+00  1.16139671e+00 
 1.74100000e+00  1.15886530e+00 
 1.74200000e+00  1.15633701e+00 
 1.74300000e+00  1.15381184e+00 
 1.74400000e+00  1.15128979e+00 
 1.74500000e+00  1.14877086e+00 
 1.74600000e+00  1.14625505e+00 
 1.74700000e+00  1.14374236e+00 
 1.74800000e+00  1.14123280e+00 
 1.74900000e+00  1.13872636e+00 
 1.75000000e+00  1.13622305e+00 
 1.75100000e+00  1.13372286e+00 
 1.75200000e+00  1.13122580e+00 
 1.75300000e+00  1.12873188e+00 
 1.75400000e+00  1.12624108e+00 
 1.75500000e+00  1.12375341e+00 
 1.75600000e+00  1.12126887e+00 
 1.75700000e+00  1.11878746e+00 
 1.75800000e+00  1.11630919e+00 
 1.75900000e+00  1.11383404e+00 
 1.76000000e+00  1.11136204e+00 
 1.76100000e+00  1.10889316e+00 
 1.76200000e+00  1.10642743e+00 
 1.76300000e+00  1.10396483e+00 
 1.76400000e+00  1.10150536e+00 
 1.76500000e+00  1.09904903e+00 
 1.76600000e+00  1.09659584e+00 
 1.76700000e+00  1.09414579e+00 
 1.76800000e+00  1.09169888e+00 
 1.76900000e+00  1.08925511e+00 
 1.77000000e+00  1.08681447e+00 
 1.77100000e+00  1.08437698e+00 
 1.77200000e+00  1.08194262e+00 
 1.77300000e+00  1.07951141e+00 
 1.77400000e+00  1.07708334e+00 
 1.77500000e+00  1.07465841e+00 
 1.77600000e+00  1.07223662e+00 
 1.77700000e+00  1.06981797e+00 
 1.77800000e+00  1.06740247e+00 
 1.77900000e+00  1.06499011e+00 
 1.78000000e+00  1.06258089e+00 
 1.78100000e+00  1.06017481e+00 
 1.78200000e+00  1.05777188e+00 
 1.78300000e+00  1.05537209e+00 
 1.78400000e+00  1.05297544e+00 
 1.78500000e+00  1.05058194e+00 
 1.78600000e+00  1.04819158e+00 
 1.78700000e+00  1.04580436e+00 
 1.78800000e+00  1.04342029e+00 
 1.78900000e+00  1.04103936e+00 
 1.79000000e+00  1.03866157e+00 
 1.79100000e+00  1.03628693e+00 
 1.79200000e+00  1.03391543e+00 
 1.79300000e+00  1.03154707e+00 
 1.79400000e+00  1.02918186e+00 
 1.79500000e+00  1.02681978e+00 
 1.79600000e+00  1.02446085e+00 
 1.79700000e+00  1.02210507e+00 
 1.79800000e+00  1.01975242e+00 
 1.79900000e+00  1.01740292e+00 
 1.80000000e+00  1.01505655e+00 
