 0.00000000e+00  2.68206507e+01 
 1.00000000e-03  2.68075745e+01 
 2.00000000e-03  2.67943444e+01 
 3.00000000e-03  2.67809591e+01 
 4.00000000e-03  2.67674170e+01 
 5.00000000e-03  2.67537168e+01 
 6.00000000e-03  2.67398571e+01 
 7.00000000e-03  2.67258363e+01 
 8.00000000e-03  2.67116532e+01 
 9.00000000e-03  2.66973062e+01 
 1.00000000e-02  2.66827939e+01 
 1.10000000e-02  2.66681148e+01 
 1.20000000e-02  2.66532676e+01 
 1.30000000e-02  2.66382507e+01 
 1.40000000e-02  2.66230628e+01 
 1.50000000e-02  2.66077024e+01 
 1.60000000e-02  2.65921680e+01 
 1.70000000e-02  2.65764583e+01 
 1.80000000e-02  2.65605718e+01 
 1.90000000e-02  2.65445071e+01 
 2.00000000e-02  2.65282627e+01 
 2.10000000e-02  2.65118372e+01 
 2.20000000e-02  2.64952292e+01 
 2.30000000e-02  2.64784373e+01 
 2.40000000e-02  2.64614601e+01 
 2.50000000e-02  2.64442961e+01 
 2.60000000e-02  2.64269440e+01 
 2.70000000e-02  2.64094024e+01 
 2.80000000e-02  2.63916699e+01 
 2.90000000e-02  2.63737451e+01 
 3.00000000e-02  2.63556266e+01 
 3.10000000e-02  2.63373131e+01 
 3.20000000e-02  2.63188032e+01 
 3.30000000e-02  2.63000956e+01 
 3.40000000e-02  2.62811890e+01 
 3.50000000e-02  2.62620820e+01 
 3.60000000e-02  2.62427733e+01 
 3.70000000e-02  2.62232616e+01 
 3.80000000e-02  2.62035456e+01 
 3.90000000e-02  2.61836242e+01 
 4.00000000e-02  2.61634959e+01 
 4.10000000e-02  2.61431596e+01 
 4.20000000e-02  2.61226140e+01 
 4.30000000e-02  2.61018580e+01 
 4.40000000e-02  2.60808903e+01 
 4.50000000e-02  2.60597098e+01 
 4.60000000e-02  2.60383152e+01 
 4.70000000e-02  2.60167056e+01 
 4.80000000e-02  2.59948797e+01 
 4.90000000e-02  2.59728364e+01 
 5.00000000e-02  2.59505748e+01 
 5.10000000e-02  2.59280936e+01 
 5.20000000e-02  2.59053919e+01 
 5.30000000e-02  2.58824688e+01 
 5.40000000e-02  2.58593231e+01 
 5.50000000e-02  2.58359540e+01 
 5.60000000e-02  2.58123605e+01 
 5.70000000e-02  2.57885418e+01 
 5.80000000e-02  2.57644969e+01 
 5.90000000e-02  2.57402250e+01 
 6.00000000e-02  2.57157252e+01 
 6.10000000e-02  2.56909969e+01 
 6.20000000e-02  2.56660392e+01 
 6.30000000e-02  2.56408514e+01 
 6.40000000e-02  2.56154329e+01 
 6.50000000e-02  2.55897829e+01 
 6.60000000e-02  2.55639009e+01 
 6.70000000e-02  2.55377862e+01 
 6.80000000e-02  2.55114384e+01 
 6.90000000e-02  2.54848569e+01 
 7.00000000e-02  2.54580412e+01 
 7.10000000e-02  2.54309909e+01 
 7.20000000e-02  2.54037056e+01 
 7.30000000e-02  2.53761850e+01 
 7.40000000e-02  2.53484287e+01 
 7.50000000e-02  2.53204365e+01 
 7.60000000e-02  2.52922081e+01 
 7.70000000e-02  2.52637435e+01 
 7.80000000e-02  2.52350423e+01 
 7.90000000e-02  2.52061046e+01 
 8.00000000e-02  2.51769303e+01 
 8.10000000e-02  2.51475193e+01 
 8.20000000e-02  2.51178719e+01 
 8.30000000e-02  2.50879880e+01 
 8.40000000e-02  2.50578678e+01 
 8.50000000e-02  2.50275116e+01 
 8.60000000e-02  2.49969195e+01 
 8.70000000e-02  2.49660919e+01 
 8.80000000e-02  2.49350292e+01 
 8.90000000e-02  2.49037317e+01 
 9.00000000e-02  2.48722000e+01 
 9.10000000e-02  2.48404345e+01 
 9.20000000e-02  2.48084359e+01 
 9.30000000e-02  2.47762048e+01 
 9.40000000e-02  2.47437419e+01 
 9.50000000e-02  2.47110479e+01 
 9.60000000e-02  2.46781237e+01 
 9.70000000e-02  2.46449702e+01 
 9.80000000e-02  2.46115882e+01 
 9.90000000e-02  2.45779789e+01 
 1.00000000e-01  2.45441432e+01 
 1.01000000e-01  2.45100822e+01 
 1.02000000e-01  2.44757972e+01 
 1.03000000e-01  2.44412895e+01 
 1.04000000e-01  2.44065602e+01 
 1.05000000e-01  2.43716108e+01 
 1.06000000e-01  2.43364428e+01 
 1.07000000e-01  2.43010577e+01 
 1.08000000e-01  2.42654569e+01 
 1.09000000e-01  2.42296422e+01 
 1.10000000e-01  2.41936153e+01 
 1.11000000e-01  2.41573779e+01 
 1.12000000e-01  2.41209319e+01 
 1.13000000e-01  2.40842791e+01 
 1.14000000e-01  2.40474216e+01 
 1.15000000e-01  2.40103614e+01 
 1.16000000e-01  2.39731006e+01 
 1.17000000e-01  2.39356413e+01 
 1.18000000e-01  2.38979859e+01 
 1.19000000e-01  2.38601365e+01 
 1.20000000e-01  2.38220956e+01 
 1.21000000e-01  2.37838656e+01 
 1.22000000e-01  2.37454491e+01 
 1.23000000e-01  2.37068485e+01 
 1.24000000e-01  2.36680666e+01 
 1.25000000e-01  2.36291061e+01 
 1.26000000e-01  2.35899696e+01 
 1.27000000e-01  2.35506601e+01 
 1.28000000e-01  2.35111805e+01 
 1.29000000e-01  2.34715337e+01 
 1.30000000e-01  2.34317227e+01 
 1.31000000e-01  2.33917507e+01 
 1.32000000e-01  2.33516208e+01 
 1.33000000e-01  2.33113362e+01 
 1.34000000e-01  2.32709002e+01 
 1.35000000e-01  2.32303161e+01 
 1.36000000e-01  2.31895874e+01 
 1.37000000e-01  2.31487175e+01 
 1.38000000e-01  2.31077100e+01 
 1.39000000e-01  2.30665683e+01 
 1.40000000e-01  2.30252962e+01 
 1.41000000e-01  2.29838973e+01 
 1.42000000e-01  2.29423754e+01 
 1.43000000e-01  2.29007342e+01 
 1.44000000e-01  2.28589776e+01 
 1.45000000e-01  2.28171096e+01 
 1.46000000e-01  2.27751340e+01 
 1.47000000e-01  2.27330548e+01 
 1.48000000e-01  2.26908762e+01 
 1.49000000e-01  2.26486021e+01 
 1.50000000e-01  2.26062367e+01 
 1.51000000e-01  2.25637843e+01 
 1.52000000e-01  2.25212490e+01 
 1.53000000e-01  2.24786350e+01 
 1.54000000e-01  2.24359467e+01 
 1.55000000e-01  2.23931884e+01 
 1.56000000e-01  2.23503644e+01 
 1.57000000e-01  2.23074792e+01 
 1.58000000e-01  2.22645372e+01 
 1.59000000e-01  2.22215428e+01 
 1.60000000e-01  2.21785006e+01 
 1.61000000e-01  2.21354150e+01 
 1.62000000e-01  2.20922905e+01 
 1.63000000e-01  2.20491319e+01 
 1.64000000e-01  2.20059435e+01 
 1.65000000e-01  2.19627300e+01 
 1.66000000e-01  2.19194960e+01 
 1.67000000e-01  2.18762462e+01 
 1.68000000e-01  2.18329852e+01 
 1.69000000e-01  2.17897175e+01 
 1.70000000e-01  2.17464480e+01 
 1.71000000e-01  2.17031811e+01 
 1.72000000e-01  2.16599217e+01 
 1.73000000e-01  2.16166743e+01 
 1.74000000e-01  2.15734436e+01 
 1.75000000e-01  2.15302343e+01 
 1.76000000e-01  2.14870510e+01 
 1.77000000e-01  2.14438984e+01 
 1.78000000e-01  2.14007811e+01 
 1.79000000e-01  2.13577036e+01 
 1.80000000e-01  2.13146707e+01 
 1.81000000e-01  2.12716869e+01 
 1.82000000e-01  2.12287568e+01 
 1.83000000e-01  2.11858848e+01 
 1.84000000e-01  2.11430756e+01 
 1.85000000e-01  2.11003337e+01 
 1.86000000e-01  2.10576634e+01 
 1.87000000e-01  2.10150693e+01 
 1.88000000e-01  2.09725557e+01 
 1.89000000e-01  2.09301270e+01 
 1.90000000e-01  2.08877875e+01 
 1.91000000e-01  2.08455416e+01 
 1.92000000e-01  2.08033934e+01 
 1.93000000e-01  2.07613471e+01 
 1.94000000e-01  2.07194070e+01 
 1.95000000e-01  2.06775772e+01 
 1.96000000e-01  2.06358616e+01 
 1.97000000e-01  2.05942642e+01 
 1.98000000e-01  2.05527892e+01 
 1.99000000e-01  2.05114402e+01 
 2.00000000e-01  2.04702211e+01 
 2.01000000e-01  2.04291358e+01 
 2.02000000e-01  2.03881879e+01 
 2.03000000e-01  2.03473810e+01 
 2.04000000e-01  2.03067188e+01 
 2.05000000e-01  2.02662047e+01 
 2.06000000e-01  2.02258421e+01 
 2.07000000e-01  2.01856345e+01 
 2.08000000e-01  2.01455850e+01 
 2.09000000e-01  2.01056969e+01 
 2.10000000e-01  2.00659733e+01 
 2.11000000e-01  2.00264173e+01 
 2.12000000e-01  1.99870318e+01 
 2.13000000e-01  1.99478197e+01 
 2.14000000e-01  1.99087837e+01 
 2.15000000e-01  1.98699267e+01 
 2.16000000e-01  1.98312512e+01 
 2.17000000e-01  1.97927598e+01 
 2.18000000e-01  1.97544548e+01 
 2.19000000e-01  1.97163386e+01 
 2.20000000e-01  1.96784135e+01 
 2.21000000e-01  1.96406817e+01 
 2.22000000e-01  1.96031452e+01 
 2.23000000e-01  1.95658059e+01 
 2.24000000e-01  1.95286657e+01 
 2.25000000e-01  1.94917264e+01 
 2.26000000e-01  1.94549897e+01 
 2.27000000e-01  1.94184571e+01 
 2.28000000e-01  1.93821301e+01 
 2.29000000e-01  1.93460100e+01 
 2.30000000e-01  1.93100982e+01 
 2.31000000e-01  1.92743956e+01 
 2.32000000e-01  1.92389035e+01 
 2.33000000e-01  1.92036227e+01 
 2.34000000e-01  1.91685541e+01 
 2.35000000e-01  1.91336984e+01 
 2.36000000e-01  1.90990563e+01 
 2.37000000e-01  1.90646281e+01 
 2.38000000e-01  1.90304145e+01 
 2.39000000e-01  1.89964156e+01 
 2.40000000e-01  1.89626316e+01 
 2.41000000e-01  1.89290627e+01 
 2.42000000e-01  1.88957088e+01 
 2.43000000e-01  1.88625698e+01 
 2.44000000e-01  1.88296454e+01 
 2.45000000e-01  1.87969353e+01 
 2.46000000e-01  1.87644391e+01 
 2.47000000e-01  1.87321562e+01 
 2.48000000e-01  1.87000859e+01 
 2.49000000e-01  1.86682275e+01 
 2.50000000e-01  1.86365800e+01 
 2.51000000e-01  1.86051426e+01 
 2.52000000e-01  1.85739140e+01 
 2.53000000e-01  1.85428932e+01 
 2.54000000e-01  1.85120788e+01 
 2.55000000e-01  1.84814695e+01 
 2.56000000e-01  1.84510637e+01 
 2.57000000e-01  1.84208598e+01 
 2.58000000e-01  1.83908561e+01 
 2.59000000e-01  1.83610509e+01 
 2.60000000e-01  1.83314423e+01 
 2.61000000e-01  1.83020281e+01 
 2.62000000e-01  1.82728065e+01 
 2.63000000e-01  1.82437751e+01 
 2.64000000e-01  1.82149317e+01 
 2.65000000e-01  1.81862740e+01 
 2.66000000e-01  1.81577994e+01 
 2.67000000e-01  1.81295054e+01 
 2.68000000e-01  1.81013895e+01 
 2.69000000e-01  1.80734488e+01 
 2.70000000e-01  1.80456806e+01 
 2.71000000e-01  1.80180819e+01 
 2.72000000e-01  1.79906499e+01 
 2.73000000e-01  1.79633814e+01 
 2.74000000e-01  1.79362734e+01 
 2.75000000e-01  1.79093226e+01 
 2.76000000e-01  1.78825257e+01 
 2.77000000e-01  1.78558794e+01 
 2.78000000e-01  1.78293804e+01 
 2.79000000e-01  1.78030250e+01 
 2.80000000e-01  1.77768097e+01 
 2.81000000e-01  1.77507310e+01 
 2.82000000e-01  1.77247852e+01 
 2.83000000e-01  1.76989684e+01 
 2.84000000e-01  1.76732770e+01 
 2.85000000e-01  1.76477070e+01 
 2.86000000e-01  1.76222545e+01 
 2.87000000e-01  1.75969157e+01 
 2.88000000e-01  1.75716865e+01 
 2.89000000e-01  1.75465627e+01 
 2.90000000e-01  1.75215405e+01 
 2.91000000e-01  1.74966155e+01 
 2.92000000e-01  1.74717837e+01 
 2.93000000e-01  1.74470408e+01 
 2.94000000e-01  1.74223825e+01 
 2.95000000e-01  1.73978047e+01 
 2.96000000e-01  1.73733030e+01 
 2.97000000e-01  1.73488730e+01 
 2.98000000e-01  1.73245104e+01 
 2.99000000e-01  1.73002108e+01 
 3.00000000e-01  1.72759698e+01 
 3.01000000e-01  1.72517831e+01 
 3.02000000e-01  1.72276461e+01 
 3.03000000e-01  1.72035544e+01 
 3.04000000e-01  1.71795037e+01 
 3.05000000e-01  1.71554894e+01 
 3.06000000e-01  1.71315071e+01 
 3.07000000e-01  1.71075523e+01 
 3.08000000e-01  1.70836206e+01 
 3.09000000e-01  1.70597075e+01 
 3.10000000e-01  1.70358086e+01 
 3.11000000e-01  1.70119194e+01 
 3.12000000e-01  1.69880355e+01 
 3.13000000e-01  1.69641526e+01 
 3.14000000e-01  1.69402662e+01 
 3.15000000e-01  1.69163720e+01 
 3.16000000e-01  1.68924656e+01 
 3.17000000e-01  1.68685427e+01 
 3.18000000e-01  1.68445990e+01 
 3.19000000e-01  1.68206303e+01 
 3.20000000e-01  1.67966323e+01 
 3.21000000e-01  1.67726008e+01 
 3.22000000e-01  1.67485316e+01 
 3.23000000e-01  1.67244208e+01 
 3.24000000e-01  1.67002641e+01 
 3.25000000e-01  1.66760575e+01 
 3.26000000e-01  1.66517971e+01 
 3.27000000e-01  1.66274790e+01 
 3.28000000e-01  1.66030992e+01 
 3.29000000e-01  1.65786539e+01 
 3.30000000e-01  1.65541394e+01 
 3.31000000e-01  1.65295519e+01 
 3.32000000e-01  1.65048878e+01 
 3.33000000e-01  1.64801434e+01 
 3.34000000e-01  1.64553153e+01 
 3.35000000e-01  1.64304000e+01 
 3.36000000e-01  1.64053941e+01 
 3.37000000e-01  1.63802942e+01 
 3.38000000e-01  1.63550971e+01 
 3.39000000e-01  1.63297996e+01 
 3.40000000e-01  1.63043987e+01 
 3.41000000e-01  1.62788911e+01 
 3.42000000e-01  1.62532741e+01 
 3.43000000e-01  1.62275447e+01 
 3.44000000e-01  1.62017001e+01 
 3.45000000e-01  1.61757375e+01 
 3.46000000e-01  1.61496545e+01 
 3.47000000e-01  1.61234483e+01 
 3.48000000e-01  1.60971165e+01 
 3.49000000e-01  1.60706568e+01 
 3.50000000e-01  1.60440668e+01 
 3.51000000e-01  1.60173444e+01 
 3.52000000e-01  1.59904873e+01 
 3.53000000e-01  1.59634936e+01 
 3.54000000e-01  1.59363613e+01 
 3.55000000e-01  1.59090886e+01 
 3.56000000e-01  1.58816737e+01 
 3.57000000e-01  1.58541149e+01 
 3.58000000e-01  1.58264107e+01 
 3.59000000e-01  1.57985595e+01 
 3.60000000e-01  1.57705601e+01 
 3.61000000e-01  1.57424109e+01 
 3.62000000e-01  1.57141110e+01 
 3.63000000e-01  1.56856590e+01 
 3.64000000e-01  1.56570541e+01 
 3.65000000e-01  1.56282953e+01 
 3.66000000e-01  1.55993817e+01 
 3.67000000e-01  1.55703126e+01 
 3.68000000e-01  1.55410874e+01 
 3.69000000e-01  1.55117054e+01 
 3.70000000e-01  1.54821663e+01 
 3.71000000e-01  1.54524696e+01 
 3.72000000e-01  1.54226151e+01 
 3.73000000e-01  1.53926026e+01 
 3.74000000e-01  1.53624319e+01 
 3.75000000e-01  1.53321030e+01 
 3.76000000e-01  1.53016160e+01 
 3.77000000e-01  1.52709712e+01 
 3.78000000e-01  1.52401686e+01 
 3.79000000e-01  1.52092087e+01 
 3.80000000e-01  1.51780918e+01 
 3.81000000e-01  1.51468185e+01 
 3.82000000e-01  1.51153893e+01 
 3.83000000e-01  1.50838050e+01 
 3.84000000e-01  1.50520662e+01 
 3.85000000e-01  1.50201737e+01 
 3.86000000e-01  1.49881286e+01 
 3.87000000e-01  1.49559317e+01 
 3.88000000e-01  1.49235841e+01 
 3.89000000e-01  1.48910870e+01 
 3.90000000e-01  1.48584415e+01 
 3.91000000e-01  1.48256490e+01 
 3.92000000e-01  1.47927107e+01 
 3.93000000e-01  1.47596281e+01 
 3.94000000e-01  1.47264026e+01 
 3.95000000e-01  1.46930358e+01 
 3.96000000e-01  1.46595294e+01 
 3.97000000e-01  1.46258849e+01 
 3.98000000e-01  1.45921042e+01 
 3.99000000e-01  1.45581890e+01 
 4.00000000e-01  1.45241411e+01 
 4.01000000e-01  1.44899625e+01 
 4.02000000e-01  1.44556551e+01 
 4.03000000e-01  1.44212210e+01 
 4.04000000e-01  1.43866621e+01 
 4.05000000e-01  1.43519807e+01 
 4.06000000e-01  1.43171788e+01 
 4.07000000e-01  1.42822587e+01 
 4.08000000e-01  1.42472227e+01 
 4.09000000e-01  1.42120729e+01 
 4.10000000e-01  1.41768118e+01 
 4.11000000e-01  1.41414418e+01 
 4.12000000e-01  1.41059651e+01 
 4.13000000e-01  1.40703844e+01 
 4.14000000e-01  1.40347020e+01 
 4.15000000e-01  1.39989204e+01 
 4.16000000e-01  1.39630422e+01 
 4.17000000e-01  1.39270701e+01 
 4.18000000e-01  1.38910064e+01 
 4.19000000e-01  1.38548540e+01 
 4.20000000e-01  1.38186154e+01 
 4.21000000e-01  1.37822932e+01 
 4.22000000e-01  1.37458903e+01 
 4.23000000e-01  1.37094092e+01 
 4.24000000e-01  1.36728527e+01 
 4.25000000e-01  1.36362236e+01 
 4.26000000e-01  1.35995245e+01 
 4.27000000e-01  1.35627583e+01 
 4.28000000e-01  1.35259277e+01 
 4.29000000e-01  1.34890354e+01 
 4.30000000e-01  1.34520844e+01 
 4.31000000e-01  1.34150773e+01 
 4.32000000e-01  1.33780171e+01 
 4.33000000e-01  1.33409064e+01 
 4.34000000e-01  1.33037480e+01 
 4.35000000e-01  1.32665449e+01 
 4.36000000e-01  1.32292998e+01 
 4.37000000e-01  1.31920154e+01 
 4.38000000e-01  1.31546947e+01 
 4.39000000e-01  1.31173403e+01 
 4.40000000e-01  1.30799551e+01 
 4.41000000e-01  1.30425419e+01 
 4.42000000e-01  1.30051034e+01 
 4.43000000e-01  1.29676424e+01 
 4.44000000e-01  1.29301616e+01 
 4.45000000e-01  1.28926638e+01 
 4.46000000e-01  1.28551517e+01 
 4.47000000e-01  1.28176280e+01 
 4.48000000e-01  1.27800954e+01 
 4.49000000e-01  1.27425567e+01 
 4.50000000e-01  1.27050144e+01 
 4.51000000e-01  1.26674712e+01 
 4.52000000e-01  1.26299298e+01 
 4.53000000e-01  1.25923927e+01 
 4.54000000e-01  1.25548626e+01 
 4.55000000e-01  1.25173420e+01 
 4.56000000e-01  1.24798335e+01 
 4.57000000e-01  1.24423395e+01 
 4.58000000e-01  1.24048627e+01 
 4.59000000e-01  1.23674054e+01 
 4.60000000e-01  1.23299701e+01 
 4.61000000e-01  1.22925592e+01 
 4.62000000e-01  1.22551753e+01 
 4.63000000e-01  1.22178205e+01 
 4.64000000e-01  1.21804973e+01 
 4.65000000e-01  1.21432080e+01 
 4.66000000e-01  1.21059550e+01 
 4.67000000e-01  1.20687403e+01 
 4.68000000e-01  1.20315664e+01 
 4.69000000e-01  1.19944353e+01 
 4.70000000e-01  1.19573494e+01 
 4.71000000e-01  1.19203107e+01 
 4.72000000e-01  1.18833213e+01 
 4.73000000e-01  1.18463833e+01 
 4.74000000e-01  1.18094989e+01 
 4.75000000e-01  1.17726700e+01 
 4.76000000e-01  1.17358986e+01 
 4.77000000e-01  1.16991866e+01 
 4.78000000e-01  1.16625361e+01 
 4.79000000e-01  1.16259489e+01 
 4.80000000e-01  1.15894268e+01 
 4.81000000e-01  1.15529718e+01 
 4.82000000e-01  1.15165856e+01 
 4.83000000e-01  1.14802700e+01 
 4.84000000e-01  1.14440267e+01 
 4.85000000e-01  1.14078575e+01 
 4.86000000e-01  1.13717640e+01 
 4.87000000e-01  1.13357478e+01 
 4.88000000e-01  1.12998106e+01 
 4.89000000e-01  1.12639540e+01 
 4.90000000e-01  1.12281794e+01 
 4.91000000e-01  1.11924885e+01 
 4.92000000e-01  1.11568826e+01 
 4.93000000e-01  1.11213633e+01 
 4.94000000e-01  1.10859319e+01 
 4.95000000e-01  1.10505899e+01 
 4.96000000e-01  1.10153386e+01 
 4.97000000e-01  1.09801792e+01 
 4.98000000e-01  1.09451132e+01 
 4.99000000e-01  1.09101418e+01 
 5.00000000e-01  1.08752661e+01 
 5.01000000e-01  1.08404875e+01 
 5.02000000e-01  1.08058070e+01 
 5.03000000e-01  1.07712258e+01 
 5.04000000e-01  1.07367450e+01 
 5.05000000e-01  1.07023657e+01 
 5.06000000e-01  1.06680889e+01 
 5.07000000e-01  1.06339157e+01 
 5.08000000e-01  1.05998469e+01 
 5.09000000e-01  1.05658837e+01 
 5.10000000e-01  1.05320269e+01 
 5.11000000e-01  1.04982774e+01 
 5.12000000e-01  1.04646361e+01 
 5.13000000e-01  1.04311038e+01 
 5.14000000e-01  1.03976814e+01 
 5.15000000e-01  1.03643696e+01 
 5.16000000e-01  1.03311692e+01 
 5.17000000e-01  1.02980810e+01 
 5.18000000e-01  1.02651056e+01 
 5.19000000e-01  1.02322437e+01 
 5.20000000e-01  1.01994960e+01 
 5.21000000e-01  1.01668631e+01 
 5.22000000e-01  1.01343457e+01 
 5.23000000e-01  1.01019442e+01 
 5.24000000e-01  1.00696594e+01 
 5.25000000e-01  1.00374916e+01 
 5.26000000e-01  1.00054414e+01 
 5.27000000e-01  9.97350931e+00 
 5.28000000e-01  9.94169577e+00 
 5.29000000e-01  9.91000121e+00 
 5.30000000e-01  9.87842605e+00 
 5.31000000e-01  9.84697069e+00 
 5.32000000e-01  9.81563550e+00 
 5.33000000e-01  9.78442083e+00 
 5.34000000e-01  9.75332700e+00 
 5.35000000e-01  9.72235433e+00 
 5.36000000e-01  9.69150311e+00 
 5.37000000e-01  9.66077359e+00 
 5.38000000e-01  9.63016604e+00 
 5.39000000e-01  9.59968067e+00 
 5.40000000e-01  9.56931769e+00 
 5.41000000e-01  9.53907730e+00 
 5.42000000e-01  9.50895967e+00 
 5.43000000e-01  9.47896495e+00 
 5.44000000e-01  9.44909326e+00 
 5.45000000e-01  9.41934475e+00 
 5.46000000e-01  9.38971949e+00 
 5.47000000e-01  9.36021758e+00 
 5.48000000e-01  9.33083908e+00 
 5.49000000e-01  9.30158404e+00 
 5.50000000e-01  9.27245250e+00 
 5.51000000e-01  9.24344448e+00 
 5.52000000e-01  9.21455998e+00 
 5.53000000e-01  9.18579898e+00 
 5.54000000e-01  9.15716147e+00 
 5.55000000e-01  9.12864740e+00 
 5.56000000e-01  9.10025672e+00 
 5.57000000e-01  9.07198936e+00 
 5.58000000e-01  9.04384524e+00 
 5.59000000e-01  9.01582425e+00 
 5.60000000e-01  8.98792630e+00 
 5.61000000e-01  8.96015127e+00 
 5.62000000e-01  8.93249901e+00 
 5.63000000e-01  8.90496940e+00 
 5.64000000e-01  8.87756226e+00 
 5.65000000e-01  8.85027743e+00 
 5.66000000e-01  8.82311473e+00 
 5.67000000e-01  8.79607397e+00 
 5.68000000e-01  8.76915495e+00 
 5.69000000e-01  8.74235746e+00 
 5.70000000e-01  8.71568127e+00 
 5.71000000e-01  8.68912616e+00 
 5.72000000e-01  8.66269187e+00 
 5.73000000e-01  8.63637818e+00 
 5.74000000e-01  8.61018480e+00 
 5.75000000e-01  8.58411147e+00 
 5.76000000e-01  8.55815792e+00 
 5.77000000e-01  8.53232386e+00 
 5.78000000e-01  8.50660899e+00 
 5.79000000e-01  8.48101301e+00 
 5.80000000e-01  8.45553561e+00 
 5.81000000e-01  8.43017648e+00 
 5.82000000e-01  8.40493529e+00 
 5.83000000e-01  8.37981170e+00 
 5.84000000e-01  8.35480538e+00 
 5.85000000e-01  8.32991598e+00 
 5.86000000e-01  8.30514315e+00 
 5.87000000e-01  8.28048653e+00 
 5.88000000e-01  8.25594576e+00 
 5.89000000e-01  8.23152046e+00 
 5.90000000e-01  8.20721027e+00 
 5.91000000e-01  8.18301479e+00 
 5.92000000e-01  8.15893364e+00 
 5.93000000e-01  8.13496642e+00 
 5.94000000e-01  8.11111275e+00 
 5.95000000e-01  8.08737222e+00 
 5.96000000e-01  8.06374441e+00 
 5.97000000e-01  8.04022893e+00 
 5.98000000e-01  8.01682535e+00 
 5.99000000e-01  7.99353326e+00 
 6.00000000e-01  7.97035223e+00 
 6.01000000e-01  7.94728184e+00 
 6.02000000e-01  7.92432164e+00 
 6.03000000e-01  7.90147122e+00 
 6.04000000e-01  7.87873013e+00 
 6.05000000e-01  7.85609792e+00 
 6.06000000e-01  7.83357416e+00 
 6.07000000e-01  7.81115840e+00 
 6.08000000e-01  7.78885019e+00 
 6.09000000e-01  7.76664907e+00 
 6.10000000e-01  7.74455459e+00 
 6.11000000e-01  7.72256630e+00 
 6.12000000e-01  7.70068373e+00 
 6.13000000e-01  7.67890641e+00 
 6.14000000e-01  7.65723390e+00 
 6.15000000e-01  7.63566572e+00 
 6.16000000e-01  7.61420139e+00 
 6.17000000e-01  7.59284047e+00 
 6.18000000e-01  7.57158246e+00 
 6.19000000e-01  7.55042691e+00 
 6.20000000e-01  7.52937333e+00 
 6.21000000e-01  7.50842125e+00 
 6.22000000e-01  7.48757020e+00 
 6.23000000e-01  7.46681969e+00 
 6.24000000e-01  7.44616925e+00 
 6.25000000e-01  7.42561841e+00 
 6.26000000e-01  7.40516667e+00 
 6.27000000e-01  7.38481356e+00 
 6.28000000e-01  7.36455860e+00 
 6.29000000e-01  7.34440131e+00 
 6.30000000e-01  7.32434120e+00 
 6.31000000e-01  7.30437780e+00 
 6.32000000e-01  7.28451061e+00 
 6.33000000e-01  7.26473915e+00 
 6.34000000e-01  7.24506296e+00 
 6.35000000e-01  7.22548153e+00 
 6.36000000e-01  7.20599438e+00 
 6.37000000e-01  7.18660104e+00 
 6.38000000e-01  7.16730103e+00 
 6.39000000e-01  7.14809385e+00 
 6.40000000e-01  7.12897902e+00 
 6.41000000e-01  7.10995607e+00 
 6.42000000e-01  7.09102451e+00 
 6.43000000e-01  7.07218387e+00 
 6.44000000e-01  7.05343365e+00 
 6.45000000e-01  7.03477339e+00 
 6.46000000e-01  7.01620260e+00 
 6.47000000e-01  6.99772081e+00 
 6.48000000e-01  6.97932753e+00 
 6.49000000e-01  6.96102228e+00 
 6.50000000e-01  6.94280461e+00 
 6.51000000e-01  6.92467402e+00 
 6.52000000e-01  6.90663004e+00 
 6.53000000e-01  6.88867221e+00 
 6.54000000e-01  6.87080004e+00 
 6.55000000e-01  6.85301308e+00 
 6.56000000e-01  6.83531084e+00 
 6.57000000e-01  6.81769286e+00 
 6.58000000e-01  6.80015867e+00 
 6.59000000e-01  6.78270781e+00 
 6.60000000e-01  6.76533981e+00 
 6.61000000e-01  6.74805420e+00 
 6.62000000e-01  6.73085053e+00 
 6.63000000e-01  6.71372834e+00 
 6.64000000e-01  6.69668716e+00 
 6.65000000e-01  6.67972654e+00 
 6.66000000e-01  6.66284601e+00 
 6.67000000e-01  6.64604514e+00 
 6.68000000e-01  6.62932345e+00 
 6.69000000e-01  6.61268050e+00 
 6.70000000e-01  6.59611585e+00 
 6.71000000e-01  6.57962903e+00 
 6.72000000e-01  6.56321961e+00 
 6.73000000e-01  6.54688714e+00 
 6.74000000e-01  6.53063117e+00 
 6.75000000e-01  6.51445126e+00 
 6.76000000e-01  6.49834698e+00 
 6.77000000e-01  6.48231788e+00 
 6.78000000e-01  6.46636353e+00 
 6.79000000e-01  6.45048348e+00 
 6.80000000e-01  6.43467732e+00 
 6.81000000e-01  6.41894461e+00 
 6.82000000e-01  6.40328491e+00 
 6.83000000e-01  6.38769780e+00 
 6.84000000e-01  6.37218286e+00 
 6.85000000e-01  6.35673966e+00 
 6.86000000e-01  6.34136777e+00 
 6.87000000e-01  6.32606679e+00 
 6.88000000e-01  6.31083628e+00 
 6.89000000e-01  6.29567584e+00 
 6.90000000e-01  6.28058504e+00 
 6.91000000e-01  6.26556348e+00 
 6.92000000e-01  6.25061075e+00 
 6.93000000e-01  6.23572643e+00 
 6.94000000e-01  6.22091012e+00 
 6.95000000e-01  6.20616142e+00 
 6.96000000e-01  6.19147992e+00 
 6.97000000e-01  6.17686523e+00 
 6.98000000e-01  6.16231693e+00 
 6.99000000e-01  6.14783465e+00 
 7.00000000e-01  6.13341797e+00 
 7.01000000e-01  6.11906651e+00 
 7.02000000e-01  6.10477989e+00 
 7.03000000e-01  6.09055770e+00 
 7.04000000e-01  6.07639956e+00 
 7.05000000e-01  6.06230509e+00 
 7.06000000e-01  6.04827391e+00 
 7.07000000e-01  6.03430563e+00 
 7.08000000e-01  6.02039988e+00 
 7.09000000e-01  6.00655628e+00 
 7.10000000e-01  5.99277445e+00 
 7.11000000e-01  5.97905403e+00 
 7.12000000e-01  5.96539463e+00 
 7.13000000e-01  5.95179590e+00 
 7.14000000e-01  5.93825747e+00 
 7.15000000e-01  5.92477897e+00 
 7.16000000e-01  5.91136004e+00 
 7.17000000e-01  5.89800032e+00 
 7.18000000e-01  5.88469945e+00 
 7.19000000e-01  5.87145707e+00 
 7.20000000e-01  5.85827283e+00 
 7.21000000e-01  5.84514639e+00 
 7.22000000e-01  5.83207738e+00 
 7.23000000e-01  5.81906545e+00 
 7.24000000e-01  5.80611028e+00 
 7.25000000e-01  5.79321150e+00 
 7.26000000e-01  5.78036877e+00 
 7.27000000e-01  5.76758177e+00 
 7.28000000e-01  5.75485014e+00 
 7.29000000e-01  5.74217355e+00 
 7.30000000e-01  5.72955166e+00 
 7.31000000e-01  5.71698416e+00 
 7.32000000e-01  5.70447069e+00 
 7.33000000e-01  5.69201094e+00 
 7.34000000e-01  5.67960458e+00 
 7.35000000e-01  5.66725129e+00 
 7.36000000e-01  5.65495073e+00 
 7.37000000e-01  5.64270260e+00 
 7.38000000e-01  5.63050656e+00 
 7.39000000e-01  5.61836232e+00 
 7.40000000e-01  5.60626954e+00 
 7.41000000e-01  5.59422792e+00 
 7.42000000e-01  5.58223714e+00 
 7.43000000e-01  5.57029691e+00 
 7.44000000e-01  5.55840690e+00 
 7.45000000e-01  5.54656682e+00 
 7.46000000e-01  5.53477635e+00 
 7.47000000e-01  5.52303521e+00 
 7.48000000e-01  5.51134308e+00 
 7.49000000e-01  5.49969968e+00 
 7.50000000e-01  5.48810470e+00 
 7.51000000e-01  5.47655785e+00 
 7.52000000e-01  5.46505883e+00 
 7.53000000e-01  5.45360737e+00 
 7.54000000e-01  5.44220317e+00 
 7.55000000e-01  5.43084593e+00 
 7.56000000e-01  5.41953538e+00 
 7.57000000e-01  5.40827124e+00 
 7.58000000e-01  5.39705322e+00 
 7.59000000e-01  5.38588104e+00 
 7.60000000e-01  5.37475442e+00 
 7.61000000e-01  5.36367309e+00 
 7.62000000e-01  5.35263677e+00 
 7.63000000e-01  5.34164519e+00 
 7.64000000e-01  5.33069808e+00 
 7.65000000e-01  5.31979518e+00 
 7.66000000e-01  5.30893620e+00 
 7.67000000e-01  5.29812089e+00 
 7.68000000e-01  5.28734898e+00 
 7.69000000e-01  5.27662021e+00 
 7.70000000e-01  5.26593432e+00 
 7.71000000e-01  5.25529104e+00 
 7.72000000e-01  5.24469013e+00 
 7.73000000e-01  5.23413133e+00 
 7.74000000e-01  5.22361437e+00 
 7.75000000e-01  5.21313902e+00 
 7.76000000e-01  5.20270501e+00 
 7.77000000e-01  5.19231211e+00 
 7.78000000e-01  5.18196005e+00 
 7.79000000e-01  5.17164860e+00 
 7.80000000e-01  5.16137751e+00 
 7.81000000e-01  5.15114654e+00 
 7.82000000e-01  5.14095544e+00 
 7.83000000e-01  5.13080398e+00 
 7.84000000e-01  5.12069192e+00 
 7.85000000e-01  5.11061902e+00 
 7.86000000e-01  5.10058505e+00 
 7.87000000e-01  5.09058976e+00 
 7.88000000e-01  5.08063295e+00 
 7.89000000e-01  5.07071436e+00 
 7.90000000e-01  5.06083377e+00 
 7.91000000e-01  5.05099095e+00 
 7.92000000e-01  5.04118569e+00 
 7.93000000e-01  5.03141775e+00 
 7.94000000e-01  5.02168690e+00 
 7.95000000e-01  5.01199294e+00 
 7.96000000e-01  5.00233563e+00 
 7.97000000e-01  4.99271476e+00 
 7.98000000e-01  4.98313012e+00 
 7.99000000e-01  4.97358148e+00 
 8.00000000e-01  4.96406863e+00 
 8.01000000e-01  4.95459136e+00 
 8.02000000e-01  4.94514946e+00 
 8.03000000e-01  4.93574271e+00 
 8.04000000e-01  4.92637091e+00 
 8.05000000e-01  4.91703385e+00 
 8.06000000e-01  4.90773133e+00 
 8.07000000e-01  4.89846313e+00 
 8.08000000e-01  4.88922906e+00 
 8.09000000e-01  4.88002892e+00 
 8.10000000e-01  4.87086249e+00 
 8.11000000e-01  4.86172959e+00 
 8.12000000e-01  4.85263001e+00 
 8.13000000e-01  4.84356357e+00 
 8.14000000e-01  4.83453005e+00 
 8.15000000e-01  4.82552927e+00 
 8.16000000e-01  4.81656104e+00 
 8.17000000e-01  4.80762516e+00 
 8.18000000e-01  4.79872144e+00 
 8.19000000e-01  4.78984970e+00 
 8.20000000e-01  4.78100974e+00 
 8.21000000e-01  4.77220138e+00 
 8.22000000e-01  4.76342443e+00 
 8.23000000e-01  4.75467872e+00 
 8.24000000e-01  4.74596404e+00 
 8.25000000e-01  4.73728024e+00 
 8.26000000e-01  4.72862711e+00 
 8.27000000e-01  4.72000449e+00 
 8.28000000e-01  4.71141220e+00 
 8.29000000e-01  4.70285005e+00 
 8.30000000e-01  4.69431788e+00 
 8.31000000e-01  4.68581550e+00 
 8.32000000e-01  4.67734274e+00 
 8.33000000e-01  4.66889944e+00 
 8.34000000e-01  4.66048542e+00 
 8.35000000e-01  4.65210051e+00 
 8.36000000e-01  4.64374453e+00 
 8.37000000e-01  4.63541733e+00 
 8.38000000e-01  4.62711873e+00 
 8.39000000e-01  4.61884858e+00 
 8.40000000e-01  4.61060670e+00 
 8.41000000e-01  4.60239292e+00 
 8.42000000e-01  4.59420710e+00 
 8.43000000e-01  4.58604906e+00 
 8.44000000e-01  4.57791865e+00 
 8.45000000e-01  4.56981571e+00 
 8.46000000e-01  4.56174007e+00 
 8.47000000e-01  4.55369159e+00 
 8.48000000e-01  4.54567010e+00 
 8.49000000e-01  4.53767544e+00 
 8.50000000e-01  4.52970748e+00 
 8.51000000e-01  4.52176604e+00 
 8.52000000e-01  4.51385099e+00 
 8.53000000e-01  4.50596216e+00 
 8.54000000e-01  4.49809941e+00 
 8.55000000e-01  4.49026258e+00 
 8.56000000e-01  4.48245154e+00 
 8.57000000e-01  4.47466613e+00 
 8.58000000e-01  4.46690621e+00 
 8.59000000e-01  4.45917162e+00 
 8.60000000e-01  4.45146223e+00 
 8.61000000e-01  4.44377790e+00 
 8.62000000e-01  4.43611847e+00 
 8.63000000e-01  4.42848381e+00 
 8.64000000e-01  4.42087378e+00 
 8.65000000e-01  4.41328823e+00 
 8.66000000e-01  4.40572704e+00 
 8.67000000e-01  4.39819005e+00 
 8.68000000e-01  4.39067713e+00 
 8.69000000e-01  4.38318816e+00 
 8.70000000e-01  4.37572298e+00 
 8.71000000e-01  4.36828147e+00 
 8.72000000e-01  4.36086349e+00 
 8.73000000e-01  4.35346891e+00 
 8.74000000e-01  4.34609760e+00 
 8.75000000e-01  4.33874942e+00 
 8.76000000e-01  4.33142425e+00 
 8.77000000e-01  4.32412196e+00 
 8.78000000e-01  4.31684241e+00 
 8.79000000e-01  4.30958549e+00 
 8.80000000e-01  4.30235106e+00 
 8.81000000e-01  4.29513899e+00 
 8.82000000e-01  4.28794917e+00 
 8.83000000e-01  4.28078147e+00 
 8.84000000e-01  4.27363575e+00 
 8.85000000e-01  4.26651191e+00 
 8.86000000e-01  4.25940982e+00 
 8.87000000e-01  4.25232935e+00 
 8.88000000e-01  4.24527039e+00 
 8.89000000e-01  4.23823282e+00 
 8.90000000e-01  4.23121651e+00 
 8.91000000e-01  4.22422135e+00 
 8.92000000e-01  4.21724723e+00 
 8.93000000e-01  4.21029401e+00 
 8.94000000e-01  4.20336160e+00 
 8.95000000e-01  4.19644987e+00 
 8.96000000e-01  4.18955870e+00 
 8.97000000e-01  4.18268800e+00 
 8.98000000e-01  4.17583763e+00 
 8.99000000e-01  4.16900749e+00 
 9.00000000e-01  4.16219747e+00 
 9.01000000e-01  4.15540745e+00 
 9.02000000e-01  4.14863733e+00 
 9.03000000e-01  4.14188700e+00 
 9.04000000e-01  4.13515634e+00 
 9.05000000e-01  4.12844525e+00 
 9.06000000e-01  4.12175362e+00 
 9.07000000e-01  4.11508135e+00 
 9.08000000e-01  4.10842832e+00 
 9.09000000e-01  4.10179444e+00 
 9.10000000e-01  4.09517959e+00 
 9.11000000e-01  4.08858368e+00 
 9.12000000e-01  4.08200660e+00 
 9.13000000e-01  4.07544824e+00 
 9.14000000e-01  4.06890851e+00 
 9.15000000e-01  4.06238730e+00 
 9.16000000e-01  4.05588451e+00 
 9.17000000e-01  4.04940004e+00 
 9.18000000e-01  4.04293379e+00 
 9.19000000e-01  4.03648567e+00 
 9.20000000e-01  4.03005557e+00 
 9.21000000e-01  4.02364339e+00 
 9.22000000e-01  4.01724904e+00 
 9.23000000e-01  4.01087243e+00 
 9.24000000e-01  4.00451345e+00 
 9.25000000e-01  3.99817201e+00 
 9.26000000e-01  3.99184801e+00 
 9.27000000e-01  3.98554136e+00 
 9.28000000e-01  3.97925198e+00 
 9.29000000e-01  3.97297975e+00 
 9.30000000e-01  3.96672460e+00 
 9.31000000e-01  3.96048642e+00 
 9.32000000e-01  3.95426513e+00 
 9.33000000e-01  3.94806064e+00 
 9.34000000e-01  3.94187285e+00 
 9.35000000e-01  3.93570168e+00 
 9.36000000e-01  3.92954704e+00 
 9.37000000e-01  3.92340883e+00 
 9.38000000e-01  3.91728698e+00 
 9.39000000e-01  3.91118139e+00 
 9.40000000e-01  3.90509197e+00 
 9.41000000e-01  3.89901864e+00 
 9.42000000e-01  3.89296131e+00 
 9.43000000e-01  3.88691990e+00 
 9.44000000e-01  3.88089432e+00 
 9.45000000e-01  3.87488449e+00 
 9.46000000e-01  3.86889033e+00 
 9.47000000e-01  3.86291174e+00 
 9.48000000e-01  3.85694865e+00 
 9.49000000e-01  3.85100097e+00 
 9.50000000e-01  3.84506863e+00 
 9.51000000e-01  3.83915153e+00 
 9.52000000e-01  3.83324961e+00 
 9.53000000e-01  3.82736278e+00 
 9.54000000e-01  3.82149096e+00 
 9.55000000e-01  3.81563406e+00 
 9.56000000e-01  3.80979202e+00 
 9.57000000e-01  3.80396475e+00 
 9.58000000e-01  3.79815217e+00 
 9.59000000e-01  3.79235421e+00 
 9.60000000e-01  3.78657079e+00 
 9.61000000e-01  3.78080183e+00 
 9.62000000e-01  3.77504726e+00 
 9.63000000e-01  3.76930700e+00 
 9.64000000e-01  3.76358097e+00 
 9.65000000e-01  3.75786911e+00 
 9.66000000e-01  3.75217132e+00 
 9.67000000e-01  3.74648756e+00 
 9.68000000e-01  3.74081772e+00 
 9.69000000e-01  3.73516176e+00 
 9.70000000e-01  3.72951958e+00 
 9.71000000e-01  3.72389113e+00 
 9.72000000e-01  3.71827632e+00 
 9.73000000e-01  3.71267509e+00 
 9.74000000e-01  3.70708737e+00 
 9.75000000e-01  3.70151308e+00 
 9.76000000e-01  3.69595215e+00 
 9.77000000e-01  3.69040452e+00 
 9.78000000e-01  3.68487012e+00 
 9.79000000e-01  3.67934887e+00 
 9.80000000e-01  3.67384071e+00 
 9.81000000e-01  3.66834557e+00 
 9.82000000e-01  3.66286338e+00 
 9.83000000e-01  3.65739408e+00 
 9.84000000e-01  3.65193759e+00 
 9.85000000e-01  3.64649385e+00 
 9.86000000e-01  3.64106280e+00 
 9.87000000e-01  3.63564437e+00 
 9.88000000e-01  3.63023849e+00 
 9.89000000e-01  3.62484511e+00 
 9.90000000e-01  3.61946414e+00 
 9.91000000e-01  3.61409553e+00 
 9.92000000e-01  3.60873922e+00 
 9.93000000e-01  3.60339514e+00 
 9.94000000e-01  3.59806323e+00 
 9.95000000e-01  3.59274343e+00 
 9.96000000e-01  3.58743567e+00 
 9.97000000e-01  3.58213989e+00 
 9.98000000e-01  3.57685603e+00 
 9.99000000e-01  3.57158403e+00 
 1.00000000e+00  3.56632383e+00 
 1.00100000e+00  3.56107536e+00 
 1.00200000e+00  3.55583857e+00 
 1.00300000e+00  3.55061339e+00 
 1.00400000e+00  3.54539977e+00 
 1.00500000e+00  3.54019765e+00 
 1.00600000e+00  3.53500696e+00 
 1.00700000e+00  3.52982766e+00 
 1.00800000e+00  3.52465967e+00 
 1.00900000e+00  3.51950295e+00 
 1.01000000e+00  3.51435744e+00 
 1.01100000e+00  3.50922307e+00 
 1.01200000e+00  3.50409979e+00 
 1.01300000e+00  3.49898755e+00 
 1.01400000e+00  3.49388628e+00 
 1.01500000e+00  3.48879594e+00 
 1.01600000e+00  3.48371646e+00 
 1.01700000e+00  3.47864780e+00 
 1.01800000e+00  3.47358989e+00 
 1.01900000e+00  3.46854268e+00 
 1.02000000e+00  3.46350611e+00 
 1.02100000e+00  3.45848014e+00 
 1.02200000e+00  3.45346471e+00 
 1.02300000e+00  3.44845976e+00 
 1.02400000e+00  3.44346524e+00 
 1.02500000e+00  3.43848110e+00 
 1.02600000e+00  3.43350728e+00 
 1.02700000e+00  3.42854374e+00 
 1.02800000e+00  3.42359042e+00 
 1.02900000e+00  3.41864727e+00 
 1.03000000e+00  3.41371424e+00 
 1.03100000e+00  3.40879127e+00 
 1.03200000e+00  3.40387832e+00 
 1.03300000e+00  3.39897533e+00 
 1.03400000e+00  3.39408226e+00 
 1.03500000e+00  3.38919905e+00 
 1.03600000e+00  3.38432565e+00 
 1.03700000e+00  3.37946202e+00 
 1.03800000e+00  3.37460811e+00 
 1.03900000e+00  3.36976386e+00 
 1.04000000e+00  3.36492923e+00 
 1.04100000e+00  3.36010417e+00 
 1.04200000e+00  3.35528863e+00 
 1.04300000e+00  3.35048256e+00 
 1.04400000e+00  3.34568592e+00 
 1.04500000e+00  3.34089866e+00 
 1.04600000e+00  3.33612073e+00 
 1.04700000e+00  3.33135208e+00 
 1.04800000e+00  3.32659266e+00 
 1.04900000e+00  3.32184244e+00 
 1.05000000e+00  3.31710136e+00 
 1.05100000e+00  3.31236938e+00 
 1.05200000e+00  3.30764646e+00 
 1.05300000e+00  3.30293254e+00 
 1.05400000e+00  3.29822758e+00 
 1.05500000e+00  3.29353154e+00 
 1.05600000e+00  3.28884438e+00 
 1.05700000e+00  3.28416604e+00 
 1.05800000e+00  3.27949648e+00 
 1.05900000e+00  3.27483567e+00 
 1.06000000e+00  3.27018355e+00 
 1.06100000e+00  3.26554009e+00 
 1.06200000e+00  3.26090523e+00 
 1.06300000e+00  3.25627894e+00 
 1.06400000e+00  3.25166118e+00 
 1.06500000e+00  3.24705189e+00 
 1.06600000e+00  3.24245105e+00 
 1.06700000e+00  3.23785860e+00 
 1.06800000e+00  3.23327451e+00 
 1.06900000e+00  3.22869873e+00 
 1.07000000e+00  3.22413122e+00 
 1.07100000e+00  3.21957194e+00 
 1.07200000e+00  3.21502085e+00 
 1.07300000e+00  3.21047792e+00 
 1.07400000e+00  3.20594309e+00 
 1.07500000e+00  3.20141632e+00 
 1.07600000e+00  3.19689759e+00 
 1.07700000e+00  3.19238684e+00 
 1.07800000e+00  3.18788404e+00 
 1.07900000e+00  3.18338916e+00 
 1.08000000e+00  3.17890214e+00 
 1.08100000e+00  3.17442295e+00 
 1.08200000e+00  3.16995155e+00 
 1.08300000e+00  3.16548790e+00 
 1.08400000e+00  3.16103197e+00 
 1.08500000e+00  3.15658372e+00 
 1.08600000e+00  3.15214310e+00 
 1.08700000e+00  3.14771009e+00 
 1.08800000e+00  3.14328464e+00 
 1.08900000e+00  3.13886671e+00 
 1.09000000e+00  3.13445627e+00 
 1.09100000e+00  3.13005328e+00 
 1.09200000e+00  3.12565771e+00 
 1.09300000e+00  3.12126951e+00 
 1.09400000e+00  3.11688866e+00 
 1.09500000e+00  3.11251511e+00 
 1.09600000e+00  3.10814882e+00 
 1.09700000e+00  3.10378977e+00 
 1.09800000e+00  3.09943792e+00 
 1.09900000e+00  3.09509323e+00 
 1.10000000e+00  3.09075567e+00 
 1.10100000e+00  3.08642519e+00 
 1.10200000e+00  3.08210178e+00 
 1.10300000e+00  3.07778538e+00 
 1.10400000e+00  3.07347597e+00 
 1.10500000e+00  3.06917351e+00 
 1.10600000e+00  3.06487798e+00 
 1.10700000e+00  3.06058932e+00 
 1.10800000e+00  3.05630752e+00 
 1.10900000e+00  3.05203253e+00 
 1.11000000e+00  3.04776432e+00 
 1.11100000e+00  3.04350287e+00 
 1.11200000e+00  3.03924813e+00 
 1.11300000e+00  3.03500007e+00 
 1.11400000e+00  3.03075867e+00 
 1.11500000e+00  3.02652388e+00 
 1.11600000e+00  3.02229568e+00 
 1.11700000e+00  3.01807403e+00 
 1.11800000e+00  3.01385890e+00 
 1.11900000e+00  3.00965026e+00 
 1.12000000e+00  3.00544808e+00 
 1.12100000e+00  3.00125232e+00 
 1.12200000e+00  2.99706296e+00 
 1.12300000e+00  2.99287996e+00 
 1.12400000e+00  2.98870329e+00 
 1.12500000e+00  2.98453292e+00 
 1.12600000e+00  2.98036882e+00 
 1.12700000e+00  2.97621096e+00 
 1.12800000e+00  2.97205931e+00 
 1.12900000e+00  2.96791384e+00 
 1.13000000e+00  2.96377451e+00 
 1.13100000e+00  2.95964131e+00 
 1.13200000e+00  2.95551419e+00 
 1.13300000e+00  2.95139313e+00 
 1.13400000e+00  2.94727809e+00 
 1.13500000e+00  2.94316906e+00 
 1.13600000e+00  2.93906600e+00 
 1.13700000e+00  2.93496887e+00 
 1.13800000e+00  2.93087766e+00 
 1.13900000e+00  2.92679233e+00 
 1.14000000e+00  2.92271286e+00 
 1.14100000e+00  2.91863921e+00 
 1.14200000e+00  2.91457136e+00 
 1.14300000e+00  2.91050928e+00 
 1.14400000e+00  2.90645294e+00 
 1.14500000e+00  2.90240231e+00 
 1.14600000e+00  2.89835737e+00 
 1.14700000e+00  2.89431809e+00 
 1.14800000e+00  2.89028443e+00 
 1.14900000e+00  2.88625638e+00 
 1.15000000e+00  2.88223391e+00 
 1.15100000e+00  2.87821698e+00 
 1.15200000e+00  2.87420558e+00 
 1.15300000e+00  2.87019967e+00 
 1.15400000e+00  2.86619923e+00 
 1.15500000e+00  2.86220423e+00 
 1.15600000e+00  2.85821464e+00 
 1.15700000e+00  2.85423045e+00 
 1.15800000e+00  2.85025162e+00 
 1.15900000e+00  2.84627812e+00 
 1.16000000e+00  2.84230994e+00 
 1.16100000e+00  2.83834704e+00 
 1.16200000e+00  2.83438940e+00 
 1.16300000e+00  2.83043700e+00 
 1.16400000e+00  2.82648980e+00 
 1.16500000e+00  2.82254779e+00 
 1.16600000e+00  2.81861094e+00 
 1.16700000e+00  2.81467922e+00 
 1.16800000e+00  2.81075261e+00 
 1.16900000e+00  2.80683109e+00 
 1.17000000e+00  2.80291463e+00 
 1.17100000e+00  2.79900320e+00 
 1.17200000e+00  2.79509679e+00 
 1.17300000e+00  2.79119536e+00 
 1.17400000e+00  2.78729890e+00 
 1.17500000e+00  2.78340737e+00 
 1.17600000e+00  2.77952077e+00 
 1.17700000e+00  2.77563905e+00 
 1.17800000e+00  2.77176220e+00 
 1.17900000e+00  2.76789020e+00 
 1.18000000e+00  2.76402302e+00 
 1.18100000e+00  2.76016065e+00 
 1.18200000e+00  2.75630304e+00 
 1.18300000e+00  2.75245019e+00 
 1.18400000e+00  2.74860207e+00 
 1.18500000e+00  2.74475866e+00 
 1.18600000e+00  2.74091994e+00 
 1.18700000e+00  2.73708587e+00 
 1.18800000e+00  2.73325645e+00 
 1.18900000e+00  2.72943165e+00 
 1.19000000e+00  2.72561144e+00 
 1.19100000e+00  2.72179581e+00 
 1.19200000e+00  2.71798473e+00 
 1.19300000e+00  2.71417819e+00 
 1.19400000e+00  2.71037615e+00 
 1.19500000e+00  2.70657860e+00 
 1.19600000e+00  2.70278552e+00 
 1.19700000e+00  2.69899689e+00 
 1.19800000e+00  2.69521267e+00 
 1.19900000e+00  2.69143287e+00 
 1.20000000e+00  2.68765744e+00 
 1.20100000e+00  2.68388638e+00 
 1.20200000e+00  2.68011966e+00 
 1.20300000e+00  2.67635726e+00 
 1.20400000e+00  2.67259917e+00 
 1.20500000e+00  2.66884535e+00 
 1.20600000e+00  2.66509579e+00 
 1.20700000e+00  2.66135048e+00 
 1.20800000e+00  2.65760938e+00 
 1.20900000e+00  2.65387248e+00 
 1.21000000e+00  2.65013977e+00 
 1.21100000e+00  2.64641121e+00 
 1.21200000e+00  2.64268680e+00 
 1.21300000e+00  2.63896651e+00 
 1.21400000e+00  2.63525032e+00 
 1.21500000e+00  2.63153822e+00 
 1.21600000e+00  2.62783018e+00 
 1.21700000e+00  2.62412619e+00 
 1.21800000e+00  2.62042622e+00 
 1.21900000e+00  2.61673027e+00 
 1.22000000e+00  2.61303830e+00 
 1.22100000e+00  2.60935030e+00 
 1.22200000e+00  2.60566626e+00 
 1.22300000e+00  2.60198615e+00 
 1.22400000e+00  2.59830995e+00 
 1.22500000e+00  2.59463766e+00 
 1.22600000e+00  2.59096924e+00 
 1.22700000e+00  2.58730468e+00 
 1.22800000e+00  2.58364398e+00 
 1.22900000e+00  2.57998709e+00 
 1.23000000e+00  2.57633402e+00 
 1.23100000e+00  2.57268474e+00 
 1.23200000e+00  2.56903923e+00 
 1.23300000e+00  2.56539748e+00 
 1.23400000e+00  2.56175946e+00 
 1.23500000e+00  2.55812518e+00 
 1.23600000e+00  2.55449459e+00 
 1.23700000e+00  2.55086770e+00 
 1.23800000e+00  2.54724448e+00 
 1.23900000e+00  2.54362491e+00 
 1.24000000e+00  2.54000898e+00 
 1.24100000e+00  2.53639668e+00 
 1.24200000e+00  2.53278798e+00 
 1.24300000e+00  2.52918287e+00 
 1.24400000e+00  2.52558133e+00 
 1.24500000e+00  2.52198335e+00 
 1.24600000e+00  2.51838892e+00 
 1.24700000e+00  2.51479801e+00 
 1.24800000e+00  2.51121061e+00 
 1.24900000e+00  2.50762670e+00 
 1.25000000e+00  2.50404627e+00 
 1.25100000e+00  2.50046931e+00 
 1.25200000e+00  2.49689580e+00 
 1.25300000e+00  2.49332571e+00 
 1.25400000e+00  2.48975905e+00 
 1.25500000e+00  2.48619579e+00 
 1.25600000e+00  2.48263591e+00 
 1.25700000e+00  2.47907941e+00 
 1.25800000e+00  2.47552626e+00 
 1.25900000e+00  2.47197646e+00 
 1.26000000e+00  2.46842999e+00 
 1.26100000e+00  2.46488683e+00 
 1.26200000e+00  2.46134698e+00 
 1.26300000e+00  2.45781040e+00 
 1.26400000e+00  2.45427710e+00 
 1.26500000e+00  2.45074706e+00 
 1.26600000e+00  2.44722026e+00 
 1.26700000e+00  2.44369669e+00 
 1.26800000e+00  2.44017633e+00 
 1.26900000e+00  2.43665918e+00 
 1.27000000e+00  2.43314521e+00 
 1.27100000e+00  2.42963442e+00 
 1.27200000e+00  2.42612679e+00 
 1.27300000e+00  2.42262230e+00 
 1.27400000e+00  2.41912096e+00 
 1.27500000e+00  2.41562273e+00 
 1.27600000e+00  2.41212761e+00 
 1.27700000e+00  2.40863559e+00 
 1.27800000e+00  2.40514665e+00 
 1.27900000e+00  2.40166078e+00 
 1.28000000e+00  2.39817796e+00 
 1.28100000e+00  2.39469819e+00 
 1.28200000e+00  2.39122145e+00 
 1.28300000e+00  2.38774774e+00 
 1.28400000e+00  2.38427702e+00 
 1.28500000e+00  2.38080931e+00 
 1.28600000e+00  2.37734457e+00 
 1.28700000e+00  2.37388281e+00 
 1.28800000e+00  2.37042401e+00 
 1.28900000e+00  2.36696815e+00 
 1.29000000e+00  2.36351523e+00 
 1.29100000e+00  2.36006523e+00 
 1.29200000e+00  2.35661814e+00 
 1.29300000e+00  2.35317395e+00 
 1.29400000e+00  2.34973265e+00 
 1.29500000e+00  2.34629423e+00 
 1.29600000e+00  2.34285868e+00 
 1.29700000e+00  2.33942598e+00 
 1.29800000e+00  2.33599612e+00 
 1.29900000e+00  2.33256910e+00 
 1.30000000e+00  2.32914490e+00 
 1.30100000e+00  2.32572351e+00 
 1.30200000e+00  2.32230492e+00 
 1.30300000e+00  2.31888912e+00 
 1.30400000e+00  2.31547610e+00 
 1.30500000e+00  2.31206585e+00 
 1.30600000e+00  2.30865836e+00 
 1.30700000e+00  2.30525361e+00 
 1.30800000e+00  2.30185161e+00 
 1.30900000e+00  2.29845233e+00 
 1.31000000e+00  2.29505577e+00 
 1.31100000e+00  2.29166192e+00 
 1.31200000e+00  2.28827077e+00 
 1.31300000e+00  2.28488230e+00 
 1.31400000e+00  2.28149652e+00 
 1.31500000e+00  2.27811340e+00 
 1.31600000e+00  2.27473295e+00 
 1.31700000e+00  2.27135514e+00 
 1.31800000e+00  2.26797998e+00 
 1.31900000e+00  2.26460745e+00 
 1.32000000e+00  2.26123754e+00 
 1.32100000e+00  2.25787024e+00 
 1.32200000e+00  2.25450555e+00 
 1.32300000e+00  2.25114346e+00 
 1.32400000e+00  2.24778395e+00 
 1.32500000e+00  2.24442703e+00 
 1.32600000e+00  2.24107267e+00 
 1.32700000e+00  2.23772087e+00 
 1.32800000e+00  2.23437162e+00 
 1.32900000e+00  2.23102492e+00 
 1.33000000e+00  2.22768076e+00 
 1.33100000e+00  2.22433913e+00 
 1.33200000e+00  2.22100001e+00 
 1.33300000e+00  2.21766341e+00 
 1.33400000e+00  2.21432930e+00 
 1.33500000e+00  2.21099770e+00 
 1.33600000e+00  2.20766858e+00 
 1.33700000e+00  2.20434195e+00 
 1.33800000e+00  2.20101779e+00 
 1.33900000e+00  2.19769609e+00 
 1.34000000e+00  2.19437685e+00 
 1.34100000e+00  2.19106006e+00 
 1.34200000e+00  2.18774572e+00 
 1.34300000e+00  2.18443381e+00 
 1.34400000e+00  2.18112433e+00 
 1.34500000e+00  2.17781727e+00 
 1.34600000e+00  2.17451263e+00 
 1.34700000e+00  2.17121039e+00 
 1.34800000e+00  2.16791056e+00 
 1.34900000e+00  2.16461312e+00 
 1.35000000e+00  2.16131807e+00 
 1.35100000e+00  2.15802540e+00 
 1.35200000e+00  2.15473510e+00 
 1.35300000e+00  2.15144718e+00 
 1.35400000e+00  2.14816161e+00 
 1.35500000e+00  2.14487840e+00 
 1.35600000e+00  2.14159754e+00 
 1.35700000e+00  2.13831903e+00 
 1.35800000e+00  2.13504285e+00 
 1.35900000e+00  2.13176901e+00 
 1.36000000e+00  2.12849749e+00 
 1.36100000e+00  2.12522829e+00 
 1.36200000e+00  2.12196141e+00 
 1.36300000e+00  2.11869683e+00 
 1.36400000e+00  2.11543456e+00 
 1.36500000e+00  2.11217459e+00 
 1.36600000e+00  2.10891691e+00 
 1.36700000e+00  2.10566151e+00 
 1.36800000e+00  2.10240840e+00 
 1.36900000e+00  2.09915757e+00 
 1.37000000e+00  2.09590901e+00 
 1.37100000e+00  2.09266271e+00 
 1.37200000e+00  2.08941868e+00 
 1.37300000e+00  2.08617691e+00 
 1.37400000e+00  2.08293738e+00 
 1.37500000e+00  2.07970011e+00 
 1.37600000e+00  2.07646508e+00 
 1.37700000e+00  2.07323228e+00 
 1.37800000e+00  2.07000173e+00 
 1.37900000e+00  2.06677340e+00 
 1.38000000e+00  2.06354730e+00 
 1.38100000e+00  2.06032342e+00 
 1.38200000e+00  2.05710175e+00 
 1.38300000e+00  2.05388230e+00 
 1.38400000e+00  2.05066506e+00 
 1.38500000e+00  2.04745003e+00 
 1.38600000e+00  2.04423719e+00 
 1.38700000e+00  2.04102656e+00 
 1.38800000e+00  2.03781811e+00 
 1.38900000e+00  2.03461186e+00 
 1.39000000e+00  2.03140780e+00 
 1.39100000e+00  2.02820592e+00 
 1.39200000e+00  2.02500621e+00 
 1.39300000e+00  2.02180869e+00 
 1.39400000e+00  2.01861334e+00 
 1.39500000e+00  2.01542016e+00 
 1.39600000e+00  2.01222914e+00 
 1.39700000e+00  2.00904029e+00 
 1.39800000e+00  2.00585360e+00 
 1.39900000e+00  2.00266907e+00 
 1.40000000e+00  1.99948669e+00 
 1.40100000e+00  1.99630647e+00 
 1.40200000e+00  1.99312839e+00 
 1.40300000e+00  1.98995247e+00 
 1.40400000e+00  1.98677868e+00 
 1.40500000e+00  1.98360704e+00 
 1.40600000e+00  1.98043754e+00 
 1.40700000e+00  1.97727018e+00 
 1.40800000e+00  1.97410495e+00 
 1.40900000e+00  1.97094185e+00 
 1.41000000e+00  1.96778089e+00 
 1.41100000e+00  1.96462205e+00 
 1.41200000e+00  1.96146534e+00 
 1.41300000e+00  1.95831075e+00 
 1.41400000e+00  1.95515828e+00 
 1.41500000e+00  1.95200794e+00 
 1.41600000e+00  1.94885971e+00 
 1.41700000e+00  1.94571361e+00 
 1.41800000e+00  1.94256961e+00 
 1.41900000e+00  1.93942773e+00 
 1.42000000e+00  1.93628797e+00 
 1.42100000e+00  1.93315031e+00 
 1.42200000e+00  1.93001476e+00 
 1.42300000e+00  1.92688132e+00 
 1.42400000e+00  1.92374999e+00 
 1.42500000e+00  1.92062077e+00 
 1.42600000e+00  1.91749364e+00 
 1.42700000e+00  1.91436863e+00 
 1.42800000e+00  1.91124571e+00 
 1.42900000e+00  1.90812489e+00 
 1.43000000e+00  1.90500618e+00 
 1.43100000e+00  1.90188957e+00 
 1.43200000e+00  1.89877505e+00 
 1.43300000e+00  1.89566263e+00 
 1.43400000e+00  1.89255231e+00 
 1.43500000e+00  1.88944409e+00 
 1.43600000e+00  1.88633796e+00 
 1.43700000e+00  1.88323393e+00 
 1.43800000e+00  1.88013199e+00 
 1.43900000e+00  1.87703215e+00 
 1.44000000e+00  1.87393440e+00 
 1.44100000e+00  1.87083875e+00 
 1.44200000e+00  1.86774519e+00 
 1.44300000e+00  1.86465372e+00 
 1.44400000e+00  1.86156435e+00 
 1.44500000e+00  1.85847708e+00 
 1.44600000e+00  1.85539189e+00 
 1.44700000e+00  1.85230880e+00 
 1.44800000e+00  1.84922780e+00 
 1.44900000e+00  1.84614890e+00 
 1.45000000e+00  1.84307209e+00 
 1.45100000e+00  1.83999738e+00 
 1.45200000e+00  1.83692476e+00 
 1.45300000e+00  1.83385423e+00 
 1.45400000e+00  1.83078581e+00 
 1.45500000e+00  1.82771947e+00 
 1.45600000e+00  1.82465524e+00 
 1.45700000e+00  1.82159310e+00 
 1.45800000e+00  1.81853305e+00 
 1.45900000e+00  1.81547511e+00 
 1.46000000e+00  1.81241926e+00 
 1.46100000e+00  1.80936552e+00 
 1.46200000e+00  1.80631387e+00 
 1.46300000e+00  1.80326433e+00 
 1.46400000e+00  1.80021689e+00 
 1.46500000e+00  1.79717155e+00 
 1.46600000e+00  1.79412832e+00 
 1.46700000e+00  1.79108719e+00 
 1.46800000e+00  1.78804816e+00 
 1.46900000e+00  1.78501125e+00 
 1.47000000e+00  1.78197644e+00 
 1.47100000e+00  1.77894374e+00 
 1.47200000e+00  1.77591315e+00 
 1.47300000e+00  1.77288468e+00 
 1.47400000e+00  1.76985832e+00 
 1.47500000e+00  1.76683407e+00 
 1.47600000e+00  1.76381194e+00 
 1.47700000e+00  1.76079192e+00 
 1.47800000e+00  1.75777403e+00 
 1.47900000e+00  1.75475826e+00 
 1.48000000e+00  1.75174460e+00 
 1.48100000e+00  1.74873308e+00 
 1.48200000e+00  1.74572367e+00 
 1.48300000e+00  1.74271640e+00 
 1.48400000e+00  1.73971125e+00 
 1.48500000e+00  1.73670824e+00 
 1.48600000e+00  1.73370735e+00 
 1.48700000e+00  1.73070860e+00 
 1.48800000e+00  1.72771199e+00 
 1.48900000e+00  1.72471751e+00 
 1.49000000e+00  1.72172518e+00 
 1.49100000e+00  1.71873498e+00 
 1.49200000e+00  1.71574693e+00 
 1.49300000e+00  1.71276102e+00 
 1.49400000e+00  1.70977727e+00 
 1.49500000e+00  1.70679566e+00 
 1.49600000e+00  1.70381620e+00 
 1.49700000e+00  1.70083890e+00 
 1.49800000e+00  1.69786376e+00 
 1.49900000e+00  1.69489077e+00 
 1.50000000e+00  1.69191994e+00 
 1.50100000e+00  1.68895128e+00 
 1.50200000e+00  1.68598478e+00 
 1.50300000e+00  1.68302045e+00 
 1.50400000e+00  1.68005829e+00 
 1.50500000e+00  1.67709830e+00 
 1.50600000e+00  1.67414049e+00 
 1.50700000e+00  1.67118485e+00 
 1.50800000e+00  1.66823140e+00 
 1.50900000e+00  1.66528012e+00 
 1.51000000e+00  1.66233103e+00 
 1.51100000e+00  1.65938413e+00 
 1.51200000e+00  1.65643942e+00 
 1.51300000e+00  1.65349690e+00 
 1.51400000e+00  1.65055657e+00 
 1.51500000e+00  1.64761844e+00 
 1.51600000e+00  1.64468251e+00 
 1.51700000e+00  1.64174879e+00 
 1.51800000e+00  1.63881727e+00 
 1.51900000e+00  1.63588796e+00 
 1.52000000e+00  1.63296086e+00 
 1.52100000e+00  1.63003597e+00 
 1.52200000e+00  1.62711330e+00 
 1.52300000e+00  1.62419285e+00 
 1.52400000e+00  1.62127462e+00 
 1.52500000e+00  1.61835861e+00 
 1.52600000e+00  1.61544484e+00 
 1.52700000e+00  1.61253329e+00 
 1.52800000e+00  1.60962398e+00 
 1.52900000e+00  1.60671690e+00 
 1.53000000e+00  1.60381206e+00 
 1.53100000e+00  1.60090947e+00 
 1.53200000e+00  1.59800912e+00 
 1.53300000e+00  1.59511102e+00 
 1.53400000e+00  1.59221517e+00 
 1.53500000e+00  1.58932157e+00 
 1.53600000e+00  1.58643023e+00 
 1.53700000e+00  1.58354116e+00 
 1.53800000e+00  1.58065434e+00 
 1.53900000e+00  1.57776979e+00 
 1.54000000e+00  1.57488751e+00 
 1.54100000e+00  1.57200750e+00 
 1.54200000e+00  1.56912977e+00 
 1.54300000e+00  1.56625432e+00 
 1.54400000e+00  1.56338114e+00 
 1.54500000e+00  1.56051026e+00 
 1.54600000e+00  1.55764166e+00 
 1.54700000e+00  1.55477535e+00 
 1.54800000e+00  1.55191133e+00 
 1.54900000e+00  1.54904961e+00 
 1.55000000e+00  1.54619020e+00 
 1.55100000e+00  1.54333308e+00 
 1.55200000e+00  1.54047827e+00 
 1.55300000e+00  1.53762578e+00 
 1.55400000e+00  1.53477559e+00 
 1.55500000e+00  1.53192772e+00 
 1.55600000e+00  1.52908217e+00 
 1.55700000e+00  1.52623895e+00 
 1.55800000e+00  1.52339805e+00 
 1.55900000e+00  1.52055947e+00 
 1.56000000e+00  1.51772323e+00 
 1.56100000e+00  1.51488933e+00 
 1.56200000e+00  1.51205776e+00 
 1.56300000e+00  1.50922854e+00 
 1.56400000e+00  1.50640166e+00 
 1.56500000e+00  1.50357713e+00 
 1.56600000e+00  1.50075495e+00 
 1.56700000e+00  1.49793512e+00 
 1.56800000e+00  1.49511766e+00 
 1.56900000e+00  1.49230255e+00 
 1.57000000e+00  1.48948981e+00 
 1.57100000e+00  1.48667943e+00 
 1.57200000e+00  1.48387143e+00 
 1.57300000e+00  1.48106580e+00 
 1.57400000e+00  1.47826255e+00 
 1.57500000e+00  1.47546168e+00 
 1.57600000e+00  1.47266319e+00 
 1.57700000e+00  1.46986709e+00 
 1.57800000e+00  1.46707338e+00 
 1.57900000e+00  1.46428206e+00 
 1.58000000e+00  1.46149314e+00 
 1.58100000e+00  1.45870662e+00 
 1.58200000e+00  1.45592250e+00 
 1.58300000e+00  1.45314079e+00 
 1.58400000e+00  1.45036148e+00 
 1.58500000e+00  1.44758459e+00 
 1.58600000e+00  1.44481012e+00 
 1.58700000e+00  1.44203806e+00 
 1.58800000e+00  1.43926843e+00 
 1.58900000e+00  1.43650122e+00 
 1.59000000e+00  1.43373644e+00 
 1.59100000e+00  1.43097409e+00 
 1.59200000e+00  1.42821417e+00 
 1.59300000e+00  1.42545670e+00 
 1.59400000e+00  1.42270166e+00 
 1.59500000e+00  1.41994907e+00 
 1.59600000e+00  1.41719893e+00 
 1.59700000e+00  1.41445124e+00 
 1.59800000e+00  1.41170600e+00 
 1.59900000e+00  1.40896321e+00 
 1.60000000e+00  1.40622289e+00 
 1.60100000e+00  1.40348503e+00 
 1.60200000e+00  1.40074963e+00 
 1.60300000e+00  1.39801671e+00 
 1.60400000e+00  1.39528625e+00 
 1.60500000e+00  1.39255827e+00 
 1.60600000e+00  1.38983277e+00 
 1.60700000e+00  1.38710975e+00 
 1.60800000e+00  1.38438922e+00 
 1.60900000e+00  1.38167117e+00 
 1.61000000e+00  1.37895561e+00 
 1.61100000e+00  1.37624254e+00 
 1.61200000e+00  1.37353197e+00 
 1.61300000e+00  1.37082390e+00 
 1.61400000e+00  1.36811833e+00 
 1.61500000e+00  1.36541527e+00 
 1.61600000e+00  1.36271471e+00 
 1.61700000e+00  1.36001667e+00 
 1.61800000e+00  1.35732114e+00 
 1.61900000e+00  1.35462812e+00 
 1.62000000e+00  1.35193763e+00 
 1.62100000e+00  1.34924965e+00 
 1.62200000e+00  1.34656420e+00 
 1.62300000e+00  1.34388128e+00 
 1.62400000e+00  1.34120089e+00 
 1.62500000e+00  1.33852304e+00 
 1.62600000e+00  1.33584772e+00 
 1.62700000e+00  1.33317494e+00 
 1.62800000e+00  1.33050470e+00 
 1.62900000e+00  1.32783700e+00 
 1.63000000e+00  1.32517186e+00 
 1.63100000e+00  1.32250926e+00 
 1.63200000e+00  1.31984921e+00 
 1.63300000e+00  1.31719173e+00 
 1.63400000e+00  1.31453680e+00 
 1.63500000e+00  1.31188443e+00 
 1.63600000e+00  1.30923462e+00 
 1.63700000e+00  1.30658738e+00 
 1.63800000e+00  1.30394271e+00 
 1.63900000e+00  1.30130061e+00 
 1.64000000e+00  1.29866108e+00 
 1.64100000e+00  1.29602413e+00 
 1.64200000e+00  1.29338976e+00 
 1.64300000e+00  1.29075797e+00 
 1.64400000e+00  1.28812877e+00 
 1.64500000e+00  1.28550215e+00 
 1.64600000e+00  1.28287812e+00 
 1.64700000e+00  1.28025668e+00 
 1.64800000e+00  1.27763784e+00 
 1.64900000e+00  1.27502159e+00 
 1.65000000e+00  1.27240794e+00 
 1.65100000e+00  1.26979689e+00 
 1.65200000e+00  1.26718845e+00 
 1.65300000e+00  1.26458261e+00 
 1.65400000e+00  1.26197938e+00 
 1.65500000e+00  1.25937876e+00 
 1.65600000e+00  1.25678076e+00 
 1.65700000e+00  1.25418536e+00 
 1.65800000e+00  1.25159259e+00 
 1.65900000e+00  1.24900244e+00 
 1.66000000e+00  1.24641490e+00 
 1.66100000e+00  1.24383000e+00 
 1.66200000e+00  1.24124772e+00 
 1.66300000e+00  1.23866806e+00 
 1.66400000e+00  1.23609104e+00 
 1.66500000e+00  1.23351665e+00 
 1.66600000e+00  1.23094490e+00 
 1.66700000e+00  1.22837578e+00 
 1.66800000e+00  1.22580930e+00 
 1.66900000e+00  1.22324547e+00 
 1.67000000e+00  1.22068427e+00 
 1.67100000e+00  1.21812573e+00 
 1.67200000e+00  1.21556983e+00 
 1.67300000e+00  1.21301657e+00 
 1.67400000e+00  1.21046597e+00 
 1.67500000e+00  1.20791803e+00 
 1.67600000e+00  1.20537274e+00 
 1.67700000e+00  1.20283010e+00 
 1.67800000e+00  1.20029013e+00 
 1.67900000e+00  1.19775282e+00 
 1.68000000e+00  1.19521816e+00 
 1.68100000e+00  1.19268618e+00 
 1.68200000e+00  1.19015686e+00 
 1.68300000e+00  1.18763021e+00 
 1.68400000e+00  1.18510623e+00 
 1.68500000e+00  1.18258492e+00 
 1.68600000e+00  1.18006628e+00 
 1.68700000e+00  1.17755032e+00 
 1.68800000e+00  1.17503704e+00 
 1.68900000e+00  1.17252643e+00 
 1.69000000e+00  1.17001851e+00 
 1.69100000e+00  1.16751327e+00 
 1.69200000e+00  1.16501071e+00 
 1.69300000e+00  1.16251084e+00 
 1.69400000e+00  1.16001365e+00 
 1.69500000e+00  1.15751915e+00 
 1.69600000e+00  1.15502735e+00 
 1.69700000e+00  1.15253823e+00 
 1.69800000e+00  1.15005181e+00 
 1.69900000e+00  1.14756808e+00 
 1.70000000e+00  1.14508705e+00 
 1.70100000e+00  1.14260872e+00 
 1.70200000e+00  1.14013308e+00 
 1.70300000e+00  1.13766015e+00 
 1.70400000e+00  1.13518992e+00 
 1.70500000e+00  1.13272239e+00 
 1.70600000e+00  1.13025756e+00 
 1.70700000e+00  1.12779544e+00 
 1.70800000e+00  1.12533603e+00 
 1.70900000e+00  1.12287933e+00 
 1.71000000e+00  1.12042534e+00 
 1.71100000e+00  1.11797406e+00 
 1.71200000e+00  1.11552549e+00 
 1.71300000e+00  1.11307963e+00 
 1.71400000e+00  1.11063649e+00 
 1.71500000e+00  1.10819607e+00 
 1.71600000e+00  1.10575836e+00 
 1.71700000e+00  1.10332337e+00 
 1.71800000e+00  1.10089110e+00 
 1.71900000e+00  1.09846155e+00 
 1.72000000e+00  1.09603473e+00 
 1.72100000e+00  1.09361062e+00 
 1.72200000e+00  1.09118924e+00 
 1.72300000e+00  1.08877059e+00 
 1.72400000e+00  1.08635466e+00 
 1.72500000e+00  1.08394146e+00 
 1.72600000e+00  1.08153098e+00 
 1.72700000e+00  1.07912324e+00 
 1.72800000e+00  1.07671822e+00 
 1.72900000e+00  1.07431594e+00 
 1.73000000e+00  1.07191639e+00 
 1.73100000e+00  1.06951957e+00 
 1.73200000e+00  1.06712548e+00 
 1.73300000e+00  1.06473413e+00 
 1.73400000e+00  1.06234551e+00 
 1.73500000e+00  1.05995963e+00 
 1.73600000e+00  1.05757649e+00 
 1.73700000e+00  1.05519608e+00 
 1.73800000e+00  1.05281842e+00 
 1.73900000e+00  1.05044349e+00 
 1.74000000e+00  1.04807130e+00 
 1.74100000e+00  1.04570185e+00 
 1.74200000e+00  1.04333515e+00 
 1.74300000e+00  1.04097118e+00 
 1.74400000e+00  1.03860996e+00 
 1.74500000e+00  1.03625148e+00 
 1.74600000e+00  1.03389575e+00 
 1.74700000e+00  1.03154276e+00 
 1.74800000e+00  1.02919252e+00 
 1.74900000e+00  1.02684502e+00 
 1.75000000e+00  1.02450027e+00 
 1.75100000e+00  1.02215826e+00 
 1.75200000e+00  1.01981901e+00 
 1.75300000e+00  1.01748250e+00 
 1.75400000e+00  1.01514874e+00 
 1.75500000e+00  1.01281772e+00 
 1.75600000e+00  1.01048946e+00 
 1.75700000e+00  1.00816395e+00 
 1.75800000e+00  1.00584119e+00 
 1.75900000e+00  1.00352117e+00 
 1.76000000e+00  1.00120391e+00 
 1.76100000e+00  9.98889403e-01 
 1.76200000e+00  9.96577645e-01 
 1.76300000e+00  9.94268640e-01 
 1.76400000e+00  9.91962387e-01 
 1.76500000e+00  9.89658887e-01 
 1.76600000e+00  9.87358140e-01 
 1.76700000e+00  9.85060146e-01 
 1.76800000e+00  9.82764906e-01 
 1.76900000e+00  9.80472420e-01 
 1.77000000e+00  9.78182688e-01 
 1.77100000e+00  9.75895710e-01 
 1.77200000e+00  9.73611487e-01 
 1.77300000e+00  9.71330018e-01 
 1.77400000e+00  9.69051304e-01 
 1.77500000e+00  9.66775346e-01 
 1.77600000e+00  9.64502142e-01 
 1.77700000e+00  9.62231694e-01 
 1.77800000e+00  9.59964001e-01 
 1.77900000e+00  9.57699064e-01 
 1.78000000e+00  9.55436882e-01 
 1.78100000e+00  9.53177456e-01 
 1.78200000e+00  9.50920786e-01 
 1.78300000e+00  9.48666871e-01 
 1.78400000e+00  9.46415712e-01 
 1.78500000e+00  9.44167309e-01 
 1.78600000e+00  9.41921661e-01 
 1.78700000e+00  9.39678769e-01 
 1.78800000e+00  9.37438633e-01 
 1.78900000e+00  9.35201252e-01 
 1.79000000e+00  9.32966627e-01 
 1.79100000e+00  9.30734758e-01 
 1.79200000e+00  9.28505644e-01 
 1.79300000e+00  9.26279284e-01 
 1.79400000e+00  9.24055680e-01 
 1.79500000e+00  9.21834831e-01 
 1.79600000e+00  9.19616737e-01 
 1.79700000e+00  9.17401398e-01 
 1.79800000e+00  9.15188813e-01 
 1.79900000e+00  9.12978982e-01 
 1.80000000e+00  9.10771905e-01 
