 0.00000000e+00  2.71881630e+01 
 1.00000000e-03  2.71872338e+01 
 2.00000000e-03  2.71862919e+01 
 3.00000000e-03  2.71853373e+01 
 4.00000000e-03  2.71843698e+01 
 5.00000000e-03  2.71833891e+01 
 6.00000000e-03  2.71823952e+01 
 7.00000000e-03  2.71813878e+01 
 8.00000000e-03  2.71803668e+01 
 9.00000000e-03  2.71793319e+01 
 1.00000000e-02  2.71782830e+01 
 1.10000000e-02  2.71772199e+01 
 1.20000000e-02  2.71761424e+01 
 1.30000000e-02  2.71750504e+01 
 1.40000000e-02  2.71739435e+01 
 1.50000000e-02  2.71728217e+01 
 1.60000000e-02  2.71716847e+01 
 1.70000000e-02  2.71705324e+01 
 1.80000000e-02  2.71693644e+01 
 1.90000000e-02  2.71681807e+01 
 2.00000000e-02  2.71669809e+01 
 2.10000000e-02  2.71657650e+01 
 2.20000000e-02  2.71645326e+01 
 2.30000000e-02  2.71632835e+01 
 2.40000000e-02  2.71620176e+01 
 2.50000000e-02  2.71607346e+01 
 2.60000000e-02  2.71594343e+01 
 2.70000000e-02  2.71581164e+01 
 2.80000000e-02  2.71567807e+01 
 2.90000000e-02  2.71554271e+01 
 3.00000000e-02  2.71540551e+01 
 3.10000000e-02  2.71526646e+01 
 3.20000000e-02  2.71512554e+01 
 3.30000000e-02  2.71498272e+01 
 3.40000000e-02  2.71483797e+01 
 3.50000000e-02  2.71469128e+01 
 3.60000000e-02  2.71454260e+01 
 3.70000000e-02  2.71439193e+01 
 3.80000000e-02  2.71423922e+01 
 3.90000000e-02  2.71408446e+01 
 4.00000000e-02  2.71392761e+01 
 4.10000000e-02  2.71376866e+01 
 4.20000000e-02  2.71360756e+01 
 4.30000000e-02  2.71344430e+01 
 4.40000000e-02  2.71327885e+01 
 4.50000000e-02  2.71311116e+01 
 4.60000000e-02  2.71294123e+01 
 4.70000000e-02  2.71276901e+01 
 4.80000000e-02  2.71259448e+01 
 4.90000000e-02  2.71241761e+01 
 5.00000000e-02  2.71223836e+01 
 5.10000000e-02  2.71205670e+01 
 5.20000000e-02  2.71187261e+01 
 5.30000000e-02  2.71168605e+01 
 5.40000000e-02  2.71149698e+01 
 5.50000000e-02  2.71130538e+01 
 5.60000000e-02  2.71111122e+01 
 5.70000000e-02  2.71091445e+01 
 5.80000000e-02  2.71071505e+01 
 5.90000000e-02  2.71051297e+01 
 6.00000000e-02  2.71030820e+01 
 6.10000000e-02  2.71010068e+01 
 6.20000000e-02  2.70989039e+01 
 6.30000000e-02  2.70967728e+01 
 6.40000000e-02  2.70946133e+01 
 6.50000000e-02  2.70924249e+01 
 6.60000000e-02  2.70902073e+01 
 6.70000000e-02  2.70879600e+01 
 6.80000000e-02  2.70856828e+01 
 6.90000000e-02  2.70833752e+01 
 7.00000000e-02  2.70810368e+01 
 7.10000000e-02  2.70786672e+01 
 7.20000000e-02  2.70762661e+01 
 7.30000000e-02  2.70738330e+01 
 7.40000000e-02  2.70713674e+01 
 7.50000000e-02  2.70688691e+01 
 7.60000000e-02  2.70663375e+01 
 7.70000000e-02  2.70637722e+01 
 7.80000000e-02  2.70611728e+01 
 7.90000000e-02  2.70585389e+01 
 8.00000000e-02  2.70558699e+01 
 8.10000000e-02  2.70531656e+01 
 8.20000000e-02  2.70504253e+01 
 8.30000000e-02  2.70476487e+01 
 8.40000000e-02  2.70448353e+01 
 8.50000000e-02  2.70419846e+01 
 8.60000000e-02  2.70390961e+01 
 8.70000000e-02  2.70361694e+01 
 8.80000000e-02  2.70332039e+01 
 8.90000000e-02  2.70301992e+01 
 9.00000000e-02  2.70271548e+01 
 9.10000000e-02  2.70240701e+01 
 9.20000000e-02  2.70209447e+01 
 9.30000000e-02  2.70177780e+01 
 9.40000000e-02  2.70145696e+01 
 9.50000000e-02  2.70113188e+01 
 9.60000000e-02  2.70080252e+01 
 9.70000000e-02  2.70046882e+01 
 9.80000000e-02  2.70013072e+01 
 9.90000000e-02  2.69978818e+01 
 1.00000000e-01  2.69944113e+01 
 1.01000000e-01  2.69908951e+01 
 1.02000000e-01  2.69873328e+01 
 1.03000000e-01  2.69837237e+01 
 1.04000000e-01  2.69800673e+01 
 1.05000000e-01  2.69763629e+01 
 1.06000000e-01  2.69726100e+01 
 1.07000000e-01  2.69688079e+01 
 1.08000000e-01  2.69649560e+01 
 1.09000000e-01  2.69610538e+01 
 1.10000000e-01  2.69571005e+01 
 1.11000000e-01  2.69530957e+01 
 1.12000000e-01  2.69490385e+01 
 1.13000000e-01  2.69449284e+01 
 1.14000000e-01  2.69407647e+01 
 1.15000000e-01  2.69365468e+01 
 1.16000000e-01  2.69322739e+01 
 1.17000000e-01  2.69279455e+01 
 1.18000000e-01  2.69235608e+01 
 1.19000000e-01  2.69191191e+01 
 1.20000000e-01  2.69146198e+01 
 1.21000000e-01  2.69100622e+01 
 1.22000000e-01  2.69054454e+01 
 1.23000000e-01  2.69007689e+01 
 1.24000000e-01  2.68960319e+01 
 1.25000000e-01  2.68912336e+01 
 1.26000000e-01  2.68863733e+01 
 1.27000000e-01  2.68814503e+01 
 1.28000000e-01  2.68764638e+01 
 1.29000000e-01  2.68714130e+01 
 1.30000000e-01  2.68662972e+01 
 1.31000000e-01  2.68611156e+01 
 1.32000000e-01  2.68558674e+01 
 1.33000000e-01  2.68505517e+01 
 1.34000000e-01  2.68451679e+01 
 1.35000000e-01  2.68397151e+01 
 1.36000000e-01  2.68341924e+01 
 1.37000000e-01  2.68285991e+01 
 1.38000000e-01  2.68229343e+01 
 1.39000000e-01  2.68171971e+01 
 1.40000000e-01  2.68113868e+01 
 1.41000000e-01  2.68055024e+01 
 1.42000000e-01  2.67995431e+01 
 1.43000000e-01  2.67935080e+01 
 1.44000000e-01  2.67873962e+01 
 1.45000000e-01  2.67812069e+01 
 1.46000000e-01  2.67749391e+01 
 1.47000000e-01  2.67685919e+01 
 1.48000000e-01  2.67621644e+01 
 1.49000000e-01  2.67556557e+01 
 1.50000000e-01  2.67490648e+01 
 1.51000000e-01  2.67423909e+01 
 1.52000000e-01  2.67356329e+01 
 1.53000000e-01  2.67287899e+01 
 1.54000000e-01  2.67218610e+01 
 1.55000000e-01  2.67148451e+01 
 1.56000000e-01  2.67077413e+01 
 1.57000000e-01  2.67005485e+01 
 1.58000000e-01  2.66932659e+01 
 1.59000000e-01  2.66858923e+01 
 1.60000000e-01  2.66784268e+01 
 1.61000000e-01  2.66708684e+01 
 1.62000000e-01  2.66632159e+01 
 1.63000000e-01  2.66554685e+01 
 1.64000000e-01  2.66476249e+01 
 1.65000000e-01  2.66396842e+01 
 1.66000000e-01  2.66316453e+01 
 1.67000000e-01  2.66235072e+01 
 1.68000000e-01  2.66152687e+01 
 1.69000000e-01  2.66069287e+01 
 1.70000000e-01  2.65984862e+01 
 1.71000000e-01  2.65899401e+01 
 1.72000000e-01  2.65812893e+01 
 1.73000000e-01  2.65725325e+01 
 1.74000000e-01  2.65636688e+01 
 1.75000000e-01  2.65546970e+01 
 1.76000000e-01  2.65456159e+01 
 1.77000000e-01  2.65364243e+01 
 1.78000000e-01  2.65271212e+01 
 1.79000000e-01  2.65177054e+01 
 1.80000000e-01  2.65081757e+01 
 1.81000000e-01  2.64985308e+01 
 1.82000000e-01  2.64887698e+01 
 1.83000000e-01  2.64788912e+01 
 1.84000000e-01  2.64688940e+01 
 1.85000000e-01  2.64587770e+01 
 1.86000000e-01  2.64485388e+01 
 1.87000000e-01  2.64381784e+01 
 1.88000000e-01  2.64276945e+01 
 1.89000000e-01  2.64170859e+01 
 1.90000000e-01  2.64063512e+01 
 1.91000000e-01  2.63954894e+01 
 1.92000000e-01  2.63844991e+01 
 1.93000000e-01  2.63733791e+01 
 1.94000000e-01  2.63621281e+01 
 1.95000000e-01  2.63507449e+01 
 1.96000000e-01  2.63392282e+01 
 1.97000000e-01  2.63275768e+01 
 1.98000000e-01  2.63157892e+01 
 1.99000000e-01  2.63038644e+01 
 2.00000000e-01  2.62918010e+01 
 2.01000000e-01  2.62795976e+01 
 2.02000000e-01  2.62672531e+01 
 2.03000000e-01  2.62547661e+01 
 2.04000000e-01  2.62421353e+01 
 2.05000000e-01  2.62293595e+01 
 2.06000000e-01  2.62164372e+01 
 2.07000000e-01  2.62033673e+01 
 2.08000000e-01  2.61901484e+01 
 2.09000000e-01  2.61767791e+01 
 2.10000000e-01  2.61632583e+01 
 2.11000000e-01  2.61495845e+01 
 2.12000000e-01  2.61357565e+01 
 2.13000000e-01  2.61217729e+01 
 2.14000000e-01  2.61076324e+01 
 2.15000000e-01  2.60933338e+01 
 2.16000000e-01  2.60788756e+01 
 2.17000000e-01  2.60642567e+01 
 2.18000000e-01  2.60494756e+01 
 2.19000000e-01  2.60345310e+01 
 2.20000000e-01  2.60194218e+01 
 2.21000000e-01  2.60041465e+01 
 2.22000000e-01  2.59887038e+01 
 2.23000000e-01  2.59730925e+01 
 2.24000000e-01  2.59573112e+01 
 2.25000000e-01  2.59413586e+01 
 2.26000000e-01  2.59252336e+01 
 2.27000000e-01  2.59089347e+01 
 2.28000000e-01  2.58924607e+01 
 2.29000000e-01  2.58758104e+01 
 2.30000000e-01  2.58589824e+01 
 2.31000000e-01  2.58419755e+01 
 2.32000000e-01  2.58247884e+01 
 2.33000000e-01  2.58074200e+01 
 2.34000000e-01  2.57898689e+01 
 2.35000000e-01  2.57721339e+01 
 2.36000000e-01  2.57542139e+01 
 2.37000000e-01  2.57361075e+01 
 2.38000000e-01  2.57178137e+01 
 2.39000000e-01  2.56993311e+01 
 2.40000000e-01  2.56806587e+01 
 2.41000000e-01  2.56617953e+01 
 2.42000000e-01  2.56427397e+01 
 2.43000000e-01  2.56234907e+01 
 2.44000000e-01  2.56040473e+01 
 2.45000000e-01  2.55844083e+01 
 2.46000000e-01  2.55645726e+01 
 2.47000000e-01  2.55445392e+01 
 2.48000000e-01  2.55243070e+01 
 2.49000000e-01  2.55038749e+01 
 2.50000000e-01  2.54832419e+01 
 2.51000000e-01  2.54624070e+01 
 2.52000000e-01  2.54413692e+01 
 2.53000000e-01  2.54201275e+01 
 2.54000000e-01  2.53986810e+01 
 2.55000000e-01  2.53770286e+01 
 2.56000000e-01  2.53551696e+01 
 2.57000000e-01  2.53331031e+01 
 2.58000000e-01  2.53108280e+01 
 2.59000000e-01  2.52883437e+01 
 2.60000000e-01  2.52656493e+01 
 2.61000000e-01  2.52427439e+01 
 2.62000000e-01  2.52196269e+01 
 2.63000000e-01  2.51962975e+01 
 2.64000000e-01  2.51727549e+01 
 2.65000000e-01  2.51489985e+01 
 2.66000000e-01  2.51250276e+01 
 2.67000000e-01  2.51008416e+01 
 2.68000000e-01  2.50764399e+01 
 2.69000000e-01  2.50518220e+01 
 2.70000000e-01  2.50269872e+01 
 2.71000000e-01  2.50019351e+01 
 2.72000000e-01  2.49766652e+01 
 2.73000000e-01  2.49511771e+01 
 2.74000000e-01  2.49254704e+01 
 2.75000000e-01  2.48995447e+01 
 2.76000000e-01  2.48733998e+01 
 2.77000000e-01  2.48470352e+01 
 2.78000000e-01  2.48204507e+01 
 2.79000000e-01  2.47936462e+01 
 2.80000000e-01  2.47666215e+01 
 2.81000000e-01  2.47393764e+01 
 2.82000000e-01  2.47119108e+01 
 2.83000000e-01  2.46842247e+01 
 2.84000000e-01  2.46563181e+01 
 2.85000000e-01  2.46281910e+01 
 2.86000000e-01  2.45998434e+01 
 2.87000000e-01  2.45712756e+01 
 2.88000000e-01  2.45424877e+01 
 2.89000000e-01  2.45134799e+01 
 2.90000000e-01  2.44842525e+01 
 2.91000000e-01  2.44548057e+01 
 2.92000000e-01  2.44251400e+01 
 2.93000000e-01  2.43952557e+01 
 2.94000000e-01  2.43651533e+01 
 2.95000000e-01  2.43348334e+01 
 2.96000000e-01  2.43042964e+01 
 2.97000000e-01  2.42735429e+01 
 2.98000000e-01  2.42425738e+01 
 2.99000000e-01  2.42113896e+01 
 3.00000000e-01  2.41799911e+01 
 3.01000000e-01  2.41483791e+01 
 3.02000000e-01  2.41165546e+01 
 3.03000000e-01  2.40845185e+01 
 3.04000000e-01  2.40522717e+01 
 3.05000000e-01  2.40198153e+01 
 3.06000000e-01  2.39871504e+01 
 3.07000000e-01  2.39542781e+01 
 3.08000000e-01  2.39211998e+01 
 3.09000000e-01  2.38879165e+01 
 3.10000000e-01  2.38544298e+01 
 3.11000000e-01  2.38207408e+01 
 3.12000000e-01  2.37868512e+01 
 3.13000000e-01  2.37527624e+01 
 3.14000000e-01  2.37184760e+01 
 3.15000000e-01  2.36839936e+01 
 3.16000000e-01  2.36493169e+01 
 3.17000000e-01  2.36144476e+01 
 3.18000000e-01  2.35793875e+01 
 3.19000000e-01  2.35441386e+01 
 3.20000000e-01  2.35087026e+01 
 3.21000000e-01  2.34730817e+01 
 3.22000000e-01  2.34372779e+01 
 3.23000000e-01  2.34012931e+01 
 3.24000000e-01  2.33651298e+01 
 3.25000000e-01  2.33287899e+01 
 3.26000000e-01  2.32922759e+01 
 3.27000000e-01  2.32555901e+01 
 3.28000000e-01  2.32187349e+01 
 3.29000000e-01  2.31817127e+01 
 3.30000000e-01  2.31445261e+01 
 3.31000000e-01  2.31071776e+01 
 3.32000000e-01  2.30696699e+01 
 3.33000000e-01  2.30320057e+01 
 3.34000000e-01  2.29941877e+01 
 3.35000000e-01  2.29562188e+01 
 3.36000000e-01  2.29181018e+01 
 3.37000000e-01  2.28798397e+01 
 3.38000000e-01  2.28414354e+01 
 3.39000000e-01  2.28028919e+01 
 3.40000000e-01  2.27642124e+01 
 3.41000000e-01  2.27253999e+01 
 3.42000000e-01  2.26864577e+01 
 3.43000000e-01  2.26473891e+01 
 3.44000000e-01  2.26081973e+01 
 3.45000000e-01  2.25688856e+01 
 3.46000000e-01  2.25294575e+01 
 3.47000000e-01  2.24899163e+01 
 3.48000000e-01  2.24502657e+01 
 3.49000000e-01  2.24105091e+01 
 3.50000000e-01  2.23706501e+01 
 3.51000000e-01  2.23306923e+01 
 3.52000000e-01  2.22906394e+01 
 3.53000000e-01  2.22504951e+01 
 3.54000000e-01  2.22102632e+01 
 3.55000000e-01  2.21699474e+01 
 3.56000000e-01  2.21295515e+01 
 3.57000000e-01  2.20890794e+01 
 3.58000000e-01  2.20485351e+01 
 3.59000000e-01  2.20079224e+01 
 3.60000000e-01  2.19672453e+01 
 3.61000000e-01  2.19265077e+01 
 3.62000000e-01  2.18857138e+01 
 3.63000000e-01  2.18448675e+01 
 3.64000000e-01  2.18039729e+01 
 3.65000000e-01  2.17630342e+01 
 3.66000000e-01  2.17220553e+01 
 3.67000000e-01  2.16810405e+01 
 3.68000000e-01  2.16399939e+01 
 3.69000000e-01  2.15989197e+01 
 3.70000000e-01  2.15578221e+01 
 3.71000000e-01  2.15167052e+01 
 3.72000000e-01  2.14755733e+01 
 3.73000000e-01  2.14344306e+01 
 3.74000000e-01  2.13932813e+01 
 3.75000000e-01  2.13521297e+01 
 3.76000000e-01  2.13109800e+01 
 3.77000000e-01  2.12698364e+01 
 3.78000000e-01  2.12287032e+01 
 3.79000000e-01  2.11875846e+01 
 3.80000000e-01  2.11464848e+01 
 3.81000000e-01  2.11054081e+01 
 3.82000000e-01  2.10643587e+01 
 3.83000000e-01  2.10233408e+01 
 3.84000000e-01  2.09823585e+01 
 3.85000000e-01  2.09414162e+01 
 3.86000000e-01  2.09005178e+01 
 3.87000000e-01  2.08596676e+01 
 3.88000000e-01  2.08188698e+01 
 3.89000000e-01  2.07781283e+01 
 3.90000000e-01  2.07374473e+01 
 3.91000000e-01  2.06968309e+01 
 3.92000000e-01  2.06562830e+01 
 3.93000000e-01  2.06158077e+01 
 3.94000000e-01  2.05754088e+01 
 3.95000000e-01  2.05350904e+01 
 3.96000000e-01  2.04948564e+01 
 3.97000000e-01  2.04547104e+01 
 3.98000000e-01  2.04146565e+01 
 3.99000000e-01  2.03746983e+01 
 4.00000000e-01  2.03348396e+01 
 4.01000000e-01  2.02950840e+01 
 4.02000000e-01  2.02554351e+01 
 4.03000000e-01  2.02158966e+01 
 4.04000000e-01  2.01764719e+01 
 4.05000000e-01  2.01371646e+01 
 4.06000000e-01  2.00979779e+01 
 4.07000000e-01  2.00589154e+01 
 4.08000000e-01  2.00199802e+01 
 4.09000000e-01  1.99811756e+01 
 4.10000000e-01  1.99425048e+01 
 4.11000000e-01  1.99039708e+01 
 4.12000000e-01  1.98655767e+01 
 4.13000000e-01  1.98273255e+01 
 4.14000000e-01  1.97892201e+01 
 4.15000000e-01  1.97512632e+01 
 4.16000000e-01  1.97134577e+01 
 4.17000000e-01  1.96758061e+01 
 4.18000000e-01  1.96383112e+01 
 4.19000000e-01  1.96009754e+01 
 4.20000000e-01  1.95638012e+01 
 4.21000000e-01  1.95267909e+01 
 4.22000000e-01  1.94899468e+01 
 4.23000000e-01  1.94532711e+01 
 4.24000000e-01  1.94167660e+01 
 4.25000000e-01  1.93804334e+01 
 4.26000000e-01  1.93442752e+01 
 4.27000000e-01  1.93082935e+01 
 4.28000000e-01  1.92724898e+01 
 4.29000000e-01  1.92368659e+01 
 4.30000000e-01  1.92014234e+01 
 4.31000000e-01  1.91661637e+01 
 4.32000000e-01  1.91310883e+01 
 4.33000000e-01  1.90961985e+01 
 4.34000000e-01  1.90614954e+01 
 4.35000000e-01  1.90269803e+01 
 4.36000000e-01  1.89926541e+01 
 4.37000000e-01  1.89585177e+01 
 4.38000000e-01  1.89245720e+01 
 4.39000000e-01  1.88908178e+01 
 4.40000000e-01  1.88572556e+01 
 4.41000000e-01  1.88238861e+01 
 4.42000000e-01  1.87907095e+01 
 4.43000000e-01  1.87577264e+01 
 4.44000000e-01  1.87249370e+01 
 4.45000000e-01  1.86923413e+01 
 4.46000000e-01  1.86599395e+01 
 4.47000000e-01  1.86277315e+01 
 4.48000000e-01  1.85957172e+01 
 4.49000000e-01  1.85638962e+01 
 4.50000000e-01  1.85322684e+01 
 4.51000000e-01  1.85008332e+01 
 4.52000000e-01  1.84695901e+01 
 4.53000000e-01  1.84385385e+01 
 4.54000000e-01  1.84076776e+01 
 4.55000000e-01  1.83770066e+01 
 4.56000000e-01  1.83465246e+01 
 4.57000000e-01  1.83162306e+01 
 4.58000000e-01  1.82861234e+01 
 4.59000000e-01  1.82562019e+01 
 4.60000000e-01  1.82264648e+01 
 4.61000000e-01  1.81969106e+01 
 4.62000000e-01  1.81675378e+01 
 4.63000000e-01  1.81383450e+01 
 4.64000000e-01  1.81093304e+01 
 4.65000000e-01  1.80804922e+01 
 4.66000000e-01  1.80518287e+01 
 4.67000000e-01  1.80233378e+01 
 4.68000000e-01  1.79950177e+01 
 4.69000000e-01  1.79668661e+01 
 4.70000000e-01  1.79388809e+01 
 4.71000000e-01  1.79110597e+01 
 4.72000000e-01  1.78834004e+01 
 4.73000000e-01  1.78559003e+01 
 4.74000000e-01  1.78285571e+01 
 4.75000000e-01  1.78013681e+01 
 4.76000000e-01  1.77743307e+01 
 4.77000000e-01  1.77474422e+01 
 4.78000000e-01  1.77206996e+01 
 4.79000000e-01  1.76941002e+01 
 4.80000000e-01  1.76676410e+01 
 4.81000000e-01  1.76413189e+01 
 4.82000000e-01  1.76151310e+01 
 4.83000000e-01  1.75890740e+01 
 4.84000000e-01  1.75631448e+01 
 4.85000000e-01  1.75373400e+01 
 4.86000000e-01  1.75116564e+01 
 4.87000000e-01  1.74860906e+01 
 4.88000000e-01  1.74606391e+01 
 4.89000000e-01  1.74352984e+01 
 4.90000000e-01  1.74100651e+01 
 4.91000000e-01  1.73849354e+01 
 4.92000000e-01  1.73599059e+01 
 4.93000000e-01  1.73349728e+01 
 4.94000000e-01  1.73101323e+01 
 4.95000000e-01  1.72853808e+01 
 4.96000000e-01  1.72607144e+01 
 4.97000000e-01  1.72361294e+01 
 4.98000000e-01  1.72116217e+01 
 4.99000000e-01  1.71871876e+01 
 5.00000000e-01  1.71628232e+01 
 5.01000000e-01  1.71385243e+01 
 5.02000000e-01  1.71142872e+01 
 5.03000000e-01  1.70901078e+01 
 5.04000000e-01  1.70659820e+01 
 5.05000000e-01  1.70419059e+01 
 5.06000000e-01  1.70178754e+01 
 5.07000000e-01  1.69938865e+01 
 5.08000000e-01  1.69699350e+01 
 5.09000000e-01  1.69460169e+01 
 5.10000000e-01  1.69221282e+01 
 5.11000000e-01  1.68982646e+01 
 5.12000000e-01  1.68744223e+01 
 5.13000000e-01  1.68505970e+01 
 5.14000000e-01  1.68267846e+01 
 5.15000000e-01  1.68029813e+01 
 5.16000000e-01  1.67791827e+01 
 5.17000000e-01  1.67553850e+01 
 5.18000000e-01  1.67315841e+01 
 5.19000000e-01  1.67077759e+01 
 5.20000000e-01  1.66839565e+01 
 5.21000000e-01  1.66601219e+01 
 5.22000000e-01  1.66362681e+01 
 5.23000000e-01  1.66123912e+01 
 5.24000000e-01  1.65884872e+01 
 5.25000000e-01  1.65645524e+01 
 5.26000000e-01  1.65405829e+01 
 5.27000000e-01  1.65165748e+01 
 5.28000000e-01  1.64925245e+01 
 5.29000000e-01  1.64684281e+01 
 5.30000000e-01  1.64442820e+01 
 5.31000000e-01  1.64200825e+01 
 5.32000000e-01  1.63958261e+01 
 5.33000000e-01  1.63715091e+01 
 5.34000000e-01  1.63471281e+01 
 5.35000000e-01  1.63226796e+01 
 5.36000000e-01  1.62981602e+01 
 5.37000000e-01  1.62735665e+01 
 5.38000000e-01  1.62488954e+01 
 5.39000000e-01  1.62241434e+01 
 5.40000000e-01  1.61993075e+01 
 5.41000000e-01  1.61743845e+01 
 5.42000000e-01  1.61493713e+01 
 5.43000000e-01  1.61242651e+01 
 5.44000000e-01  1.60990628e+01 
 5.45000000e-01  1.60737617e+01 
 5.46000000e-01  1.60483588e+01 
 5.47000000e-01  1.60228516e+01 
 5.48000000e-01  1.59972373e+01 
 5.49000000e-01  1.59715134e+01 
 5.50000000e-01  1.59456774e+01 
 5.51000000e-01  1.59197268e+01 
 5.52000000e-01  1.58936593e+01 
 5.53000000e-01  1.58674727e+01 
 5.54000000e-01  1.58411647e+01 
 5.55000000e-01  1.58147333e+01 
 5.56000000e-01  1.57881763e+01 
 5.57000000e-01  1.57614919e+01 
 5.58000000e-01  1.57346781e+01 
 5.59000000e-01  1.57077332e+01 
 5.60000000e-01  1.56806554e+01 
 5.61000000e-01  1.56534432e+01 
 5.62000000e-01  1.56260949e+01 
 5.63000000e-01  1.55986092e+01 
 5.64000000e-01  1.55709846e+01 
 5.65000000e-01  1.55432198e+01 
 5.66000000e-01  1.55153137e+01 
 5.67000000e-01  1.54872651e+01 
 5.68000000e-01  1.54590730e+01 
 5.69000000e-01  1.54307364e+01 
 5.70000000e-01  1.54022544e+01 
 5.71000000e-01  1.53736263e+01 
 5.72000000e-01  1.53448514e+01 
 5.73000000e-01  1.53159290e+01 
 5.74000000e-01  1.52868586e+01 
 5.75000000e-01  1.52576398e+01 
 5.76000000e-01  1.52282722e+01 
 5.77000000e-01  1.51987555e+01 
 5.78000000e-01  1.51690896e+01 
 5.79000000e-01  1.51392742e+01 
 5.80000000e-01  1.51093094e+01 
 5.81000000e-01  1.50791952e+01 
 5.82000000e-01  1.50489318e+01 
 5.83000000e-01  1.50185193e+01 
 5.84000000e-01  1.49879580e+01 
 5.85000000e-01  1.49572483e+01 
 5.86000000e-01  1.49263906e+01 
 5.87000000e-01  1.48953855e+01 
 5.88000000e-01  1.48642335e+01 
 5.89000000e-01  1.48329353e+01 
 5.90000000e-01  1.48014916e+01 
 5.91000000e-01  1.47699032e+01 
 5.92000000e-01  1.47381711e+01 
 5.93000000e-01  1.47062962e+01 
 5.94000000e-01  1.46742794e+01 
 5.95000000e-01  1.46421219e+01 
 5.96000000e-01  1.46098248e+01 
 5.97000000e-01  1.45773894e+01 
 5.98000000e-01  1.45448168e+01 
 5.99000000e-01  1.45121086e+01 
 6.00000000e-01  1.44792660e+01 
 6.01000000e-01  1.44462905e+01 
 6.02000000e-01  1.44131837e+01 
 6.03000000e-01  1.43799471e+01 
 6.04000000e-01  1.43465824e+01 
 6.05000000e-01  1.43130912e+01 
 6.06000000e-01  1.42794753e+01 
 6.07000000e-01  1.42457365e+01 
 6.08000000e-01  1.42118766e+01 
 6.09000000e-01  1.41778976e+01 
 6.10000000e-01  1.41438012e+01 
 6.11000000e-01  1.41095896e+01 
 6.12000000e-01  1.40752647e+01 
 6.13000000e-01  1.40408287e+01 
 6.14000000e-01  1.40062835e+01 
 6.15000000e-01  1.39716314e+01 
 6.16000000e-01  1.39368745e+01 
 6.17000000e-01  1.39020151e+01 
 6.18000000e-01  1.38670554e+01 
 6.19000000e-01  1.38319976e+01 
 6.20000000e-01  1.37968442e+01 
 6.21000000e-01  1.37615974e+01 
 6.22000000e-01  1.37262596e+01 
 6.23000000e-01  1.36908332e+01 
 6.24000000e-01  1.36553206e+01 
 6.25000000e-01  1.36197243e+01 
 6.26000000e-01  1.35840467e+01 
 6.27000000e-01  1.35482903e+01 
 6.28000000e-01  1.35124577e+01 
 6.29000000e-01  1.34765513e+01 
 6.30000000e-01  1.34405736e+01 
 6.31000000e-01  1.34045274e+01 
 6.32000000e-01  1.33684150e+01 
 6.33000000e-01  1.33322391e+01 
 6.34000000e-01  1.32960022e+01 
 6.35000000e-01  1.32597070e+01 
 6.36000000e-01  1.32233561e+01 
 6.37000000e-01  1.31869521e+01 
 6.38000000e-01  1.31504975e+01 
 6.39000000e-01  1.31139950e+01 
 6.40000000e-01  1.30774473e+01 
 6.41000000e-01  1.30408569e+01 
 6.42000000e-01  1.30042264e+01 
 6.43000000e-01  1.29675586e+01 
 6.44000000e-01  1.29308559e+01 
 6.45000000e-01  1.28941211e+01 
 6.46000000e-01  1.28573567e+01 
 6.47000000e-01  1.28205653e+01 
 6.48000000e-01  1.27837495e+01 
 6.49000000e-01  1.27469119e+01 
 6.50000000e-01  1.27100551e+01 
 6.51000000e-01  1.26731816e+01 
 6.52000000e-01  1.26362941e+01 
 6.53000000e-01  1.25993950e+01 
 6.54000000e-01  1.25624868e+01 
 6.55000000e-01  1.25255722e+01 
 6.56000000e-01  1.24886536e+01 
 6.57000000e-01  1.24517334e+01 
 6.58000000e-01  1.24148143e+01 
 6.59000000e-01  1.23778985e+01 
 6.60000000e-01  1.23409886e+01 
 6.61000000e-01  1.23040869e+01 
 6.62000000e-01  1.22671959e+01 
 6.63000000e-01  1.22303180e+01 
 6.64000000e-01  1.21934554e+01 
 6.65000000e-01  1.21566106e+01 
 6.66000000e-01  1.21197858e+01 
 6.67000000e-01  1.20829833e+01 
 6.68000000e-01  1.20462055e+01 
 6.69000000e-01  1.20094544e+01 
 6.70000000e-01  1.19727325e+01 
 6.71000000e-01  1.19360418e+01 
 6.72000000e-01  1.18993846e+01 
 6.73000000e-01  1.18627629e+01 
 6.74000000e-01  1.18261789e+01 
 6.75000000e-01  1.17896347e+01 
 6.76000000e-01  1.17531324e+01 
 6.77000000e-01  1.17166739e+01 
 6.78000000e-01  1.16802614e+01 
 6.79000000e-01  1.16438967e+01 
 6.80000000e-01  1.16075819e+01 
 6.81000000e-01  1.15713188e+01 
 6.82000000e-01  1.15351095e+01 
 6.83000000e-01  1.14989556e+01 
 6.84000000e-01  1.14628591e+01 
 6.85000000e-01  1.14268219e+01 
 6.86000000e-01  1.13908456e+01 
 6.87000000e-01  1.13549320e+01 
 6.88000000e-01  1.13190829e+01 
 6.89000000e-01  1.12832999e+01 
 6.90000000e-01  1.12475848e+01 
 6.91000000e-01  1.12119391e+01 
 6.92000000e-01  1.11763645e+01 
 6.93000000e-01  1.11408625e+01 
 6.94000000e-01  1.11054346e+01 
 6.95000000e-01  1.10700825e+01 
 6.96000000e-01  1.10348076e+01 
 6.97000000e-01  1.09996113e+01 
 6.98000000e-01  1.09644951e+01 
 6.99000000e-01  1.09294604e+01 
 7.00000000e-01  1.08945085e+01 
 7.01000000e-01  1.08596408e+01 
 7.02000000e-01  1.08248586e+01 
 7.03000000e-01  1.07901631e+01 
 7.04000000e-01  1.07555557e+01 
 7.05000000e-01  1.07210376e+01 
 7.06000000e-01  1.06866098e+01 
 7.07000000e-01  1.06522737e+01 
 7.08000000e-01  1.06180303e+01 
 7.09000000e-01  1.05838808e+01 
 7.10000000e-01  1.05498262e+01 
 7.11000000e-01  1.05158676e+01 
 7.12000000e-01  1.04820060e+01 
 7.13000000e-01  1.04482425e+01 
 7.14000000e-01  1.04145778e+01 
 7.15000000e-01  1.03810132e+01 
 7.16000000e-01  1.03475493e+01 
 7.17000000e-01  1.03141872e+01 
 7.18000000e-01  1.02809276e+01 
 7.19000000e-01  1.02477715e+01 
 7.20000000e-01  1.02147196e+01 
 7.21000000e-01  1.01817727e+01 
 7.22000000e-01  1.01489316e+01 
 7.23000000e-01  1.01161970e+01 
 7.24000000e-01  1.00835696e+01 
 7.25000000e-01  1.00510501e+01 
 7.26000000e-01  1.00186392e+01 
 7.27000000e-01  9.98633746e+00 
 7.28000000e-01  9.95414553e+00 
 7.29000000e-01  9.92206400e+00 
 7.30000000e-01  9.89009342e+00 
 7.31000000e-01  9.85823435e+00 
 7.32000000e-01  9.82648729e+00 
 7.33000000e-01  9.79485275e+00 
 7.34000000e-01  9.76333120e+00 
 7.35000000e-01  9.73192309e+00 
 7.36000000e-01  9.70062886e+00 
 7.37000000e-01  9.66944892e+00 
 7.38000000e-01  9.63838365e+00 
 7.39000000e-01  9.60743343e+00 
 7.40000000e-01  9.57659859e+00 
 7.41000000e-01  9.54587948e+00 
 7.42000000e-01  9.51527640e+00 
 7.43000000e-01  9.48478965e+00 
 7.44000000e-01  9.45441948e+00 
 7.45000000e-01  9.42416615e+00 
 7.46000000e-01  9.39402991e+00 
 7.47000000e-01  9.36401095e+00 
 7.48000000e-01  9.33410948e+00 
 7.49000000e-01  9.30432569e+00 
 7.50000000e-01  9.27465973e+00 
 7.51000000e-01  9.24511174e+00 
 7.52000000e-01  9.21568187e+00 
 7.53000000e-01  9.18637022e+00 
 7.54000000e-01  9.15717688e+00 
 7.55000000e-01  9.12810195e+00 
 7.56000000e-01  9.09914548e+00 
 7.57000000e-01  9.07030753e+00 
 7.58000000e-01  9.04158813e+00 
 7.59000000e-01  9.01298730e+00 
 7.60000000e-01  8.98450506e+00 
 7.61000000e-01  8.95614139e+00 
 7.62000000e-01  8.92789628e+00 
 7.63000000e-01  8.89976968e+00 
 7.64000000e-01  8.87176156e+00 
 7.65000000e-01  8.84387185e+00 
 7.66000000e-01  8.81610048e+00 
 7.67000000e-01  8.78844736e+00 
 7.68000000e-01  8.76091240e+00 
 7.69000000e-01  8.73349549e+00 
 7.70000000e-01  8.70619651e+00 
 7.71000000e-01  8.67901532e+00 
 7.72000000e-01  8.65195179e+00 
 7.73000000e-01  8.62500575e+00 
 7.74000000e-01  8.59817705e+00 
 7.75000000e-01  8.57146551e+00 
 7.76000000e-01  8.54487095e+00 
 7.77000000e-01  8.51839316e+00 
 7.78000000e-01  8.49203196e+00 
 7.79000000e-01  8.46578711e+00 
 7.80000000e-01  8.43965841e+00 
 7.81000000e-01  8.41364562e+00 
 7.82000000e-01  8.38774850e+00 
 7.83000000e-01  8.36196680e+00 
 7.84000000e-01  8.33630026e+00 
 7.85000000e-01  8.31074862e+00 
 7.86000000e-01  8.28531161e+00 
 7.87000000e-01  8.25998894e+00 
 7.88000000e-01  8.23478034e+00 
 7.89000000e-01  8.20968550e+00 
 7.90000000e-01  8.18470412e+00 
 7.91000000e-01  8.15983589e+00 
 7.92000000e-01  8.13508051e+00 
 7.93000000e-01  8.11043764e+00 
 7.94000000e-01  8.08590696e+00 
 7.95000000e-01  8.06148814e+00 
 7.96000000e-01  8.03718084e+00 
 7.97000000e-01  8.01298471e+00 
 7.98000000e-01  7.98889940e+00 
 7.99000000e-01  7.96492455e+00 
 8.00000000e-01  7.94105981e+00 
 8.01000000e-01  7.91730481e+00 
 8.02000000e-01  7.89365917e+00 
 8.03000000e-01  7.87012253e+00 
 8.04000000e-01  7.84669450e+00 
 8.05000000e-01  7.82337470e+00 
 8.06000000e-01  7.80016274e+00 
 8.07000000e-01  7.77705822e+00 
 8.08000000e-01  7.75406076e+00 
 8.09000000e-01  7.73116995e+00 
 8.10000000e-01  7.70838538e+00 
 8.11000000e-01  7.68570666e+00 
 8.12000000e-01  7.66313337e+00 
 8.13000000e-01  7.64066510e+00 
 8.14000000e-01  7.61830143e+00 
 8.15000000e-01  7.59604194e+00 
 8.16000000e-01  7.57388621e+00 
 8.17000000e-01  7.55183382e+00 
 8.18000000e-01  7.52988434e+00 
 8.19000000e-01  7.50803733e+00 
 8.20000000e-01  7.48629238e+00 
 8.21000000e-01  7.46464903e+00 
 8.22000000e-01  7.44310687e+00 
 8.23000000e-01  7.42166544e+00 
 8.24000000e-01  7.40032432e+00 
 8.25000000e-01  7.37908305e+00 
 8.26000000e-01  7.35794120e+00 
 8.27000000e-01  7.33689832e+00 
 8.28000000e-01  7.31595397e+00 
 8.29000000e-01  7.29510769e+00 
 8.30000000e-01  7.27435904e+00 
 8.31000000e-01  7.25370758e+00 
 8.32000000e-01  7.23315284e+00 
 8.33000000e-01  7.21269438e+00 
 8.34000000e-01  7.19233174e+00 
 8.35000000e-01  7.17206448e+00 
 8.36000000e-01  7.15189214e+00 
 8.37000000e-01  7.13181426e+00 
 8.38000000e-01  7.11183039e+00 
 8.39000000e-01  7.09194007e+00 
 8.40000000e-01  7.07214286e+00 
 8.41000000e-01  7.05243828e+00 
 8.42000000e-01  7.03282589e+00 
 8.43000000e-01  7.01330523e+00 
 8.44000000e-01  6.99387584e+00 
 8.45000000e-01  6.97453726e+00 
 8.46000000e-01  6.95528905e+00 
 8.47000000e-01  6.93613074e+00 
 8.48000000e-01  6.91706188e+00 
 8.49000000e-01  6.89808201e+00 
 8.50000000e-01  6.87919067e+00 
 8.51000000e-01  6.86038741e+00 
 8.52000000e-01  6.84167178e+00 
 8.53000000e-01  6.82304332e+00 
 8.54000000e-01  6.80450158e+00 
 8.55000000e-01  6.78604610e+00 
 8.56000000e-01  6.76767643e+00 
 8.57000000e-01  6.74939213e+00 
 8.58000000e-01  6.73119272e+00 
 8.59000000e-01  6.71307778e+00 
 8.60000000e-01  6.69504684e+00 
 8.61000000e-01  6.67709947e+00 
 8.62000000e-01  6.65923520e+00 
 8.63000000e-01  6.64145360e+00 
 8.64000000e-01  6.62375421e+00 
 8.65000000e-01  6.60613660e+00 
 8.66000000e-01  6.58860031e+00 
 8.67000000e-01  6.57114492e+00 
 8.68000000e-01  6.55376996e+00 
 8.69000000e-01  6.53647501e+00 
 8.70000000e-01  6.51925962e+00 
 8.71000000e-01  6.50212336e+00 
 8.72000000e-01  6.48506579e+00 
 8.73000000e-01  6.46808647e+00 
 8.74000000e-01  6.45118497e+00 
 8.75000000e-01  6.43436086e+00 
 8.76000000e-01  6.41761370e+00 
 8.77000000e-01  6.40094307e+00 
 8.78000000e-01  6.38434853e+00 
 8.79000000e-01  6.36782966e+00 
 8.80000000e-01  6.35138603e+00 
 8.81000000e-01  6.33501722e+00 
 8.82000000e-01  6.31872281e+00 
 8.83000000e-01  6.30250237e+00 
 8.84000000e-01  6.28635549e+00 
 8.85000000e-01  6.27028174e+00 
 8.86000000e-01  6.25428071e+00 
 8.87000000e-01  6.23835199e+00 
 8.88000000e-01  6.22249516e+00 
 8.89000000e-01  6.20670981e+00 
 8.90000000e-01  6.19099553e+00 
 8.91000000e-01  6.17535191e+00 
 8.92000000e-01  6.15977855e+00 
 8.93000000e-01  6.14427504e+00 
 8.94000000e-01  6.12884098e+00 
 8.95000000e-01  6.11347596e+00 
 8.96000000e-01  6.09817959e+00 
 8.97000000e-01  6.08295147e+00 
 8.98000000e-01  6.06779121e+00 
 8.99000000e-01  6.05269840e+00 
 9.00000000e-01  6.03767266e+00 
 9.01000000e-01  6.02271359e+00 
 9.02000000e-01  6.00782081e+00 
 9.03000000e-01  5.99299393e+00 
 9.04000000e-01  5.97823257e+00 
 9.05000000e-01  5.96353633e+00 
 9.06000000e-01  5.94890485e+00 
 9.07000000e-01  5.93433774e+00 
 9.08000000e-01  5.91983461e+00 
 9.09000000e-01  5.90539511e+00 
 9.10000000e-01  5.89101885e+00 
 9.11000000e-01  5.87670545e+00 
 9.12000000e-01  5.86245456e+00 
 9.13000000e-01  5.84826579e+00 
 9.14000000e-01  5.83413880e+00 
 9.15000000e-01  5.82007320e+00 
 9.16000000e-01  5.80606863e+00 
 9.17000000e-01  5.79212475e+00 
 9.18000000e-01  5.77824118e+00 
 9.19000000e-01  5.76441757e+00 
 9.20000000e-01  5.75065356e+00 
 9.21000000e-01  5.73694881e+00 
 9.22000000e-01  5.72330295e+00 
 9.23000000e-01  5.70971565e+00 
 9.24000000e-01  5.69618655e+00 
 9.25000000e-01  5.68271530e+00 
 9.26000000e-01  5.66930156e+00 
 9.27000000e-01  5.65594500e+00 
 9.28000000e-01  5.64264527e+00 
 9.29000000e-01  5.62940203e+00 
 9.30000000e-01  5.61621494e+00 
 9.31000000e-01  5.60308367e+00 
 9.32000000e-01  5.59000790e+00 
 9.33000000e-01  5.57698728e+00 
 9.34000000e-01  5.56402149e+00 
 9.35000000e-01  5.55111020e+00 
 9.36000000e-01  5.53825309e+00 
 9.37000000e-01  5.52544983e+00 
 9.38000000e-01  5.51270011e+00 
 9.39000000e-01  5.50000359e+00 
 9.40000000e-01  5.48735997e+00 
 9.41000000e-01  5.47476893e+00 
 9.42000000e-01  5.46223016e+00 
 9.43000000e-01  5.44974334e+00 
 9.44000000e-01  5.43730816e+00 
 9.45000000e-01  5.42492431e+00 
 9.46000000e-01  5.41259149e+00 
 9.47000000e-01  5.40030939e+00 
 9.48000000e-01  5.38807772e+00 
 9.49000000e-01  5.37589616e+00 
 9.50000000e-01  5.36376442e+00 
 9.51000000e-01  5.35168220e+00 
 9.52000000e-01  5.33964920e+00 
 9.53000000e-01  5.32766514e+00 
 9.54000000e-01  5.31572972e+00 
 9.55000000e-01  5.30384264e+00 
 9.56000000e-01  5.29200362e+00 
 9.57000000e-01  5.28021238e+00 
 9.58000000e-01  5.26846862e+00 
 9.59000000e-01  5.25677207e+00 
 9.60000000e-01  5.24512243e+00 
 9.61000000e-01  5.23351945e+00 
 9.62000000e-01  5.22196282e+00 
 9.63000000e-01  5.21045228e+00 
 9.64000000e-01  5.19898755e+00 
 9.65000000e-01  5.18756837e+00 
 9.66000000e-01  5.17619445e+00 
 9.67000000e-01  5.16486552e+00 
 9.68000000e-01  5.15358133e+00 
 9.69000000e-01  5.14234160e+00 
 9.70000000e-01  5.13114607e+00 
 9.71000000e-01  5.11999448e+00 
 9.72000000e-01  5.10888656e+00 
 9.73000000e-01  5.09782205e+00 
 9.74000000e-01  5.08680070e+00 
 9.75000000e-01  5.07582225e+00 
 9.76000000e-01  5.06488644e+00 
 9.77000000e-01  5.05399302e+00 
 9.78000000e-01  5.04314175e+00 
 9.79000000e-01  5.03233236e+00 
 9.80000000e-01  5.02156461e+00 
 9.81000000e-01  5.01083826e+00 
 9.82000000e-01  5.00015306e+00 
 9.83000000e-01  4.98950876e+00 
 9.84000000e-01  4.97890512e+00 
 9.85000000e-01  4.96834190e+00 
 9.86000000e-01  4.95781887e+00 
 9.87000000e-01  4.94733578e+00 
 9.88000000e-01  4.93689240e+00 
 9.89000000e-01  4.92648850e+00 
 9.90000000e-01  4.91612383e+00 
 9.91000000e-01  4.90579818e+00 
 9.92000000e-01  4.89551130e+00 
 9.93000000e-01  4.88526298e+00 
 9.94000000e-01  4.87505298e+00 
 9.95000000e-01  4.86488108e+00 
 9.96000000e-01  4.85474705e+00 
 9.97000000e-01  4.84465067e+00 
 9.98000000e-01  4.83459172e+00 
 9.99000000e-01  4.82456998e+00 
 1.00000000e+00  4.81458523e+00 
 1.00100000e+00  4.80463726e+00 
 1.00200000e+00  4.79472584e+00 
 1.00300000e+00  4.78485077e+00 
 1.00400000e+00  4.77501183e+00 
 1.00500000e+00  4.76520881e+00 
 1.00600000e+00  4.75544150e+00 
 1.00700000e+00  4.74570969e+00 
 1.00800000e+00  4.73601317e+00 
 1.00900000e+00  4.72635174e+00 
 1.01000000e+00  4.71672520e+00 
 1.01100000e+00  4.70713333e+00 
 1.01200000e+00  4.69757594e+00 
 1.01300000e+00  4.68805283e+00 
 1.01400000e+00  4.67856379e+00 
 1.01500000e+00  4.66910863e+00 
 1.01600000e+00  4.65968716e+00 
 1.01700000e+00  4.65029917e+00 
 1.01800000e+00  4.64094448e+00 
 1.01900000e+00  4.63162288e+00 
 1.02000000e+00  4.62233419e+00 
 1.02100000e+00  4.61307822e+00 
 1.02200000e+00  4.60385478e+00 
 1.02300000e+00  4.59466368e+00 
 1.02400000e+00  4.58550473e+00 
 1.02500000e+00  4.57637775e+00 
 1.02600000e+00  4.56728255e+00 
 1.02700000e+00  4.55821895e+00 
 1.02800000e+00  4.54918677e+00 
 1.02900000e+00  4.54018583e+00 
 1.03000000e+00  4.53121594e+00 
 1.03100000e+00  4.52227694e+00 
 1.03200000e+00  4.51336864e+00 
 1.03300000e+00  4.50449086e+00 
 1.03400000e+00  4.49564344e+00 
 1.03500000e+00  4.48682619e+00 
 1.03600000e+00  4.47803895e+00 
 1.03700000e+00  4.46928154e+00 
 1.03800000e+00  4.46055380e+00 
 1.03900000e+00  4.45185555e+00 
 1.04000000e+00  4.44318662e+00 
 1.04100000e+00  4.43454686e+00 
 1.04200000e+00  4.42593609e+00 
 1.04300000e+00  4.41735414e+00 
 1.04400000e+00  4.40880086e+00 
 1.04500000e+00  4.40027608e+00 
 1.04600000e+00  4.39177965e+00 
 1.04700000e+00  4.38331139e+00 
 1.04800000e+00  4.37487115e+00 
 1.04900000e+00  4.36645877e+00 
 1.05000000e+00  4.35807410e+00 
 1.05100000e+00  4.34971697e+00 
 1.05200000e+00  4.34138723e+00 
 1.05300000e+00  4.33308474e+00 
 1.05400000e+00  4.32480932e+00 
 1.05500000e+00  4.31656084e+00 
 1.05600000e+00  4.30833914e+00 
 1.05700000e+00  4.30014407e+00 
 1.05800000e+00  4.29197548e+00 
 1.05900000e+00  4.28383322e+00 
 1.06000000e+00  4.27571715e+00 
 1.06100000e+00  4.26762711e+00 
 1.06200000e+00  4.25956297e+00 
 1.06300000e+00  4.25152457e+00 
 1.06400000e+00  4.24351178e+00 
 1.06500000e+00  4.23552445e+00 
 1.06600000e+00  4.22756244e+00 
 1.06700000e+00  4.21962561e+00 
 1.06800000e+00  4.21171382e+00 
 1.06900000e+00  4.20382693e+00 
 1.07000000e+00  4.19596479e+00 
 1.07100000e+00  4.18812729e+00 
 1.07200000e+00  4.18031427e+00 
 1.07300000e+00  4.17252560e+00 
 1.07400000e+00  4.16476115e+00 
 1.07500000e+00  4.15702079e+00 
 1.07600000e+00  4.14930437e+00 
 1.07700000e+00  4.14161178e+00 
 1.07800000e+00  4.13394287e+00 
 1.07900000e+00  4.12629752e+00 
 1.08000000e+00  4.11867559e+00 
 1.08100000e+00  4.11107697e+00 
 1.08200000e+00  4.10350152e+00 
 1.08300000e+00  4.09594911e+00 
 1.08400000e+00  4.08841962e+00 
 1.08500000e+00  4.08091293e+00 
 1.08600000e+00  4.07342890e+00 
 1.08700000e+00  4.06596742e+00 
 1.08800000e+00  4.05852836e+00 
 1.08900000e+00  4.05111160e+00 
 1.09000000e+00  4.04371701e+00 
 1.09100000e+00  4.03634449e+00 
 1.09200000e+00  4.02899390e+00 
 1.09300000e+00  4.02166513e+00 
 1.09400000e+00  4.01435806e+00 
 1.09500000e+00  4.00707257e+00 
 1.09600000e+00  3.99980855e+00 
 1.09700000e+00  3.99256588e+00 
 1.09800000e+00  3.98534445e+00 
 1.09900000e+00  3.97814413e+00 
 1.10000000e+00  3.97096482e+00 
 1.10100000e+00  3.96380640e+00 
 1.10200000e+00  3.95666876e+00 
 1.10300000e+00  3.94955180e+00 
 1.10400000e+00  3.94245539e+00 
 1.10500000e+00  3.93537942e+00 
 1.10600000e+00  3.92832380e+00 
 1.10700000e+00  3.92128840e+00 
 1.10800000e+00  3.91427313e+00 
 1.10900000e+00  3.90727787e+00 
 1.11000000e+00  3.90030252e+00 
 1.11100000e+00  3.89334696e+00 
 1.11200000e+00  3.88641110e+00 
 1.11300000e+00  3.87949484e+00 
 1.11400000e+00  3.87259805e+00 
 1.11500000e+00  3.86572065e+00 
 1.11600000e+00  3.85886253e+00 
 1.11700000e+00  3.85202359e+00 
 1.11800000e+00  3.84520373e+00 
 1.11900000e+00  3.83840284e+00 
 1.12000000e+00  3.83162082e+00 
 1.12100000e+00  3.82485758e+00 
 1.12200000e+00  3.81811301e+00 
 1.12300000e+00  3.81138703e+00 
 1.12400000e+00  3.80467952e+00 
 1.12500000e+00  3.79799040e+00 
 1.12600000e+00  3.79131956e+00 
 1.12700000e+00  3.78466691e+00 
 1.12800000e+00  3.77803236e+00 
 1.12900000e+00  3.77141580e+00 
 1.13000000e+00  3.76481716e+00 
 1.13100000e+00  3.75823632e+00 
 1.13200000e+00  3.75167321e+00 
 1.13300000e+00  3.74512772e+00 
 1.13400000e+00  3.73859976e+00 
 1.13500000e+00  3.73208925e+00 
 1.13600000e+00  3.72559610e+00 
 1.13700000e+00  3.71912020e+00 
 1.13800000e+00  3.71266148e+00 
 1.13900000e+00  3.70621984e+00 
 1.14000000e+00  3.69979520e+00 
 1.14100000e+00  3.69338747e+00 
 1.14200000e+00  3.68699655e+00 
 1.14300000e+00  3.68062237e+00 
 1.14400000e+00  3.67426484e+00 
 1.14500000e+00  3.66792387e+00 
 1.14600000e+00  3.66159937e+00 
 1.14700000e+00  3.65529126e+00 
 1.14800000e+00  3.64899946e+00 
 1.14900000e+00  3.64272389e+00 
 1.15000000e+00  3.63646445e+00 
 1.15100000e+00  3.63022107e+00 
 1.15200000e+00  3.62399367e+00 
 1.15300000e+00  3.61778216e+00 
 1.15400000e+00  3.61158646e+00 
 1.15500000e+00  3.60540649e+00 
 1.15600000e+00  3.59924217e+00 
 1.15700000e+00  3.59309342e+00 
 1.15800000e+00  3.58696017e+00 
 1.15900000e+00  3.58084233e+00 
 1.16000000e+00  3.57473982e+00 
 1.16100000e+00  3.56865257e+00 
 1.16200000e+00  3.56258050e+00 
 1.16300000e+00  3.55652353e+00 
 1.16400000e+00  3.55048159e+00 
 1.16500000e+00  3.54445460e+00 
 1.16600000e+00  3.53844248e+00 
 1.16700000e+00  3.53244517e+00 
 1.16800000e+00  3.52646257e+00 
 1.16900000e+00  3.52049463e+00 
 1.17000000e+00  3.51454127e+00 
 1.17100000e+00  3.50860241e+00 
 1.17200000e+00  3.50267798e+00 
 1.17300000e+00  3.49676791e+00 
 1.17400000e+00  3.49087212e+00 
 1.17500000e+00  3.48499055e+00 
 1.17600000e+00  3.47912313e+00 
 1.17700000e+00  3.47326977e+00 
 1.17800000e+00  3.46743042e+00 
 1.17900000e+00  3.46160501e+00 
 1.18000000e+00  3.45579345e+00 
 1.18100000e+00  3.44999569e+00 
 1.18200000e+00  3.44421166e+00 
 1.18300000e+00  3.43844128e+00 
 1.18400000e+00  3.43268450e+00 
 1.18500000e+00  3.42694123e+00 
 1.18600000e+00  3.42121142e+00 
 1.18700000e+00  3.41549500e+00 
 1.18800000e+00  3.40979191e+00 
 1.18900000e+00  3.40410206e+00 
 1.19000000e+00  3.39842541e+00 
 1.19100000e+00  3.39276189e+00 
 1.19200000e+00  3.38711142e+00 
 1.19300000e+00  3.38147396e+00 
 1.19400000e+00  3.37584942e+00 
 1.19500000e+00  3.37023776e+00 
 1.19600000e+00  3.36463890e+00 
 1.19700000e+00  3.35905278e+00 
 1.19800000e+00  3.35347934e+00 
 1.19900000e+00  3.34791853e+00 
 1.20000000e+00  3.34237026e+00 
 1.20100000e+00  3.33683450e+00 
 1.20200000e+00  3.33131117e+00 
 1.20300000e+00  3.32580021e+00 
 1.20400000e+00  3.32030156e+00 
 1.20500000e+00  3.31481517e+00 
 1.20600000e+00  3.30934097e+00 
 1.20700000e+00  3.30387891e+00 
 1.20800000e+00  3.29842892e+00 
 1.20900000e+00  3.29299094e+00 
 1.21000000e+00  3.28756493e+00 
 1.21100000e+00  3.28215081e+00 
 1.21200000e+00  3.27674854e+00 
 1.21300000e+00  3.27135805e+00 
 1.21400000e+00  3.26597929e+00 
 1.21500000e+00  3.26061220e+00 
 1.21600000e+00  3.25525673e+00 
 1.21700000e+00  3.24991282e+00 
 1.21800000e+00  3.24458041e+00 
 1.21900000e+00  3.23925944e+00 
 1.22000000e+00  3.23394987e+00 
 1.22100000e+00  3.22865164e+00 
 1.22200000e+00  3.22336469e+00 
 1.22300000e+00  3.21808897e+00 
 1.22400000e+00  3.21282443e+00 
 1.22500000e+00  3.20757101e+00 
 1.22600000e+00  3.20232866e+00 
 1.22700000e+00  3.19709732e+00 
 1.22800000e+00  3.19187694e+00 
 1.22900000e+00  3.18666748e+00 
 1.23000000e+00  3.18146888e+00 
 1.23100000e+00  3.17628108e+00 
 1.23200000e+00  3.17110404e+00 
 1.23300000e+00  3.16593770e+00 
 1.23400000e+00  3.16078202e+00 
 1.23500000e+00  3.15563693e+00 
 1.23600000e+00  3.15050240e+00 
 1.23700000e+00  3.14537838e+00 
 1.23800000e+00  3.14026480e+00 
 1.23900000e+00  3.13516163e+00 
 1.24000000e+00  3.13006881e+00 
 1.24100000e+00  3.12498630e+00 
 1.24200000e+00  3.11991404e+00 
 1.24300000e+00  3.11485199e+00 
 1.24400000e+00  3.10980010e+00 
 1.24500000e+00  3.10475832e+00 
 1.24600000e+00  3.09972660e+00 
 1.24700000e+00  3.09470490e+00 
 1.24800000e+00  3.08969317e+00 
 1.24900000e+00  3.08469136e+00 
 1.25000000e+00  3.07969943e+00 
 1.25100000e+00  3.07471732e+00 
 1.25200000e+00  3.06974500e+00 
 1.25300000e+00  3.06478242e+00 
 1.25400000e+00  3.05982953e+00 
 1.25500000e+00  3.05488629e+00 
 1.25600000e+00  3.04995264e+00 
 1.25700000e+00  3.04502856e+00 
 1.25800000e+00  3.04011398e+00 
 1.25900000e+00  3.03520887e+00 
 1.26000000e+00  3.03031319e+00 
 1.26100000e+00  3.02542689e+00 
 1.26200000e+00  3.02054992e+00 
 1.26300000e+00  3.01568224e+00 
 1.26400000e+00  3.01082381e+00 
 1.26500000e+00  3.00597459e+00 
 1.26600000e+00  3.00113453e+00 
 1.26700000e+00  2.99630359e+00 
 1.26800000e+00  2.99148174e+00 
 1.26900000e+00  2.98666891e+00 
 1.27000000e+00  2.98186509e+00 
 1.27100000e+00  2.97707021e+00 
 1.27200000e+00  2.97228425e+00 
 1.27300000e+00  2.96750715e+00 
 1.27400000e+00  2.96273889e+00 
 1.27500000e+00  2.95797942e+00 
 1.27600000e+00  2.95322869e+00 
 1.27700000e+00  2.94848667e+00 
 1.27800000e+00  2.94375332e+00 
 1.27900000e+00  2.93902860e+00 
 1.28000000e+00  2.93431247e+00 
 1.28100000e+00  2.92960488e+00 
 1.28200000e+00  2.92490581e+00 
 1.28300000e+00  2.92021520e+00 
 1.28400000e+00  2.91553303e+00 
 1.28500000e+00  2.91085925e+00 
 1.28600000e+00  2.90619383e+00 
 1.28700000e+00  2.90153672e+00 
 1.28800000e+00  2.89688789e+00 
 1.28900000e+00  2.89224730e+00 
 1.29000000e+00  2.88761492e+00 
 1.29100000e+00  2.88299070e+00 
 1.29200000e+00  2.87837461e+00 
 1.29300000e+00  2.87376661e+00 
 1.29400000e+00  2.86916666e+00 
 1.29500000e+00  2.86457474e+00 
 1.29600000e+00  2.85999079e+00 
 1.29700000e+00  2.85541479e+00 
 1.29800000e+00  2.85084670e+00 
 1.29900000e+00  2.84628648e+00 
 1.30000000e+00  2.84173410e+00 
 1.30100000e+00  2.83718952e+00 
 1.30200000e+00  2.83265271e+00 
 1.30300000e+00  2.82812363e+00 
 1.30400000e+00  2.82360225e+00 
 1.30500000e+00  2.81908853e+00 
 1.30600000e+00  2.81458244e+00 
 1.30700000e+00  2.81008394e+00 
 1.30800000e+00  2.80559299e+00 
 1.30900000e+00  2.80110958e+00 
 1.31000000e+00  2.79663365e+00 
 1.31100000e+00  2.79216518e+00 
 1.31200000e+00  2.78770414e+00 
 1.31300000e+00  2.78325048e+00 
 1.31400000e+00  2.77880418e+00 
 1.31500000e+00  2.77436521e+00 
 1.31600000e+00  2.76993353e+00 
 1.31700000e+00  2.76550910e+00 
 1.31800000e+00  2.76109190e+00 
 1.31900000e+00  2.75668190e+00 
 1.32000000e+00  2.75227905e+00 
 1.32100000e+00  2.74788334e+00 
 1.32200000e+00  2.74349472e+00 
 1.32300000e+00  2.73911317e+00 
 1.32400000e+00  2.73473866e+00 
 1.32500000e+00  2.73037114e+00 
 1.32600000e+00  2.72601060e+00 
 1.32700000e+00  2.72165700e+00 
 1.32800000e+00  2.71731032e+00 
 1.32900000e+00  2.71297051e+00 
 1.33000000e+00  2.70863754e+00 
 1.33100000e+00  2.70431140e+00 
 1.33200000e+00  2.69999205e+00 
 1.33300000e+00  2.69567945e+00 
 1.33400000e+00  2.69137358e+00 
 1.33500000e+00  2.68707441e+00 
 1.33600000e+00  2.68278191e+00 
 1.33700000e+00  2.67849605e+00 
 1.33800000e+00  2.67421680e+00 
 1.33900000e+00  2.66994413e+00 
 1.34000000e+00  2.66567802e+00 
 1.34100000e+00  2.66141842e+00 
 1.34200000e+00  2.65716532e+00 
 1.34300000e+00  2.65291869e+00 
 1.34400000e+00  2.64867849e+00 
 1.34500000e+00  2.64444471e+00 
 1.34600000e+00  2.64021730e+00 
 1.34700000e+00  2.63599625e+00 
 1.34800000e+00  2.63178153e+00 
 1.34900000e+00  2.62757310e+00 
 1.35000000e+00  2.62337094e+00 
 1.35100000e+00  2.61917503e+00 
 1.35200000e+00  2.61498533e+00 
 1.35300000e+00  2.61080182e+00 
 1.35400000e+00  2.60662447e+00 
 1.35500000e+00  2.60245325e+00 
 1.35600000e+00  2.59828815e+00 
 1.35700000e+00  2.59412913e+00 
 1.35800000e+00  2.58997616e+00 
 1.35900000e+00  2.58582922e+00 
 1.36000000e+00  2.58168828e+00 
 1.36100000e+00  2.57755332e+00 
 1.36200000e+00  2.57342432e+00 
 1.36300000e+00  2.56930123e+00 
 1.36400000e+00  2.56518405e+00 
 1.36500000e+00  2.56107274e+00 
 1.36600000e+00  2.55696729e+00 
 1.36700000e+00  2.55286765e+00 
 1.36800000e+00  2.54877382e+00 
 1.36900000e+00  2.54468576e+00 
 1.37000000e+00  2.54060344e+00 
 1.37100000e+00  2.53652686e+00 
 1.37200000e+00  2.53245597e+00 
 1.37300000e+00  2.52839076e+00 
 1.37400000e+00  2.52433120e+00 
 1.37500000e+00  2.52027727e+00 
 1.37600000e+00  2.51622895e+00 
 1.37700000e+00  2.51218620e+00 
 1.37800000e+00  2.50814901e+00 
 1.37900000e+00  2.50411735e+00 
 1.38000000e+00  2.50009120e+00 
 1.38100000e+00  2.49607054e+00 
 1.38200000e+00  2.49205533e+00 
 1.38300000e+00  2.48804557e+00 
 1.38400000e+00  2.48404123e+00 
 1.38500000e+00  2.48004228e+00 
 1.38600000e+00  2.47604870e+00 
 1.38700000e+00  2.47206047e+00 
 1.38800000e+00  2.46807756e+00 
 1.38900000e+00  2.46409996e+00 
 1.39000000e+00  2.46012764e+00 
 1.39100000e+00  2.45616058e+00 
 1.39200000e+00  2.45219876e+00 
 1.39300000e+00  2.44824215e+00 
 1.39400000e+00  2.44429074e+00 
 1.39500000e+00  2.44034450e+00 
 1.39600000e+00  2.43640341e+00 
 1.39700000e+00  2.43246745e+00 
 1.39800000e+00  2.42853660e+00 
 1.39900000e+00  2.42461084e+00 
 1.40000000e+00  2.42069015e+00 
 1.40100000e+00  2.41677450e+00 
 1.40200000e+00  2.41286387e+00 
 1.40300000e+00  2.40895825e+00 
 1.40400000e+00  2.40505761e+00 
 1.40500000e+00  2.40116194e+00 
 1.40600000e+00  2.39727121e+00 
 1.40700000e+00  2.39338540e+00 
 1.40800000e+00  2.38950450e+00 
 1.40900000e+00  2.38562848e+00 
 1.41000000e+00  2.38175732e+00 
 1.41100000e+00  2.37789100e+00 
 1.41200000e+00  2.37402952e+00 
 1.41300000e+00  2.37017283e+00 
 1.41400000e+00  2.36632093e+00 
 1.41500000e+00  2.36247380e+00 
 1.41600000e+00  2.35863142e+00 
 1.41700000e+00  2.35479376e+00 
 1.41800000e+00  2.35096081e+00 
 1.41900000e+00  2.34713256e+00 
 1.42000000e+00  2.34330897e+00 
 1.42100000e+00  2.33949004e+00 
 1.42200000e+00  2.33567575e+00 
 1.42300000e+00  2.33186607e+00 
 1.42400000e+00  2.32806099e+00 
 1.42500000e+00  2.32426050e+00 
 1.42600000e+00  2.32046456e+00 
 1.42700000e+00  2.31667317e+00 
 1.42800000e+00  2.31288631e+00 
 1.42900000e+00  2.30910396e+00 
 1.43000000e+00  2.30532610e+00 
 1.43100000e+00  2.30155272e+00 
 1.43200000e+00  2.29778379e+00 
 1.43300000e+00  2.29401931e+00 
 1.43400000e+00  2.29025925e+00 
 1.43500000e+00  2.28650360e+00 
 1.43600000e+00  2.28275233e+00 
 1.43700000e+00  2.27900544e+00 
 1.43800000e+00  2.27526291e+00 
 1.43900000e+00  2.27152472e+00 
 1.44000000e+00  2.26779085e+00 
 1.44100000e+00  2.26406129e+00 
 1.44200000e+00  2.26033602e+00 
 1.44300000e+00  2.25661503e+00 
 1.44400000e+00  2.25289830e+00 
 1.44500000e+00  2.24918581e+00 
 1.44600000e+00  2.24547755e+00 
 1.44700000e+00  2.24177351e+00 
 1.44800000e+00  2.23807366e+00 
 1.44900000e+00  2.23437800e+00 
 1.45000000e+00  2.23068650e+00 
 1.45100000e+00  2.22699915e+00 
 1.45200000e+00  2.22331594e+00 
 1.45300000e+00  2.21963685e+00 
 1.45400000e+00  2.21596187e+00 
 1.45500000e+00  2.21229099e+00 
 1.45600000e+00  2.20862418e+00 
 1.45700000e+00  2.20496143e+00 
 1.45800000e+00  2.20130274e+00 
 1.45900000e+00  2.19764808e+00 
 1.46000000e+00  2.19399744e+00 
 1.46100000e+00  2.19035081e+00 
 1.46200000e+00  2.18670817e+00 
 1.46300000e+00  2.18306951e+00 
 1.46400000e+00  2.17943481e+00 
 1.46500000e+00  2.17580407e+00 
 1.46600000e+00  2.17217727e+00 
 1.46700000e+00  2.16855439e+00 
 1.46800000e+00  2.16493542e+00 
 1.46900000e+00  2.16132036e+00 
 1.47000000e+00  2.15770918e+00 
 1.47100000e+00  2.15410187e+00 
 1.47200000e+00  2.15049842e+00 
 1.47300000e+00  2.14689882e+00 
 1.47400000e+00  2.14330306e+00 
 1.47500000e+00  2.13971112e+00 
 1.47600000e+00  2.13612298e+00 
 1.47700000e+00  2.13253865e+00 
 1.47800000e+00  2.12895810e+00 
 1.47900000e+00  2.12538133e+00 
 1.48000000e+00  2.12180831e+00 
 1.48100000e+00  2.11823905e+00 
 1.48200000e+00  2.11467353e+00 
 1.48300000e+00  2.11111173e+00 
 1.48400000e+00  2.10755364e+00 
 1.48500000e+00  2.10399926e+00 
 1.48600000e+00  2.10044858e+00 
 1.48700000e+00  2.09690157e+00 
 1.48800000e+00  2.09335824e+00 
 1.48900000e+00  2.08981856e+00 
 1.49000000e+00  2.08628253e+00 
 1.49100000e+00  2.08275014e+00 
 1.49200000e+00  2.07922137e+00 
 1.49300000e+00  2.07569623e+00 
 1.49400000e+00  2.07217468e+00 
 1.49500000e+00  2.06865674e+00 
 1.49600000e+00  2.06514237e+00 
 1.49700000e+00  2.06163159e+00 
 1.49800000e+00  2.05812437e+00 
 1.49900000e+00  2.05462070e+00 
 1.50000000e+00  2.05112058e+00 
 1.50100000e+00  2.04762399e+00 
 1.50200000e+00  2.04413093e+00 
 1.50300000e+00  2.04064139e+00 
 1.50400000e+00  2.03715535e+00 
 1.50500000e+00  2.03367282e+00 
 1.50600000e+00  2.03019377e+00 
 1.50700000e+00  2.02671820e+00 
 1.50800000e+00  2.02324610e+00 
 1.50900000e+00  2.01977746e+00 
 1.51000000e+00  2.01631228e+00 
 1.51100000e+00  2.01285054e+00 
 1.51200000e+00  2.00939223e+00 
 1.51300000e+00  2.00593736e+00 
 1.51400000e+00  2.00248590e+00 
 1.51500000e+00  1.99903785e+00 
 1.51600000e+00  1.99559321e+00 
 1.51700000e+00  1.99215196e+00 
 1.51800000e+00  1.98871409e+00 
 1.51900000e+00  1.98527961e+00 
 1.52000000e+00  1.98184849e+00 
 1.52100000e+00  1.97842074e+00 
 1.52200000e+00  1.97499635e+00 
 1.52300000e+00  1.97157530e+00 
 1.52400000e+00  1.96815760e+00 
 1.52500000e+00  1.96474322e+00 
 1.52600000e+00  1.96133218e+00 
 1.52700000e+00  1.95792445e+00 
 1.52800000e+00  1.95452004e+00 
 1.52900000e+00  1.95111893e+00 
 1.53000000e+00  1.94772113e+00 
 1.53100000e+00  1.94432661e+00 
 1.53200000e+00  1.94093538e+00 
 1.53300000e+00  1.93754743e+00 
 1.53400000e+00  1.93416275e+00 
 1.53500000e+00  1.93078134e+00 
 1.53600000e+00  1.92740320e+00 
 1.53700000e+00  1.92402830e+00 
 1.53800000e+00  1.92065666e+00 
 1.53900000e+00  1.91728825e+00 
 1.54000000e+00  1.91392309e+00 
 1.54100000e+00  1.91056115e+00 
 1.54200000e+00  1.90720245e+00 
 1.54300000e+00  1.90384696e+00 
 1.54400000e+00  1.90049469e+00 
 1.54500000e+00  1.89714563e+00 
 1.54600000e+00  1.89379977e+00 
 1.54700000e+00  1.89045711e+00 
 1.54800000e+00  1.88711765e+00 
 1.54900000e+00  1.88378138e+00 
 1.55000000e+00  1.88044829e+00 
 1.55100000e+00  1.87711838e+00 
 1.55200000e+00  1.87379165e+00 
 1.55300000e+00  1.87046809e+00 
 1.55400000e+00  1.86714770e+00 
 1.55500000e+00  1.86383047e+00 
 1.55600000e+00  1.86051639e+00 
 1.55700000e+00  1.85720547e+00 
 1.55800000e+00  1.85389771e+00 
 1.55900000e+00  1.85059308e+00 
 1.56000000e+00  1.84729160e+00 
 1.56100000e+00  1.84399326e+00 
 1.56200000e+00  1.84069805e+00 
 1.56300000e+00  1.83740598e+00 
 1.56400000e+00  1.83411703e+00 
 1.56500000e+00  1.83083120e+00 
 1.56600000e+00  1.82754850e+00 
 1.56700000e+00  1.82426891e+00 
 1.56800000e+00  1.82099244e+00 
 1.56900000e+00  1.81771908e+00 
 1.57000000e+00  1.81444883e+00 
 1.57100000e+00  1.81118168e+00 
 1.57200000e+00  1.80791764e+00 
 1.57300000e+00  1.80465670e+00 
 1.57400000e+00  1.80139885e+00 
 1.57500000e+00  1.79814410e+00 
 1.57600000e+00  1.79489244e+00 
 1.57700000e+00  1.79164387e+00 
 1.57800000e+00  1.78839838e+00 
 1.57900000e+00  1.78515599e+00 
 1.58000000e+00  1.78191667e+00 
 1.58100000e+00  1.77868044e+00 
 1.58200000e+00  1.77544728e+00 
 1.58300000e+00  1.77221720e+00 
 1.58400000e+00  1.76899020e+00 
 1.58500000e+00  1.76576627e+00 
 1.58600000e+00  1.76254542e+00 
 1.58700000e+00  1.75932763e+00 
 1.58800000e+00  1.75611291e+00 
 1.58900000e+00  1.75290126e+00 
 1.59000000e+00  1.74969268e+00 
 1.59100000e+00  1.74648715e+00 
 1.59200000e+00  1.74328470e+00 
 1.59300000e+00  1.74008530e+00 
 1.59400000e+00  1.73688897e+00 
 1.59500000e+00  1.73369569e+00 
 1.59600000e+00  1.73050548e+00 
 1.59700000e+00  1.72731832e+00 
 1.59800000e+00  1.72413422e+00 
 1.59900000e+00  1.72095318e+00 
 1.60000000e+00  1.71777520e+00 
 1.60100000e+00  1.71460027e+00 
 1.60200000e+00  1.71142839e+00 
 1.60300000e+00  1.70825957e+00 
 1.60400000e+00  1.70509380e+00 
 1.60500000e+00  1.70193109e+00 
 1.60600000e+00  1.69877143e+00 
 1.60700000e+00  1.69561483e+00 
 1.60800000e+00  1.69246127e+00 
 1.60900000e+00  1.68931078e+00 
 1.61000000e+00  1.68616333e+00 
 1.61100000e+00  1.68301894e+00 
 1.61200000e+00  1.67987760e+00 
 1.61300000e+00  1.67673932e+00 
 1.61400000e+00  1.67360409e+00 
 1.61500000e+00  1.67047191e+00 
 1.61600000e+00  1.66734279e+00 
 1.61700000e+00  1.66421673e+00 
 1.61800000e+00  1.66109372e+00 
 1.61900000e+00  1.65797376e+00 
 1.62000000e+00  1.65485687e+00 
 1.62100000e+00  1.65174303e+00 
 1.62200000e+00  1.64863225e+00 
 1.62300000e+00  1.64552453e+00 
 1.62400000e+00  1.64241987e+00 
 1.62500000e+00  1.63931827e+00 
 1.62600000e+00  1.63621973e+00 
 1.62700000e+00  1.63312425e+00 
 1.62800000e+00  1.63003184e+00 
 1.62900000e+00  1.62694250e+00 
 1.63000000e+00  1.62385622e+00 
 1.63100000e+00  1.62077301e+00 
 1.63200000e+00  1.61769286e+00 
 1.63300000e+00  1.61461579e+00 
 1.63400000e+00  1.61154179e+00 
 1.63500000e+00  1.60847086e+00 
 1.63600000e+00  1.60540300e+00 
 1.63700000e+00  1.60233822e+00 
 1.63800000e+00  1.59927652e+00 
 1.63900000e+00  1.59621789e+00 
 1.64000000e+00  1.59316235e+00 
 1.64100000e+00  1.59010989e+00 
 1.64200000e+00  1.58706051e+00 
 1.64300000e+00  1.58401422e+00 
 1.64400000e+00  1.58097101e+00 
 1.64500000e+00  1.57793090e+00 
 1.64600000e+00  1.57489387e+00 
 1.64700000e+00  1.57185994e+00 
 1.64800000e+00  1.56882910e+00 
 1.64900000e+00  1.56580136e+00 
 1.65000000e+00  1.56277672e+00 
 1.65100000e+00  1.55975518e+00 
 1.65200000e+00  1.55673674e+00 
 1.65300000e+00  1.55372140e+00 
 1.65400000e+00  1.55070918e+00 
 1.65500000e+00  1.54770006e+00 
 1.65600000e+00  1.54469405e+00 
 1.65700000e+00  1.54169116e+00 
 1.65800000e+00  1.53869138e+00 
 1.65900000e+00  1.53569473e+00 
 1.66000000e+00  1.53270119e+00 
 1.66100000e+00  1.52971077e+00 
 1.66200000e+00  1.52672349e+00 
 1.66300000e+00  1.52373932e+00 
 1.66400000e+00  1.52075829e+00 
 1.66500000e+00  1.51778039e+00 
 1.66600000e+00  1.51480563e+00 
 1.66700000e+00  1.51183400e+00 
 1.66800000e+00  1.50886552e+00 
 1.66900000e+00  1.50590017e+00 
 1.67000000e+00  1.50293797e+00 
 1.67100000e+00  1.49997892e+00 
 1.67200000e+00  1.49702302e+00 
 1.67300000e+00  1.49407028e+00 
 1.67400000e+00  1.49112068e+00 
 1.67500000e+00  1.48817425e+00 
 1.67600000e+00  1.48523098e+00 
 1.67700000e+00  1.48229087e+00 
 1.67800000e+00  1.47935393e+00 
 1.67900000e+00  1.47642015e+00 
 1.68000000e+00  1.47348955e+00 
 1.68100000e+00  1.47056212e+00 
 1.68200000e+00  1.46763787e+00 
 1.68300000e+00  1.46471680e+00 
 1.68400000e+00  1.46179892e+00 
 1.68500000e+00  1.45888421e+00 
 1.68600000e+00  1.45597270e+00 
 1.68700000e+00  1.45306438e+00 
 1.68800000e+00  1.45015925e+00 
 1.68900000e+00  1.44725732e+00 
 1.69000000e+00  1.44435859e+00 
 1.69100000e+00  1.44146306e+00 
 1.69200000e+00  1.43857074e+00 
 1.69300000e+00  1.43568162e+00 
 1.69400000e+00  1.43279572e+00 
 1.69500000e+00  1.42991303e+00 
 1.69600000e+00  1.42703356e+00 
 1.69700000e+00  1.42415731e+00 
 1.69800000e+00  1.42128428e+00 
 1.69900000e+00  1.41841447e+00 
 1.70000000e+00  1.41554790e+00 
 1.70100000e+00  1.41268455e+00 
 1.70200000e+00  1.40982444e+00 
 1.70300000e+00  1.40696757e+00 
 1.70400000e+00  1.40411393e+00 
 1.70500000e+00  1.40126354e+00 
 1.70600000e+00  1.39841640e+00 
 1.70700000e+00  1.39557250e+00 
 1.70800000e+00  1.39273185e+00 
 1.70900000e+00  1.38989446e+00 
 1.71000000e+00  1.38706033e+00 
 1.71100000e+00  1.38422945e+00 
 1.71200000e+00  1.38140184e+00 
 1.71300000e+00  1.37857749e+00 
 1.71400000e+00  1.37575642e+00 
 1.71500000e+00  1.37293861e+00 
 1.71600000e+00  1.37012408e+00 
 1.71700000e+00  1.36731282e+00 
 1.71800000e+00  1.36450484e+00 
 1.71900000e+00  1.36170015e+00 
 1.72000000e+00  1.35889874e+00 
 1.72100000e+00  1.35610062e+00 
 1.72200000e+00  1.35330579e+00 
 1.72300000e+00  1.35051426e+00 
 1.72400000e+00  1.34772602e+00 
 1.72500000e+00  1.34494107e+00 
 1.72600000e+00  1.34215943e+00 
 1.72700000e+00  1.33938110e+00 
 1.72800000e+00  1.33660607e+00 
 1.72900000e+00  1.33383435e+00 
 1.73000000e+00  1.33106594e+00 
 1.73100000e+00  1.32830085e+00 
 1.73200000e+00  1.32553908e+00 
 1.73300000e+00  1.32278062e+00 
 1.73400000e+00  1.32002549e+00 
 1.73500000e+00  1.31727369e+00 
 1.73600000e+00  1.31452521e+00 
 1.73700000e+00  1.31178006e+00 
 1.73800000e+00  1.30903824e+00 
 1.73900000e+00  1.30629976e+00 
 1.74000000e+00  1.30356462e+00 
 1.74100000e+00  1.30083282e+00 
 1.74200000e+00  1.29810436e+00 
 1.74300000e+00  1.29537924e+00 
 1.74400000e+00  1.29265748e+00 
 1.74500000e+00  1.28993906e+00 
 1.74600000e+00  1.28722399e+00 
 1.74700000e+00  1.28451228e+00 
 1.74800000e+00  1.28180393e+00 
 1.74900000e+00  1.27909893e+00 
 1.75000000e+00  1.27639730e+00 
 1.75100000e+00  1.27369903e+00 
 1.75200000e+00  1.27100412e+00 
 1.75300000e+00  1.26831259e+00 
 1.75400000e+00  1.26562442e+00 
 1.75500000e+00  1.26293963e+00 
 1.75600000e+00  1.26025821e+00 
 1.75700000e+00  1.25758017e+00 
 1.75800000e+00  1.25490550e+00 
 1.75900000e+00  1.25223422e+00 
 1.76000000e+00  1.24956632e+00 
 1.76100000e+00  1.24690180e+00 
 1.76200000e+00  1.24424067e+00 
 1.76300000e+00  1.24158293e+00 
 1.76400000e+00  1.23892857e+00 
 1.76500000e+00  1.23627761e+00 
 1.76600000e+00  1.23363005e+00 
 1.76700000e+00  1.23098588e+00 
 1.76800000e+00  1.22834511e+00 
 1.76900000e+00  1.22570774e+00 
 1.77000000e+00  1.22307377e+00 
 1.77100000e+00  1.22044320e+00 
 1.77200000e+00  1.21781603e+00 
 1.77300000e+00  1.21519228e+00 
 1.77400000e+00  1.21257193e+00 
 1.77500000e+00  1.20995499e+00 
 1.77600000e+00  1.20734146e+00 
 1.77700000e+00  1.20473134e+00 
 1.77800000e+00  1.20212464e+00 
 1.77900000e+00  1.19952136e+00 
 1.78000000e+00  1.19692149e+00 
 1.78100000e+00  1.19432504e+00 
 1.78200000e+00  1.19173201e+00 
 1.78300000e+00  1.18914240e+00 
 1.78400000e+00  1.18655621e+00 
 1.78500000e+00  1.18397345e+00 
 1.78600000e+00  1.18139411e+00 
 1.78700000e+00  1.17881820e+00 
 1.78800000e+00  1.17624571e+00 
 1.78900000e+00  1.17367666e+00 
 1.79000000e+00  1.17111103e+00 
 1.79100000e+00  1.16854884e+00 
 1.79200000e+00  1.16599007e+00 
 1.79300000e+00  1.16343475e+00 
 1.79400000e+00  1.16088285e+00 
 1.79500000e+00  1.15833439e+00 
 1.79600000e+00  1.15578937e+00 
 1.79700000e+00  1.15324778e+00 
 1.79800000e+00  1.15070963e+00 
 1.79900000e+00  1.14817492e+00 
 1.80000000e+00  1.14564365e+00 
