 0.00000000e+00  8.82448072e-08 
 1.00000000e-03  9.03953021e-08 
 2.00000000e-03  9.25946496e-08 
 3.00000000e-03  9.48438420e-08 
 4.00000000e-03  9.71438882e-08 
 5.00000000e-03  9.94958140e-08 
 6.00000000e-03  1.01900662e-07 
 7.00000000e-03  1.04359492e-07 
 8.00000000e-03  1.06873381e-07 
 9.00000000e-03  1.09443423e-07 
 1.00000000e-02  1.12070730e-07 
 1.10000000e-02  1.14756433e-07 
 1.20000000e-02  1.17501678e-07 
 1.30000000e-02  1.20307632e-07 
 1.40000000e-02  1.23175479e-07 
 1.50000000e-02  1.26106422e-07 
 1.60000000e-02  1.29101681e-07 
 1.70000000e-02  1.32162497e-07 
 1.80000000e-02  1.35290129e-07 
 1.90000000e-02  1.38485854e-07 
 2.00000000e-02  1.41750971e-07 
 2.10000000e-02  1.45086797e-07 
 2.20000000e-02  1.48494667e-07 
 2.30000000e-02  1.51975937e-07 
 2.40000000e-02  1.55531986e-07 
 2.50000000e-02  1.59164207e-07 
 2.60000000e-02  1.62874018e-07 
 2.70000000e-02  1.66662857e-07 
 2.80000000e-02  1.70532179e-07 
 2.90000000e-02  1.74483464e-07 
 3.00000000e-02  1.78518210e-07 
 3.10000000e-02  1.82637938e-07 
 3.20000000e-02  1.86844188e-07 
 3.30000000e-02  1.91138522e-07 
 3.40000000e-02  1.95522526e-07 
 3.50000000e-02  1.99997803e-07 
 3.60000000e-02  2.04565982e-07 
 3.70000000e-02  2.09228710e-07 
 3.80000000e-02  2.13987660e-07 
 3.90000000e-02  2.18844523e-07 
 4.00000000e-02  2.23801015e-07 
 4.10000000e-02  2.28858875e-07 
 4.20000000e-02  2.34019861e-07 
 4.30000000e-02  2.39285757e-07 
 4.40000000e-02  2.44658368e-07 
 4.50000000e-02  2.50139523e-07 
 4.60000000e-02  2.55731073e-07 
 4.70000000e-02  2.61434893e-07 
 4.80000000e-02  2.67252881e-07 
 4.90000000e-02  2.73186958e-07 
 5.00000000e-02  2.79239068e-07 
 5.10000000e-02  2.85411180e-07 
 5.20000000e-02  2.91705286e-07 
 5.30000000e-02  2.98123401e-07 
 5.40000000e-02  3.04667567e-07 
 5.50000000e-02  3.11339845e-07 
 5.60000000e-02  3.18142326e-07 
 5.70000000e-02  3.25077120e-07 
 5.80000000e-02  3.32146365e-07 
 5.90000000e-02  3.39352222e-07 
 6.00000000e-02  3.46696877e-07 
 6.10000000e-02  3.54182540e-07 
 6.20000000e-02  3.61811446e-07 
 6.30000000e-02  3.69585857e-07 
 6.40000000e-02  3.77508056e-07 
 6.50000000e-02  3.85580355e-07 
 6.60000000e-02  3.93805088e-07 
 6.70000000e-02  4.02184618e-07 
 6.80000000e-02  4.10721330e-07 
 6.90000000e-02  4.19417635e-07 
 7.00000000e-02  4.28275972e-07 
 7.10000000e-02  4.37298803e-07 
 7.20000000e-02  4.46488618e-07 
 7.30000000e-02  4.55847930e-07 
 7.40000000e-02  4.65379281e-07 
 7.50000000e-02  4.75085238e-07 
 7.60000000e-02  4.84968394e-07 
 7.70000000e-02  4.95031367e-07 
 7.80000000e-02  5.05276803e-07 
 7.90000000e-02  5.15707376e-07 
 8.00000000e-02  5.26325782e-07 
 8.10000000e-02  5.37134748e-07 
 8.20000000e-02  5.48137025e-07 
 8.30000000e-02  5.59335392e-07 
 8.40000000e-02  5.70732655e-07 
 8.50000000e-02  5.82331647e-07 
 8.60000000e-02  5.94135228e-07 
 8.70000000e-02  6.06146284e-07 
 8.80000000e-02  6.18367730e-07 
 8.90000000e-02  6.30802508e-07 
 9.00000000e-02  6.43453586e-07 
 9.10000000e-02  6.56323963e-07 
 9.20000000e-02  6.69416661e-07 
 9.30000000e-02  6.82734734e-07 
 9.40000000e-02  6.96281262e-07 
 9.50000000e-02  7.10059351e-07 
 9.60000000e-02  7.24072139e-07 
 9.70000000e-02  7.38322790e-07 
 9.80000000e-02  7.52814496e-07 
 9.90000000e-02  7.67550478e-07 
 1.00000000e-01  7.82533984e-07 
 1.01000000e-01  7.97768294e-07 
 1.02000000e-01  8.13256712e-07 
 1.03000000e-01  8.29002573e-07 
 1.04000000e-01  8.45009242e-07 
 1.05000000e-01  8.61280112e-07 
 1.06000000e-01  8.77818603e-07 
 1.07000000e-01  8.94628166e-07 
 1.08000000e-01  9.11712282e-07 
 1.09000000e-01  9.29074459e-07 
 1.10000000e-01  9.46718236e-07 
 1.11000000e-01  9.64647180e-07 
 1.12000000e-01  9.82864889e-07 
 1.13000000e-01  1.00137499e-06 
 1.14000000e-01  1.02018114e-06 
 1.15000000e-01  1.03928702e-06 
 1.16000000e-01  1.05869636e-06 
 1.17000000e-01  1.07841289e-06 
 1.18000000e-01  1.09844040e-06 
 1.19000000e-01  1.11878268e-06 
 1.20000000e-01  1.13944358e-06 
 1.21000000e-01  1.16042697e-06 
 1.22000000e-01  1.18173674e-06 
 1.23000000e-01  1.20337681e-06 
 1.24000000e-01  1.22535115e-06 
 1.25000000e-01  1.24766374e-06 
 1.26000000e-01  1.27031861e-06 
 1.27000000e-01  1.29331980e-06 
 1.28000000e-01  1.31667140e-06 
 1.29000000e-01  1.34037751e-06 
 1.30000000e-01  1.36444227e-06 
 1.31000000e-01  1.38886987e-06 
 1.32000000e-01  1.41366450e-06 
 1.33000000e-01  1.43883040e-06 
 1.34000000e-01  1.46437183e-06 
 1.35000000e-01  1.49029310e-06 
 1.36000000e-01  1.51659853e-06 
 1.37000000e-01  1.54329247e-06 
 1.38000000e-01  1.57037932e-06 
 1.39000000e-01  1.59786350e-06 
 1.40000000e-01  1.62574947e-06 
 1.41000000e-01  1.65404169e-06 
 1.42000000e-01  1.68274470e-06 
 1.43000000e-01  1.71186304e-06 
 1.44000000e-01  1.74140127e-06 
 1.45000000e-01  1.77136401e-06 
 1.46000000e-01  1.80175590e-06 
 1.47000000e-01  1.83258161e-06 
 1.48000000e-01  1.86384584e-06 
 1.49000000e-01  1.89555331e-06 
 1.50000000e-01  1.92770880e-06 
 1.51000000e-01  1.96031709e-06 
 1.52000000e-01  1.99338300e-06 
 1.53000000e-01  2.02691140e-06 
 1.54000000e-01  2.06090717e-06 
 1.55000000e-01  2.09537521e-06 
 1.56000000e-01  2.13032049e-06 
 1.57000000e-01  2.16574796e-06 
 1.58000000e-01  2.20166264e-06 
 1.59000000e-01  2.23806957e-06 
 1.60000000e-01  2.27497380e-06 
 1.61000000e-01  2.31238043e-06 
 1.62000000e-01  2.35029459e-06 
 1.63000000e-01  2.38872143e-06 
 1.64000000e-01  2.42766612e-06 
 1.65000000e-01  2.46713390e-06 
 1.66000000e-01  2.50712998e-06 
 1.67000000e-01  2.54765964e-06 
 1.68000000e-01  2.58872818e-06 
 1.69000000e-01  2.63034092e-06 
 1.70000000e-01  2.67250321e-06 
 1.71000000e-01  2.71522044e-06 
 1.72000000e-01  2.75849800e-06 
 1.73000000e-01  2.80234133e-06 
 1.74000000e-01  2.84675590e-06 
 1.75000000e-01  2.89174718e-06 
 1.76000000e-01  2.93732069e-06 
 1.77000000e-01  2.98348196e-06 
 1.78000000e-01  3.03023657e-06 
 1.79000000e-01  3.07759010e-06 
 1.80000000e-01  3.12554815e-06 
 1.81000000e-01  3.17411637e-06 
 1.82000000e-01  3.22330041e-06 
 1.83000000e-01  3.27310596e-06 
 1.84000000e-01  3.32353873e-06 
 1.85000000e-01  3.37460444e-06 
 1.86000000e-01  3.42630884e-06 
 1.87000000e-01  3.47865771e-06 
 1.88000000e-01  3.53165684e-06 
 1.89000000e-01  3.58531205e-06 
 1.90000000e-01  3.63962916e-06 
 1.91000000e-01  3.69461403e-06 
 1.92000000e-01  3.75027254e-06 
 1.93000000e-01  3.80661057e-06 
 1.94000000e-01  3.86363403e-06 
 1.95000000e-01  3.92134886e-06 
 1.96000000e-01  3.97976099e-06 
 1.97000000e-01  4.03887639e-06 
 1.98000000e-01  4.09870103e-06 
 1.99000000e-01  4.15924090e-06 
 2.00000000e-01  4.22050201e-06 
 2.01000000e-01  4.28249037e-06 
 2.02000000e-01  4.34521202e-06 
 2.03000000e-01  4.40867301e-06 
 2.04000000e-01  4.47287939e-06 
 2.05000000e-01  4.53783723e-06 
 2.06000000e-01  4.60355261e-06 
 2.07000000e-01  4.67003162e-06 
 2.08000000e-01  4.73728036e-06 
 2.09000000e-01  4.80530494e-06 
 2.10000000e-01  4.87411147e-06 
 2.11000000e-01  4.94370607e-06 
 2.12000000e-01  5.01409487e-06 
 2.13000000e-01  5.08528401e-06 
 2.14000000e-01  5.15727963e-06 
 2.15000000e-01  5.23008788e-06 
 2.16000000e-01  5.30371489e-06 
 2.17000000e-01  5.37816682e-06 
 2.18000000e-01  5.45344983e-06 
 2.19000000e-01  5.52957006e-06 
 2.20000000e-01  5.60653367e-06 
 2.21000000e-01  5.68434682e-06 
 2.22000000e-01  5.76301565e-06 
 2.23000000e-01  5.84254633e-06 
 2.24000000e-01  5.92294499e-06 
 2.25000000e-01  6.00421778e-06 
 2.26000000e-01  6.08637085e-06 
 2.27000000e-01  6.16941033e-06 
 2.28000000e-01  6.25334234e-06 
 2.29000000e-01  6.33817302e-06 
 2.30000000e-01  6.42390847e-06 
 2.31000000e-01  6.51055482e-06 
 2.32000000e-01  6.59811815e-06 
 2.33000000e-01  6.68660455e-06 
 2.34000000e-01  6.77602010e-06 
 2.35000000e-01  6.86637088e-06 
 2.36000000e-01  6.95766292e-06 
 2.37000000e-01  7.04990229e-06 
 2.38000000e-01  7.14309499e-06 
 2.39000000e-01  7.23724706e-06 
 2.40000000e-01  7.33236448e-06 
 2.41000000e-01  7.42845323e-06 
 2.42000000e-01  7.52551929e-06 
 2.43000000e-01  7.62356860e-06 
 2.44000000e-01  7.72260709e-06 
 2.45000000e-01  7.82264066e-06 
 2.46000000e-01  7.92367521e-06 
 2.47000000e-01  8.02571660e-06 
 2.48000000e-01  8.12877069e-06 
 2.49000000e-01  8.23284329e-06 
 2.50000000e-01  8.33794021e-06 
 2.51000000e-01  8.44406724e-06 
 2.52000000e-01  8.55123011e-06 
 2.53000000e-01  8.65943456e-06 
 2.54000000e-01  8.76868630e-06 
 2.55000000e-01  8.87899100e-06 
 2.56000000e-01  8.99035431e-06 
 2.57000000e-01  9.10278185e-06 
 2.58000000e-01  9.21627921e-06 
 2.59000000e-01  9.33085197e-06 
 2.60000000e-01  9.44650564e-06 
 2.61000000e-01  9.56324575e-06 
 2.62000000e-01  9.68107775e-06 
 2.63000000e-01  9.80000709e-06 
 2.64000000e-01  9.92003919e-06 
 2.65000000e-01  1.00411794e-05 
 2.66000000e-01  1.01634331e-05 
 2.67000000e-01  1.02868056e-05 
 2.68000000e-01  1.04113021e-05 
 2.69000000e-01  1.05369279e-05 
 2.70000000e-01  1.06636883e-05 
 2.71000000e-01  1.07915883e-05 
 2.72000000e-01  1.09206331e-05 
 2.73000000e-01  1.10508278e-05 
 2.74000000e-01  1.11821774e-05 
 2.75000000e-01  1.13146870e-05 
 2.76000000e-01  1.14483616e-05 
 2.77000000e-01  1.15832061e-05 
 2.78000000e-01  1.17192255e-05 
 2.79000000e-01  1.18564244e-05 
 2.80000000e-01  1.19948079e-05 
 2.81000000e-01  1.21343807e-05 
 2.82000000e-01  1.22751476e-05 
 2.83000000e-01  1.24171131e-05 
 2.84000000e-01  1.25602821e-05 
 2.85000000e-01  1.27046592e-05 
 2.86000000e-01  1.28502488e-05 
 2.87000000e-01  1.29970556e-05 
 2.88000000e-01  1.31450841e-05 
 2.89000000e-01  1.32943387e-05 
 2.90000000e-01  1.34448238e-05 
 2.91000000e-01  1.35965439e-05 
 2.92000000e-01  1.37495032e-05 
 2.93000000e-01  1.39037060e-05 
 2.94000000e-01  1.40591566e-05 
 2.95000000e-01  1.42158591e-05 
 2.96000000e-01  1.43738179e-05 
 2.97000000e-01  1.45330368e-05 
 2.98000000e-01  1.46935201e-05 
 2.99000000e-01  1.48552718e-05 
 3.00000000e-01  1.50182958e-05 
 3.01000000e-01  1.51825961e-05 
 3.02000000e-01  1.53481766e-05 
 3.03000000e-01  1.55150412e-05 
 3.04000000e-01  1.56831936e-05 
 3.05000000e-01  1.58526376e-05 
 3.06000000e-01  1.60233771e-05 
 3.07000000e-01  1.61954156e-05 
 3.08000000e-01  1.63687567e-05 
 3.09000000e-01  1.65434042e-05 
 3.10000000e-01  1.67193616e-05 
 3.11000000e-01  1.68966323e-05 
 3.12000000e-01  1.70752198e-05 
 3.13000000e-01  1.72551277e-05 
 3.14000000e-01  1.74363592e-05 
 3.15000000e-01  1.76189177e-05 
 3.16000000e-01  1.78028065e-05 
 3.17000000e-01  1.79880289e-05 
 3.18000000e-01  1.81745881e-05 
 3.19000000e-01  1.83624872e-05 
 3.20000000e-01  1.85517295e-05 
 3.21000000e-01  1.87423180e-05 
 3.22000000e-01  1.89342558e-05 
 3.23000000e-01  1.91275459e-05 
 3.24000000e-01  1.93221912e-05 
 3.25000000e-01  1.95181948e-05 
 3.26000000e-01  1.97155595e-05 
 3.27000000e-01  1.99142882e-05 
 3.28000000e-01  2.01143836e-05 
 3.29000000e-01  2.03158487e-05 
 3.30000000e-01  2.05186860e-05 
 3.31000000e-01  2.07228984e-05 
 3.32000000e-01  2.09284885e-05 
 3.33000000e-01  2.11354590e-05 
 3.34000000e-01  2.13438124e-05 
 3.35000000e-01  2.15535513e-05 
 3.36000000e-01  2.17646782e-05 
 3.37000000e-01  2.19771957e-05 
 3.38000000e-01  2.21911061e-05 
 3.39000000e-01  2.24064119e-05 
 3.40000000e-01  2.26231155e-05 
 3.41000000e-01  2.28412192e-05 
 3.42000000e-01  2.30607254e-05 
 3.43000000e-01  2.32816362e-05 
 3.44000000e-01  2.35039541e-05 
 3.45000000e-01  2.37276812e-05 
 3.46000000e-01  2.39528197e-05 
 3.47000000e-01  2.41793717e-05 
 3.48000000e-01  2.44073394e-05 
 3.49000000e-01  2.46367249e-05 
 3.50000000e-01  2.48675302e-05 
 3.51000000e-01  2.50997574e-05 
 3.52000000e-01  2.53334084e-05 
 3.53000000e-01  2.55684853e-05 
 3.54000000e-01  2.58049900e-05 
 3.55000000e-01  2.60429245e-05 
 3.56000000e-01  2.62822905e-05 
 3.57000000e-01  2.65230900e-05 
 3.58000000e-01  2.67653248e-05 
 3.59000000e-01  2.70089968e-05 
 3.60000000e-01  2.72541077e-05 
 3.61000000e-01  2.75006592e-05 
 3.62000000e-01  2.77486532e-05 
 3.63000000e-01  2.79980913e-05 
 3.64000000e-01  2.82489752e-05 
 3.65000000e-01  2.85013066e-05 
 3.66000000e-01  2.87550871e-05 
 3.67000000e-01  2.90103183e-05 
 3.68000000e-01  2.92670018e-05 
 3.69000000e-01  2.95251393e-05 
 3.70000000e-01  2.97847322e-05 
 3.71000000e-01  3.00457821e-05 
 3.72000000e-01  3.03082906e-05 
 3.73000000e-01  3.05722590e-05 
 3.74000000e-01  3.08376888e-05 
 3.75000000e-01  3.11045816e-05 
 3.76000000e-01  3.13729387e-05 
 3.77000000e-01  3.16427616e-05 
 3.78000000e-01  3.19140516e-05 
 3.79000000e-01  3.21868102e-05 
 3.80000000e-01  3.24610386e-05 
 3.81000000e-01  3.27367383e-05 
 3.82000000e-01  3.30139106e-05 
 3.83000000e-01  3.32925567e-05 
 3.84000000e-01  3.35726780e-05 
 3.85000000e-01  3.38542758e-05 
 3.86000000e-01  3.41373512e-05 
 3.87000000e-01  3.44219057e-05 
 3.88000000e-01  3.47079404e-05 
 3.89000000e-01  3.49954565e-05 
 3.90000000e-01  3.52844552e-05 
 3.91000000e-01  3.55749378e-05 
 3.92000000e-01  3.58669054e-05 
 3.93000000e-01  3.61603592e-05 
 3.94000000e-01  3.64553003e-05 
 3.95000000e-01  3.67517300e-05 
 3.96000000e-01  3.70496493e-05 
 3.97000000e-01  3.73490594e-05 
 3.98000000e-01  3.76499614e-05 
 3.99000000e-01  3.79523563e-05 
 4.00000000e-01  3.82562454e-05 
 4.01000000e-01  3.85616296e-05 
 4.02000000e-01  3.88685101e-05 
 4.03000000e-01  3.91768879e-05 
 4.04000000e-01  3.94867641e-05 
 4.05000000e-01  3.97981397e-05 
 4.06000000e-01  4.01110158e-05 
 4.07000000e-01  4.04253934e-05 
 4.08000000e-01  4.07412735e-05 
 4.09000000e-01  4.10586572e-05 
 4.10000000e-01  4.13775455e-05 
 4.11000000e-01  4.16979394e-05 
 4.12000000e-01  4.20198398e-05 
 4.13000000e-01  4.23432479e-05 
 4.14000000e-01  4.26681645e-05 
 4.15000000e-01  4.29945906e-05 
 4.16000000e-01  4.33225273e-05 
 4.17000000e-01  4.36519756e-05 
 4.18000000e-01  4.39829363e-05 
 4.19000000e-01  4.43154104e-05 
 4.20000000e-01  4.46493989e-05 
 4.21000000e-01  4.49849029e-05 
 4.22000000e-01  4.53219231e-05 
 4.23000000e-01  4.56604606e-05 
 4.24000000e-01  4.60005163e-05 
 4.25000000e-01  4.63420911e-05 
 4.26000000e-01  4.66851861e-05 
 4.27000000e-01  4.70298020e-05 
 4.28000000e-01  4.73759400e-05 
 4.29000000e-01  4.77236008e-05 
 4.30000000e-01  4.80727855e-05 
 4.31000000e-01  4.84234949e-05 
 4.32000000e-01  4.87757300e-05 
 4.33000000e-01  4.91294917e-05 
 4.34000000e-01  4.94847810e-05 
 4.35000000e-01  4.98415987e-05 
 4.36000000e-01  5.01999458e-05 
 4.37000000e-01  5.05598231e-05 
 4.38000000e-01  5.09212317e-05 
 4.39000000e-01  5.12841724e-05 
 4.40000000e-01  5.16486462e-05 
 4.41000000e-01  5.20146539e-05 
 4.42000000e-01  5.23821966e-05 
 4.43000000e-01  5.27512750e-05 
 4.44000000e-01  5.31218901e-05 
 4.45000000e-01  5.34940429e-05 
 4.46000000e-01  5.38677343e-05 
 4.47000000e-01  5.42429651e-05 
 4.48000000e-01  5.46197364e-05 
 4.49000000e-01  5.49980489e-05 
 4.50000000e-01  5.53779037e-05 
 4.51000000e-01  5.57593016e-05 
 4.52000000e-01  5.61422437e-05 
 4.53000000e-01  5.65267307e-05 
 4.54000000e-01  5.69127637e-05 
 4.55000000e-01  5.73003435e-05 
 4.56000000e-01  5.76894711e-05 
 4.57000000e-01  5.80801475e-05 
 4.58000000e-01  5.84723735e-05 
 4.59000000e-01  5.88661501e-05 
 4.60000000e-01  5.92614781e-05 
 4.61000000e-01  5.96583587e-05 
 4.62000000e-01  6.00567926e-05 
 4.63000000e-01  6.04567809e-05 
 4.64000000e-01  6.08583244e-05 
 4.65000000e-01  6.12614242e-05 
 4.66000000e-01  6.16660811e-05 
 4.67000000e-01  6.20722962e-05 
 4.68000000e-01  6.24800703e-05 
 4.69000000e-01  6.28894044e-05 
 4.70000000e-01  6.33002995e-05 
 4.71000000e-01  6.37127565e-05 
 4.72000000e-01  6.41267764e-05 
 4.73000000e-01  6.45423602e-05 
 4.74000000e-01  6.49595088e-05 
 4.75000000e-01  6.53782232e-05 
 4.76000000e-01  6.57985044e-05 
 4.77000000e-01  6.62203533e-05 
 4.78000000e-01  6.66437709e-05 
 4.79000000e-01  6.70687581e-05 
 4.80000000e-01  6.74953161e-05 
 4.81000000e-01  6.79234457e-05 
 4.82000000e-01  6.83531480e-05 
 4.83000000e-01  6.87844239e-05 
 4.84000000e-01  6.92172744e-05 
 4.85000000e-01  6.96517005e-05 
 4.86000000e-01  7.00877032e-05 
 4.87000000e-01  7.05252836e-05 
 4.88000000e-01  7.09644426e-05 
 4.89000000e-01  7.14051812e-05 
 4.90000000e-01  7.18475005e-05 
 4.91000000e-01  7.22914014e-05 
 4.92000000e-01  7.27368850e-05 
 4.93000000e-01  7.31839522e-05 
 4.94000000e-01  7.36326042e-05 
 4.95000000e-01  7.40828419e-05 
 4.96000000e-01  7.45346664e-05 
 4.97000000e-01  7.49880786e-05 
 4.98000000e-01  7.54430797e-05 
 4.99000000e-01  7.58996706e-05 
 5.00000000e-01  7.63578525e-05 
 5.01000000e-01  7.68176262e-05 
 5.02000000e-01  7.72789930e-05 
 5.03000000e-01  7.77419537e-05 
 5.04000000e-01  7.82065096e-05 
 5.05000000e-01  7.86726615e-05 
 5.06000000e-01  7.91404107e-05 
 5.07000000e-01  7.96097581e-05 
 5.08000000e-01  8.00807047e-05 
 5.09000000e-01  8.05532518e-05 
 5.10000000e-01  8.10274003e-05 
 5.11000000e-01  8.15031512e-05 
 5.12000000e-01  8.19805058e-05 
 5.13000000e-01  8.24594649e-05 
 5.14000000e-01  8.29400298e-05 
 5.15000000e-01  8.34222015e-05 
 5.16000000e-01  8.39059811e-05 
 5.17000000e-01  8.43913696e-05 
 5.18000000e-01  8.48783681e-05 
 5.19000000e-01  8.53669778e-05 
 5.20000000e-01  8.58571997e-05 
 5.21000000e-01  8.63490350e-05 
 5.22000000e-01  8.68424846e-05 
 5.23000000e-01  8.73375497e-05 
 5.24000000e-01  8.78342315e-05 
 5.25000000e-01  8.83325309e-05 
 5.26000000e-01  8.88324492e-05 
 5.27000000e-01  8.93339873e-05 
 5.28000000e-01  8.98371465e-05 
 5.29000000e-01  9.03419279e-05 
 5.30000000e-01  9.08483324e-05 
 5.31000000e-01  9.13563613e-05 
 5.32000000e-01  9.18660157e-05 
 5.33000000e-01  9.23772967e-05 
 5.34000000e-01  9.28902054e-05 
 5.35000000e-01  9.34047429e-05 
 5.36000000e-01  9.39209104e-05 
 5.37000000e-01  9.44387089e-05 
 5.38000000e-01  9.49581397e-05 
 5.39000000e-01  9.54792038e-05 
 5.40000000e-01  9.60019023e-05 
 5.41000000e-01  9.65262364e-05 
 5.42000000e-01  9.70522072e-05 
 5.43000000e-01  9.75798159e-05 
 5.44000000e-01  9.81090635e-05 
 5.45000000e-01  9.86399513e-05 
 5.46000000e-01  9.91724803e-05 
 5.47000000e-01  9.97066518e-05 
 5.48000000e-01  1.00242467e-04 
 5.49000000e-01  1.00779926e-04 
 5.50000000e-01  1.01319032e-04 
 5.51000000e-01  1.01859784e-04 
 5.52000000e-01  1.02402185e-04 
 5.53000000e-01  1.02946234e-04 
 5.54000000e-01  1.03491934e-04 
 5.55000000e-01  1.04039286e-04 
 5.56000000e-01  1.04588290e-04 
 5.57000000e-01  1.05138949e-04 
 5.58000000e-01  1.05691262e-04 
 5.59000000e-01  1.06245231e-04 
 5.60000000e-01  1.06800857e-04 
 5.61000000e-01  1.07358142e-04 
 5.62000000e-01  1.07917087e-04 
 5.63000000e-01  1.08477692e-04 
 5.64000000e-01  1.09039959e-04 
 5.65000000e-01  1.09603889e-04 
 5.66000000e-01  1.10169483e-04 
 5.67000000e-01  1.10736742e-04 
 5.68000000e-01  1.11305668e-04 
 5.69000000e-01  1.11876262e-04 
 5.70000000e-01  1.12448524e-04 
 5.71000000e-01  1.13022456e-04 
 5.72000000e-01  1.13598059e-04 
 5.73000000e-01  1.14175335e-04 
 5.74000000e-01  1.14754283e-04 
 5.75000000e-01  1.15334907e-04 
 5.76000000e-01  1.15917206e-04 
 5.77000000e-01  1.16501181e-04 
 5.78000000e-01  1.17086835e-04 
 5.79000000e-01  1.17674168e-04 
 5.80000000e-01  1.18263181e-04 
 5.81000000e-01  1.18853875e-04 
 5.82000000e-01  1.19446252e-04 
 5.83000000e-01  1.20040312e-04 
 5.84000000e-01  1.20636057e-04 
 5.85000000e-01  1.21233489e-04 
 5.86000000e-01  1.21832607e-04 
 5.87000000e-01  1.22433413e-04 
 5.88000000e-01  1.23035909e-04 
 5.89000000e-01  1.23640096e-04 
 5.90000000e-01  1.24245974e-04 
 5.91000000e-01  1.24853545e-04 
 5.92000000e-01  1.25462809e-04 
 5.93000000e-01  1.26073769e-04 
 5.94000000e-01  1.26686425e-04 
 5.95000000e-01  1.27300778e-04 
 5.96000000e-01  1.27916830e-04 
 5.97000000e-01  1.28534581e-04 
 5.98000000e-01  1.29154033e-04 
 5.99000000e-01  1.29775186e-04 
 6.00000000e-01  1.30398043e-04 
 6.01000000e-01  1.31022604e-04 
 6.02000000e-01  1.31648869e-04 
 6.03000000e-01  1.32276841e-04 
 6.04000000e-01  1.32906521e-04 
 6.05000000e-01  1.33537909e-04 
 6.06000000e-01  1.34171006e-04 
 6.07000000e-01  1.34805814e-04 
 6.08000000e-01  1.35442334e-04 
 6.09000000e-01  1.36080567e-04 
 6.10000000e-01  1.36720514e-04 
 6.11000000e-01  1.37362176e-04 
 6.12000000e-01  1.38005554e-04 
 6.13000000e-01  1.38650650e-04 
 6.14000000e-01  1.39297464e-04 
 6.15000000e-01  1.39945997e-04 
 6.16000000e-01  1.40596251e-04 
 6.17000000e-01  1.41248227e-04 
 6.18000000e-01  1.41901925e-04 
 6.19000000e-01  1.42557348e-04 
 6.20000000e-01  1.43214495e-04 
 6.21000000e-01  1.43873368e-04 
 6.22000000e-01  1.44533968e-04 
 6.23000000e-01  1.45196296e-04 
 6.24000000e-01  1.45860353e-04 
 6.25000000e-01  1.46526141e-04 
 6.26000000e-01  1.47193659e-04 
 6.27000000e-01  1.47862910e-04 
 6.28000000e-01  1.48533895e-04 
 6.29000000e-01  1.49206614e-04 
 6.30000000e-01  1.49881068e-04 
 6.31000000e-01  1.50557259e-04 
 6.32000000e-01  1.51235187e-04 
 6.33000000e-01  1.51914854e-04 
 6.34000000e-01  1.52596261e-04 
 6.35000000e-01  1.53279408e-04 
 6.36000000e-01  1.53964296e-04 
 6.37000000e-01  1.54650928e-04 
 6.38000000e-01  1.55339303e-04 
 6.39000000e-01  1.56029423e-04 
 6.40000000e-01  1.56721288e-04 
 6.41000000e-01  1.57414900e-04 
 6.42000000e-01  1.58110260e-04 
 6.43000000e-01  1.58807369e-04 
 6.44000000e-01  1.59506227e-04 
 6.45000000e-01  1.60206836e-04 
 6.46000000e-01  1.60909196e-04 
 6.47000000e-01  1.61613309e-04 
 6.48000000e-01  1.62319176e-04 
 6.49000000e-01  1.63026797e-04 
 6.50000000e-01  1.63736174e-04 
 6.51000000e-01  1.64447307e-04 
 6.52000000e-01  1.65160198e-04 
 6.53000000e-01  1.65874847e-04 
 6.54000000e-01  1.66591256e-04 
 6.55000000e-01  1.67309425e-04 
 6.56000000e-01  1.68029355e-04 
 6.57000000e-01  1.68751047e-04 
 6.58000000e-01  1.69474502e-04 
 6.59000000e-01  1.70199721e-04 
 6.60000000e-01  1.70926706e-04 
 6.61000000e-01  1.71655456e-04 
 6.62000000e-01  1.72385972e-04 
 6.63000000e-01  1.73118257e-04 
 6.64000000e-01  1.73852310e-04 
 6.65000000e-01  1.74588133e-04 
 6.66000000e-01  1.75325725e-04 
 6.67000000e-01  1.76065090e-04 
 6.68000000e-01  1.76806226e-04 
 6.69000000e-01  1.77549135e-04 
 6.70000000e-01  1.78293818e-04 
 6.71000000e-01  1.79040276e-04 
 6.72000000e-01  1.79788509e-04 
 6.73000000e-01  1.80538519e-04 
 6.74000000e-01  1.81290306e-04 
 6.75000000e-01  1.82043871e-04 
 6.76000000e-01  1.82799215e-04 
 6.77000000e-01  1.83556339e-04 
 6.78000000e-01  1.84315243e-04 
 6.79000000e-01  1.85075929e-04 
 6.80000000e-01  1.85838397e-04 
 6.81000000e-01  1.86602648e-04 
 6.82000000e-01  1.87368683e-04 
 6.83000000e-01  1.88136503e-04 
 6.84000000e-01  1.88906108e-04 
 6.85000000e-01  1.89677499e-04 
 6.86000000e-01  1.90450677e-04 
 6.87000000e-01  1.91225643e-04 
 6.88000000e-01  1.92002398e-04 
 6.89000000e-01  1.92780942e-04 
 6.90000000e-01  1.93561275e-04 
 6.91000000e-01  1.94343400e-04 
 6.92000000e-01  1.95127316e-04 
 6.93000000e-01  1.95913025e-04 
 6.94000000e-01  1.96700526e-04 
 6.95000000e-01  1.97489821e-04 
 6.96000000e-01  1.98280911e-04 
 6.97000000e-01  1.99073795e-04 
 6.98000000e-01  1.99868476e-04 
 6.99000000e-01  2.00664953e-04 
 7.00000000e-01  2.01463227e-04 
 7.01000000e-01  2.02263300e-04 
 7.02000000e-01  2.03065170e-04 
 7.03000000e-01  2.03868840e-04 
 7.04000000e-01  2.04674310e-04 
 7.05000000e-01  2.05481581e-04 
 7.06000000e-01  2.06290653e-04 
 7.07000000e-01  2.07101526e-04 
 7.08000000e-01  2.07914203e-04 
 7.09000000e-01  2.08728682e-04 
 7.10000000e-01  2.09544965e-04 
 7.11000000e-01  2.10363052e-04 
 7.12000000e-01  2.11182945e-04 
 7.13000000e-01  2.12004643e-04 
 7.14000000e-01  2.12828147e-04 
 7.15000000e-01  2.13653458e-04 
 7.16000000e-01  2.14480576e-04 
 7.17000000e-01  2.15309502e-04 
 7.18000000e-01  2.16140237e-04 
 7.19000000e-01  2.16972781e-04 
 7.20000000e-01  2.17807134e-04 
 7.21000000e-01  2.18643298e-04 
 7.22000000e-01  2.19481272e-04 
 7.23000000e-01  2.20321057e-04 
 7.24000000e-01  2.21162654e-04 
 7.25000000e-01  2.22006064e-04 
 7.26000000e-01  2.22851286e-04 
 7.27000000e-01  2.23698321e-04 
 7.28000000e-01  2.24547170e-04 
 7.29000000e-01  2.25397833e-04 
 7.30000000e-01  2.26250311e-04 
 7.31000000e-01  2.27104604e-04 
 7.32000000e-01  2.27960713e-04 
 7.33000000e-01  2.28818638e-04 
 7.34000000e-01  2.29678379e-04 
 7.35000000e-01  2.30539938e-04 
 7.36000000e-01  2.31403313e-04 
 7.37000000e-01  2.32268507e-04 
 7.38000000e-01  2.33135519e-04 
 7.39000000e-01  2.34004349e-04 
 7.40000000e-01  2.34874999e-04 
 7.41000000e-01  2.35747467e-04 
 7.42000000e-01  2.36621756e-04 
 7.43000000e-01  2.37497865e-04 
 7.44000000e-01  2.38375794e-04 
 7.45000000e-01  2.39255545e-04 
 7.46000000e-01  2.40137116e-04 
 7.47000000e-01  2.41020509e-04 
 7.48000000e-01  2.41905724e-04 
 7.49000000e-01  2.42792762e-04 
 7.50000000e-01  2.43681622e-04 
 7.51000000e-01  2.44572304e-04 
 7.52000000e-01  2.45464810e-04 
 7.53000000e-01  2.46359140e-04 
 7.54000000e-01  2.47255293e-04 
 7.55000000e-01  2.48153270e-04 
 7.56000000e-01  2.49053071e-04 
 7.57000000e-01  2.49954697e-04 
 7.58000000e-01  2.50858148e-04 
 7.59000000e-01  2.51763424e-04 
 7.60000000e-01  2.52670525e-04 
 7.61000000e-01  2.53579452e-04 
 7.62000000e-01  2.54490204e-04 
 7.63000000e-01  2.55402782e-04 
 7.64000000e-01  2.56317186e-04 
 7.65000000e-01  2.57233417e-04 
 7.66000000e-01  2.58151474e-04 
 7.67000000e-01  2.59071358e-04 
 7.68000000e-01  2.59993068e-04 
 7.69000000e-01  2.60916606e-04 
 7.70000000e-01  2.61841970e-04 
 7.71000000e-01  2.62769162e-04 
 7.72000000e-01  2.63698181e-04 
 7.73000000e-01  2.64629028e-04 
 7.74000000e-01  2.65561702e-04 
 7.75000000e-01  2.66496204e-04 
 7.76000000e-01  2.67432534e-04 
 7.77000000e-01  2.68370692e-04 
 7.78000000e-01  2.69310677e-04 
 7.79000000e-01  2.70252491e-04 
 7.80000000e-01  2.71196132e-04 
 7.81000000e-01  2.72141602e-04 
 7.82000000e-01  2.73088900e-04 
 7.83000000e-01  2.74038026e-04 
 7.84000000e-01  2.74988980e-04 
 7.85000000e-01  2.75941762e-04 
 7.86000000e-01  2.76896373e-04 
 7.87000000e-01  2.77852812e-04 
 7.88000000e-01  2.78811078e-04 
 7.89000000e-01  2.79771173e-04 
 7.90000000e-01  2.80733096e-04 
 7.91000000e-01  2.81696847e-04 
 7.92000000e-01  2.82662426e-04 
 7.93000000e-01  2.83629833e-04 
 7.94000000e-01  2.84599068e-04 
 7.95000000e-01  2.85570131e-04 
 7.96000000e-01  2.86543021e-04 
 7.97000000e-01  2.87517738e-04 
 7.98000000e-01  2.88494283e-04 
 7.99000000e-01  2.89472656e-04 
 8.00000000e-01  2.90452855e-04 
 8.01000000e-01  2.91434882e-04 
 8.02000000e-01  2.92418735e-04 
 8.03000000e-01  2.93404415e-04 
 8.04000000e-01  2.94391922e-04 
 8.05000000e-01  2.95381255e-04 
 8.06000000e-01  2.96372414e-04 
 8.07000000e-01  2.97365399e-04 
 8.08000000e-01  2.98360210e-04 
 8.09000000e-01  2.99356846e-04 
 8.10000000e-01  3.00355308e-04 
 8.11000000e-01  3.01355594e-04 
 8.12000000e-01  3.02357706e-04 
 8.13000000e-01  3.03361642e-04 
 8.14000000e-01  3.04367402e-04 
 8.15000000e-01  3.05374986e-04 
 8.16000000e-01  3.06384394e-04 
 8.17000000e-01  3.07395625e-04 
 8.18000000e-01  3.08408679e-04 
 8.19000000e-01  3.09423556e-04 
 8.20000000e-01  3.10440255e-04 
 8.21000000e-01  3.11458777e-04 
 8.22000000e-01  3.12479120e-04 
 8.23000000e-01  3.13501284e-04 
 8.24000000e-01  3.14525269e-04 
 8.25000000e-01  3.15551075e-04 
 8.26000000e-01  3.16578701e-04 
 8.27000000e-01  3.17608147e-04 
 8.28000000e-01  3.18639412e-04 
 8.29000000e-01  3.19672497e-04 
 8.30000000e-01  3.20707399e-04 
 8.31000000e-01  3.21744120e-04 
 8.32000000e-01  3.22782659e-04 
 8.33000000e-01  3.23823014e-04 
 8.34000000e-01  3.24865186e-04 
 8.35000000e-01  3.25909175e-04 
 8.36000000e-01  3.26954979e-04 
 8.37000000e-01  3.28002598e-04 
 8.38000000e-01  3.29052032e-04 
 8.39000000e-01  3.30103280e-04 
 8.40000000e-01  3.31156341e-04 
 8.41000000e-01  3.32211216e-04 
 8.42000000e-01  3.33267903e-04 
 8.43000000e-01  3.34326402e-04 
 8.44000000e-01  3.35386712e-04 
 8.45000000e-01  3.36448833e-04 
 8.46000000e-01  3.37512764e-04 
 8.47000000e-01  3.38578505e-04 
 8.48000000e-01  3.39646054e-04 
 8.49000000e-01  3.40715412e-04 
 8.50000000e-01  3.41786578e-04 
 8.51000000e-01  3.42859550e-04 
 8.52000000e-01  3.43934329e-04 
 8.53000000e-01  3.45010913e-04 
 8.54000000e-01  3.46089302e-04 
 8.55000000e-01  3.47169496e-04 
 8.56000000e-01  3.48251493e-04 
 8.57000000e-01  3.49335293e-04 
 8.58000000e-01  3.50420894e-04 
 8.59000000e-01  3.51508298e-04 
 8.60000000e-01  3.52597501e-04 
 8.61000000e-01  3.53688505e-04 
 8.62000000e-01  3.54781307e-04 
 8.63000000e-01  3.55875908e-04 
 8.64000000e-01  3.56972307e-04 
 8.65000000e-01  3.58070502e-04 
 8.66000000e-01  3.59170492e-04 
 8.67000000e-01  3.60272278e-04 
 8.68000000e-01  3.61375858e-04 
 8.69000000e-01  3.62481232e-04 
 8.70000000e-01  3.63588397e-04 
 8.71000000e-01  3.64697355e-04 
 8.72000000e-01  3.65808103e-04 
 8.73000000e-01  3.66920641e-04 
 8.74000000e-01  3.68034968e-04 
 8.75000000e-01  3.69151082e-04 
 8.76000000e-01  3.70268984e-04 
 8.77000000e-01  3.71388672e-04 
 8.78000000e-01  3.72510145e-04 
 8.79000000e-01  3.73633403e-04 
 8.80000000e-01  3.74758443e-04 
 8.81000000e-01  3.75885266e-04 
 8.82000000e-01  3.77013870e-04 
 8.83000000e-01  3.78144255e-04 
 8.84000000e-01  3.79276419e-04 
 8.85000000e-01  3.80410361e-04 
 8.86000000e-01  3.81546080e-04 
 8.87000000e-01  3.82683575e-04 
 8.88000000e-01  3.83822845e-04 
 8.89000000e-01  3.84963890e-04 
 8.90000000e-01  3.86106707e-04 
 8.91000000e-01  3.87251296e-04 
 8.92000000e-01  3.88397656e-04 
 8.93000000e-01  3.89545786e-04 
 8.94000000e-01  3.90695684e-04 
 8.95000000e-01  3.91847349e-04 
 8.96000000e-01  3.93000781e-04 
 8.97000000e-01  3.94155977e-04 
 8.98000000e-01  3.95312938e-04 
 8.99000000e-01  3.96471661e-04 
 9.00000000e-01  3.97632146e-04 
 9.01000000e-01  3.98794391e-04 
 9.02000000e-01  3.99958395e-04 
 9.03000000e-01  4.01124157e-04 
 9.04000000e-01  4.02291675e-04 
 9.05000000e-01  4.03460949e-04 
 9.06000000e-01  4.04631977e-04 
 9.07000000e-01  4.05804758e-04 
 9.08000000e-01  4.06979290e-04 
 9.09000000e-01  4.08155573e-04 
 9.10000000e-01  4.09333605e-04 
 9.11000000e-01  4.10513384e-04 
 9.12000000e-01  4.11694910e-04 
 9.13000000e-01  4.12878180e-04 
 9.14000000e-01  4.14063194e-04 
 9.15000000e-01  4.15249951e-04 
 9.16000000e-01  4.16438448e-04 
 9.17000000e-01  4.17628685e-04 
 9.18000000e-01  4.18820659e-04 
 9.19000000e-01  4.20014371e-04 
 9.20000000e-01  4.21209818e-04 
 9.21000000e-01  4.22406998e-04 
 9.22000000e-01  4.23605911e-04 
 9.23000000e-01  4.24806555e-04 
 9.24000000e-01  4.26008929e-04 
 9.25000000e-01  4.27213030e-04 
 9.26000000e-01  4.28418858e-04 
 9.27000000e-01  4.29626411e-04 
 9.28000000e-01  4.30835688e-04 
 9.29000000e-01  4.32046686e-04 
 9.30000000e-01  4.33259405e-04 
 9.31000000e-01  4.34473843e-04 
 9.32000000e-01  4.35689998e-04 
 9.33000000e-01  4.36907869e-04 
 9.34000000e-01  4.38127454e-04 
 9.35000000e-01  4.39348752e-04 
 9.36000000e-01  4.40571760e-04 
 9.37000000e-01  4.41796478e-04 
 9.38000000e-01  4.43022904e-04 
 9.39000000e-01  4.44251036e-04 
 9.40000000e-01  4.45480873e-04 
 9.41000000e-01  4.46712412e-04 
 9.42000000e-01  4.47945653e-04 
 9.43000000e-01  4.49180593e-04 
 9.44000000e-01  4.50417231e-04 
 9.45000000e-01  4.51655564e-04 
 9.46000000e-01  4.52895593e-04 
 9.47000000e-01  4.54137314e-04 
 9.48000000e-01  4.55380725e-04 
 9.49000000e-01  4.56625826e-04 
 9.50000000e-01  4.57872615e-04 
 9.51000000e-01  4.59121088e-04 
 9.52000000e-01  4.60371246e-04 
 9.53000000e-01  4.61623086e-04 
 9.54000000e-01  4.62876606e-04 
 9.55000000e-01  4.64131804e-04 
 9.56000000e-01  4.65388680e-04 
 9.57000000e-01  4.66647229e-04 
 9.58000000e-01  4.67907452e-04 
 9.59000000e-01  4.69169346e-04 
 9.60000000e-01  4.70432909e-04 
 9.61000000e-01  4.71698139e-04 
 9.62000000e-01  4.72965034e-04 
 9.63000000e-01  4.74233593e-04 
 9.64000000e-01  4.75503814e-04 
 9.65000000e-01  4.76775694e-04 
 9.66000000e-01  4.78049231e-04 
 9.67000000e-01  4.79324425e-04 
 9.68000000e-01  4.80601272e-04 
 9.69000000e-01  4.81879771e-04 
 9.70000000e-01  4.83159920e-04 
 9.71000000e-01  4.84441716e-04 
 9.72000000e-01  4.85725159e-04 
 9.73000000e-01  4.87010245e-04 
 9.74000000e-01  4.88296972e-04 
 9.75000000e-01  4.89585340e-04 
 9.76000000e-01  4.90875345e-04 
 9.77000000e-01  4.92166985e-04 
 9.78000000e-01  4.93460259e-04 
 9.79000000e-01  4.94755165e-04 
 9.80000000e-01  4.96051699e-04 
 9.81000000e-01  4.97349861e-04 
 9.82000000e-01  4.98649648e-04 
 9.83000000e-01  4.99951058e-04 
 9.84000000e-01  5.01254088e-04 
 9.85000000e-01  5.02558737e-04 
 9.86000000e-01  5.03865002e-04 
 9.87000000e-01  5.05172882e-04 
 9.88000000e-01  5.06482374e-04 
 9.89000000e-01  5.07793475e-04 
 9.90000000e-01  5.09106184e-04 
 9.91000000e-01  5.10420499e-04 
 9.92000000e-01  5.11736417e-04 
 9.93000000e-01  5.13053935e-04 
 9.94000000e-01  5.14373052e-04 
 9.95000000e-01  5.15693766e-04 
 9.96000000e-01  5.17016074e-04 
 9.97000000e-01  5.18339973e-04 
 9.98000000e-01  5.19665462e-04 
 9.99000000e-01  5.20992538e-04 
 1.00000000e+00  5.22321200e-04 
 1.00100000e+00  5.23651443e-04 
 1.00200000e+00  5.24983267e-04 
 1.00300000e+00  5.26316668e-04 
 1.00400000e+00  5.27651645e-04 
 1.00500000e+00  5.28988195e-04 
 1.00600000e+00  5.30326316e-04 
 1.00700000e+00  5.31666005e-04 
 1.00800000e+00  5.33007259e-04 
 1.00900000e+00  5.34350077e-04 
 1.01000000e+00  5.35694457e-04 
 1.01100000e+00  5.37040394e-04 
 1.01200000e+00  5.38387888e-04 
 1.01300000e+00  5.39736935e-04 
 1.01400000e+00  5.41087533e-04 
 1.01500000e+00  5.42439680e-04 
 1.01600000e+00  5.43793373e-04 
 1.01700000e+00  5.45148610e-04 
 1.01800000e+00  5.46505388e-04 
 1.01900000e+00  5.47863704e-04 
 1.02000000e+00  5.49223556e-04 
 1.02100000e+00  5.50584942e-04 
 1.02200000e+00  5.51947858e-04 
 1.02300000e+00  5.53312303e-04 
 1.02400000e+00  5.54678273e-04 
 1.02500000e+00  5.56045766e-04 
 1.02600000e+00  5.57414780e-04 
 1.02700000e+00  5.58785312e-04 
 1.02800000e+00  5.60157359e-04 
 1.02900000e+00  5.61530918e-04 
 1.03000000e+00  5.62905988e-04 
 1.03100000e+00  5.64282564e-04 
 1.03200000e+00  5.65660645e-04 
 1.03300000e+00  5.67040228e-04 
 1.03400000e+00  5.68421310e-04 
 1.03500000e+00  5.69803889e-04 
 1.03600000e+00  5.71187961e-04 
 1.03700000e+00  5.72573524e-04 
 1.03800000e+00  5.73960575e-04 
 1.03900000e+00  5.75349112e-04 
 1.04000000e+00  5.76739132e-04 
 1.04100000e+00  5.78130631e-04 
 1.04200000e+00  5.79523608e-04 
 1.04300000e+00  5.80918059e-04 
 1.04400000e+00  5.82313981e-04 
 1.04500000e+00  5.83711372e-04 
 1.04600000e+00  5.85110230e-04 
 1.04700000e+00  5.86510550e-04 
 1.04800000e+00  5.87912330e-04 
 1.04900000e+00  5.89315568e-04 
 1.05000000e+00  5.90720260e-04 
 1.05100000e+00  5.92126404e-04 
 1.05200000e+00  5.93533996e-04 
 1.05300000e+00  5.94943034e-04 
 1.05400000e+00  5.96353515e-04 
 1.05500000e+00  5.97765437e-04 
 1.05600000e+00  5.99178795e-04 
 1.05700000e+00  6.00593587e-04 
 1.05800000e+00  6.02009810e-04 
 1.05900000e+00  6.03427461e-04 
 1.06000000e+00  6.04846538e-04 
 1.06100000e+00  6.06267037e-04 
 1.06200000e+00  6.07688954e-04 
 1.06300000e+00  6.09112289e-04 
 1.06400000e+00  6.10537036e-04 
 1.06500000e+00  6.11963193e-04 
 1.06600000e+00  6.13390758e-04 
 1.06700000e+00  6.14819726e-04 
 1.06800000e+00  6.16250096e-04 
 1.06900000e+00  6.17681863e-04 
 1.07000000e+00  6.19115025e-04 
 1.07100000e+00  6.20549579e-04 
 1.07200000e+00  6.21985522e-04 
 1.07300000e+00  6.23422850e-04 
 1.07400000e+00  6.24861560e-04 
 1.07500000e+00  6.26301650e-04 
 1.07600000e+00  6.27743116e-04 
 1.07700000e+00  6.29185955e-04 
 1.07800000e+00  6.30630164e-04 
 1.07900000e+00  6.32075739e-04 
 1.08000000e+00  6.33522678e-04 
 1.08100000e+00  6.34970977e-04 
 1.08200000e+00  6.36420633e-04 
 1.08300000e+00  6.37871643e-04 
 1.08400000e+00  6.39324004e-04 
 1.08500000e+00  6.40777712e-04 
 1.08600000e+00  6.42232765e-04 
 1.08700000e+00  6.43689158e-04 
 1.08800000e+00  6.45146889e-04 
 1.08900000e+00  6.46605954e-04 
 1.09000000e+00  6.48066351e-04 
 1.09100000e+00  6.49528075e-04 
 1.09200000e+00  6.50991124e-04 
 1.09300000e+00  6.52455494e-04 
 1.09400000e+00  6.53921182e-04 
 1.09500000e+00  6.55388185e-04 
 1.09600000e+00  6.56856498e-04 
 1.09700000e+00  6.58326120e-04 
 1.09800000e+00  6.59797046e-04 
 1.09900000e+00  6.61269273e-04 
 1.10000000e+00  6.62742799e-04 
 1.10100000e+00  6.64217618e-04 
 1.10200000e+00  6.65693729e-04 
 1.10300000e+00  6.67171127e-04 
 1.10400000e+00  6.68649809e-04 
 1.10500000e+00  6.70129772e-04 
 1.10600000e+00  6.71611012e-04 
 1.10700000e+00  6.73093526e-04 
 1.10800000e+00  6.74577311e-04 
 1.10900000e+00  6.76062363e-04 
 1.11000000e+00  6.77548678e-04 
 1.11100000e+00  6.79036253e-04 
 1.11200000e+00  6.80525084e-04 
 1.11300000e+00  6.82015169e-04 
 1.11400000e+00  6.83506503e-04 
 1.11500000e+00  6.84999083e-04 
 1.11600000e+00  6.86492906e-04 
 1.11700000e+00  6.87987967e-04 
 1.11800000e+00  6.89484264e-04 
 1.11900000e+00  6.90981793e-04 
 1.12000000e+00  6.92480550e-04 
 1.12100000e+00  6.93980532e-04 
 1.12200000e+00  6.95481734e-04 
 1.12300000e+00  6.96984155e-04 
 1.12400000e+00  6.98487789e-04 
 1.12500000e+00  6.99992633e-04 
 1.12600000e+00  7.01498684e-04 
 1.12700000e+00  7.03005939e-04 
 1.12800000e+00  7.04514392e-04 
 1.12900000e+00  7.06024042e-04 
 1.13000000e+00  7.07534883e-04 
 1.13100000e+00  7.09046913e-04 
 1.13200000e+00  7.10560128e-04 
 1.13300000e+00  7.12074524e-04 
 1.13400000e+00  7.13590097e-04 
 1.13500000e+00  7.15106844e-04 
 1.13600000e+00  7.16624761e-04 
 1.13700000e+00  7.18143844e-04 
 1.13800000e+00  7.19664090e-04 
 1.13900000e+00  7.21185495e-04 
 1.14000000e+00  7.22708055e-04 
 1.14100000e+00  7.24231766e-04 
 1.14200000e+00  7.25756625e-04 
 1.14300000e+00  7.27282627e-04 
 1.14400000e+00  7.28809770e-04 
 1.14500000e+00  7.30338049e-04 
 1.14600000e+00  7.31867460e-04 
 1.14700000e+00  7.33398000e-04 
 1.14800000e+00  7.34929665e-04 
 1.14900000e+00  7.36462451e-04 
 1.15000000e+00  7.37996354e-04 
 1.15100000e+00  7.39531371e-04 
 1.15200000e+00  7.41067497e-04 
 1.15300000e+00  7.42604728e-04 
 1.15400000e+00  7.44143062e-04 
 1.15500000e+00  7.45682494e-04 
 1.15600000e+00  7.47223019e-04 
 1.15700000e+00  7.48764635e-04 
 1.15800000e+00  7.50307337e-04 
 1.15900000e+00  7.51851122e-04 
 1.16000000e+00  7.53395985e-04 
 1.16100000e+00  7.54941922e-04 
 1.16200000e+00  7.56488930e-04 
 1.16300000e+00  7.58037005e-04 
 1.16400000e+00  7.59586143e-04 
 1.16500000e+00  7.61136340e-04 
 1.16600000e+00  7.62687591e-04 
 1.16700000e+00  7.64239894e-04 
 1.16800000e+00  7.65793243e-04 
 1.16900000e+00  7.67347635e-04 
 1.17000000e+00  7.68903067e-04 
 1.17100000e+00  7.70459533e-04 
 1.17200000e+00  7.72017030e-04 
 1.17300000e+00  7.73575555e-04 
 1.17400000e+00  7.75135102e-04 
 1.17500000e+00  7.76695668e-04 
 1.17600000e+00  7.78257249e-04 
 1.17700000e+00  7.79819841e-04 
 1.17800000e+00  7.81383440e-04 
 1.17900000e+00  7.82948041e-04 
 1.18000000e+00  7.84513641e-04 
 1.18100000e+00  7.86080236e-04 
 1.18200000e+00  7.87647821e-04 
 1.18300000e+00  7.89216393e-04 
 1.18400000e+00  7.90785947e-04 
 1.18500000e+00  7.92356480e-04 
 1.18600000e+00  7.93927986e-04 
 1.18700000e+00  7.95500463e-04 
 1.18800000e+00  7.97073905e-04 
 1.18900000e+00  7.98648310e-04 
 1.19000000e+00  8.00223672e-04 
 1.19100000e+00  8.01799987e-04 
 1.19200000e+00  8.03377252e-04 
 1.19300000e+00  8.04955462e-04 
 1.19400000e+00  8.06534613e-04 
 1.19500000e+00  8.08114701e-04 
 1.19600000e+00  8.09695722e-04 
 1.19700000e+00  8.11277671e-04 
 1.19800000e+00  8.12860544e-04 
 1.19900000e+00  8.14444338e-04 
 1.20000000e+00  8.16029047e-04 
 1.20100000e+00  8.17614669e-04 
 1.20200000e+00  8.19201197e-04 
 1.20300000e+00  8.20788629e-04 
 1.20400000e+00  8.22376960e-04 
 1.20500000e+00  8.23966186e-04 
 1.20600000e+00  8.25556302e-04 
 1.20700000e+00  8.27147304e-04 
 1.20800000e+00  8.28739189e-04 
 1.20900000e+00  8.30331951e-04 
 1.21000000e+00  8.31925587e-04 
 1.21100000e+00  8.33520092e-04 
 1.21200000e+00  8.35115461e-04 
 1.21300000e+00  8.36711692e-04 
 1.21400000e+00  8.38308779e-04 
 1.21500000e+00  8.39906717e-04 
 1.21600000e+00  8.41505504e-04 
 1.21700000e+00  8.43105133e-04 
 1.21800000e+00  8.44705602e-04 
 1.21900000e+00  8.46306906e-04 
 1.22000000e+00  8.47909040e-04 
 1.22100000e+00  8.49512000e-04 
 1.22200000e+00  8.51115782e-04 
 1.22300000e+00  8.52720381e-04 
 1.22400000e+00  8.54325793e-04 
 1.22500000e+00  8.55932013e-04 
 1.22600000e+00  8.57539038e-04 
 1.22700000e+00  8.59146863e-04 
 1.22800000e+00  8.60755483e-04 
 1.22900000e+00  8.62364895e-04 
 1.23000000e+00  8.63975093e-04 
 1.23100000e+00  8.65586073e-04 
 1.23200000e+00  8.67197831e-04 
 1.23300000e+00  8.68810363e-04 
 1.23400000e+00  8.70423663e-04 
 1.23500000e+00  8.72037729e-04 
 1.23600000e+00  8.73652554e-04 
 1.23700000e+00  8.75268135e-04 
 1.23800000e+00  8.76884468e-04 
 1.23900000e+00  8.78501547e-04 
 1.24000000e+00  8.80119369e-04 
 1.24100000e+00  8.81737929e-04 
 1.24200000e+00  8.83357222e-04 
 1.24300000e+00  8.84977244e-04 
 1.24400000e+00  8.86597991e-04 
 1.24500000e+00  8.88219458e-04 
 1.24600000e+00  8.89841640e-04 
 1.24700000e+00  8.91464533e-04 
 1.24800000e+00  8.93088133e-04 
 1.24900000e+00  8.94712435e-04 
 1.25000000e+00  8.96337435e-04 
 1.25100000e+00  8.97963127e-04 
 1.25200000e+00  8.99589509e-04 
 1.25300000e+00  9.01216574e-04 
 1.25400000e+00  9.02844318e-04 
 1.25500000e+00  9.04472738e-04 
 1.25600000e+00  9.06101828e-04 
 1.25700000e+00  9.07731584e-04 
 1.25800000e+00  9.09362001e-04 
 1.25900000e+00  9.10993075e-04 
 1.26000000e+00  9.12624801e-04 
 1.26100000e+00  9.14257175e-04 
 1.26200000e+00  9.15890192e-04 
 1.26300000e+00  9.17523847e-04 
 1.26400000e+00  9.19158136e-04 
 1.26500000e+00  9.20793055e-04 
 1.26600000e+00  9.22428598e-04 
 1.26700000e+00  9.24064762e-04 
 1.26800000e+00  9.25701541e-04 
 1.26900000e+00  9.27338931e-04 
 1.27000000e+00  9.28976927e-04 
 1.27100000e+00  9.30615525e-04 
 1.27200000e+00  9.32254721e-04 
 1.27300000e+00  9.33894508e-04 
 1.27400000e+00  9.35534884e-04 
 1.27500000e+00  9.37175843e-04 
 1.27600000e+00  9.38817381e-04 
 1.27700000e+00  9.40459492e-04 
 1.27800000e+00  9.42102173e-04 
 1.27900000e+00  9.43745419e-04 
 1.28000000e+00  9.45389225e-04 
 1.28100000e+00  9.47033586e-04 
 1.28200000e+00  9.48678498e-04 
 1.28300000e+00  9.50323956e-04 
 1.28400000e+00  9.51969955e-04 
 1.28500000e+00  9.53616492e-04 
 1.28600000e+00  9.55263560e-04 
 1.28700000e+00  9.56911156e-04 
 1.28800000e+00  9.58559274e-04 
 1.28900000e+00  9.60207911e-04 
 1.29000000e+00  9.61857060e-04 
 1.29100000e+00  9.63506719e-04 
 1.29200000e+00  9.65156881e-04 
 1.29300000e+00  9.66807543e-04 
 1.29400000e+00  9.68458700e-04 
 1.29500000e+00  9.70110346e-04 
 1.29600000e+00  9.71762477e-04 
 1.29700000e+00  9.73415089e-04 
 1.29800000e+00  9.75068176e-04 
 1.29900000e+00  9.76721735e-04 
 1.30000000e+00  9.78375760e-04 
 1.30100000e+00  9.80030246e-04 
 1.30200000e+00  9.81685189e-04 
 1.30300000e+00  9.83340584e-04 
 1.30400000e+00  9.84996427e-04 
 1.30500000e+00  9.86652712e-04 
 1.30600000e+00  9.88309435e-04 
 1.30700000e+00  9.89966591e-04 
 1.30800000e+00  9.91624175e-04 
 1.30900000e+00  9.93282183e-04 
 1.31000000e+00  9.94940610e-04 
 1.31100000e+00  9.96599451e-04 
 1.31200000e+00  9.98258702e-04 
 1.31300000e+00  9.99918356e-04 
 1.31400000e+00  1.00157841e-03 
 1.31500000e+00  1.00323886e-03 
 1.31600000e+00  1.00489970e-03 
 1.31700000e+00  1.00656093e-03 
 1.31800000e+00  1.00822253e-03 
 1.31900000e+00  1.00988451e-03 
 1.32000000e+00  1.01154687e-03 
 1.32100000e+00  1.01320959e-03 
 1.32200000e+00  1.01487267e-03 
 1.32300000e+00  1.01653610e-03 
 1.32400000e+00  1.01819989e-03 
 1.32500000e+00  1.01986403e-03 
 1.32600000e+00  1.02152851e-03 
 1.32700000e+00  1.02319332e-03 
 1.32800000e+00  1.02485847e-03 
 1.32900000e+00  1.02652395e-03 
 1.33000000e+00  1.02818975e-03 
 1.33100000e+00  1.02985587e-03 
 1.33200000e+00  1.03152230e-03 
 1.33300000e+00  1.03318904e-03 
 1.33400000e+00  1.03485608e-03 
 1.33500000e+00  1.03652343e-03 
 1.33600000e+00  1.03819106e-03 
 1.33700000e+00  1.03985899e-03 
 1.33800000e+00  1.04152720e-03 
 1.33900000e+00  1.04319569e-03 
 1.34000000e+00  1.04486446e-03 
 1.34100000e+00  1.04653349e-03 
 1.34200000e+00  1.04820279e-03 
 1.34300000e+00  1.04987235e-03 
 1.34400000e+00  1.05154217e-03 
 1.34500000e+00  1.05321224e-03 
 1.34600000e+00  1.05488255e-03 
 1.34700000e+00  1.05655310e-03 
 1.34800000e+00  1.05822389e-03 
 1.34900000e+00  1.05989491e-03 
 1.35000000e+00  1.06156616e-03 
 1.35100000e+00  1.06323763e-03 
 1.35200000e+00  1.06490931e-03 
 1.35300000e+00  1.06658121e-03 
 1.35400000e+00  1.06825331e-03 
 1.35500000e+00  1.06992562e-03 
 1.35600000e+00  1.07159812e-03 
 1.35700000e+00  1.07327082e-03 
 1.35800000e+00  1.07494370e-03 
 1.35900000e+00  1.07661677e-03 
 1.36000000e+00  1.07829001e-03 
 1.36100000e+00  1.07996343e-03 
 1.36200000e+00  1.08163701e-03 
 1.36300000e+00  1.08331076e-03 
 1.36400000e+00  1.08498466e-03 
 1.36500000e+00  1.08665872e-03 
 1.36600000e+00  1.08833293e-03 
 1.36700000e+00  1.09000728e-03 
 1.36800000e+00  1.09168177e-03 
 1.36900000e+00  1.09335639e-03 
 1.37000000e+00  1.09503114e-03 
 1.37100000e+00  1.09670602e-03 
 1.37200000e+00  1.09838101e-03 
 1.37300000e+00  1.10005612e-03 
 1.37400000e+00  1.10173134e-03 
 1.37500000e+00  1.10340667e-03 
 1.37600000e+00  1.10508209e-03 
 1.37700000e+00  1.10675761e-03 
 1.37800000e+00  1.10843322e-03 
 1.37900000e+00  1.11010891e-03 
 1.38000000e+00  1.11178468e-03 
 1.38100000e+00  1.11346053e-03 
 1.38200000e+00  1.11513645e-03 
 1.38300000e+00  1.11681243e-03 
 1.38400000e+00  1.11848847e-03 
 1.38500000e+00  1.12016457e-03 
 1.38600000e+00  1.12184072e-03 
 1.38700000e+00  1.12351692e-03 
 1.38800000e+00  1.12519316e-03 
 1.38900000e+00  1.12686943e-03 
 1.39000000e+00  1.12854573e-03 
 1.39100000e+00  1.13022206e-03 
 1.39200000e+00  1.13189841e-03 
 1.39300000e+00  1.13357478e-03 
 1.39400000e+00  1.13525116e-03 
 1.39500000e+00  1.13692755e-03 
 1.39600000e+00  1.13860394e-03 
 1.39700000e+00  1.14028032e-03 
 1.39800000e+00  1.14195670e-03 
 1.39900000e+00  1.14363306e-03 
 1.40000000e+00  1.14530941e-03 
 1.40100000e+00  1.14698573e-03 
 1.40200000e+00  1.14866203e-03 
 1.40300000e+00  1.15033829e-03 
 1.40400000e+00  1.15201451e-03 
 1.40500000e+00  1.15369070e-03 
 1.40600000e+00  1.15536683e-03 
 1.40700000e+00  1.15704292e-03 
 1.40800000e+00  1.15871894e-03 
 1.40900000e+00  1.16039491e-03 
 1.41000000e+00  1.16207081e-03 
 1.41100000e+00  1.16374663e-03 
 1.41200000e+00  1.16542238e-03 
 1.41300000e+00  1.16709805e-03 
 1.41400000e+00  1.16877363e-03 
 1.41500000e+00  1.17044912e-03 
 1.41600000e+00  1.17212451e-03 
 1.41700000e+00  1.17379981e-03 
 1.41800000e+00  1.17547499e-03 
 1.41900000e+00  1.17715007e-03 
 1.42000000e+00  1.17882503e-03 
 1.42100000e+00  1.18049987e-03 
 1.42200000e+00  1.18217458e-03 
 1.42300000e+00  1.18384917e-03 
 1.42400000e+00  1.18552362e-03 
 1.42500000e+00  1.18719792e-03 
 1.42600000e+00  1.18887209e-03 
 1.42700000e+00  1.19054610e-03 
 1.42800000e+00  1.19221996e-03 
 1.42900000e+00  1.19389366e-03 
 1.43000000e+00  1.19556719e-03 
 1.43100000e+00  1.19724055e-03 
 1.43200000e+00  1.19891374e-03 
 1.43300000e+00  1.20058675e-03 
 1.43400000e+00  1.20225958e-03 
 1.43500000e+00  1.20393222e-03 
 1.43600000e+00  1.20560466e-03 
 1.43700000e+00  1.20727691e-03 
 1.43800000e+00  1.20894895e-03 
 1.43900000e+00  1.21062078e-03 
 1.44000000e+00  1.21229240e-03 
 1.44100000e+00  1.21396380e-03 
 1.44200000e+00  1.21563498e-03 
 1.44300000e+00  1.21730592e-03 
 1.44400000e+00  1.21897664e-03 
 1.44500000e+00  1.22064712e-03 
 1.44600000e+00  1.22231736e-03 
 1.44700000e+00  1.22398734e-03 
 1.44800000e+00  1.22565708e-03 
 1.44900000e+00  1.22732656e-03 
 1.45000000e+00  1.22899578e-03 
 1.45100000e+00  1.23066473e-03 
 1.45200000e+00  1.23233340e-03 
 1.45300000e+00  1.23400181e-03 
 1.45400000e+00  1.23566993e-03 
 1.45500000e+00  1.23733776e-03 
 1.45600000e+00  1.23900530e-03 
 1.45700000e+00  1.24067255e-03 
 1.45800000e+00  1.24233950e-03 
 1.45900000e+00  1.24400614e-03 
 1.46000000e+00  1.24567246e-03 
 1.46100000e+00  1.24733848e-03 
 1.46200000e+00  1.24900417e-03 
 1.46300000e+00  1.25066954e-03 
 1.46400000e+00  1.25233458e-03 
 1.46500000e+00  1.25399929e-03 
 1.46600000e+00  1.25566365e-03 
 1.46700000e+00  1.25732767e-03 
 1.46800000e+00  1.25899134e-03 
 1.46900000e+00  1.26065466e-03 
 1.47000000e+00  1.26231762e-03 
 1.47100000e+00  1.26398021e-03 
 1.47200000e+00  1.26564244e-03 
 1.47300000e+00  1.26730429e-03 
 1.47400000e+00  1.26896577e-03 
 1.47500000e+00  1.27062686e-03 
 1.47600000e+00  1.27228756e-03 
 1.47700000e+00  1.27394788e-03 
 1.47800000e+00  1.27560779e-03 
 1.47900000e+00  1.27726730e-03 
 1.48000000e+00  1.27892641e-03 
 1.48100000e+00  1.28058510e-03 
 1.48200000e+00  1.28224338e-03 
 1.48300000e+00  1.28390124e-03 
 1.48400000e+00  1.28555867e-03 
 1.48500000e+00  1.28721567e-03 
 1.48600000e+00  1.28887223e-03 
 1.48700000e+00  1.29052836e-03 
 1.48800000e+00  1.29218403e-03 
 1.48900000e+00  1.29383926e-03 
 1.49000000e+00  1.29549404e-03 
 1.49100000e+00  1.29714835e-03 
 1.49200000e+00  1.29880220e-03 
 1.49300000e+00  1.30045558e-03 
 1.49400000e+00  1.30210849e-03 
 1.49500000e+00  1.30376092e-03 
 1.49600000e+00  1.30541287e-03 
 1.49700000e+00  1.30706433e-03 
 1.49800000e+00  1.30871529e-03 
 1.49900000e+00  1.31036576e-03 
 1.50000000e+00  1.31201573e-03 
 1.50100000e+00  1.31366519e-03 
 1.50200000e+00  1.31531413e-03 
 1.50300000e+00  1.31696256e-03 
 1.50400000e+00  1.31861047e-03 
 1.50500000e+00  1.32025786e-03 
 1.50600000e+00  1.32190471e-03 
 1.50700000e+00  1.32355103e-03 
 1.50800000e+00  1.32519681e-03 
 1.50900000e+00  1.32684204e-03 
 1.51000000e+00  1.32848673e-03 
 1.51100000e+00  1.33013086e-03 
 1.51200000e+00  1.33177443e-03 
 1.51300000e+00  1.33341744e-03 
 1.51400000e+00  1.33505988e-03 
 1.51500000e+00  1.33670175e-03 
 1.51600000e+00  1.33834304e-03 
 1.51700000e+00  1.33998375e-03 
 1.51800000e+00  1.34162387e-03 
 1.51900000e+00  1.34326340e-03 
 1.52000000e+00  1.34490233e-03 
 1.52100000e+00  1.34654066e-03 
 1.52200000e+00  1.34817839e-03 
 1.52300000e+00  1.34981551e-03 
 1.52400000e+00  1.35145201e-03 
 1.52500000e+00  1.35308789e-03 
 1.52600000e+00  1.35472315e-03 
 1.52700000e+00  1.35635778e-03 
 1.52800000e+00  1.35799178e-03 
 1.52900000e+00  1.35962513e-03 
 1.53000000e+00  1.36125785e-03 
 1.53100000e+00  1.36288992e-03 
 1.53200000e+00  1.36452134e-03 
 1.53300000e+00  1.36615210e-03 
 1.53400000e+00  1.36778219e-03 
 1.53500000e+00  1.36941163e-03 
 1.53600000e+00  1.37104039e-03 
 1.53700000e+00  1.37266848e-03 
 1.53800000e+00  1.37429589e-03 
 1.53900000e+00  1.37592261e-03 
 1.54000000e+00  1.37754865e-03 
 1.54100000e+00  1.37917399e-03 
 1.54200000e+00  1.38079863e-03 
 1.54300000e+00  1.38242258e-03 
 1.54400000e+00  1.38404581e-03 
 1.54500000e+00  1.38566834e-03 
 1.54600000e+00  1.38729014e-03 
 1.54700000e+00  1.38891123e-03 
 1.54800000e+00  1.39053159e-03 
 1.54900000e+00  1.39215122e-03 
 1.55000000e+00  1.39377012e-03 
 1.55100000e+00  1.39538828e-03 
 1.55200000e+00  1.39700569e-03 
 1.55300000e+00  1.39862236e-03 
 1.55400000e+00  1.40023828e-03 
 1.55500000e+00  1.40185343e-03 
 1.55600000e+00  1.40346783e-03 
 1.55700000e+00  1.40508146e-03 
 1.55800000e+00  1.40669432e-03 
 1.55900000e+00  1.40830641e-03 
 1.56000000e+00  1.40991771e-03 
 1.56100000e+00  1.41152823e-03 
 1.56200000e+00  1.41313797e-03 
 1.56300000e+00  1.41474691e-03 
 1.56400000e+00  1.41635505e-03 
 1.56500000e+00  1.41796239e-03 
 1.56600000e+00  1.41956893e-03 
 1.56700000e+00  1.42117465e-03 
 1.56800000e+00  1.42277956e-03 
 1.56900000e+00  1.42438365e-03 
 1.57000000e+00  1.42598691e-03 
 1.57100000e+00  1.42758935e-03 
 1.57200000e+00  1.42919095e-03 
 1.57300000e+00  1.43079172e-03 
 1.57400000e+00  1.43239164e-03 
 1.57500000e+00  1.43399072e-03 
 1.57600000e+00  1.43558894e-03 
 1.57700000e+00  1.43718631e-03 
 1.57800000e+00  1.43878283e-03 
 1.57900000e+00  1.44037847e-03 
 1.58000000e+00  1.44197325e-03 
 1.58100000e+00  1.44356716e-03 
 1.58200000e+00  1.44516019e-03 
 1.58300000e+00  1.44675234e-03 
 1.58400000e+00  1.44834360e-03 
 1.58500000e+00  1.44993398e-03 
 1.58600000e+00  1.45152345e-03 
 1.58700000e+00  1.45311203e-03 
 1.58800000e+00  1.45469971e-03 
 1.58900000e+00  1.45628648e-03 
 1.59000000e+00  1.45787233e-03 
 1.59100000e+00  1.45945727e-03 
 1.59200000e+00  1.46104129e-03 
 1.59300000e+00  1.46262439e-03 
 1.59400000e+00  1.46420655e-03 
 1.59500000e+00  1.46578778e-03 
 1.59600000e+00  1.46736808e-03 
 1.59700000e+00  1.46894743e-03 
 1.59800000e+00  1.47052583e-03 
 1.59900000e+00  1.47210329e-03 
 1.60000000e+00  1.47367979e-03 
 1.60100000e+00  1.47525533e-03 
 1.60200000e+00  1.47682990e-03 
 1.60300000e+00  1.47840351e-03 
 1.60400000e+00  1.47997615e-03 
 1.60500000e+00  1.48154781e-03 
 1.60600000e+00  1.48311849e-03 
 1.60700000e+00  1.48468818e-03 
 1.60800000e+00  1.48625689e-03 
 1.60900000e+00  1.48782460e-03 
 1.61000000e+00  1.48939132e-03 
 1.61100000e+00  1.49095703e-03 
 1.61200000e+00  1.49252174e-03 
 1.61300000e+00  1.49408543e-03 
 1.61400000e+00  1.49564812e-03 
 1.61500000e+00  1.49720978e-03 
 1.61600000e+00  1.49877042e-03 
 1.61700000e+00  1.50033004e-03 
 1.61800000e+00  1.50188862e-03 
 1.61900000e+00  1.50344617e-03 
 1.62000000e+00  1.50500268e-03 
 1.62100000e+00  1.50655815e-03 
 1.62200000e+00  1.50811257e-03 
 1.62300000e+00  1.50966593e-03 
 1.62400000e+00  1.51121824e-03 
 1.62500000e+00  1.51276949e-03 
 1.62600000e+00  1.51431968e-03 
 1.62700000e+00  1.51586880e-03 
 1.62800000e+00  1.51741684e-03 
 1.62900000e+00  1.51896381e-03 
 1.63000000e+00  1.52050970e-03 
 1.63100000e+00  1.52205451e-03 
 1.63200000e+00  1.52359822e-03 
 1.63300000e+00  1.52514084e-03 
 1.63400000e+00  1.52668237e-03 
 1.63500000e+00  1.52822279e-03 
 1.63600000e+00  1.52976211e-03 
 1.63700000e+00  1.53130032e-03 
 1.63800000e+00  1.53283742e-03 
 1.63900000e+00  1.53437340e-03 
 1.64000000e+00  1.53590826e-03 
 1.64100000e+00  1.53744199e-03 
 1.64200000e+00  1.53897460e-03 
 1.64300000e+00  1.54050607e-03 
 1.64400000e+00  1.54203640e-03 
 1.64500000e+00  1.54356560e-03 
 1.64600000e+00  1.54509364e-03 
 1.64700000e+00  1.54662054e-03 
 1.64800000e+00  1.54814629e-03 
 1.64900000e+00  1.54967088e-03 
 1.65000000e+00  1.55119430e-03 
 1.65100000e+00  1.55271657e-03 
 1.65200000e+00  1.55423766e-03 
 1.65300000e+00  1.55575758e-03 
 1.65400000e+00  1.55727632e-03 
 1.65500000e+00  1.55879389e-03 
 1.65600000e+00  1.56031027e-03 
 1.65700000e+00  1.56182545e-03 
 1.65800000e+00  1.56333945e-03 
 1.65900000e+00  1.56485225e-03 
 1.66000000e+00  1.56636385e-03 
 1.66100000e+00  1.56787425e-03 
 1.66200000e+00  1.56938344e-03 
 1.66300000e+00  1.57089141e-03 
 1.66400000e+00  1.57239818e-03 
 1.66500000e+00  1.57390372e-03 
 1.66600000e+00  1.57540803e-03 
 1.66700000e+00  1.57691112e-03 
 1.66800000e+00  1.57841298e-03 
 1.66900000e+00  1.57991361e-03 
 1.67000000e+00  1.58141299e-03 
 1.67100000e+00  1.58291114e-03 
 1.67200000e+00  1.58440803e-03 
 1.67300000e+00  1.58590368e-03 
 1.67400000e+00  1.58739807e-03 
 1.67500000e+00  1.58889121e-03 
 1.67600000e+00  1.59038308e-03 
 1.67700000e+00  1.59187369e-03 
 1.67800000e+00  1.59336303e-03 
 1.67900000e+00  1.59485110e-03 
 1.68000000e+00  1.59633789e-03 
 1.68100000e+00  1.59782340e-03 
 1.68200000e+00  1.59930762e-03 
 1.68300000e+00  1.60079056e-03 
 1.68400000e+00  1.60227221e-03 
 1.68500000e+00  1.60375256e-03 
 1.68600000e+00  1.60523161e-03 
 1.68700000e+00  1.60670936e-03 
 1.68800000e+00  1.60818581e-03 
 1.68900000e+00  1.60966094e-03 
 1.69000000e+00  1.61113476e-03 
 1.69100000e+00  1.61260727e-03 
 1.69200000e+00  1.61407845e-03 
 1.69300000e+00  1.61554831e-03 
 1.69400000e+00  1.61701684e-03 
 1.69500000e+00  1.61848404e-03 
 1.69600000e+00  1.61994991e-03 
 1.69700000e+00  1.62141443e-03 
 1.69800000e+00  1.62287762e-03 
 1.69900000e+00  1.62433945e-03 
 1.70000000e+00  1.62579994e-03 
 1.70100000e+00  1.62725907e-03 
 1.70200000e+00  1.62871685e-03 
 1.70300000e+00  1.63017327e-03 
 1.70400000e+00  1.63162832e-03 
 1.70500000e+00  1.63308201e-03 
 1.70600000e+00  1.63453432e-03 
 1.70700000e+00  1.63598526e-03 
 1.70800000e+00  1.63743482e-03 
 1.70900000e+00  1.63888300e-03 
 1.71000000e+00  1.64032980e-03 
 1.71100000e+00  1.64177520e-03 
 1.71200000e+00  1.64321922e-03 
 1.71300000e+00  1.64466184e-03 
 1.71400000e+00  1.64610306e-03 
 1.71500000e+00  1.64754288e-03 
 1.71600000e+00  1.64898129e-03 
 1.71700000e+00  1.65041829e-03 
 1.71800000e+00  1.65185388e-03 
 1.71900000e+00  1.65328806e-03 
 1.72000000e+00  1.65472081e-03 
 1.72100000e+00  1.65615214e-03 
 1.72200000e+00  1.65758204e-03 
 1.72300000e+00  1.65901052e-03 
 1.72400000e+00  1.66043756e-03 
 1.72500000e+00  1.66186317e-03 
 1.72600000e+00  1.66328733e-03 
 1.72700000e+00  1.66471005e-03 
 1.72800000e+00  1.66613133e-03 
 1.72900000e+00  1.66755115e-03 
 1.73000000e+00  1.66896952e-03 
 1.73100000e+00  1.67038644e-03 
 1.73200000e+00  1.67180189e-03 
 1.73300000e+00  1.67321589e-03 
 1.73400000e+00  1.67462841e-03 
 1.73500000e+00  1.67603946e-03 
 1.73600000e+00  1.67744905e-03 
 1.73700000e+00  1.67885715e-03 
 1.73800000e+00  1.68026378e-03 
 1.73900000e+00  1.68166892e-03 
 1.74000000e+00  1.68307258e-03 
 1.74100000e+00  1.68447474e-03 
 1.74200000e+00  1.68587542e-03 
 1.74300000e+00  1.68727459e-03 
 1.74400000e+00  1.68867227e-03 
 1.74500000e+00  1.69006845e-03 
 1.74600000e+00  1.69146312e-03 
 1.74700000e+00  1.69285628e-03 
 1.74800000e+00  1.69424793e-03 
 1.74900000e+00  1.69563807e-03 
 1.75000000e+00  1.69702668e-03 
 1.75100000e+00  1.69841378e-03 
 1.75200000e+00  1.69979935e-03 
 1.75300000e+00  1.70118339e-03 
 1.75400000e+00  1.70256590e-03 
 1.75500000e+00  1.70394688e-03 
 1.75600000e+00  1.70532632e-03 
 1.75700000e+00  1.70670422e-03 
 1.75800000e+00  1.70808058e-03 
 1.75900000e+00  1.70945539e-03 
 1.76000000e+00  1.71082865e-03 
 1.76100000e+00  1.71220036e-03 
 1.76200000e+00  1.71357052e-03 
 1.76300000e+00  1.71493911e-03 
 1.76400000e+00  1.71630614e-03 
 1.76500000e+00  1.71767161e-03 
 1.76600000e+00  1.71903551e-03 
 1.76700000e+00  1.72039784e-03 
 1.76800000e+00  1.72175860e-03 
 1.76900000e+00  1.72311778e-03 
 1.77000000e+00  1.72447538e-03 
 1.77100000e+00  1.72583140e-03 
 1.77200000e+00  1.72718583e-03 
 1.77300000e+00  1.72853867e-03 
 1.77400000e+00  1.72988992e-03 
 1.77500000e+00  1.73123958e-03 
 1.77600000e+00  1.73258764e-03 
 1.77700000e+00  1.73393410e-03 
 1.77800000e+00  1.73527895e-03 
 1.77900000e+00  1.73662220e-03 
 1.78000000e+00  1.73796384e-03 
 1.78100000e+00  1.73930387e-03 
 1.78200000e+00  1.74064229e-03 
 1.78300000e+00  1.74197908e-03 
 1.78400000e+00  1.74331426e-03 
 1.78500000e+00  1.74464781e-03 
 1.78600000e+00  1.74597974e-03 
 1.78700000e+00  1.74731004e-03 
 1.78800000e+00  1.74863870e-03 
 1.78900000e+00  1.74996573e-03 
 1.79000000e+00  1.75129113e-03 
 1.79100000e+00  1.75261488e-03 
 1.79200000e+00  1.75393699e-03 
 1.79300000e+00  1.75525745e-03 
 1.79400000e+00  1.75657627e-03 
 1.79500000e+00  1.75789343e-03 
 1.79600000e+00  1.75920894e-03 
 1.79700000e+00  1.76052280e-03 
 1.79800000e+00  1.76183499e-03 
 1.79900000e+00  1.76314552e-03 
 1.80000000e+00  1.76445439e-03 
