 0.00000000e+00  3.53259457e-10 
 1.00000000e-03  3.62904255e-10 
 2.00000000e-03  3.72811192e-10 
 3.00000000e-03  3.82987345e-10 
 4.00000000e-03  3.93439977e-10 
 5.00000000e-03  4.04176549e-10 
 6.00000000e-03  4.15204719e-10 
 7.00000000e-03  4.26532349e-10 
 8.00000000e-03  4.38167512e-10 
 9.00000000e-03  4.50118494e-10 
 1.00000000e-02  4.62393805e-10 
 1.10000000e-02  4.75002179e-10 
 1.20000000e-02  4.87952583e-10 
 1.30000000e-02  5.01254223e-10 
 1.40000000e-02  5.14916551e-10 
 1.50000000e-02  5.28949268e-10 
 1.60000000e-02  5.43362334e-10 
 1.70000000e-02  5.58165973e-10 
 1.80000000e-02  5.73370681e-10 
 1.90000000e-02  5.88987232e-10 
 2.00000000e-02  6.05026686e-10 
 2.10000000e-02  6.21500395e-10 
 2.20000000e-02  6.38420015e-10 
 2.30000000e-02  6.55797506e-10 
 2.40000000e-02  6.73645148e-10 
 2.50000000e-02  6.91975543e-10 
 2.60000000e-02  7.10801630e-10 
 2.70000000e-02  7.30136685e-10 
 2.80000000e-02  7.49994339e-10 
 2.90000000e-02  7.70388579e-10 
 3.00000000e-02  7.91333763e-10 
 3.10000000e-02  8.12844627e-10 
 3.20000000e-02  8.34936296e-10 
 3.30000000e-02  8.57624291e-10 
 3.40000000e-02  8.80924543e-10 
 3.50000000e-02  9.04853401e-10 
 3.60000000e-02  9.29427645e-10 
 3.70000000e-02  9.54664494e-10 
 3.80000000e-02  9.80581620e-10 
 3.90000000e-02  1.00719716e-09 
 4.00000000e-02  1.03452972e-09 
 4.10000000e-02  1.06259840e-09 
 4.20000000e-02  1.09142279e-09 
 4.30000000e-02  1.12102302e-09 
 4.40000000e-02  1.15141970e-09 
 4.50000000e-02  1.18263402e-09 
 4.60000000e-02  1.21468771e-09 
 4.70000000e-02  1.24760306e-09 
 4.80000000e-02  1.28140294e-09 
 4.90000000e-02  1.31611082e-09 
 5.00000000e-02  1.35175079e-09 
 5.10000000e-02  1.38834755e-09 
 5.20000000e-02  1.42592645e-09 
 5.30000000e-02  1.46451350e-09 
 5.40000000e-02  1.50413538e-09 
 5.50000000e-02  1.54481947e-09 
 5.60000000e-02  1.58659384e-09 
 5.70000000e-02  1.62948731e-09 
 5.80000000e-02  1.67352944e-09 
 5.90000000e-02  1.71875052e-09 
 6.00000000e-02  1.76518168e-09 
 6.10000000e-02  1.81285481e-09 
 6.20000000e-02  1.86180263e-09 
 6.30000000e-02  1.91205871e-09 
 6.40000000e-02  1.96365748e-09 
 6.50000000e-02  2.01663425e-09 
 6.60000000e-02  2.07102525e-09 
 6.70000000e-02  2.12686763e-09 
 6.80000000e-02  2.18419948e-09 
 6.90000000e-02  2.24305988e-09 
 7.00000000e-02  2.30348891e-09 
 7.10000000e-02  2.36552767e-09 
 7.20000000e-02  2.42921830e-09 
 7.30000000e-02  2.49460404e-09 
 7.40000000e-02  2.56172920e-09 
 7.50000000e-02  2.63063924e-09 
 7.60000000e-02  2.70138076e-09 
 7.70000000e-02  2.77400155e-09 
 7.80000000e-02  2.84855062e-09 
 7.90000000e-02  2.92507821e-09 
 8.00000000e-02  3.00363583e-09 
 8.10000000e-02  3.08427630e-09 
 8.20000000e-02  3.16705376e-09 
 8.30000000e-02  3.25202374e-09 
 8.40000000e-02  3.33924315e-09 
 8.50000000e-02  3.42877033e-09 
 8.60000000e-02  3.52066509e-09 
 8.70000000e-02  3.61498875e-09 
 8.80000000e-02  3.71180415e-09 
 8.90000000e-02  3.81117571e-09 
 9.00000000e-02  3.91316947e-09 
 9.10000000e-02  4.01785311e-09 
 9.20000000e-02  4.12529600e-09 
 9.30000000e-02  4.23556922e-09 
 9.40000000e-02  4.34874565e-09 
 9.50000000e-02  4.46489996e-09 
 9.60000000e-02  4.58410867e-09 
 9.70000000e-02  4.70645021e-09 
 9.80000000e-02  4.83200493e-09 
 9.90000000e-02  4.96085517e-09 
 1.00000000e-01  5.09308532e-09 
 1.01000000e-01  5.22878182e-09 
 1.02000000e-01  5.36803325e-09 
 1.03000000e-01  5.51093037e-09 
 1.04000000e-01  5.65756614e-09 
 1.05000000e-01  5.80803583e-09 
 1.06000000e-01  5.96243702e-09 
 1.07000000e-01  6.12086965e-09 
 1.08000000e-01  6.28343613e-09 
 1.09000000e-01  6.45024135e-09 
 1.10000000e-01  6.62139273e-09 
 1.11000000e-01  6.79700031e-09 
 1.12000000e-01  6.97717679e-09 
 1.13000000e-01  7.16203759e-09 
 1.14000000e-01  7.35170091e-09 
 1.15000000e-01  7.54628780e-09 
 1.16000000e-01  7.74592222e-09 
 1.17000000e-01  7.95073110e-09 
 1.18000000e-01  8.16084440e-09 
 1.19000000e-01  8.37639521e-09 
 1.20000000e-01  8.59751978e-09 
 1.21000000e-01  8.82435759e-09 
 1.22000000e-01  9.05705146e-09 
 1.23000000e-01  9.29574758e-09 
 1.24000000e-01  9.54059560e-09 
 1.25000000e-01  9.79174872e-09 
 1.26000000e-01  1.00493637e-08 
 1.27000000e-01  1.03136011e-08 
 1.28000000e-01  1.05846252e-08 
 1.29000000e-01  1.08626040e-08 
 1.30000000e-01  1.11477096e-08 
 1.31000000e-01  1.14401181e-08 
 1.32000000e-01  1.17400095e-08 
 1.33000000e-01  1.20475683e-08 
 1.34000000e-01  1.23629830e-08 
 1.35000000e-01  1.26864467e-08 
 1.36000000e-01  1.30181566e-08 
 1.37000000e-01  1.33583149e-08 
 1.38000000e-01  1.37071280e-08 
 1.39000000e-01  1.40648074e-08 
 1.40000000e-01  1.44315692e-08 
 1.41000000e-01  1.48076345e-08 
 1.42000000e-01  1.51932294e-08 
 1.43000000e-01  1.55885851e-08 
 1.44000000e-01  1.59939383e-08 
 1.45000000e-01  1.64095306e-08 
 1.46000000e-01  1.68356094e-08 
 1.47000000e-01  1.72724275e-08 
 1.48000000e-01  1.77202434e-08 
 1.49000000e-01  1.81793214e-08 
 1.50000000e-01  1.86499315e-08 
 1.51000000e-01  1.91323500e-08 
 1.52000000e-01  1.96268591e-08 
 1.53000000e-01  2.01337473e-08 
 1.54000000e-01  2.06533096e-08 
 1.55000000e-01  2.11858472e-08 
 1.56000000e-01  2.17316681e-08 
 1.57000000e-01  2.22910870e-08 
 1.58000000e-01  2.28644253e-08 
 1.59000000e-01  2.34520117e-08 
 1.60000000e-01  2.40541816e-08 
 1.61000000e-01  2.46712781e-08 
 1.62000000e-01  2.53036513e-08 
 1.63000000e-01  2.59516589e-08 
 1.64000000e-01  2.66156664e-08 
 1.65000000e-01  2.72960469e-08 
 1.66000000e-01  2.79931816e-08 
 1.67000000e-01  2.87074597e-08 
 1.68000000e-01  2.94392784e-08 
 1.69000000e-01  3.01890436e-08 
 1.70000000e-01  3.09571695e-08 
 1.71000000e-01  3.17440791e-08 
 1.72000000e-01  3.25502039e-08 
 1.73000000e-01  3.33759848e-08 
 1.74000000e-01  3.42218714e-08 
 1.75000000e-01  3.50883227e-08 
 1.76000000e-01  3.59758073e-08 
 1.77000000e-01  3.68848031e-08 
 1.78000000e-01  3.78157980e-08 
 1.79000000e-01  3.87692894e-08 
 1.80000000e-01  3.97457852e-08 
 1.81000000e-01  4.07458034e-08 
 1.82000000e-01  4.17698721e-08 
 1.83000000e-01  4.28185303e-08 
 1.84000000e-01  4.38923277e-08 
 1.85000000e-01  4.49918246e-08 
 1.86000000e-01  4.61175927e-08 
 1.87000000e-01  4.72702147e-08 
 1.88000000e-01  4.84502849e-08 
 1.89000000e-01  4.96584091e-08 
 1.90000000e-01  5.08952047e-08 
 1.91000000e-01  5.21613014e-08 
 1.92000000e-01  5.34573406e-08 
 1.93000000e-01  5.47839764e-08 
 1.94000000e-01  5.61418750e-08 
 1.95000000e-01  5.75317155e-08 
 1.96000000e-01  5.89541898e-08 
 1.97000000e-01  6.04100028e-08 
 1.98000000e-01  6.18998726e-08 
 1.99000000e-01  6.34245307e-08 
 2.00000000e-01  6.49847222e-08 
 2.01000000e-01  6.65812059e-08 
 2.02000000e-01  6.82147547e-08 
 2.03000000e-01  6.98861554e-08 
 2.04000000e-01  7.15962094e-08 
 2.05000000e-01  7.33457324e-08 
 2.06000000e-01  7.51355549e-08 
 2.07000000e-01  7.69665225e-08 
 2.08000000e-01  7.88394954e-08 
 2.09000000e-01  8.07553497e-08 
 2.10000000e-01  8.27149764e-08 
 2.11000000e-01  8.47192826e-08 
 2.12000000e-01  8.67691910e-08 
 2.13000000e-01  8.88656405e-08 
 2.14000000e-01  9.10095861e-08 
 2.15000000e-01  9.32019993e-08 
 2.16000000e-01  9.54438684e-08 
 2.17000000e-01  9.77361982e-08 
 2.18000000e-01  1.00080011e-07 
 2.19000000e-01  1.02476345e-07 
 2.20000000e-01  1.04926258e-07 
 2.21000000e-01  1.07430824e-07 
 2.22000000e-01  1.09991134e-07 
 2.23000000e-01  1.12608299e-07 
 2.24000000e-01  1.15283447e-07 
 2.25000000e-01  1.18017723e-07 
 2.26000000e-01  1.20812294e-07 
 2.27000000e-01  1.23668342e-07 
 2.28000000e-01  1.26587071e-07 
 2.29000000e-01  1.29569701e-07 
 2.30000000e-01  1.32617475e-07 
 2.31000000e-01  1.35731651e-07 
 2.32000000e-01  1.38913512e-07 
 2.33000000e-01  1.42164356e-07 
 2.34000000e-01  1.45485504e-07 
 2.35000000e-01  1.48878295e-07 
 2.36000000e-01  1.52344090e-07 
 2.37000000e-01  1.55884271e-07 
 2.38000000e-01  1.59500239e-07 
 2.39000000e-01  1.63193417e-07 
 2.40000000e-01  1.66965249e-07 
 2.41000000e-01  1.70817199e-07 
 2.42000000e-01  1.74750756e-07 
 2.43000000e-01  1.78767426e-07 
 2.44000000e-01  1.82868739e-07 
 2.45000000e-01  1.87056248e-07 
 2.46000000e-01  1.91331527e-07 
 2.47000000e-01  1.95696171e-07 
 2.48000000e-01  2.00151799e-07 
 2.49000000e-01  2.04700054e-07 
 2.50000000e-01  2.09342598e-07 
 2.51000000e-01  2.14081118e-07 
 2.52000000e-01  2.18917326e-07 
 2.53000000e-01  2.23852953e-07 
 2.54000000e-01  2.28889757e-07 
 2.55000000e-01  2.34029517e-07 
 2.56000000e-01  2.39274038e-07 
 2.57000000e-01  2.44625147e-07 
 2.58000000e-01  2.50084696e-07 
 2.59000000e-01  2.55654560e-07 
 2.60000000e-01  2.61336639e-07 
 2.61000000e-01  2.67132859e-07 
 2.62000000e-01  2.73045166e-07 
 2.63000000e-01  2.79075536e-07 
 2.64000000e-01  2.85225966e-07 
 2.65000000e-01  2.91498480e-07 
 2.66000000e-01  2.97895125e-07 
 2.67000000e-01  3.04417976e-07 
 2.68000000e-01  3.11069132e-07 
 2.69000000e-01  3.17850716e-07 
 2.70000000e-01  3.24764878e-07 
 2.71000000e-01  3.31813794e-07 
 2.72000000e-01  3.38999665e-07 
 2.73000000e-01  3.46324718e-07 
 2.74000000e-01  3.53791208e-07 
 2.75000000e-01  3.61401412e-07 
 2.76000000e-01  3.69157637e-07 
 2.77000000e-01  3.77062214e-07 
 2.78000000e-01  3.85117503e-07 
 2.79000000e-01  3.93325888e-07 
 2.80000000e-01  4.01689782e-07 
 2.81000000e-01  4.10211623e-07 
 2.82000000e-01  4.18893876e-07 
 2.83000000e-01  4.27739035e-07 
 2.84000000e-01  4.36749618e-07 
 2.85000000e-01  4.45928173e-07 
 2.86000000e-01  4.55277274e-07 
 2.87000000e-01  4.64799523e-07 
 2.88000000e-01  4.74497549e-07 
 2.89000000e-01  4.84374008e-07 
 2.90000000e-01  4.94431586e-07 
 2.91000000e-01  5.04672995e-07 
 2.92000000e-01  5.15100974e-07 
 2.93000000e-01  5.25718292e-07 
 2.94000000e-01  5.36527746e-07 
 2.95000000e-01  5.47532159e-07 
 2.96000000e-01  5.58734385e-07 
 2.97000000e-01  5.70137304e-07 
 2.98000000e-01  5.81743826e-07 
 2.99000000e-01  5.93556890e-07 
 3.00000000e-01  6.05579461e-07 
 3.01000000e-01  6.17814535e-07 
 3.02000000e-01  6.30265136e-07 
 3.03000000e-01  6.42934317e-07 
 3.04000000e-01  6.55825161e-07 
 3.05000000e-01  6.68940778e-07 
 3.06000000e-01  6.82284308e-07 
 3.07000000e-01  6.95858921e-07 
 3.08000000e-01  7.09667815e-07 
 3.09000000e-01  7.23714219e-07 
 3.10000000e-01  7.38001390e-07 
 3.11000000e-01  7.52532614e-07 
 3.12000000e-01  7.67311210e-07 
 3.13000000e-01  7.82340523e-07 
 3.14000000e-01  7.97623929e-07 
 3.15000000e-01  8.13164834e-07 
 3.16000000e-01  8.28966675e-07 
 3.17000000e-01  8.45032918e-07 
 3.18000000e-01  8.61367058e-07 
 3.19000000e-01  8.77972623e-07 
 3.20000000e-01  8.94853169e-07 
 3.21000000e-01  9.12012284e-07 
 3.22000000e-01  9.29453583e-07 
 3.23000000e-01  9.47180717e-07 
 3.24000000e-01  9.65197363e-07 
 3.25000000e-01  9.83507230e-07 
 3.26000000e-01  1.00211406e-06 
 3.27000000e-01  1.02102162e-06 
 3.28000000e-01  1.04023372e-06 
 3.29000000e-01  1.05975418e-06 
 3.30000000e-01  1.07958688e-06 
 3.31000000e-01  1.09973570e-06 
 3.32000000e-01  1.12020457e-06 
 3.33000000e-01  1.14099746e-06 
 3.34000000e-01  1.16211834e-06 
 3.35000000e-01  1.18357124e-06 
 3.36000000e-01  1.20536021e-06 
 3.37000000e-01  1.22748934e-06 
 3.38000000e-01  1.24996274e-06 
 3.39000000e-01  1.27278455e-06 
 3.40000000e-01  1.29595895e-06 
 3.41000000e-01  1.31949016e-06 
 3.42000000e-01  1.34338241e-06 
 3.43000000e-01  1.36763998e-06 
 3.44000000e-01  1.39226718e-06 
 3.45000000e-01  1.41726833e-06 
 3.46000000e-01  1.44264782e-06 
 3.47000000e-01  1.46841005e-06 
 3.48000000e-01  1.49455944e-06 
 3.49000000e-01  1.52110046e-06 
 3.50000000e-01  1.54803761e-06 
 3.51000000e-01  1.57537543e-06 
 3.52000000e-01  1.60311847e-06 
 3.53000000e-01  1.63127133e-06 
 3.54000000e-01  1.65983863e-06 
 3.55000000e-01  1.68882504e-06 
 3.56000000e-01  1.71823524e-06 
 3.57000000e-01  1.74807396e-06 
 3.58000000e-01  1.77834596e-06 
 3.59000000e-01  1.80905603e-06 
 3.60000000e-01  1.84020897e-06 
 3.61000000e-01  1.87180966e-06 
 3.62000000e-01  1.90386296e-06 
 3.63000000e-01  1.93637381e-06 
 3.64000000e-01  1.96934714e-06 
 3.65000000e-01  2.00278794e-06 
 3.66000000e-01  2.03670121e-06 
 3.67000000e-01  2.07109202e-06 
 3.68000000e-01  2.10596543e-06 
 3.69000000e-01  2.14132655e-06 
 3.70000000e-01  2.17718052e-06 
 3.71000000e-01  2.21353252e-06 
 3.72000000e-01  2.25038774e-06 
 3.73000000e-01  2.28775143e-06 
 3.74000000e-01  2.32562884e-06 
 3.75000000e-01  2.36402528e-06 
 3.76000000e-01  2.40294607e-06 
 3.77000000e-01  2.44239657e-06 
 3.78000000e-01  2.48238217e-06 
 3.79000000e-01  2.52290830e-06 
 3.80000000e-01  2.56398040e-06 
 3.81000000e-01  2.60560396e-06 
 3.82000000e-01  2.64778448e-06 
 3.83000000e-01  2.69052751e-06 
 3.84000000e-01  2.73383861e-06 
 3.85000000e-01  2.77772339e-06 
 3.86000000e-01  2.82218747e-06 
 3.87000000e-01  2.86723652e-06 
 3.88000000e-01  2.91287622e-06 
 3.89000000e-01  2.95911228e-06 
 3.90000000e-01  3.00595045e-06 
 3.91000000e-01  3.05339650e-06 
 3.92000000e-01  3.10145622e-06 
 3.93000000e-01  3.15013545e-06 
 3.94000000e-01  3.19944002e-06 
 3.95000000e-01  3.24937584e-06 
 3.96000000e-01  3.29994879e-06 
 3.97000000e-01  3.35116480e-06 
 3.98000000e-01  3.40302984e-06 
 3.99000000e-01  3.45554989e-06 
 4.00000000e-01  3.50873095e-06 
 4.01000000e-01  3.56257905e-06 
 4.02000000e-01  3.61710025e-06 
 4.03000000e-01  3.67230062e-06 
 4.04000000e-01  3.72818626e-06 
 4.05000000e-01  3.78476330e-06 
 4.06000000e-01  3.84203788e-06 
 4.07000000e-01  3.90001616e-06 
 4.08000000e-01  3.95870434e-06 
 4.09000000e-01  4.01810862e-06 
 4.10000000e-01  4.07823524e-06 
 4.11000000e-01  4.13909042e-06 
 4.12000000e-01  4.20068045e-06 
 4.13000000e-01  4.26301161e-06 
 4.14000000e-01  4.32609019e-06 
 4.15000000e-01  4.38992252e-06 
 4.16000000e-01  4.45451494e-06 
 4.17000000e-01  4.51987379e-06 
 4.18000000e-01  4.58600545e-06 
 4.19000000e-01  4.65291628e-06 
 4.20000000e-01  4.72061270e-06 
 4.21000000e-01  4.78910111e-06 
 4.22000000e-01  4.85838793e-06 
 4.23000000e-01  4.92847960e-06 
 4.24000000e-01  4.99938256e-06 
 4.25000000e-01  5.07110326e-06 
 4.26000000e-01  5.14364818e-06 
 4.27000000e-01  5.21702379e-06 
 4.28000000e-01  5.29123657e-06 
 4.29000000e-01  5.36629302e-06 
 4.30000000e-01  5.44219963e-06 
 4.31000000e-01  5.51896292e-06 
 4.32000000e-01  5.59658938e-06 
 4.33000000e-01  5.67508554e-06 
 4.34000000e-01  5.75445791e-06 
 4.35000000e-01  5.83471302e-06 
 4.36000000e-01  5.91585740e-06 
 4.37000000e-01  5.99789757e-06 
 4.38000000e-01  6.08084006e-06 
 4.39000000e-01  6.16469139e-06 
 4.40000000e-01  6.24945809e-06 
 4.41000000e-01  6.33514670e-06 
 4.42000000e-01  6.42176372e-06 
 4.43000000e-01  6.50931569e-06 
 4.44000000e-01  6.59780911e-06 
 4.45000000e-01  6.68725050e-06 
 4.46000000e-01  6.77764636e-06 
 4.47000000e-01  6.86900320e-06 
 4.48000000e-01  6.96132749e-06 
 4.49000000e-01  7.05462572e-06 
 4.50000000e-01  7.14890437e-06 
 4.51000000e-01  7.24416990e-06 
 4.52000000e-01  7.34042876e-06 
 4.53000000e-01  7.43768738e-06 
 4.54000000e-01  7.53595221e-06 
 4.55000000e-01  7.63522965e-06 
 4.56000000e-01  7.73552610e-06 
 4.57000000e-01  7.83684795e-06 
 4.58000000e-01  7.93920156e-06 
 4.59000000e-01  8.04259329e-06 
 4.60000000e-01  8.14702946e-06 
 4.61000000e-01  8.25251641e-06 
 4.62000000e-01  8.35906041e-06 
 4.63000000e-01  8.46666775e-06 
 4.64000000e-01  8.57534469e-06 
 4.65000000e-01  8.68509744e-06 
 4.66000000e-01  8.79593223e-06 
 4.67000000e-01  8.90785524e-06 
 4.68000000e-01  9.02087263e-06 
 4.69000000e-01  9.13499054e-06 
 4.70000000e-01  9.25021508e-06 
 4.71000000e-01  9.36655233e-06 
 4.72000000e-01  9.48400835e-06 
 4.73000000e-01  9.60258917e-06 
 4.74000000e-01  9.72230078e-06 
 4.75000000e-01  9.84314917e-06 
 4.76000000e-01  9.96514025e-06 
 4.77000000e-01  1.00882799e-05 
 4.78000000e-01  1.02125741e-05 
 4.79000000e-01  1.03380287e-05 
 4.80000000e-01  1.04646493e-05 
 4.81000000e-01  1.05924419e-05 
 4.82000000e-01  1.07214121e-05 
 4.83000000e-01  1.08515657e-05 
 4.84000000e-01  1.09829083e-05 
 4.85000000e-01  1.11154456e-05 
 4.86000000e-01  1.12491831e-05 
 4.87000000e-01  1.13841265e-05 
 4.88000000e-01  1.15202811e-05 
 4.89000000e-01  1.16576526e-05 
 4.90000000e-01  1.17962464e-05 
 4.91000000e-01  1.19360678e-05 
 4.92000000e-01  1.20771222e-05 
 4.93000000e-01  1.22194149e-05 
 4.94000000e-01  1.23629512e-05 
 4.95000000e-01  1.25077364e-05 
 4.96000000e-01  1.26537756e-05 
 4.97000000e-01  1.28010739e-05 
 4.98000000e-01  1.29496365e-05 
 4.99000000e-01  1.30994685e-05 
 5.00000000e-01  1.32505748e-05 
 5.01000000e-01  1.34029604e-05 
 5.02000000e-01  1.35566303e-05 
 5.03000000e-01  1.37115893e-05 
 5.04000000e-01  1.38678422e-05 
 5.05000000e-01  1.40253939e-05 
 5.06000000e-01  1.41842490e-05 
 5.07000000e-01  1.43444123e-05 
 5.08000000e-01  1.45058885e-05 
 5.09000000e-01  1.46686820e-05 
 5.10000000e-01  1.48327975e-05 
 5.11000000e-01  1.49982395e-05 
 5.12000000e-01  1.51650124e-05 
 5.13000000e-01  1.53331206e-05 
 5.14000000e-01  1.55025685e-05 
 5.15000000e-01  1.56733603e-05 
 5.16000000e-01  1.58455004e-05 
 5.17000000e-01  1.60189930e-05 
 5.18000000e-01  1.61938422e-05 
 5.19000000e-01  1.63700521e-05 
 5.20000000e-01  1.65476268e-05 
 5.21000000e-01  1.67265703e-05 
 5.22000000e-01  1.69068865e-05 
 5.23000000e-01  1.70885795e-05 
 5.24000000e-01  1.72716530e-05 
 5.25000000e-01  1.74561108e-05 
 5.26000000e-01  1.76419567e-05 
 5.27000000e-01  1.78291945e-05 
 5.28000000e-01  1.80178278e-05 
 5.29000000e-01  1.82078603e-05 
 5.30000000e-01  1.83992954e-05 
 5.31000000e-01  1.85921367e-05 
 5.32000000e-01  1.87863877e-05 
 5.33000000e-01  1.89820518e-05 
 5.34000000e-01  1.91791323e-05 
 5.35000000e-01  1.93776327e-05 
 5.36000000e-01  1.95775561e-05 
 5.37000000e-01  1.97789058e-05 
 5.38000000e-01  1.99816850e-05 
 5.39000000e-01  2.01858968e-05 
 5.40000000e-01  2.03915443e-05 
 5.41000000e-01  2.05986305e-05 
 5.42000000e-01  2.08071584e-05 
 5.43000000e-01  2.10171310e-05 
 5.44000000e-01  2.12285511e-05 
 5.45000000e-01  2.14414215e-05 
 5.46000000e-01  2.16557452e-05 
 5.47000000e-01  2.18715249e-05 
 5.48000000e-01  2.20887631e-05 
 5.49000000e-01  2.23074628e-05 
 5.50000000e-01  2.25276263e-05 
 5.51000000e-01  2.27492564e-05 
 5.52000000e-01  2.29723555e-05 
 5.53000000e-01  2.31969261e-05 
 5.54000000e-01  2.34229707e-05 
 5.55000000e-01  2.36504917e-05 
 5.56000000e-01  2.38794915e-05 
 5.57000000e-01  2.41099722e-05 
 5.58000000e-01  2.43419363e-05 
 5.59000000e-01  2.45753859e-05 
 5.60000000e-01  2.48103233e-05 
 5.61000000e-01  2.50467506e-05 
 5.62000000e-01  2.52846698e-05 
 5.63000000e-01  2.55240831e-05 
 5.64000000e-01  2.57649925e-05 
 5.65000000e-01  2.60073999e-05 
 5.66000000e-01  2.62513074e-05 
 5.67000000e-01  2.64967168e-05 
 5.68000000e-01  2.67436300e-05 
 5.69000000e-01  2.69920488e-05 
 5.70000000e-01  2.72419751e-05 
 5.71000000e-01  2.74934106e-05 
 5.72000000e-01  2.77463570e-05 
 5.73000000e-01  2.80008160e-05 
 5.74000000e-01  2.82567893e-05 
 5.75000000e-01  2.85142785e-05 
 5.76000000e-01  2.87732851e-05 
 5.77000000e-01  2.90338108e-05 
 5.78000000e-01  2.92958570e-05 
 5.79000000e-01  2.95594252e-05 
 5.80000000e-01  2.98245169e-05 
 5.81000000e-01  3.00911335e-05 
 5.82000000e-01  3.03592764e-05 
 5.83000000e-01  3.06289469e-05 
 5.84000000e-01  3.09001464e-05 
 5.85000000e-01  3.11728762e-05 
 5.86000000e-01  3.14471375e-05 
 5.87000000e-01  3.17229315e-05 
 5.88000000e-01  3.20002596e-05 
 5.89000000e-01  3.22791228e-05 
 5.90000000e-01  3.25595223e-05 
 5.91000000e-01  3.28414593e-05 
 5.92000000e-01  3.31249348e-05 
 5.93000000e-01  3.34099499e-05 
 5.94000000e-01  3.36965056e-05 
 5.95000000e-01  3.39846031e-05 
 5.96000000e-01  3.42742432e-05 
 5.97000000e-01  3.45654269e-05 
 5.98000000e-01  3.48581553e-05 
 5.99000000e-01  3.51524291e-05 
 6.00000000e-01  3.54482494e-05 
 6.01000000e-01  3.57456170e-05 
 6.02000000e-01  3.60445327e-05 
 6.03000000e-01  3.63449974e-05 
 6.04000000e-01  3.66470119e-05 
 6.05000000e-01  3.69505770e-05 
 6.06000000e-01  3.72556934e-05 
 6.07000000e-01  3.75623619e-05 
 6.08000000e-01  3.78705833e-05 
 6.09000000e-01  3.81803582e-05 
 6.10000000e-01  3.84916873e-05 
 6.11000000e-01  3.88045714e-05 
 6.12000000e-01  3.91190110e-05 
 6.13000000e-01  3.94350068e-05 
 6.14000000e-01  3.97525594e-05 
 6.15000000e-01  4.00716695e-05 
 6.16000000e-01  4.03923376e-05 
 6.17000000e-01  4.07145643e-05 
 6.18000000e-01  4.10383501e-05 
 6.19000000e-01  4.13636956e-05 
 6.20000000e-01  4.16906012e-05 
 6.21000000e-01  4.20190676e-05 
 6.22000000e-01  4.23490952e-05 
 6.23000000e-01  4.26806845e-05 
 6.24000000e-01  4.30138360e-05 
 6.25000000e-01  4.33485501e-05 
 6.26000000e-01  4.36848272e-05 
 6.27000000e-01  4.40226678e-05 
 6.28000000e-01  4.43620723e-05 
 6.29000000e-01  4.47030412e-05 
 6.30000000e-01  4.50455747e-05 
 6.31000000e-01  4.53896733e-05 
 6.32000000e-01  4.57353374e-05 
 6.33000000e-01  4.60825673e-05 
 6.34000000e-01  4.64313633e-05 
 6.35000000e-01  4.67817259e-05 
 6.36000000e-01  4.71336553e-05 
 6.37000000e-01  4.74871519e-05 
 6.38000000e-01  4.78422159e-05 
 6.39000000e-01  4.81988477e-05 
 6.40000000e-01  4.85570476e-05 
 6.41000000e-01  4.89168159e-05 
 6.42000000e-01  4.92781528e-05 
 6.43000000e-01  4.96410586e-05 
 6.44000000e-01  5.00055336e-05 
 6.45000000e-01  5.03715780e-05 
 6.46000000e-01  5.07391921e-05 
 6.47000000e-01  5.11083762e-05 
 6.48000000e-01  5.14791304e-05 
 6.49000000e-01  5.18514549e-05 
 6.50000000e-01  5.22253501e-05 
 6.51000000e-01  5.26008162e-05 
 6.52000000e-01  5.29778532e-05 
 6.53000000e-01  5.33564615e-05 
 6.54000000e-01  5.37366413e-05 
 6.55000000e-01  5.41183927e-05 
 6.56000000e-01  5.45017159e-05 
 6.57000000e-01  5.48866112e-05 
 6.58000000e-01  5.52730787e-05 
 6.59000000e-01  5.56611186e-05 
 6.60000000e-01  5.60507310e-05 
 6.61000000e-01  5.64419161e-05 
 6.62000000e-01  5.68346742e-05 
 6.63000000e-01  5.72290053e-05 
 6.64000000e-01  5.76249096e-05 
 6.65000000e-01  5.80223873e-05 
 6.66000000e-01  5.84214386e-05 
 6.67000000e-01  5.88220635e-05 
 6.68000000e-01  5.92242622e-05 
 6.69000000e-01  5.96280349e-05 
 6.70000000e-01  6.00333817e-05 
 6.71000000e-01  6.04403028e-05 
 6.72000000e-01  6.08487982e-05 
 6.73000000e-01  6.12588682e-05 
 6.74000000e-01  6.16705128e-05 
 6.75000000e-01  6.20837323e-05 
 6.76000000e-01  6.24985266e-05 
 6.77000000e-01  6.29148960e-05 
 6.78000000e-01  6.33328406e-05 
 6.79000000e-01  6.37523604e-05 
 6.80000000e-01  6.41734557e-05 
 6.81000000e-01  6.45961265e-05 
 6.82000000e-01  6.50203730e-05 
 6.83000000e-01  6.54461953e-05 
 6.84000000e-01  6.58735935e-05 
 6.85000000e-01  6.63025677e-05 
 6.86000000e-01  6.67331180e-05 
 6.87000000e-01  6.71652446e-05 
 6.88000000e-01  6.75989476e-05 
 6.89000000e-01  6.80342271e-05 
 6.90000000e-01  6.84710832e-05 
 6.91000000e-01  6.89095160e-05 
 6.92000000e-01  6.93495256e-05 
 6.93000000e-01  6.97911122e-05 
 6.94000000e-01  7.02342758e-05 
 6.95000000e-01  7.06790166e-05 
 6.96000000e-01  7.11253347e-05 
 6.97000000e-01  7.15732302e-05 
 6.98000000e-01  7.20227032e-05 
 6.99000000e-01  7.24737539e-05 
 7.00000000e-01  7.29263823e-05 
 7.01000000e-01  7.33805885e-05 
 7.02000000e-01  7.38363727e-05 
 7.03000000e-01  7.42937350e-05 
 7.04000000e-01  7.47526755e-05 
 7.05000000e-01  7.52131942e-05 
 7.06000000e-01  7.56752914e-05 
 7.07000000e-01  7.61389672e-05 
 7.08000000e-01  7.66042215e-05 
 7.09000000e-01  7.70710547e-05 
 7.10000000e-01  7.75394667e-05 
 7.11000000e-01  7.80094577e-05 
 7.12000000e-01  7.84810278e-05 
 7.13000000e-01  7.89541772e-05 
 7.14000000e-01  7.94289059e-05 
 7.15000000e-01  7.99052140e-05 
 7.16000000e-01  8.03831017e-05 
 7.17000000e-01  8.08625691e-05 
 7.18000000e-01  8.13436163e-05 
 7.19000000e-01  8.18262434e-05 
 7.20000000e-01  8.23104506e-05 
 7.21000000e-01  8.27962379e-05 
 7.22000000e-01  8.32836056e-05 
 7.23000000e-01  8.37725536e-05 
 7.24000000e-01  8.42630821e-05 
 7.25000000e-01  8.47551912e-05 
 7.26000000e-01  8.52488812e-05 
 7.27000000e-01  8.57441520e-05 
 7.28000000e-01  8.62410037e-05 
 7.29000000e-01  8.67394366e-05 
 7.30000000e-01  8.72394508e-05 
 7.31000000e-01  8.77410463e-05 
 7.32000000e-01  8.82442233e-05 
 7.33000000e-01  8.87489819e-05 
 7.34000000e-01  8.92553222e-05 
 7.35000000e-01  8.97632444e-05 
 7.36000000e-01  9.02727485e-05 
 7.37000000e-01  9.07838347e-05 
 7.38000000e-01  9.12965031e-05 
 7.39000000e-01  9.18107539e-05 
 7.40000000e-01  9.23265871e-05 
 7.41000000e-01  9.28440029e-05 
 7.42000000e-01  9.33630014e-05 
 7.43000000e-01  9.38835828e-05 
 7.44000000e-01  9.44057470e-05 
 7.45000000e-01  9.49294944e-05 
 7.46000000e-01  9.54548249e-05 
 7.47000000e-01  9.59817387e-05 
 7.48000000e-01  9.65102360e-05 
 7.49000000e-01  9.70403168e-05 
 7.50000000e-01  9.75719813e-05 
 7.51000000e-01  9.81052295e-05 
 7.52000000e-01  9.86400617e-05 
 7.53000000e-01  9.91764779e-05 
 7.54000000e-01  9.97144782e-05 
 7.55000000e-01  1.00254063e-04 
 7.56000000e-01  1.00795232e-04 
 7.57000000e-01  1.01337985e-04 
 7.58000000e-01  1.01882323e-04 
 7.59000000e-01  1.02428246e-04 
 7.60000000e-01  1.02975754e-04 
 7.61000000e-01  1.03524847e-04 
 7.62000000e-01  1.04075524e-04 
 7.63000000e-01  1.04627787e-04 
 7.64000000e-01  1.05181635e-04 
 7.65000000e-01  1.05737069e-04 
 7.66000000e-01  1.06294088e-04 
 7.67000000e-01  1.06852693e-04 
 7.68000000e-01  1.07412883e-04 
 7.69000000e-01  1.07974660e-04 
 7.70000000e-01  1.08538022e-04 
 7.71000000e-01  1.09102970e-04 
 7.72000000e-01  1.09669505e-04 
 7.73000000e-01  1.10237625e-04 
 7.74000000e-01  1.10807332e-04 
 7.75000000e-01  1.11378626e-04 
 7.76000000e-01  1.11951506e-04 
 7.77000000e-01  1.12525972e-04 
 7.78000000e-01  1.13102026e-04 
 7.79000000e-01  1.13679666e-04 
 7.80000000e-01  1.14258893e-04 
 7.81000000e-01  1.14839707e-04 
 7.82000000e-01  1.15422108e-04 
 7.83000000e-01  1.16006096e-04 
 7.84000000e-01  1.16591672e-04 
 7.85000000e-01  1.17178834e-04 
 7.86000000e-01  1.17767585e-04 
 7.87000000e-01  1.18357922e-04 
 7.88000000e-01  1.18949848e-04 
 7.89000000e-01  1.19543361e-04 
 7.90000000e-01  1.20138461e-04 
 7.91000000e-01  1.20735149e-04 
 7.92000000e-01  1.21333426e-04 
 7.93000000e-01  1.21933290e-04 
 7.94000000e-01  1.22534742e-04 
 7.95000000e-01  1.23137782e-04 
 7.96000000e-01  1.23742410e-04 
 7.97000000e-01  1.24348626e-04 
 7.98000000e-01  1.24956430e-04 
 7.99000000e-01  1.25565823e-04 
 8.00000000e-01  1.26176803e-04 
 8.01000000e-01  1.26789372e-04 
 8.02000000e-01  1.27403530e-04 
 8.03000000e-01  1.28019275e-04 
 8.04000000e-01  1.28636610e-04 
 8.05000000e-01  1.29255532e-04 
 8.06000000e-01  1.29876043e-04 
 8.07000000e-01  1.30498142e-04 
 8.08000000e-01  1.31121830e-04 
 8.09000000e-01  1.31747107e-04 
 8.10000000e-01  1.32373972e-04 
 8.11000000e-01  1.33002425e-04 
 8.12000000e-01  1.33632467e-04 
 8.13000000e-01  1.34264098e-04 
 8.14000000e-01  1.34897317e-04 
 8.15000000e-01  1.35532124e-04 
 8.16000000e-01  1.36168521e-04 
 8.17000000e-01  1.36806505e-04 
 8.18000000e-01  1.37446078e-04 
 8.19000000e-01  1.38087240e-04 
 8.20000000e-01  1.38729990e-04 
 8.21000000e-01  1.39374328e-04 
 8.22000000e-01  1.40020255e-04 
 8.23000000e-01  1.40667771e-04 
 8.24000000e-01  1.41316874e-04 
 8.25000000e-01  1.41967566e-04 
 8.26000000e-01  1.42619846e-04 
 8.27000000e-01  1.43273714e-04 
 8.28000000e-01  1.43929170e-04 
 8.29000000e-01  1.44586215e-04 
 8.30000000e-01  1.45244847e-04 
 8.31000000e-01  1.45905067e-04 
 8.32000000e-01  1.46566876e-04 
 8.33000000e-01  1.47230271e-04 
 8.34000000e-01  1.47895255e-04 
 8.35000000e-01  1.48561826e-04 
 8.36000000e-01  1.49229985e-04 
 8.37000000e-01  1.49899731e-04 
 8.38000000e-01  1.50571065e-04 
 8.39000000e-01  1.51243985e-04 
 8.40000000e-01  1.51918493e-04 
 8.41000000e-01  1.52594588e-04 
 8.42000000e-01  1.53272269e-04 
 8.43000000e-01  1.53951538e-04 
 8.44000000e-01  1.54632393e-04 
 8.45000000e-01  1.55314834e-04 
 8.46000000e-01  1.55998862e-04 
 8.47000000e-01  1.56684476e-04 
 8.48000000e-01  1.57371675e-04 
 8.49000000e-01  1.58060461e-04 
 8.50000000e-01  1.58750833e-04 
 8.51000000e-01  1.59442790e-04 
 8.52000000e-01  1.60136332e-04 
 8.53000000e-01  1.60831460e-04 
 8.54000000e-01  1.61528173e-04 
 8.55000000e-01  1.62226470e-04 
 8.56000000e-01  1.62926352e-04 
 8.57000000e-01  1.63627819e-04 
 8.58000000e-01  1.64330869e-04 
 8.59000000e-01  1.65035504e-04 
 8.60000000e-01  1.65741722e-04 
 8.61000000e-01  1.66449525e-04 
 8.62000000e-01  1.67158910e-04 
 8.63000000e-01  1.67869878e-04 
 8.64000000e-01  1.68582430e-04 
 8.65000000e-01  1.69296564e-04 
 8.66000000e-01  1.70012280e-04 
 8.67000000e-01  1.70729579e-04 
 8.68000000e-01  1.71448459e-04 
 8.69000000e-01  1.72168921e-04 
 8.70000000e-01  1.72890964e-04 
 8.71000000e-01  1.73614588e-04 
 8.72000000e-01  1.74339793e-04 
 8.73000000e-01  1.75066578e-04 
 8.74000000e-01  1.75794943e-04 
 8.75000000e-01  1.76524889e-04 
 8.76000000e-01  1.77256413e-04 
 8.77000000e-01  1.77989517e-04 
 8.78000000e-01  1.78724200e-04 
 8.79000000e-01  1.79460461e-04 
 8.80000000e-01  1.80198300e-04 
 8.81000000e-01  1.80937718e-04 
 8.82000000e-01  1.81678712e-04 
 8.83000000e-01  1.82421284e-04 
 8.84000000e-01  1.83165433e-04 
 8.85000000e-01  1.83911157e-04 
 8.86000000e-01  1.84658458e-04 
 8.87000000e-01  1.85407335e-04 
 8.88000000e-01  1.86157786e-04 
 8.89000000e-01  1.86909813e-04 
 8.90000000e-01  1.87663414e-04 
 8.91000000e-01  1.88418588e-04 
 8.92000000e-01  1.89175337e-04 
 8.93000000e-01  1.89933658e-04 
 8.94000000e-01  1.90693552e-04 
 8.95000000e-01  1.91455019e-04 
 8.96000000e-01  1.92218057e-04 
 8.97000000e-01  1.92982666e-04 
 8.98000000e-01  1.93748847e-04 
 8.99000000e-01  1.94516597e-04 
 9.00000000e-01  1.95285918e-04 
 9.01000000e-01  1.96056808e-04 
 9.02000000e-01  1.96829267e-04 
 9.03000000e-01  1.97603294e-04 
 9.04000000e-01  1.98378890e-04 
 9.05000000e-01  1.99156052e-04 
 9.06000000e-01  1.99934782e-04 
 9.07000000e-01  2.00715078e-04 
 9.08000000e-01  2.01496940e-04 
 9.09000000e-01  2.02280367e-04 
 9.10000000e-01  2.03065358e-04 
 9.11000000e-01  2.03851914e-04 
 9.12000000e-01  2.04640034e-04 
 9.13000000e-01  2.05429716e-04 
 9.14000000e-01  2.06220961e-04 
 9.15000000e-01  2.07013767e-04 
 9.16000000e-01  2.07808135e-04 
 9.17000000e-01  2.08604064e-04 
 9.18000000e-01  2.09401552e-04 
 9.19000000e-01  2.10200600e-04 
 9.20000000e-01  2.11001207e-04 
 9.21000000e-01  2.11803371e-04 
 9.22000000e-01  2.12607093e-04 
 9.23000000e-01  2.13412372e-04 
 9.24000000e-01  2.14219207e-04 
 9.25000000e-01  2.15027598e-04 
 9.26000000e-01  2.15837543e-04 
 9.27000000e-01  2.16649043e-04 
 9.28000000e-01  2.17462095e-04 
 9.29000000e-01  2.18276701e-04 
 9.30000000e-01  2.19092858e-04 
 9.31000000e-01  2.19910567e-04 
 9.32000000e-01  2.20729826e-04 
 9.33000000e-01  2.21550636e-04 
 9.34000000e-01  2.22372994e-04 
 9.35000000e-01  2.23196900e-04 
 9.36000000e-01  2.24022354e-04 
 9.37000000e-01  2.24849355e-04 
 9.38000000e-01  2.25677902e-04 
 9.39000000e-01  2.26507994e-04 
 9.40000000e-01  2.27339630e-04 
 9.41000000e-01  2.28172810e-04 
 9.42000000e-01  2.29007533e-04 
 9.43000000e-01  2.29843798e-04 
 9.44000000e-01  2.30681604e-04 
 9.45000000e-01  2.31520950e-04 
 9.46000000e-01  2.32361836e-04 
 9.47000000e-01  2.33204260e-04 
 9.48000000e-01  2.34048222e-04 
 9.49000000e-01  2.34893721e-04 
 9.50000000e-01  2.35740757e-04 
 9.51000000e-01  2.36589327e-04 
 9.52000000e-01  2.37439431e-04 
 9.53000000e-01  2.38291069e-04 
 9.54000000e-01  2.39144239e-04 
 9.55000000e-01  2.39998941e-04 
 9.56000000e-01  2.40855173e-04 
 9.57000000e-01  2.41712935e-04 
 9.58000000e-01  2.42572226e-04 
 9.59000000e-01  2.43433044e-04 
 9.60000000e-01  2.44295389e-04 
 9.61000000e-01  2.45159260e-04 
 9.62000000e-01  2.46024656e-04 
 9.63000000e-01  2.46891575e-04 
 9.64000000e-01  2.47760017e-04 
 9.65000000e-01  2.48629981e-04 
 9.66000000e-01  2.49501466e-04 
 9.67000000e-01  2.50374471e-04 
 9.68000000e-01  2.51248994e-04 
 9.69000000e-01  2.52125035e-04 
 9.70000000e-01  2.53002593e-04 
 9.71000000e-01  2.53881666e-04 
 9.72000000e-01  2.54762254e-04 
 9.73000000e-01  2.55644355e-04 
 9.74000000e-01  2.56527969e-04 
 9.75000000e-01  2.57413093e-04 
 9.76000000e-01  2.58299728e-04 
 9.77000000e-01  2.59187872e-04 
 9.78000000e-01  2.60077524e-04 
 9.79000000e-01  2.60968682e-04 
 9.80000000e-01  2.61861346e-04 
 9.81000000e-01  2.62755515e-04 
 9.82000000e-01  2.63651186e-04 
 9.83000000e-01  2.64548360e-04 
 9.84000000e-01  2.65447035e-04 
 9.85000000e-01  2.66347210e-04 
 9.86000000e-01  2.67248883e-04 
 9.87000000e-01  2.68152053e-04 
 9.88000000e-01  2.69056720e-04 
 9.89000000e-01  2.69962882e-04 
 9.90000000e-01  2.70870537e-04 
 9.91000000e-01  2.71779685e-04 
 9.92000000e-01  2.72690323e-04 
 9.93000000e-01  2.73602452e-04 
 9.94000000e-01  2.74516070e-04 
 9.95000000e-01  2.75431174e-04 
 9.96000000e-01  2.76347765e-04 
 9.97000000e-01  2.77265841e-04 
 9.98000000e-01  2.78185400e-04 
 9.99000000e-01  2.79106442e-04 
 1.00000000e+00  2.80028964e-04 
 1.00100000e+00  2.80952965e-04 
 1.00200000e+00  2.81878445e-04 
 1.00300000e+00  2.82805402e-04 
 1.00400000e+00  2.83733834e-04 
 1.00500000e+00  2.84663740e-04 
 1.00600000e+00  2.85595119e-04 
 1.00700000e+00  2.86527969e-04 
 1.00800000e+00  2.87462289e-04 
 1.00900000e+00  2.88398077e-04 
 1.01000000e+00  2.89335333e-04 
 1.01100000e+00  2.90274054e-04 
 1.01200000e+00  2.91214240e-04 
 1.01300000e+00  2.92155888e-04 
 1.01400000e+00  2.93098997e-04 
 1.01500000e+00  2.94043567e-04 
 1.01600000e+00  2.94989594e-04 
 1.01700000e+00  2.95937079e-04 
 1.01800000e+00  2.96886019e-04 
 1.01900000e+00  2.97836413e-04 
 1.02000000e+00  2.98788259e-04 
 1.02100000e+00  2.99741556e-04 
 1.02200000e+00  3.00696303e-04 
 1.02300000e+00  3.01652497e-04 
 1.02400000e+00  3.02610137e-04 
 1.02500000e+00  3.03569223e-04 
 1.02600000e+00  3.04529751e-04 
 1.02700000e+00  3.05491721e-04 
 1.02800000e+00  3.06455130e-04 
 1.02900000e+00  3.07419978e-04 
 1.03000000e+00  3.08386263e-04 
 1.03100000e+00  3.09353983e-04 
 1.03200000e+00  3.10323137e-04 
 1.03300000e+00  3.11293722e-04 
 1.03400000e+00  3.12265737e-04 
 1.03500000e+00  3.13239181e-04 
 1.03600000e+00  3.14214053e-04 
 1.03700000e+00  3.15190349e-04 
 1.03800000e+00  3.16168069e-04 
 1.03900000e+00  3.17147210e-04 
 1.04000000e+00  3.18127772e-04 
 1.04100000e+00  3.19109753e-04 
 1.04200000e+00  3.20093150e-04 
 1.04300000e+00  3.21077962e-04 
 1.04400000e+00  3.22064187e-04 
 1.04500000e+00  3.23051824e-04 
 1.04600000e+00  3.24040871e-04 
 1.04700000e+00  3.25031326e-04 
 1.04800000e+00  3.26023187e-04 
 1.04900000e+00  3.27016452e-04 
 1.05000000e+00  3.28011120e-04 
 1.05100000e+00  3.29007189e-04 
 1.05200000e+00  3.30004657e-04 
 1.05300000e+00  3.31003523e-04 
 1.05400000e+00  3.32003783e-04 
 1.05500000e+00  3.33005437e-04 
 1.05600000e+00  3.34008483e-04 
 1.05700000e+00  3.35012919e-04 
 1.05800000e+00  3.36018743e-04 
 1.05900000e+00  3.37025953e-04 
 1.06000000e+00  3.38034547e-04 
 1.06100000e+00  3.39044523e-04 
 1.06200000e+00  3.40055880e-04 
 1.06300000e+00  3.41068615e-04 
 1.06400000e+00  3.42082727e-04 
 1.06500000e+00  3.43098214e-04 
 1.06600000e+00  3.44115073e-04 
 1.06700000e+00  3.45133303e-04 
 1.06800000e+00  3.46152901e-04 
 1.06900000e+00  3.47173867e-04 
 1.07000000e+00  3.48196197e-04 
 1.07100000e+00  3.49219891e-04 
 1.07200000e+00  3.50244945e-04 
 1.07300000e+00  3.51271358e-04 
 1.07400000e+00  3.52299127e-04 
 1.07500000e+00  3.53328252e-04 
 1.07600000e+00  3.54358729e-04 
 1.07700000e+00  3.55390557e-04 
 1.07800000e+00  3.56423733e-04 
 1.07900000e+00  3.57458257e-04 
 1.08000000e+00  3.58494124e-04 
 1.08100000e+00  3.59531334e-04 
 1.08200000e+00  3.60569885e-04 
 1.08300000e+00  3.61609774e-04 
 1.08400000e+00  3.62650998e-04 
 1.08500000e+00  3.63693557e-04 
 1.08600000e+00  3.64737448e-04 
 1.08700000e+00  3.65782668e-04 
 1.08800000e+00  3.66829216e-04 
 1.08900000e+00  3.67877090e-04 
 1.09000000e+00  3.68926287e-04 
 1.09100000e+00  3.69976804e-04 
 1.09200000e+00  3.71028641e-04 
 1.09300000e+00  3.72081795e-04 
 1.09400000e+00  3.73136263e-04 
 1.09500000e+00  3.74192043e-04 
 1.09600000e+00  3.75249133e-04 
 1.09700000e+00  3.76307532e-04 
 1.09800000e+00  3.77367235e-04 
 1.09900000e+00  3.78428243e-04 
 1.10000000e+00  3.79490551e-04 
 1.10100000e+00  3.80554158e-04 
 1.10200000e+00  3.81619062e-04 
 1.10300000e+00  3.82685260e-04 
 1.10400000e+00  3.83752750e-04 
 1.10500000e+00  3.84821529e-04 
 1.10600000e+00  3.85891596e-04 
 1.10700000e+00  3.86962948e-04 
 1.10800000e+00  3.88035583e-04 
 1.10900000e+00  3.89109498e-04 
 1.11000000e+00  3.90184692e-04 
 1.11100000e+00  3.91261161e-04 
 1.11200000e+00  3.92338903e-04 
 1.11300000e+00  3.93417916e-04 
 1.11400000e+00  3.94498198e-04 
 1.11500000e+00  3.95579746e-04 
 1.11600000e+00  3.96662557e-04 
 1.11700000e+00  3.97746630e-04 
 1.11800000e+00  3.98831962e-04 
 1.11900000e+00  3.99918551e-04 
 1.12000000e+00  4.01006393e-04 
 1.12100000e+00  4.02095487e-04 
 1.12200000e+00  4.03185831e-04 
 1.12300000e+00  4.04277421e-04 
 1.12400000e+00  4.05370255e-04 
 1.12500000e+00  4.06464331e-04 
 1.12600000e+00  4.07559646e-04 
 1.12700000e+00  4.08656198e-04 
 1.12800000e+00  4.09753984e-04 
 1.12900000e+00  4.10853002e-04 
 1.13000000e+00  4.11953250e-04 
 1.13100000e+00  4.13054723e-04 
 1.13200000e+00  4.14157421e-04 
 1.13300000e+00  4.15261341e-04 
 1.13400000e+00  4.16366480e-04 
 1.13500000e+00  4.17472835e-04 
 1.13600000e+00  4.18580404e-04 
 1.13700000e+00  4.19689184e-04 
 1.13800000e+00  4.20799173e-04 
 1.13900000e+00  4.21910368e-04 
 1.14000000e+00  4.23022767e-04 
 1.14100000e+00  4.24136366e-04 
 1.14200000e+00  4.25251164e-04 
 1.14300000e+00  4.26367157e-04 
 1.14400000e+00  4.27484343e-04 
 1.14500000e+00  4.28602720e-04 
 1.14600000e+00  4.29722284e-04 
 1.14700000e+00  4.30843033e-04 
 1.14800000e+00  4.31964965e-04 
 1.14900000e+00  4.33088076e-04 
 1.15000000e+00  4.34212364e-04 
 1.15100000e+00  4.35337826e-04 
 1.15200000e+00  4.36464459e-04 
 1.15300000e+00  4.37592262e-04 
 1.15400000e+00  4.38721230e-04 
 1.15500000e+00  4.39851362e-04 
 1.15600000e+00  4.40982654e-04 
 1.15700000e+00  4.42115104e-04 
 1.15800000e+00  4.43248709e-04 
 1.15900000e+00  4.44383467e-04 
 1.16000000e+00  4.45519374e-04 
 1.16100000e+00  4.46656427e-04 
 1.16200000e+00  4.47794625e-04 
 1.16300000e+00  4.48933963e-04 
 1.16400000e+00  4.50074440e-04 
 1.16500000e+00  4.51216052e-04 
 1.16600000e+00  4.52358797e-04 
 1.16700000e+00  4.53502672e-04 
 1.16800000e+00  4.54647673e-04 
 1.16900000e+00  4.55793799e-04 
 1.17000000e+00  4.56941046e-04 
 1.17100000e+00  4.58089411e-04 
 1.17200000e+00  4.59238892e-04 
 1.17300000e+00  4.60389486e-04 
 1.17400000e+00  4.61541189e-04 
 1.17500000e+00  4.62693999e-04 
 1.17600000e+00  4.63847913e-04 
 1.17700000e+00  4.65002928e-04 
 1.17800000e+00  4.66159040e-04 
 1.17900000e+00  4.67316249e-04 
 1.18000000e+00  4.68474549e-04 
 1.18100000e+00  4.69633938e-04 
 1.18200000e+00  4.70794414e-04 
 1.18300000e+00  4.71955973e-04 
 1.18400000e+00  4.73118612e-04 
 1.18500000e+00  4.74282329e-04 
 1.18600000e+00  4.75447120e-04 
 1.18700000e+00  4.76612983e-04 
 1.18800000e+00  4.77779914e-04 
 1.18900000e+00  4.78947910e-04 
 1.19000000e+00  4.80116969e-04 
 1.19100000e+00  4.81287087e-04 
 1.19200000e+00  4.82458261e-04 
 1.19300000e+00  4.83630489e-04 
 1.19400000e+00  4.84803766e-04 
 1.19500000e+00  4.85978091e-04 
 1.19600000e+00  4.87153460e-04 
 1.19700000e+00  4.88329870e-04 
 1.19800000e+00  4.89507318e-04 
 1.19900000e+00  4.90685801e-04 
 1.20000000e+00  4.91865316e-04 
 1.20100000e+00  4.93045859e-04 
 1.20200000e+00  4.94227428e-04 
 1.20300000e+00  4.95410019e-04 
 1.20400000e+00  4.96593629e-04 
 1.20500000e+00  4.97778256e-04 
 1.20600000e+00  4.98963896e-04 
 1.20700000e+00  5.00150545e-04 
 1.20800000e+00  5.01338202e-04 
 1.20900000e+00  5.02526862e-04 
 1.21000000e+00  5.03716522e-04 
 1.21100000e+00  5.04907180e-04 
 1.21200000e+00  5.06098832e-04 
 1.21300000e+00  5.07291475e-04 
 1.21400000e+00  5.08485105e-04 
 1.21500000e+00  5.09679720e-04 
 1.21600000e+00  5.10875316e-04 
 1.21700000e+00  5.12071890e-04 
 1.21800000e+00  5.13269439e-04 
 1.21900000e+00  5.14467960e-04 
 1.22000000e+00  5.15667449e-04 
 1.22100000e+00  5.16867903e-04 
 1.22200000e+00  5.18069320e-04 
 1.22300000e+00  5.19271694e-04 
 1.22400000e+00  5.20475024e-04 
 1.22500000e+00  5.21679307e-04 
 1.22600000e+00  5.22884538e-04 
 1.22700000e+00  5.24090714e-04 
 1.22800000e+00  5.25297833e-04 
 1.22900000e+00  5.26505891e-04 
 1.23000000e+00  5.27714884e-04 
 1.23100000e+00  5.28924810e-04 
 1.23200000e+00  5.30135665e-04 
 1.23300000e+00  5.31347445e-04 
 1.23400000e+00  5.32560148e-04 
 1.23500000e+00  5.33773770e-04 
 1.23600000e+00  5.34988308e-04 
 1.23700000e+00  5.36203757e-04 
 1.23800000e+00  5.37420116e-04 
 1.23900000e+00  5.38637381e-04 
 1.24000000e+00  5.39855547e-04 
 1.24100000e+00  5.41074613e-04 
 1.24200000e+00  5.42294574e-04 
 1.24300000e+00  5.43515427e-04 
 1.24400000e+00  5.44737169e-04 
 1.24500000e+00  5.45959796e-04 
 1.24600000e+00  5.47183305e-04 
 1.24700000e+00  5.48407693e-04 
 1.24800000e+00  5.49632955e-04 
 1.24900000e+00  5.50859089e-04 
 1.25000000e+00  5.52086092e-04 
 1.25100000e+00  5.53313959e-04 
 1.25200000e+00  5.54542687e-04 
 1.25300000e+00  5.55772273e-04 
 1.25400000e+00  5.57002714e-04 
 1.25500000e+00  5.58234006e-04 
 1.25600000e+00  5.59466145e-04 
 1.25700000e+00  5.60699128e-04 
 1.25800000e+00  5.61932952e-04 
 1.25900000e+00  5.63167612e-04 
 1.26000000e+00  5.64403106e-04 
 1.26100000e+00  5.65639431e-04 
 1.26200000e+00  5.66876581e-04 
 1.26300000e+00  5.68114555e-04 
 1.26400000e+00  5.69353349e-04 
 1.26500000e+00  5.70592958e-04 
 1.26600000e+00  5.71833380e-04 
 1.26700000e+00  5.73074610e-04 
 1.26800000e+00  5.74316646e-04 
 1.26900000e+00  5.75559484e-04 
 1.27000000e+00  5.76803121e-04 
 1.27100000e+00  5.78047552e-04 
 1.27200000e+00  5.79292774e-04 
 1.27300000e+00  5.80538783e-04 
 1.27400000e+00  5.81785577e-04 
 1.27500000e+00  5.83033152e-04 
 1.27600000e+00  5.84281503e-04 
 1.27700000e+00  5.85530627e-04 
 1.27800000e+00  5.86780521e-04 
 1.27900000e+00  5.88031182e-04 
 1.28000000e+00  5.89282604e-04 
 1.28100000e+00  5.90534786e-04 
 1.28200000e+00  5.91787723e-04 
 1.28300000e+00  5.93041412e-04 
 1.28400000e+00  5.94295848e-04 
 1.28500000e+00  5.95551029e-04 
 1.28600000e+00  5.96806951e-04 
 1.28700000e+00  5.98063610e-04 
 1.28800000e+00  5.99321002e-04 
 1.28900000e+00  6.00579124e-04 
 1.29000000e+00  6.01837973e-04 
 1.29100000e+00  6.03097544e-04 
 1.29200000e+00  6.04357833e-04 
 1.29300000e+00  6.05618838e-04 
 1.29400000e+00  6.06880555e-04 
 1.29500000e+00  6.08142979e-04 
 1.29600000e+00  6.09406107e-04 
 1.29700000e+00  6.10669936e-04 
 1.29800000e+00  6.11934462e-04 
 1.29900000e+00  6.13199680e-04 
 1.30000000e+00  6.14465588e-04 
 1.30100000e+00  6.15732182e-04 
 1.30200000e+00  6.16999457e-04 
 1.30300000e+00  6.18267411e-04 
 1.30400000e+00  6.19536039e-04 
 1.30500000e+00  6.20805338e-04 
 1.30600000e+00  6.22075304e-04 
 1.30700000e+00  6.23345933e-04 
 1.30800000e+00  6.24617222e-04 
 1.30900000e+00  6.25889167e-04 
 1.31000000e+00  6.27161764e-04 
 1.31100000e+00  6.28435009e-04 
 1.31200000e+00  6.29708898e-04 
 1.31300000e+00  6.30983428e-04 
 1.31400000e+00  6.32258596e-04 
 1.31500000e+00  6.33534396e-04 
 1.31600000e+00  6.34810826e-04 
 1.31700000e+00  6.36087882e-04 
 1.31800000e+00  6.37365560e-04 
 1.31900000e+00  6.38643855e-04 
 1.32000000e+00  6.39922765e-04 
 1.32100000e+00  6.41202286e-04 
 1.32200000e+00  6.42482413e-04 
 1.32300000e+00  6.43763143e-04 
 1.32400000e+00  6.45044473e-04 
 1.32500000e+00  6.46326397e-04 
 1.32600000e+00  6.47608913e-04 
 1.32700000e+00  6.48892017e-04 
 1.32800000e+00  6.50175705e-04 
 1.32900000e+00  6.51459972e-04 
 1.33000000e+00  6.52744816e-04 
 1.33100000e+00  6.54030232e-04 
 1.33200000e+00  6.55316217e-04 
 1.33300000e+00  6.56602766e-04 
 1.33400000e+00  6.57889877e-04 
 1.33500000e+00  6.59177544e-04 
 1.33600000e+00  6.60465764e-04 
 1.33700000e+00  6.61754533e-04 
 1.33800000e+00  6.63043848e-04 
 1.33900000e+00  6.64333705e-04 
 1.34000000e+00  6.65624099e-04 
 1.34100000e+00  6.66915027e-04 
 1.34200000e+00  6.68206484e-04 
 1.34300000e+00  6.69498468e-04 
 1.34400000e+00  6.70790974e-04 
 1.34500000e+00  6.72083999e-04 
 1.34600000e+00  6.73377537e-04 
 1.34700000e+00  6.74671586e-04 
 1.34800000e+00  6.75966142e-04 
 1.34900000e+00  6.77261201e-04 
 1.35000000e+00  6.78556758e-04 
 1.35100000e+00  6.79852810e-04 
 1.35200000e+00  6.81149353e-04 
 1.35300000e+00  6.82446383e-04 
 1.35400000e+00  6.83743897e-04 
 1.35500000e+00  6.85041890e-04 
 1.35600000e+00  6.86340358e-04 
 1.35700000e+00  6.87639297e-04 
 1.35800000e+00  6.88938704e-04 
 1.35900000e+00  6.90238574e-04 
 1.36000000e+00  6.91538904e-04 
 1.36100000e+00  6.92839690e-04 
 1.36200000e+00  6.94140928e-04 
 1.36300000e+00  6.95442613e-04 
 1.36400000e+00  6.96744742e-04 
 1.36500000e+00  6.98047312e-04 
 1.36600000e+00  6.99350317e-04 
 1.36700000e+00  7.00653754e-04 
 1.36800000e+00  7.01957619e-04 
 1.36900000e+00  7.03261909e-04 
 1.37000000e+00  7.04566618e-04 
 1.37100000e+00  7.05871744e-04 
 1.37200000e+00  7.07177282e-04 
 1.37300000e+00  7.08483228e-04 
 1.37400000e+00  7.09789579e-04 
 1.37500000e+00  7.11096330e-04 
 1.37600000e+00  7.12403477e-04 
 1.37700000e+00  7.13711017e-04 
 1.37800000e+00  7.15018945e-04 
 1.37900000e+00  7.16327258e-04 
 1.38000000e+00  7.17635951e-04 
 1.38100000e+00  7.18945020e-04 
 1.38200000e+00  7.20254462e-04 
 1.38300000e+00  7.21564273e-04 
 1.38400000e+00  7.22874448e-04 
 1.38500000e+00  7.24184983e-04 
 1.38600000e+00  7.25495876e-04 
 1.38700000e+00  7.26807120e-04 
 1.38800000e+00  7.28118713e-04 
 1.38900000e+00  7.29430651e-04 
 1.39000000e+00  7.30742929e-04 
 1.39100000e+00  7.32055544e-04 
 1.39200000e+00  7.33368491e-04 
 1.39300000e+00  7.34681767e-04 
 1.39400000e+00  7.35995367e-04 
 1.39500000e+00  7.37309288e-04 
 1.39600000e+00  7.38623526e-04 
 1.39700000e+00  7.39938075e-04 
 1.39800000e+00  7.41252934e-04 
 1.39900000e+00  7.42568096e-04 
 1.40000000e+00  7.43883559e-04 
 1.40100000e+00  7.45199319e-04 
 1.40200000e+00  7.46515371e-04 
 1.40300000e+00  7.47831711e-04 
 1.40400000e+00  7.49148335e-04 
 1.40500000e+00  7.50465240e-04 
 1.40600000e+00  7.51782421e-04 
 1.40700000e+00  7.53099874e-04 
 1.40800000e+00  7.54417596e-04 
 1.40900000e+00  7.55735582e-04 
 1.41000000e+00  7.57053828e-04 
 1.41100000e+00  7.58372330e-04 
 1.41200000e+00  7.59691084e-04 
 1.41300000e+00  7.61010086e-04 
 1.41400000e+00  7.62329332e-04 
 1.41500000e+00  7.63648818e-04 
 1.41600000e+00  7.64968540e-04 
 1.41700000e+00  7.66288494e-04 
 1.41800000e+00  7.67608675e-04 
 1.41900000e+00  7.68929081e-04 
 1.42000000e+00  7.70249706e-04 
 1.42100000e+00  7.71570547e-04 
 1.42200000e+00  7.72891600e-04 
 1.42300000e+00  7.74212860e-04 
 1.42400000e+00  7.75534324e-04 
 1.42500000e+00  7.76855987e-04 
 1.42600000e+00  7.78177846e-04 
 1.42700000e+00  7.79499896e-04 
 1.42800000e+00  7.80822133e-04 
 1.42900000e+00  7.82144554e-04 
 1.43000000e+00  7.83467154e-04 
 1.43100000e+00  7.84789930e-04 
 1.43200000e+00  7.86112876e-04 
 1.43300000e+00  7.87435990e-04 
 1.43400000e+00  7.88759266e-04 
 1.43500000e+00  7.90082702e-04 
 1.43600000e+00  7.91406292e-04 
 1.43700000e+00  7.92730034e-04 
 1.43800000e+00  7.94053922e-04 
 1.43900000e+00  7.95377953e-04 
 1.44000000e+00  7.96702123e-04 
 1.44100000e+00  7.98026427e-04 
 1.44200000e+00  7.99350862e-04 
 1.44300000e+00  8.00675424e-04 
 1.44400000e+00  8.02000108e-04 
 1.44500000e+00  8.03324910e-04 
 1.44600000e+00  8.04649827e-04 
 1.44700000e+00  8.05974854e-04 
 1.44800000e+00  8.07299988e-04 
 1.44900000e+00  8.08625223e-04 
 1.45000000e+00  8.09950557e-04 
 1.45100000e+00  8.11275985e-04 
 1.45200000e+00  8.12601502e-04 
 1.45300000e+00  8.13927106e-04 
 1.45400000e+00  8.15252792e-04 
 1.45500000e+00  8.16578555e-04 
 1.45600000e+00  8.17904392e-04 
 1.45700000e+00  8.19230299e-04 
 1.45800000e+00  8.20556272e-04 
 1.45900000e+00  8.21882306e-04 
 1.46000000e+00  8.23208398e-04 
 1.46100000e+00  8.24534543e-04 
 1.46200000e+00  8.25860738e-04 
 1.46300000e+00  8.27186978e-04 
 1.46400000e+00  8.28513260e-04 
 1.46500000e+00  8.29839578e-04 
 1.46600000e+00  8.31165930e-04 
 1.46700000e+00  8.32492311e-04 
 1.46800000e+00  8.33818717e-04 
 1.46900000e+00  8.35145145e-04 
 1.47000000e+00  8.36471589e-04 
 1.47100000e+00  8.37798046e-04 
 1.47200000e+00  8.39124512e-04 
 1.47300000e+00  8.40450983e-04 
 1.47400000e+00  8.41777455e-04 
 1.47500000e+00  8.43103923e-04 
 1.47600000e+00  8.44430385e-04 
 1.47700000e+00  8.45756834e-04 
 1.47800000e+00  8.47083269e-04 
 1.47900000e+00  8.48409684e-04 
 1.48000000e+00  8.49736075e-04 
 1.48100000e+00  8.51062439e-04 
 1.48200000e+00  8.52388772e-04 
 1.48300000e+00  8.53715069e-04 
 1.48400000e+00  8.55041326e-04 
 1.48500000e+00  8.56367539e-04 
 1.48600000e+00  8.57693705e-04 
 1.48700000e+00  8.59019819e-04 
 1.48800000e+00  8.60345877e-04 
 1.48900000e+00  8.61671875e-04 
 1.49000000e+00  8.62997810e-04 
 1.49100000e+00  8.64323676e-04 
 1.49200000e+00  8.65649471e-04 
 1.49300000e+00  8.66975189e-04 
 1.49400000e+00  8.68300828e-04 
 1.49500000e+00  8.69626382e-04 
 1.49600000e+00  8.70951849e-04 
 1.49700000e+00  8.72277223e-04 
 1.49800000e+00  8.73602501e-04 
 1.49900000e+00  8.74927679e-04 
 1.50000000e+00  8.76252753e-04 
 1.50100000e+00  8.77577719e-04 
 1.50200000e+00  8.78902573e-04 
 1.50300000e+00  8.80227310e-04 
 1.50400000e+00  8.81551927e-04 
 1.50500000e+00  8.82876420e-04 
 1.50600000e+00  8.84200785e-04 
 1.50700000e+00  8.85525017e-04 
 1.50800000e+00  8.86849113e-04 
 1.50900000e+00  8.88173069e-04 
 1.51000000e+00  8.89496880e-04 
 1.51100000e+00  8.90820544e-04 
 1.51200000e+00  8.92144054e-04 
 1.51300000e+00  8.93467409e-04 
 1.51400000e+00  8.94790603e-04 
 1.51500000e+00  8.96113634e-04 
 1.51600000e+00  8.97436495e-04 
 1.51700000e+00  8.98759185e-04 
 1.51800000e+00  9.00081698e-04 
 1.51900000e+00  9.01404031e-04 
 1.52000000e+00  9.02726180e-04 
 1.52100000e+00  9.04048141e-04 
 1.52200000e+00  9.05369909e-04 
 1.52300000e+00  9.06691481e-04 
 1.52400000e+00  9.08012853e-04 
 1.52500000e+00  9.09334021e-04 
 1.52600000e+00  9.10654981e-04 
 1.52700000e+00  9.11975729e-04 
 1.52800000e+00  9.13296260e-04 
 1.52900000e+00  9.14616572e-04 
 1.53000000e+00  9.15936660e-04 
 1.53100000e+00  9.17256519e-04 
 1.53200000e+00  9.18576147e-04 
 1.53300000e+00  9.19895539e-04 
 1.53400000e+00  9.21214692e-04 
 1.53500000e+00  9.22533600e-04 
 1.53600000e+00  9.23852261e-04 
 1.53700000e+00  9.25170670e-04 
 1.53800000e+00  9.26488823e-04 
 1.53900000e+00  9.27806717e-04 
 1.54000000e+00  9.29124348e-04 
 1.54100000e+00  9.30441711e-04 
 1.54200000e+00  9.31758802e-04 
 1.54300000e+00  9.33075619e-04 
 1.54400000e+00  9.34392156e-04 
 1.54500000e+00  9.35708410e-04 
 1.54600000e+00  9.37024377e-04 
 1.54700000e+00  9.38340053e-04 
 1.54800000e+00  9.39655434e-04 
 1.54900000e+00  9.40970517e-04 
 1.55000000e+00  9.42285296e-04 
 1.55100000e+00  9.43599769e-04 
 1.55200000e+00  9.44913932e-04 
 1.55300000e+00  9.46227780e-04 
 1.55400000e+00  9.47541309e-04 
 1.55500000e+00  9.48854517e-04 
 1.55600000e+00  9.50167398e-04 
 1.55700000e+00  9.51479949e-04 
 1.55800000e+00  9.52792167e-04 
 1.55900000e+00  9.54104046e-04 
 1.56000000e+00  9.55415584e-04 
 1.56100000e+00  9.56726777e-04 
 1.56200000e+00  9.58037619e-04 
 1.56300000e+00  9.59348109e-04 
 1.56400000e+00  9.60658242e-04 
 1.56500000e+00  9.61968013e-04 
 1.56600000e+00  9.63277419e-04 
 1.56700000e+00  9.64586457e-04 
 1.56800000e+00  9.65895122e-04 
 1.56900000e+00  9.67203411e-04 
 1.57000000e+00  9.68511319e-04 
 1.57100000e+00  9.69818843e-04 
 1.57200000e+00  9.71125980e-04 
 1.57300000e+00  9.72432724e-04 
 1.57400000e+00  9.73739073e-04 
 1.57500000e+00  9.75045022e-04 
 1.57600000e+00  9.76350568e-04 
 1.57700000e+00  9.77655706e-04 
 1.57800000e+00  9.78960434e-04 
 1.57900000e+00  9.80264747e-04 
 1.58000000e+00  9.81568641e-04 
 1.58100000e+00  9.82872113e-04 
 1.58200000e+00  9.84175159e-04 
 1.58300000e+00  9.85477774e-04 
 1.58400000e+00  9.86779956e-04 
 1.58500000e+00  9.88081700e-04 
 1.58600000e+00  9.89383003e-04 
 1.58700000e+00  9.90683861e-04 
 1.58800000e+00  9.91984269e-04 
 1.58900000e+00  9.93284225e-04 
 1.59000000e+00  9.94583724e-04 
 1.59100000e+00  9.95882763e-04 
 1.59200000e+00  9.97181338e-04 
 1.59300000e+00  9.98479445e-04 
 1.59400000e+00  9.99777080e-04 
 1.59500000e+00  1.00107424e-03 
 1.59600000e+00  1.00237092e-03 
 1.59700000e+00  1.00366712e-03 
 1.59800000e+00  1.00496283e-03 
 1.59900000e+00  1.00625805e-03 
 1.60000000e+00  1.00755278e-03 
 1.60100000e+00  1.00884701e-03 
 1.60200000e+00  1.01014074e-03 
 1.60300000e+00  1.01143396e-03 
 1.60400000e+00  1.01272667e-03 
 1.60500000e+00  1.01401887e-03 
 1.60600000e+00  1.01531056e-03 
 1.60700000e+00  1.01660172e-03 
 1.60800000e+00  1.01789236e-03 
 1.60900000e+00  1.01918248e-03 
 1.61000000e+00  1.02047206e-03 
 1.61100000e+00  1.02176110e-03 
 1.61200000e+00  1.02304961e-03 
 1.61300000e+00  1.02433758e-03 
 1.61400000e+00  1.02562500e-03 
 1.61500000e+00  1.02691187e-03 
 1.61600000e+00  1.02819819e-03 
 1.61700000e+00  1.02948395e-03 
 1.61800000e+00  1.03076915e-03 
 1.61900000e+00  1.03205378e-03 
 1.62000000e+00  1.03333785e-03 
 1.62100000e+00  1.03462135e-03 
 1.62200000e+00  1.03590427e-03 
 1.62300000e+00  1.03718661e-03 
 1.62400000e+00  1.03846837e-03 
 1.62500000e+00  1.03974955e-03 
 1.62600000e+00  1.04103013e-03 
 1.62700000e+00  1.04231012e-03 
 1.62800000e+00  1.04358952e-03 
 1.62900000e+00  1.04486831e-03 
 1.63000000e+00  1.04614650e-03 
 1.63100000e+00  1.04742408e-03 
 1.63200000e+00  1.04870105e-03 
 1.63300000e+00  1.04997741e-03 
 1.63400000e+00  1.05125314e-03 
 1.63500000e+00  1.05252826e-03 
 1.63600000e+00  1.05380275e-03 
 1.63700000e+00  1.05507661e-03 
 1.63800000e+00  1.05634984e-03 
 1.63900000e+00  1.05762243e-03 
 1.64000000e+00  1.05889438e-03 
 1.64100000e+00  1.06016569e-03 
 1.64200000e+00  1.06143635e-03 
 1.64300000e+00  1.06270636e-03 
 1.64400000e+00  1.06397572e-03 
 1.64500000e+00  1.06524442e-03 
 1.64600000e+00  1.06651246e-03 
 1.64700000e+00  1.06777983e-03 
 1.64800000e+00  1.06904654e-03 
 1.64900000e+00  1.07031258e-03 
 1.65000000e+00  1.07157793e-03 
 1.65100000e+00  1.07284262e-03 
 1.65200000e+00  1.07410662e-03 
 1.65300000e+00  1.07536993e-03 
 1.65400000e+00  1.07663255e-03 
 1.65500000e+00  1.07789449e-03 
 1.65600000e+00  1.07915572e-03 
 1.65700000e+00  1.08041626e-03 
 1.65800000e+00  1.08167609e-03 
 1.65900000e+00  1.08293522e-03 
 1.66000000e+00  1.08419364e-03 
 1.66100000e+00  1.08545135e-03 
 1.66200000e+00  1.08670833e-03 
 1.66300000e+00  1.08796460e-03 
 1.66400000e+00  1.08922015e-03 
 1.66500000e+00  1.09047497e-03 
 1.66600000e+00  1.09172905e-03 
 1.66700000e+00  1.09298241e-03 
 1.66800000e+00  1.09423503e-03 
 1.66900000e+00  1.09548690e-03 
 1.67000000e+00  1.09673804e-03 
 1.67100000e+00  1.09798842e-03 
 1.67200000e+00  1.09923806e-03 
 1.67300000e+00  1.10048694e-03 
 1.67400000e+00  1.10173506e-03 
 1.67500000e+00  1.10298243e-03 
 1.67600000e+00  1.10422902e-03 
 1.67700000e+00  1.10547486e-03 
 1.67800000e+00  1.10671992e-03 
 1.67900000e+00  1.10796420e-03 
 1.68000000e+00  1.10920771e-03 
 1.68100000e+00  1.11045044e-03 
 1.68200000e+00  1.11169239e-03 
 1.68300000e+00  1.11293355e-03 
 1.68400000e+00  1.11417391e-03 
 1.68500000e+00  1.11541349e-03 
 1.68600000e+00  1.11665226e-03 
 1.68700000e+00  1.11789024e-03 
 1.68800000e+00  1.11912741e-03 
 1.68900000e+00  1.12036377e-03 
 1.69000000e+00  1.12159933e-03 
 1.69100000e+00  1.12283407e-03 
 1.69200000e+00  1.12406799e-03 
 1.69300000e+00  1.12530109e-03 
 1.69400000e+00  1.12653337e-03 
 1.69500000e+00  1.12776483e-03 
 1.69600000e+00  1.12899545e-03 
 1.69700000e+00  1.13022524e-03 
 1.69800000e+00  1.13145419e-03 
 1.69900000e+00  1.13268231e-03 
 1.70000000e+00  1.13390958e-03 
 1.70100000e+00  1.13513600e-03 
 1.70200000e+00  1.13636158e-03 
 1.70300000e+00  1.13758631e-03 
 1.70400000e+00  1.13881018e-03 
 1.70500000e+00  1.14003319e-03 
 1.70600000e+00  1.14125533e-03 
 1.70700000e+00  1.14247662e-03 
 1.70800000e+00  1.14369703e-03 
 1.70900000e+00  1.14491658e-03 
 1.71000000e+00  1.14613525e-03 
 1.71100000e+00  1.14735304e-03 
 1.71200000e+00  1.14856995e-03 
 1.71300000e+00  1.14978598e-03 
 1.71400000e+00  1.15100112e-03 
 1.71500000e+00  1.15221537e-03 
 1.71600000e+00  1.15342873e-03 
 1.71700000e+00  1.15464119e-03 
 1.71800000e+00  1.15585275e-03 
 1.71900000e+00  1.15706341e-03 
 1.72000000e+00  1.15827316e-03 
 1.72100000e+00  1.15948201e-03 
 1.72200000e+00  1.16068994e-03 
 1.72300000e+00  1.16189696e-03 
 1.72400000e+00  1.16310306e-03 
 1.72500000e+00  1.16430824e-03 
 1.72600000e+00  1.16551250e-03 
 1.72700000e+00  1.16671583e-03 
 1.72800000e+00  1.16791822e-03 
 1.72900000e+00  1.16911969e-03 
 1.73000000e+00  1.17032022e-03 
 1.73100000e+00  1.17151981e-03 
 1.73200000e+00  1.17271846e-03 
 1.73300000e+00  1.17391617e-03 
 1.73400000e+00  1.17511293e-03 
 1.73500000e+00  1.17630873e-03 
 1.73600000e+00  1.17750358e-03 
 1.73700000e+00  1.17869748e-03 
 1.73800000e+00  1.17989042e-03 
 1.73900000e+00  1.18108239e-03 
 1.74000000e+00  1.18227340e-03 
 1.74100000e+00  1.18346344e-03 
 1.74200000e+00  1.18465250e-03 
 1.74300000e+00  1.18584060e-03 
 1.74400000e+00  1.18702771e-03 
 1.74500000e+00  1.18821385e-03 
 1.74600000e+00  1.18939900e-03 
 1.74700000e+00  1.19058316e-03 
 1.74800000e+00  1.19176634e-03 
 1.74900000e+00  1.19294853e-03 
 1.75000000e+00  1.19412972e-03 
 1.75100000e+00  1.19530991e-03 
 1.75200000e+00  1.19648910e-03 
 1.75300000e+00  1.19766729e-03 
 1.75400000e+00  1.19884448e-03 
 1.75500000e+00  1.20002065e-03 
 1.75600000e+00  1.20119581e-03 
 1.75700000e+00  1.20236996e-03 
 1.75800000e+00  1.20354309e-03 
 1.75900000e+00  1.20471520e-03 
 1.76000000e+00  1.20588629e-03 
 1.76100000e+00  1.20705635e-03 
 1.76200000e+00  1.20822539e-03 
 1.76300000e+00  1.20939339e-03 
 1.76400000e+00  1.21056036e-03 
 1.76500000e+00  1.21172629e-03 
 1.76600000e+00  1.21289118e-03 
 1.76700000e+00  1.21405503e-03 
 1.76800000e+00  1.21521783e-03 
 1.76900000e+00  1.21637959e-03 
 1.77000000e+00  1.21754029e-03 
 1.77100000e+00  1.21869994e-03 
 1.77200000e+00  1.21985854e-03 
 1.77300000e+00  1.22101608e-03 
 1.77400000e+00  1.22217255e-03 
 1.77500000e+00  1.22332797e-03 
 1.77600000e+00  1.22448231e-03 
 1.77700000e+00  1.22563559e-03 
 1.77800000e+00  1.22678779e-03 
 1.77900000e+00  1.22793892e-03 
 1.78000000e+00  1.22908897e-03 
 1.78100000e+00  1.23023794e-03 
 1.78200000e+00  1.23138583e-03 
 1.78300000e+00  1.23253263e-03 
 1.78400000e+00  1.23367835e-03 
 1.78500000e+00  1.23482297e-03 
 1.78600000e+00  1.23596650e-03 
 1.78700000e+00  1.23710894e-03 
 1.78800000e+00  1.23825028e-03 
 1.78900000e+00  1.23939051e-03 
 1.79000000e+00  1.24052965e-03 
 1.79100000e+00  1.24166767e-03 
 1.79200000e+00  1.24280459e-03 
 1.79300000e+00  1.24394040e-03 
 1.79400000e+00  1.24507509e-03 
 1.79500000e+00  1.24620867e-03 
 1.79600000e+00  1.24734113e-03 
 1.79700000e+00  1.24847247e-03 
 1.79800000e+00  1.24960268e-03 
 1.79900000e+00  1.25073177e-03 
 1.80000000e+00  1.25185972e-03 
