 0.00000000e+00  5.59073472e-09 
 1.00000000e-03  5.74085600e-09 
 2.00000000e-03  5.89493516e-09 
 3.00000000e-03  6.05307367e-09 
 4.00000000e-03  6.21537547e-09 
 5.00000000e-03  6.38194705e-09 
 6.00000000e-03  6.55289749e-09 
 7.00000000e-03  6.72833855e-09 
 8.00000000e-03  6.90838470e-09 
 9.00000000e-03  7.09315320e-09 
 1.00000000e-02  7.28276414e-09 
 1.10000000e-02  7.47734053e-09 
 1.20000000e-02  7.67700837e-09 
 1.30000000e-02  7.88189667e-09 
 1.40000000e-02  8.09213757e-09 
 1.50000000e-02  8.30786637e-09 
 1.60000000e-02  8.52922162e-09 
 1.70000000e-02  8.75634521e-09 
 1.80000000e-02  8.98938239e-09 
 1.90000000e-02  9.22848189e-09 
 2.00000000e-02  9.47379598e-09 
 2.10000000e-02  9.72548054e-09 
 2.20000000e-02  9.98369514e-09 
 2.30000000e-02  1.02486032e-08 
 2.40000000e-02  1.05203718e-08 
 2.50000000e-02  1.07991721e-08 
 2.60000000e-02  1.10851794e-08 
 2.70000000e-02  1.13785729e-08 
 2.80000000e-02  1.16795361e-08 
 2.90000000e-02  1.19882566e-08 
 3.00000000e-02  1.23049267e-08 
 3.10000000e-02  1.26297429e-08 
 3.20000000e-02  1.29629064e-08 
 3.30000000e-02  1.33046228e-08 
 3.40000000e-02  1.36551029e-08 
 3.50000000e-02  1.40145619e-08 
 3.60000000e-02  1.43832202e-08 
 3.70000000e-02  1.47613031e-08 
 3.80000000e-02  1.51490412e-08 
 3.90000000e-02  1.55466702e-08 
 4.00000000e-02  1.59544312e-08 
 4.10000000e-02  1.63725707e-08 
 4.20000000e-02  1.68013411e-08 
 4.30000000e-02  1.72409999e-08 
 4.40000000e-02  1.76918110e-08 
 4.50000000e-02  1.81540438e-08 
 4.60000000e-02  1.86279738e-08 
 4.70000000e-02  1.91138828e-08 
 4.80000000e-02  1.96120587e-08 
 4.90000000e-02  2.01227958e-08 
 5.00000000e-02  2.06463950e-08 
 5.10000000e-02  2.11831636e-08 
 5.20000000e-02  2.17334159e-08 
 5.30000000e-02  2.22974730e-08 
 5.40000000e-02  2.28756630e-08 
 5.50000000e-02  2.34683210e-08 
 5.60000000e-02  2.40757895e-08 
 5.70000000e-02  2.46984185e-08 
 5.80000000e-02  2.53365654e-08 
 5.90000000e-02  2.59905952e-08 
 6.00000000e-02  2.66608808e-08 
 6.10000000e-02  2.73478032e-08 
 6.20000000e-02  2.80517513e-08 
 6.30000000e-02  2.87731223e-08 
 6.40000000e-02  2.95123218e-08 
 6.50000000e-02  3.02697638e-08 
 6.60000000e-02  3.10458713e-08 
 6.70000000e-02  3.18410757e-08 
 6.80000000e-02  3.26558178e-08 
 6.90000000e-02  3.34905473e-08 
 7.00000000e-02  3.43457232e-08 
 7.10000000e-02  3.52218140e-08 
 7.20000000e-02  3.61192977e-08 
 7.30000000e-02  3.70386623e-08 
 7.40000000e-02  3.79804056e-08 
 7.50000000e-02  3.89450353e-08 
 7.60000000e-02  3.99330696e-08 
 7.70000000e-02  4.09450370e-08 
 7.80000000e-02  4.19814766e-08 
 7.90000000e-02  4.30429384e-08 
 8.00000000e-02  4.41299830e-08 
 8.10000000e-02  4.52431824e-08 
 8.20000000e-02  4.63831197e-08 
 8.30000000e-02  4.75503894e-08 
 8.40000000e-02  4.87455977e-08 
 8.50000000e-02  4.99693626e-08 
 8.60000000e-02  5.12223140e-08 
 8.70000000e-02  5.25050940e-08 
 8.80000000e-02  5.38183568e-08 
 8.90000000e-02  5.51627694e-08 
 9.00000000e-02  5.65390112e-08 
 9.10000000e-02  5.79477748e-08 
 9.20000000e-02  5.93897654e-08 
 9.30000000e-02  6.08657017e-08 
 9.40000000e-02  6.23763159e-08 
 9.50000000e-02  6.39223534e-08 
 9.60000000e-02  6.55045737e-08 
 9.70000000e-02  6.71237501e-08 
 9.80000000e-02  6.87806702e-08 
 9.90000000e-02  7.04761358e-08 
 1.00000000e-01  7.22109632e-08 
 1.01000000e-01  7.39859835e-08 
 1.02000000e-01  7.58020426e-08 
 1.03000000e-01  7.76600015e-08 
 1.04000000e-01  7.95607366e-08 
 1.05000000e-01  8.15051395e-08 
 1.06000000e-01  8.34941177e-08 
 1.07000000e-01  8.55285945e-08 
 1.08000000e-01  8.76095089e-08 
 1.09000000e-01  8.97378166e-08 
 1.10000000e-01  9.19144894e-08 
 1.11000000e-01  9.41405157e-08 
 1.12000000e-01  9.64169008e-08 
 1.13000000e-01  9.87446669e-08 
 1.14000000e-01  1.01124853e-07 
 1.15000000e-01  1.03558517e-07 
 1.16000000e-01  1.06046731e-07 
 1.17000000e-01  1.08590589e-07 
 1.18000000e-01  1.11191200e-07 
 1.19000000e-01  1.13849692e-07 
 1.20000000e-01  1.16567211e-07 
 1.21000000e-01  1.19344922e-07 
 1.22000000e-01  1.22184007e-07 
 1.23000000e-01  1.25085671e-07 
 1.24000000e-01  1.28051132e-07 
 1.25000000e-01  1.31081632e-07 
 1.26000000e-01  1.34178430e-07 
 1.27000000e-01  1.37342806e-07 
 1.28000000e-01  1.40576058e-07 
 1.29000000e-01  1.43879506e-07 
 1.30000000e-01  1.47254487e-07 
 1.31000000e-01  1.50702362e-07 
 1.32000000e-01  1.54224510e-07 
 1.33000000e-01  1.57822331e-07 
 1.34000000e-01  1.61497245e-07 
 1.35000000e-01  1.65250695e-07 
 1.36000000e-01  1.69084144e-07 
 1.37000000e-01  1.72999076e-07 
 1.38000000e-01  1.76996996e-07 
 1.39000000e-01  1.81079431e-07 
 1.40000000e-01  1.85247932e-07 
 1.41000000e-01  1.89504067e-07 
 1.42000000e-01  1.93849431e-07 
 1.43000000e-01  1.98285639e-07 
 1.44000000e-01  2.02814328e-07 
 1.45000000e-01  2.07437158e-07 
 1.46000000e-01  2.12155811e-07 
 1.47000000e-01  2.16971994e-07 
 1.48000000e-01  2.21887435e-07 
 1.49000000e-01  2.26903886e-07 
 1.50000000e-01  2.32023122e-07 
 1.51000000e-01  2.37246941e-07 
 1.52000000e-01  2.42577164e-07 
 1.53000000e-01  2.48015638e-07 
 1.54000000e-01  2.53564233e-07 
 1.55000000e-01  2.59224840e-07 
 1.56000000e-01  2.64999379e-07 
 1.57000000e-01  2.70889791e-07 
 1.58000000e-01  2.76898042e-07 
 1.59000000e-01  2.83026122e-07 
 1.60000000e-01  2.89276047e-07 
 1.61000000e-01  2.95649857e-07 
 1.62000000e-01  3.02149617e-07 
 1.63000000e-01  3.08777416e-07 
 1.64000000e-01  3.15535370e-07 
 1.65000000e-01  3.22425618e-07 
 1.66000000e-01  3.29450327e-07 
 1.67000000e-01  3.36611688e-07 
 1.68000000e-01  3.43911916e-07 
 1.69000000e-01  3.51353255e-07 
 1.70000000e-01  3.58937972e-07 
 1.71000000e-01  3.66668362e-07 
 1.72000000e-01  3.74546744e-07 
 1.73000000e-01  3.82575465e-07 
 1.74000000e-01  3.90756897e-07 
 1.75000000e-01  3.99093439e-07 
 1.76000000e-01  4.07587517e-07 
 1.77000000e-01  4.16241582e-07 
 1.78000000e-01  4.25058112e-07 
 1.79000000e-01  4.34039614e-07 
 1.80000000e-01  4.43188618e-07 
 1.81000000e-01  4.52507684e-07 
 1.82000000e-01  4.61999399e-07 
 1.83000000e-01  4.71666374e-07 
 1.84000000e-01  4.81511252e-07 
 1.85000000e-01  4.91536700e-07 
 1.86000000e-01  5.01745413e-07 
 1.87000000e-01  5.12140115e-07 
 1.88000000e-01  5.22723554e-07 
 1.89000000e-01  5.33498511e-07 
 1.90000000e-01  5.44467791e-07 
 1.91000000e-01  5.55634228e-07 
 1.92000000e-01  5.67000684e-07 
 1.93000000e-01  5.78570050e-07 
 1.94000000e-01  5.90345243e-07 
 1.95000000e-01  6.02329210e-07 
 1.96000000e-01  6.14524926e-07 
 1.97000000e-01  6.26935395e-07 
 1.98000000e-01  6.39563649e-07 
 1.99000000e-01  6.52412749e-07 
 2.00000000e-01  6.65485784e-07 
 2.01000000e-01  6.78785871e-07 
 2.02000000e-01  6.92316160e-07 
 2.03000000e-01  7.06079825e-07 
 2.04000000e-01  7.20080073e-07 
 2.05000000e-01  7.34320137e-07 
 2.06000000e-01  7.48803282e-07 
 2.07000000e-01  7.63532801e-07 
 2.08000000e-01  7.78512017e-07 
 2.09000000e-01  7.93744282e-07 
 2.10000000e-01  8.09232978e-07 
 2.11000000e-01  8.24981516e-07 
 2.12000000e-01  8.40993339e-07 
 2.13000000e-01  8.57271918e-07 
 2.14000000e-01  8.73820754e-07 
 2.15000000e-01  8.90643379e-07 
 2.16000000e-01  9.07743354e-07 
 2.17000000e-01  9.25124272e-07 
 2.18000000e-01  9.42789756e-07 
 2.19000000e-01  9.60743458e-07 
 2.20000000e-01  9.78989061e-07 
 2.21000000e-01  9.97530280e-07 
 2.22000000e-01  1.01637086e-06 
 2.23000000e-01  1.03551458e-06 
 2.24000000e-01  1.05496523e-06 
 2.25000000e-01  1.07472667e-06 
 2.26000000e-01  1.09480276e-06 
 2.27000000e-01  1.11519739e-06 
 2.28000000e-01  1.13591451e-06 
 2.29000000e-01  1.15695806e-06 
 2.30000000e-01  1.17833205e-06 
 2.31000000e-01  1.20004050e-06 
 2.32000000e-01  1.22208747e-06 
 2.33000000e-01  1.24447704e-06 
 2.34000000e-01  1.26721333e-06 
 2.35000000e-01  1.29030050e-06 
 2.36000000e-01  1.31374272e-06 
 2.37000000e-01  1.33754422e-06 
 2.38000000e-01  1.36170924e-06 
 2.39000000e-01  1.38624206e-06 
 2.40000000e-01  1.41114698e-06 
 2.41000000e-01  1.43642836e-06 
 2.42000000e-01  1.46209057e-06 
 2.43000000e-01  1.48813801e-06 
 2.44000000e-01  1.51457512e-06 
 2.45000000e-01  1.54140638e-06 
 2.46000000e-01  1.56863629e-06 
 2.47000000e-01  1.59626938e-06 
 2.48000000e-01  1.62431023e-06 
 2.49000000e-01  1.65276343e-06 
 2.50000000e-01  1.68163362e-06 
 2.51000000e-01  1.71092546e-06 
 2.52000000e-01  1.74064364e-06 
 2.53000000e-01  1.77079291e-06 
 2.54000000e-01  1.80137802e-06 
 2.55000000e-01  1.83240376e-06 
 2.56000000e-01  1.86387497e-06 
 2.57000000e-01  1.89579649e-06 
 2.58000000e-01  1.92817323e-06 
 2.59000000e-01  1.96101011e-06 
 2.60000000e-01  1.99431207e-06 
 2.61000000e-01  2.02808412e-06 
 2.62000000e-01  2.06233126e-06 
 2.63000000e-01  2.09705855e-06 
 2.64000000e-01  2.13227107e-06 
 2.65000000e-01  2.16797394e-06 
 2.66000000e-01  2.20417230e-06 
 2.67000000e-01  2.24087133e-06 
 2.68000000e-01  2.27807625e-06 
 2.69000000e-01  2.31579228e-06 
 2.70000000e-01  2.35402471e-06 
 2.71000000e-01  2.39277883e-06 
 2.72000000e-01  2.43205998e-06 
 2.73000000e-01  2.47187352e-06 
 2.74000000e-01  2.51222485e-06 
 2.75000000e-01  2.55311940e-06 
 2.76000000e-01  2.59456261e-06 
 2.77000000e-01  2.63655997e-06 
 2.78000000e-01  2.67911701e-06 
 2.79000000e-01  2.72223925e-06 
 2.80000000e-01  2.76593229e-06 
 2.81000000e-01  2.81020171e-06 
 2.82000000e-01  2.85505315e-06 
 2.83000000e-01  2.90049227e-06 
 2.84000000e-01  2.94652476e-06 
 2.85000000e-01  2.99315633e-06 
 2.86000000e-01  3.04039273e-06 
 2.87000000e-01  3.08823972e-06 
 2.88000000e-01  3.13670311e-06 
 2.89000000e-01  3.18578872e-06 
 2.90000000e-01  3.23550240e-06 
 2.91000000e-01  3.28585002e-06 
 2.92000000e-01  3.33683749e-06 
 2.93000000e-01  3.38847073e-06 
 2.94000000e-01  3.44075570e-06 
 2.95000000e-01  3.49369837e-06 
 2.96000000e-01  3.54730473e-06 
 2.97000000e-01  3.60158083e-06 
 2.98000000e-01  3.65653268e-06 
 2.99000000e-01  3.71216638e-06 
 3.00000000e-01  3.76848800e-06 
 3.01000000e-01  3.82550366e-06 
 3.02000000e-01  3.88321949e-06 
 3.03000000e-01  3.94164164e-06 
 3.04000000e-01  4.00077629e-06 
 3.05000000e-01  4.06062963e-06 
 3.06000000e-01  4.12120787e-06 
 3.07000000e-01  4.18251723e-06 
 3.08000000e-01  4.24456398e-06 
 3.09000000e-01  4.30735436e-06 
 3.10000000e-01  4.37089466e-06 
 3.11000000e-01  4.43519118e-06 
 3.12000000e-01  4.50025023e-06 
 3.13000000e-01  4.56607813e-06 
 3.14000000e-01  4.63268123e-06 
 3.15000000e-01  4.70006588e-06 
 3.16000000e-01  4.76823844e-06 
 3.17000000e-01  4.83720529e-06 
 3.18000000e-01  4.90697283e-06 
 3.19000000e-01  4.97754745e-06 
 3.20000000e-01  5.04893555e-06 
 3.21000000e-01  5.12114357e-06 
 3.22000000e-01  5.19417793e-06 
 3.23000000e-01  5.26804505e-06 
 3.24000000e-01  5.34275139e-06 
 3.25000000e-01  5.41830339e-06 
 3.26000000e-01  5.49470751e-06 
 3.27000000e-01  5.57197020e-06 
 3.28000000e-01  5.65009792e-06 
 3.29000000e-01  5.72909714e-06 
 3.30000000e-01  5.80897432e-06 
 3.31000000e-01  5.88973594e-06 
 3.32000000e-01  5.97138847e-06 
 3.33000000e-01  6.05393836e-06 
 3.34000000e-01  6.13739209e-06 
 3.35000000e-01  6.22175613e-06 
 3.36000000e-01  6.30703694e-06 
 3.37000000e-01  6.39324098e-06 
 3.38000000e-01  6.48037471e-06 
 3.39000000e-01  6.56844457e-06 
 3.40000000e-01  6.65745701e-06 
 3.41000000e-01  6.74741847e-06 
 3.42000000e-01  6.83833539e-06 
 3.43000000e-01  6.93021417e-06 
 3.44000000e-01  7.02306124e-06 
 3.45000000e-01  7.11688299e-06 
 3.46000000e-01  7.21168583e-06 
 3.47000000e-01  7.30747612e-06 
 3.48000000e-01  7.40426023e-06 
 3.49000000e-01  7.50204453e-06 
 3.50000000e-01  7.60083534e-06 
 3.51000000e-01  7.70063900e-06 
 3.52000000e-01  7.80146181e-06 
 3.53000000e-01  7.90331006e-06 
 3.54000000e-01  8.00619002e-06 
 3.55000000e-01  8.11010795e-06 
 3.56000000e-01  8.21507009e-06 
 3.57000000e-01  8.32108266e-06 
 3.58000000e-01  8.42815183e-06 
 3.59000000e-01  8.53628380e-06 
 3.60000000e-01  8.64548471e-06 
 3.61000000e-01  8.75576068e-06 
 3.62000000e-01  8.86711782e-06 
 3.63000000e-01  8.97956221e-06 
 3.64000000e-01  9.09309990e-06 
 3.65000000e-01  9.20773692e-06 
 3.66000000e-01  9.32347926e-06 
 3.67000000e-01  9.44033290e-06 
 3.68000000e-01  9.55830378e-06 
 3.69000000e-01  9.67739781e-06 
 3.70000000e-01  9.79762087e-06 
 3.71000000e-01  9.91897883e-06 
 3.72000000e-01  1.00414775e-05 
 3.73000000e-01  1.01651226e-05 
 3.74000000e-01  1.02899201e-05 
 3.75000000e-01  1.04158755e-05 
 3.76000000e-01  1.05429945e-05 
 3.77000000e-01  1.06712829e-05 
 3.78000000e-01  1.08007462e-05 
 3.79000000e-01  1.09313900e-05 
 3.80000000e-01  1.10632199e-05 
 3.81000000e-01  1.11962414e-05 
 3.82000000e-01  1.13304599e-05 
 3.83000000e-01  1.14658809e-05 
 3.84000000e-01  1.16025098e-05 
 3.85000000e-01  1.17403520e-05 
 3.86000000e-01  1.18794126e-05 
 3.87000000e-01  1.20196971e-05 
 3.88000000e-01  1.21612107e-05 
 3.89000000e-01  1.23039585e-05 
 3.90000000e-01  1.24479457e-05 
 3.91000000e-01  1.25931775e-05 
 3.92000000e-01  1.27396588e-05 
 3.93000000e-01  1.28873947e-05 
 3.94000000e-01  1.30363903e-05 
 3.95000000e-01  1.31866504e-05 
 3.96000000e-01  1.33381799e-05 
 3.97000000e-01  1.34909837e-05 
 3.98000000e-01  1.36450666e-05 
 3.99000000e-01  1.38004333e-05 
 4.00000000e-01  1.39570886e-05 
 4.01000000e-01  1.41150372e-05 
 4.02000000e-01  1.42742836e-05 
 4.03000000e-01  1.44348325e-05 
 4.04000000e-01  1.45966884e-05 
 4.05000000e-01  1.47598558e-05 
 4.06000000e-01  1.49243390e-05 
 4.07000000e-01  1.50901426e-05 
 4.08000000e-01  1.52572709e-05 
 4.09000000e-01  1.54257282e-05 
 4.10000000e-01  1.55955187e-05 
 4.11000000e-01  1.57666466e-05 
 4.12000000e-01  1.59391161e-05 
 4.13000000e-01  1.61129314e-05 
 4.14000000e-01  1.62880964e-05 
 4.15000000e-01  1.64646153e-05 
 4.16000000e-01  1.66424920e-05 
 4.17000000e-01  1.68217304e-05 
 4.18000000e-01  1.70023344e-05 
 4.19000000e-01  1.71843078e-05 
 4.20000000e-01  1.73676545e-05 
 4.21000000e-01  1.75523781e-05 
 4.22000000e-01  1.77384824e-05 
 4.23000000e-01  1.79259711e-05 
 4.24000000e-01  1.81148476e-05 
 4.25000000e-01  1.83051156e-05 
 4.26000000e-01  1.84967786e-05 
 4.27000000e-01  1.86898401e-05 
 4.28000000e-01  1.88843034e-05 
 4.29000000e-01  1.90801719e-05 
 4.30000000e-01  1.92774490e-05 
 4.31000000e-01  1.94761380e-05 
 4.32000000e-01  1.96762420e-05 
 4.33000000e-01  1.98777643e-05 
 4.34000000e-01  2.00807080e-05 
 4.35000000e-01  2.02850762e-05 
 4.36000000e-01  2.04908720e-05 
 4.37000000e-01  2.06980984e-05 
 4.38000000e-01  2.09067583e-05 
 4.39000000e-01  2.11168548e-05 
 4.40000000e-01  2.13283906e-05 
 4.41000000e-01  2.15413686e-05 
 4.42000000e-01  2.17557916e-05 
 4.43000000e-01  2.19716624e-05 
 4.44000000e-01  2.21889837e-05 
 4.45000000e-01  2.24077582e-05 
 4.46000000e-01  2.26279884e-05 
 4.47000000e-01  2.28496770e-05 
 4.48000000e-01  2.30728265e-05 
 4.49000000e-01  2.32974395e-05 
 4.50000000e-01  2.35235185e-05 
 4.51000000e-01  2.37510657e-05 
 4.52000000e-01  2.39800838e-05 
 4.53000000e-01  2.42105749e-05 
 4.54000000e-01  2.44425414e-05 
 4.55000000e-01  2.46759857e-05 
 4.56000000e-01  2.49109099e-05 
 4.57000000e-01  2.51473163e-05 
 4.58000000e-01  2.53852069e-05 
 4.59000000e-01  2.56245841e-05 
 4.60000000e-01  2.58654498e-05 
 4.61000000e-01  2.61078062e-05 
 4.62000000e-01  2.63516552e-05 
 4.63000000e-01  2.65969989e-05 
 4.64000000e-01  2.68438391e-05 
 4.65000000e-01  2.70921780e-05 
 4.66000000e-01  2.73420173e-05 
 4.67000000e-01  2.75933588e-05 
 4.68000000e-01  2.78462046e-05 
 4.69000000e-01  2.81005563e-05 
 4.70000000e-01  2.83564157e-05 
 4.71000000e-01  2.86137845e-05 
 4.72000000e-01  2.88726646e-05 
 4.73000000e-01  2.91330574e-05 
 4.74000000e-01  2.93949648e-05 
 4.75000000e-01  2.96583883e-05 
 4.76000000e-01  2.99233296e-05 
 4.77000000e-01  3.01897901e-05 
 4.78000000e-01  3.04577714e-05 
 4.79000000e-01  3.07272751e-05 
 4.80000000e-01  3.09983026e-05 
 4.81000000e-01  3.12708555e-05 
 4.82000000e-01  3.15449350e-05 
 4.83000000e-01  3.18205427e-05 
 4.84000000e-01  3.20976799e-05 
 4.85000000e-01  3.23763480e-05 
 4.86000000e-01  3.26565483e-05 
 4.87000000e-01  3.29382822e-05 
 4.88000000e-01  3.32215509e-05 
 4.89000000e-01  3.35063558e-05 
 4.90000000e-01  3.37926980e-05 
 4.91000000e-01  3.40805788e-05 
 4.92000000e-01  3.43699994e-05 
 4.93000000e-01  3.46609609e-05 
 4.94000000e-01  3.49534647e-05 
 4.95000000e-01  3.52475117e-05 
 4.96000000e-01  3.55431032e-05 
 4.97000000e-01  3.58402402e-05 
 4.98000000e-01  3.61389238e-05 
 4.99000000e-01  3.64391552e-05 
 5.00000000e-01  3.67409353e-05 
 5.01000000e-01  3.70442652e-05 
 5.02000000e-01  3.73491459e-05 
 5.03000000e-01  3.76555785e-05 
 5.04000000e-01  3.79635638e-05 
 5.05000000e-01  3.82731030e-05 
 5.06000000e-01  3.85841969e-05 
 5.07000000e-01  3.88968466e-05 
 5.08000000e-01  3.92110528e-05 
 5.09000000e-01  3.95268166e-05 
 5.10000000e-01  3.98441389e-05 
 5.11000000e-01  4.01630204e-05 
 5.12000000e-01  4.04834622e-05 
 5.13000000e-01  4.08054651e-05 
 5.14000000e-01  4.11290299e-05 
 5.15000000e-01  4.14541575e-05 
 5.16000000e-01  4.17808487e-05 
 5.17000000e-01  4.21091042e-05 
 5.18000000e-01  4.24389251e-05 
 5.19000000e-01  4.27703119e-05 
 5.20000000e-01  4.31032655e-05 
 5.21000000e-01  4.34377867e-05 
 5.22000000e-01  4.37738762e-05 
 5.23000000e-01  4.41115349e-05 
 5.24000000e-01  4.44507634e-05 
 5.25000000e-01  4.47915625e-05 
 5.26000000e-01  4.51339329e-05 
 5.27000000e-01  4.54778753e-05 
 5.28000000e-01  4.58233905e-05 
 5.29000000e-01  4.61704792e-05 
 5.30000000e-01  4.65191420e-05 
 5.31000000e-01  4.68693797e-05 
 5.32000000e-01  4.72211929e-05 
 5.33000000e-01  4.75745824e-05 
 5.34000000e-01  4.79295487e-05 
 5.35000000e-01  4.82860927e-05 
 5.36000000e-01  4.86442148e-05 
 5.37000000e-01  4.90039158e-05 
 5.38000000e-01  4.93651964e-05 
 5.39000000e-01  4.97280571e-05 
 5.40000000e-01  5.00924986e-05 
 5.41000000e-01  5.04585217e-05 
 5.42000000e-01  5.08261268e-05 
 5.43000000e-01  5.11953146e-05 
 5.44000000e-01  5.15660857e-05 
 5.45000000e-01  5.19384408e-05 
 5.46000000e-01  5.23123805e-05 
 5.47000000e-01  5.26879054e-05 
 5.48000000e-01  5.30650161e-05 
 5.49000000e-01  5.34437132e-05 
 5.50000000e-01  5.38239973e-05 
 5.51000000e-01  5.42058690e-05 
 5.52000000e-01  5.45893290e-05 
 5.53000000e-01  5.49743777e-05 
 5.54000000e-01  5.53610159e-05 
 5.55000000e-01  5.57492440e-05 
 5.56000000e-01  5.61390628e-05 
 5.57000000e-01  5.65304727e-05 
 5.58000000e-01  5.69234744e-05 
 5.59000000e-01  5.73180684e-05 
 5.60000000e-01  5.77142554e-05 
 5.61000000e-01  5.81120359e-05 
 5.62000000e-01  5.85114105e-05 
 5.63000000e-01  5.89123797e-05 
 5.64000000e-01  5.93149443e-05 
 5.65000000e-01  5.97191047e-05 
 5.66000000e-01  6.01248615e-05 
 5.67000000e-01  6.05322153e-05 
 5.68000000e-01  6.09411667e-05 
 5.69000000e-01  6.13517162e-05 
 5.70000000e-01  6.17638645e-05 
 5.71000000e-01  6.21776122e-05 
 5.72000000e-01  6.25929597e-05 
 5.73000000e-01  6.30099077e-05 
 5.74000000e-01  6.34284567e-05 
 5.75000000e-01  6.38486074e-05 
 5.76000000e-01  6.42703603e-05 
 5.77000000e-01  6.46937160e-05 
 5.78000000e-01  6.51186750e-05 
 5.79000000e-01  6.55452381e-05 
 5.80000000e-01  6.59734056e-05 
 5.81000000e-01  6.64031783e-05 
 5.82000000e-01  6.68345567e-05 
 5.83000000e-01  6.72675413e-05 
 5.84000000e-01  6.77021329e-05 
 5.85000000e-01  6.81383319e-05 
 5.86000000e-01  6.85761389e-05 
 5.87000000e-01  6.90155546e-05 
 5.88000000e-01  6.94565795e-05 
 5.89000000e-01  6.98992142e-05 
 5.90000000e-01  7.03434594e-05 
 5.91000000e-01  7.07893155e-05 
 5.92000000e-01  7.12367832e-05 
 5.93000000e-01  7.16858631e-05 
 5.94000000e-01  7.21365558e-05 
 5.95000000e-01  7.25888619e-05 
 5.96000000e-01  7.30427820e-05 
 5.97000000e-01  7.34983166e-05 
 5.98000000e-01  7.39554665e-05 
 5.99000000e-01  7.44142321e-05 
 6.00000000e-01  7.48746141e-05 
 6.01000000e-01  7.53366131e-05 
 6.02000000e-01  7.58002298e-05 
 6.03000000e-01  7.62654646e-05 
 6.04000000e-01  7.67323183e-05 
 6.05000000e-01  7.72007914e-05 
 6.06000000e-01  7.76708846e-05 
 6.07000000e-01  7.81425985e-05 
 6.08000000e-01  7.86159336e-05 
 6.09000000e-01  7.90908907e-05 
 6.10000000e-01  7.95674702e-05 
 6.11000000e-01  8.00456730e-05 
 6.12000000e-01  8.05254995e-05 
 6.13000000e-01  8.10069504e-05 
 6.14000000e-01  8.14900263e-05 
 6.15000000e-01  8.19747279e-05 
 6.16000000e-01  8.24610557e-05 
 6.17000000e-01  8.29490105e-05 
 6.18000000e-01  8.34385928e-05 
 6.19000000e-01  8.39298032e-05 
 6.20000000e-01  8.44226425e-05 
 6.21000000e-01  8.49171112e-05 
 6.22000000e-01  8.54132100e-05 
 6.23000000e-01  8.59109395e-05 
 6.24000000e-01  8.64103004e-05 
 6.25000000e-01  8.69112932e-05 
 6.26000000e-01  8.74139187e-05 
 6.27000000e-01  8.79181775e-05 
 6.28000000e-01  8.84240702e-05 
 6.29000000e-01  8.89315975e-05 
 6.30000000e-01  8.94407600e-05 
 6.31000000e-01  8.99515583e-05 
 6.32000000e-01  9.04639932e-05 
 6.33000000e-01  9.09780653e-05 
 6.34000000e-01  9.14937751e-05 
 6.35000000e-01  9.20111234e-05 
 6.36000000e-01  9.25301109e-05 
 6.37000000e-01  9.30507381e-05 
 6.38000000e-01  9.35730057e-05 
 6.39000000e-01  9.40969144e-05 
 6.40000000e-01  9.46224649e-05 
 6.41000000e-01  9.51496577e-05 
 6.42000000e-01  9.56784936e-05 
 6.43000000e-01  9.62089732e-05 
 6.44000000e-01  9.67410971e-05 
 6.45000000e-01  9.72748661e-05 
 6.46000000e-01  9.78102808e-05 
 6.47000000e-01  9.83473418e-05 
 6.48000000e-01  9.88860498e-05 
 6.49000000e-01  9.94264055e-05 
 6.50000000e-01  9.99684095e-05 
 6.51000000e-01  1.00512062e-04 
 6.52000000e-01  1.01057365e-04 
 6.53000000e-01  1.01604318e-04 
 6.54000000e-01  1.02152922e-04 
 6.55000000e-01  1.02703177e-04 
 6.56000000e-01  1.03255085e-04 
 6.57000000e-01  1.03808646e-04 
 6.58000000e-01  1.04363860e-04 
 6.59000000e-01  1.04920729e-04 
 6.60000000e-01  1.05479253e-04 
 6.61000000e-01  1.06039432e-04 
 6.62000000e-01  1.06601267e-04 
 6.63000000e-01  1.07164760e-04 
 6.64000000e-01  1.07729910e-04 
 6.65000000e-01  1.08296718e-04 
 6.66000000e-01  1.08865185e-04 
 6.67000000e-01  1.09435312e-04 
 6.68000000e-01  1.10007098e-04 
 6.69000000e-01  1.10580546e-04 
 6.70000000e-01  1.11155655e-04 
 6.71000000e-01  1.11732427e-04 
 6.72000000e-01  1.12310861e-04 
 6.73000000e-01  1.12890959e-04 
 6.74000000e-01  1.13472721e-04 
 6.75000000e-01  1.14056147e-04 
 6.76000000e-01  1.14641239e-04 
 6.77000000e-01  1.15227998e-04 
 6.78000000e-01  1.15816423e-04 
 6.79000000e-01  1.16406515e-04 
 6.80000000e-01  1.16998275e-04 
 6.81000000e-01  1.17591704e-04 
 6.82000000e-01  1.18186803e-04 
 6.83000000e-01  1.18783571e-04 
 6.84000000e-01  1.19382010e-04 
 6.85000000e-01  1.19982120e-04 
 6.86000000e-01  1.20583902e-04 
 6.87000000e-01  1.21187357e-04 
 6.88000000e-01  1.21792484e-04 
 6.89000000e-01  1.22399286e-04 
 6.90000000e-01  1.23007762e-04 
 6.91000000e-01  1.23617913e-04 
 6.92000000e-01  1.24229739e-04 
 6.93000000e-01  1.24843242e-04 
 6.94000000e-01  1.25458422e-04 
 6.95000000e-01  1.26075279e-04 
 6.96000000e-01  1.26693815e-04 
 6.97000000e-01  1.27314029e-04 
 6.98000000e-01  1.27935923e-04 
 6.99000000e-01  1.28559496e-04 
 7.00000000e-01  1.29184750e-04 
 7.01000000e-01  1.29811686e-04 
 7.02000000e-01  1.30440303e-04 
 7.03000000e-01  1.31070602e-04 
 7.04000000e-01  1.31702585e-04 
 7.05000000e-01  1.32336251e-04 
 7.06000000e-01  1.32971602e-04 
 7.07000000e-01  1.33608637e-04 
 7.08000000e-01  1.34247357e-04 
 7.09000000e-01  1.34887764e-04 
 7.10000000e-01  1.35529857e-04 
 7.11000000e-01  1.36173637e-04 
 7.12000000e-01  1.36819105e-04 
 7.13000000e-01  1.37466261e-04 
 7.14000000e-01  1.38115105e-04 
 7.15000000e-01  1.38765640e-04 
 7.16000000e-01  1.39417864e-04 
 7.17000000e-01  1.40071779e-04 
 7.18000000e-01  1.40727384e-04 
 7.19000000e-01  1.41384682e-04 
 7.20000000e-01  1.42043671e-04 
 7.21000000e-01  1.42704353e-04 
 7.22000000e-01  1.43366729e-04 
 7.23000000e-01  1.44030798e-04 
 7.24000000e-01  1.44696562e-04 
 7.25000000e-01  1.45364020e-04 
 7.26000000e-01  1.46033174e-04 
 7.27000000e-01  1.46704024e-04 
 7.28000000e-01  1.47376570e-04 
 7.29000000e-01  1.48050813e-04 
 7.30000000e-01  1.48726753e-04 
 7.31000000e-01  1.49404392e-04 
 7.32000000e-01  1.50083728e-04 
 7.33000000e-01  1.50764764e-04 
 7.34000000e-01  1.51447499e-04 
 7.35000000e-01  1.52131935e-04 
 7.36000000e-01  1.52818070e-04 
 7.37000000e-01  1.53505906e-04 
 7.38000000e-01  1.54195444e-04 
 7.39000000e-01  1.54886684e-04 
 7.40000000e-01  1.55579626e-04 
 7.41000000e-01  1.56274270e-04 
 7.42000000e-01  1.56970618e-04 
 7.43000000e-01  1.57668670e-04 
 7.44000000e-01  1.58368425e-04 
 7.45000000e-01  1.59069885e-04 
 7.46000000e-01  1.59773050e-04 
 7.47000000e-01  1.60477921e-04 
 7.48000000e-01  1.61184497e-04 
 7.49000000e-01  1.61892780e-04 
 7.50000000e-01  1.62602769e-04 
 7.51000000e-01  1.63314466e-04 
 7.52000000e-01  1.64027869e-04 
 7.53000000e-01  1.64742981e-04 
 7.54000000e-01  1.65459801e-04 
 7.55000000e-01  1.66178330e-04 
 7.56000000e-01  1.66898568e-04 
 7.57000000e-01  1.67620515e-04 
 7.58000000e-01  1.68344172e-04 
 7.59000000e-01  1.69069540e-04 
 7.60000000e-01  1.69796618e-04 
 7.61000000e-01  1.70525406e-04 
 7.62000000e-01  1.71255906e-04 
 7.63000000e-01  1.71988118e-04 
 7.64000000e-01  1.72722042e-04 
 7.65000000e-01  1.73457677e-04 
 7.66000000e-01  1.74195026e-04 
 7.67000000e-01  1.74934087e-04 
 7.68000000e-01  1.75674862e-04 
 7.69000000e-01  1.76417350e-04 
 7.70000000e-01  1.77161552e-04 
 7.71000000e-01  1.77907469e-04 
 7.72000000e-01  1.78655099e-04 
 7.73000000e-01  1.79404445e-04 
 7.74000000e-01  1.80155505e-04 
 7.75000000e-01  1.80908281e-04 
 7.76000000e-01  1.81662772e-04 
 7.77000000e-01  1.82418980e-04 
 7.78000000e-01  1.83176903e-04 
 7.79000000e-01  1.83936542e-04 
 7.80000000e-01  1.84697899e-04 
 7.81000000e-01  1.85460971e-04 
 7.82000000e-01  1.86225761e-04 
 7.83000000e-01  1.86992269e-04 
 7.84000000e-01  1.87760493e-04 
 7.85000000e-01  1.88530436e-04 
 7.86000000e-01  1.89302096e-04 
 7.87000000e-01  1.90075474e-04 
 7.88000000e-01  1.90850571e-04 
 7.89000000e-01  1.91627386e-04 
 7.90000000e-01  1.92405919e-04 
 7.91000000e-01  1.93186171e-04 
 7.92000000e-01  1.93968143e-04 
 7.93000000e-01  1.94751833e-04 
 7.94000000e-01  1.95537243e-04 
 7.95000000e-01  1.96324372e-04 
 7.96000000e-01  1.97113220e-04 
 7.97000000e-01  1.97903788e-04 
 7.98000000e-01  1.98696076e-04 
 7.99000000e-01  1.99490084e-04 
 8.00000000e-01  2.00285812e-04 
 8.01000000e-01  2.01083259e-04 
 8.02000000e-01  2.01882427e-04 
 8.03000000e-01  2.02683315e-04 
 8.04000000e-01  2.03485924e-04 
 8.05000000e-01  2.04290253e-04 
 8.06000000e-01  2.05096302e-04 
 8.07000000e-01  2.05904071e-04 
 8.08000000e-01  2.06713562e-04 
 8.09000000e-01  2.07524772e-04 
 8.10000000e-01  2.08337704e-04 
 8.11000000e-01  2.09152356e-04 
 8.12000000e-01  2.09968728e-04 
 8.13000000e-01  2.10786821e-04 
 8.14000000e-01  2.11606635e-04 
 8.15000000e-01  2.12428169e-04 
 8.16000000e-01  2.13251424e-04 
 8.17000000e-01  2.14076400e-04 
 8.18000000e-01  2.14903096e-04 
 8.19000000e-01  2.15731512e-04 
 8.20000000e-01  2.16561649e-04 
 8.21000000e-01  2.17393507e-04 
 8.22000000e-01  2.18227084e-04 
 8.23000000e-01  2.19062382e-04 
 8.24000000e-01  2.19899400e-04 
 8.25000000e-01  2.20738138e-04 
 8.26000000e-01  2.21578596e-04 
 8.27000000e-01  2.22420774e-04 
 8.28000000e-01  2.23264671e-04 
 8.29000000e-01  2.24110288e-04 
 8.30000000e-01  2.24957625e-04 
 8.31000000e-01  2.25806681e-04 
 8.32000000e-01  2.26657456e-04 
 8.33000000e-01  2.27509950e-04 
 8.34000000e-01  2.28364163e-04 
 8.35000000e-01  2.29220095e-04 
 8.36000000e-01  2.30077745e-04 
 8.37000000e-01  2.30937113e-04 
 8.38000000e-01  2.31798200e-04 
 8.39000000e-01  2.32661004e-04 
 8.40000000e-01  2.33525527e-04 
 8.41000000e-01  2.34391766e-04 
 8.42000000e-01  2.35259723e-04 
 8.43000000e-01  2.36129397e-04 
 8.44000000e-01  2.37000787e-04 
 8.45000000e-01  2.37873894e-04 
 8.46000000e-01  2.38748717e-04 
 8.47000000e-01  2.39625256e-04 
 8.48000000e-01  2.40503511e-04 
 8.49000000e-01  2.41383481e-04 
 8.50000000e-01  2.42265166e-04 
 8.51000000e-01  2.43148565e-04 
 8.52000000e-01  2.44033679e-04 
 8.53000000e-01  2.44920507e-04 
 8.54000000e-01  2.45809049e-04 
 8.55000000e-01  2.46699304e-04 
 8.56000000e-01  2.47591272e-04 
 8.57000000e-01  2.48484953e-04 
 8.58000000e-01  2.49380346e-04 
 8.59000000e-01  2.50277451e-04 
 8.60000000e-01  2.51176267e-04 
 8.61000000e-01  2.52076795e-04 
 8.62000000e-01  2.52979033e-04 
 8.63000000e-01  2.53882981e-04 
 8.64000000e-01  2.54788639e-04 
 8.65000000e-01  2.55696006e-04 
 8.66000000e-01  2.56605082e-04 
 8.67000000e-01  2.57515867e-04 
 8.68000000e-01  2.58428360e-04 
 8.69000000e-01  2.59342560e-04 
 8.70000000e-01  2.60258467e-04 
 8.71000000e-01  2.61176080e-04 
 8.72000000e-01  2.62095400e-04 
 8.73000000e-01  2.63016425e-04 
 8.74000000e-01  2.63939155e-04 
 8.75000000e-01  2.64863589e-04 
 8.76000000e-01  2.65789727e-04 
 8.77000000e-01  2.66717569e-04 
 8.78000000e-01  2.67647113e-04 
 8.79000000e-01  2.68578359e-04 
 8.80000000e-01  2.69511307e-04 
 8.81000000e-01  2.70445956e-04 
 8.82000000e-01  2.71382305e-04 
 8.83000000e-01  2.72320354e-04 
 8.84000000e-01  2.73260102e-04 
 8.85000000e-01  2.74201549e-04 
 8.86000000e-01  2.75144693e-04 
 8.87000000e-01  2.76089535e-04 
 8.88000000e-01  2.77036073e-04 
 8.89000000e-01  2.77984307e-04 
 8.90000000e-01  2.78934237e-04 
 8.91000000e-01  2.79885860e-04 
 8.92000000e-01  2.80839178e-04 
 8.93000000e-01  2.81794189e-04 
 8.94000000e-01  2.82750892e-04 
 8.95000000e-01  2.83709286e-04 
 8.96000000e-01  2.84669372e-04 
 8.97000000e-01  2.85631147e-04 
 8.98000000e-01  2.86594612e-04 
 8.99000000e-01  2.87559766e-04 
 9.00000000e-01  2.88526608e-04 
 9.01000000e-01  2.89495136e-04 
 9.02000000e-01  2.90465351e-04 
 9.03000000e-01  2.91437251e-04 
 9.04000000e-01  2.92410835e-04 
 9.05000000e-01  2.93386104e-04 
 9.06000000e-01  2.94363055e-04 
 9.07000000e-01  2.95341689e-04 
 9.08000000e-01  2.96322003e-04 
 9.09000000e-01  2.97303998e-04 
 9.10000000e-01  2.98287673e-04 
 9.11000000e-01  2.99273026e-04 
 9.12000000e-01  3.00260056e-04 
 9.13000000e-01  3.01248764e-04 
 9.14000000e-01  3.02239147e-04 
 9.15000000e-01  3.03231205e-04 
 9.16000000e-01  3.04224937e-04 
 9.17000000e-01  3.05220342e-04 
 9.18000000e-01  3.06217419e-04 
 9.19000000e-01  3.07216167e-04 
 9.20000000e-01  3.08216585e-04 
 9.21000000e-01  3.09218673e-04 
 9.22000000e-01  3.10222428e-04 
 9.23000000e-01  3.11227850e-04 
 9.24000000e-01  3.12234938e-04 
 9.25000000e-01  3.13243692e-04 
 9.26000000e-01  3.14254109e-04 
 9.27000000e-01  3.15266189e-04 
 9.28000000e-01  3.16279931e-04 
 9.29000000e-01  3.17295334e-04 
 9.30000000e-01  3.18312396e-04 
 9.31000000e-01  3.19331117e-04 
 9.32000000e-01  3.20351495e-04 
 9.33000000e-01  3.21373530e-04 
 9.34000000e-01  3.22397220e-04 
 9.35000000e-01  3.23422564e-04 
 9.36000000e-01  3.24449561e-04 
 9.37000000e-01  3.25478209e-04 
 9.38000000e-01  3.26508508e-04 
 9.39000000e-01  3.27540457e-04 
 9.40000000e-01  3.28574053e-04 
 9.41000000e-01  3.29609297e-04 
 9.42000000e-01  3.30646186e-04 
 9.43000000e-01  3.31684720e-04 
 9.44000000e-01  3.32724897e-04 
 9.45000000e-01  3.33766717e-04 
 9.46000000e-01  3.34810177e-04 
 9.47000000e-01  3.35855277e-04 
 9.48000000e-01  3.36902014e-04 
 9.49000000e-01  3.37950389e-04 
 9.50000000e-01  3.39000400e-04 
 9.51000000e-01  3.40052045e-04 
 9.52000000e-01  3.41105323e-04 
 9.53000000e-01  3.42160233e-04 
 9.54000000e-01  3.43216773e-04 
 9.55000000e-01  3.44274942e-04 
 9.56000000e-01  3.45334738e-04 
 9.57000000e-01  3.46396161e-04 
 9.58000000e-01  3.47459209e-04 
 9.59000000e-01  3.48523881e-04 
 9.60000000e-01  3.49590174e-04 
 9.61000000e-01  3.50658089e-04 
 9.62000000e-01  3.51727622e-04 
 9.63000000e-01  3.52798773e-04 
 9.64000000e-01  3.53871541e-04 
 9.65000000e-01  3.54945924e-04 
 9.66000000e-01  3.56021920e-04 
 9.67000000e-01  3.57099528e-04 
 9.68000000e-01  3.58178746e-04 
 9.69000000e-01  3.59259574e-04 
 9.70000000e-01  3.60342009e-04 
 9.71000000e-01  3.61426049e-04 
 9.72000000e-01  3.62511695e-04 
 9.73000000e-01  3.63598943e-04 
 9.74000000e-01  3.64687792e-04 
 9.75000000e-01  3.65778242e-04 
 9.76000000e-01  3.66870289e-04 
 9.77000000e-01  3.67963933e-04 
 9.78000000e-01  3.69059172e-04 
 9.79000000e-01  3.70156004e-04 
 9.80000000e-01  3.71254428e-04 
 9.81000000e-01  3.72354442e-04 
 9.82000000e-01  3.73456045e-04 
 9.83000000e-01  3.74559234e-04 
 9.84000000e-01  3.75664009e-04 
 9.85000000e-01  3.76770367e-04 
 9.86000000e-01  3.77878307e-04 
 9.87000000e-01  3.78987827e-04 
 9.88000000e-01  3.80098925e-04 
 9.89000000e-01  3.81211601e-04 
 9.90000000e-01  3.82325851e-04 
 9.91000000e-01  3.83441674e-04 
 9.92000000e-01  3.84559069e-04 
 9.93000000e-01  3.85678033e-04 
 9.94000000e-01  3.86798566e-04 
 9.95000000e-01  3.87920665e-04 
 9.96000000e-01  3.89044328e-04 
 9.97000000e-01  3.90169553e-04 
 9.98000000e-01  3.91296340e-04 
 9.99000000e-01  3.92424685e-04 
 1.00000000e+00  3.93554588e-04 
 1.00100000e+00  3.94686045e-04 
 1.00200000e+00  3.95819056e-04 
 1.00300000e+00  3.96953619e-04 
 1.00400000e+00  3.98089731e-04 
 1.00500000e+00  3.99227392e-04 
 1.00600000e+00  4.00366598e-04 
 1.00700000e+00  4.01507348e-04 
 1.00800000e+00  4.02649640e-04 
 1.00900000e+00  4.03793472e-04 
 1.01000000e+00  4.04938842e-04 
 1.01100000e+00  4.06085749e-04 
 1.01200000e+00  4.07234189e-04 
 1.01300000e+00  4.08384163e-04 
 1.01400000e+00  4.09535666e-04 
 1.01500000e+00  4.10688698e-04 
 1.01600000e+00  4.11843256e-04 
 1.01700000e+00  4.12999338e-04 
 1.01800000e+00  4.14156943e-04 
 1.01900000e+00  4.15316067e-04 
 1.02000000e+00  4.16476710e-04 
 1.02100000e+00  4.17638870e-04 
 1.02200000e+00  4.18802543e-04 
 1.02300000e+00  4.19967728e-04 
 1.02400000e+00  4.21134423e-04 
 1.02500000e+00  4.22302626e-04 
 1.02600000e+00  4.23472334e-04 
 1.02700000e+00  4.24643546e-04 
 1.02800000e+00  4.25816259e-04 
 1.02900000e+00  4.26990472e-04 
 1.03000000e+00  4.28166182e-04 
 1.03100000e+00  4.29343387e-04 
 1.03200000e+00  4.30522084e-04 
 1.03300000e+00  4.31702272e-04 
 1.03400000e+00  4.32883949e-04 
 1.03500000e+00  4.34067111e-04 
 1.03600000e+00  4.35251758e-04 
 1.03700000e+00  4.36437886e-04 
 1.03800000e+00  4.37625494e-04 
 1.03900000e+00  4.38814579e-04 
 1.04000000e+00  4.40005139e-04 
 1.04100000e+00  4.41197172e-04 
 1.04200000e+00  4.42390675e-04 
 1.04300000e+00  4.43585646e-04 
 1.04400000e+00  4.44782083e-04 
 1.04500000e+00  4.45979984e-04 
 1.04600000e+00  4.47179346e-04 
 1.04700000e+00  4.48380167e-04 
 1.04800000e+00  4.49582444e-04 
 1.04900000e+00  4.50786175e-04 
 1.05000000e+00  4.51991359e-04 
 1.05100000e+00  4.53197991e-04 
 1.05200000e+00  4.54406071e-04 
 1.05300000e+00  4.55615595e-04 
 1.05400000e+00  4.56826562e-04 
 1.05500000e+00  4.58038968e-04 
 1.05600000e+00  4.59252812e-04 
 1.05700000e+00  4.60468091e-04 
 1.05800000e+00  4.61684802e-04 
 1.05900000e+00  4.62902944e-04 
 1.06000000e+00  4.64122513e-04 
 1.06100000e+00  4.65343507e-04 
 1.06200000e+00  4.66565923e-04 
 1.06300000e+00  4.67789760e-04 
 1.06400000e+00  4.69015014e-04 
 1.06500000e+00  4.70241684e-04 
 1.06600000e+00  4.71469766e-04 
 1.06700000e+00  4.72699258e-04 
 1.06800000e+00  4.73930157e-04 
 1.06900000e+00  4.75162462e-04 
 1.07000000e+00  4.76396168e-04 
 1.07100000e+00  4.77631275e-04 
 1.07200000e+00  4.78867779e-04 
 1.07300000e+00  4.80105677e-04 
 1.07400000e+00  4.81344967e-04 
 1.07500000e+00  4.82585646e-04 
 1.07600000e+00  4.83827712e-04 
 1.07700000e+00  4.85071163e-04 
 1.07800000e+00  4.86315994e-04 
 1.07900000e+00  4.87562205e-04 
 1.08000000e+00  4.88809791e-04 
 1.08100000e+00  4.90058751e-04 
 1.08200000e+00  4.91309081e-04 
 1.08300000e+00  4.92560780e-04 
 1.08400000e+00  4.93813843e-04 
 1.08500000e+00  4.95068269e-04 
 1.08600000e+00  4.96324056e-04 
 1.08700000e+00  4.97581199e-04 
 1.08800000e+00  4.98839696e-04 
 1.08900000e+00  5.00099545e-04 
 1.09000000e+00  5.01360743e-04 
 1.09100000e+00  5.02623287e-04 
 1.09200000e+00  5.03887174e-04 
 1.09300000e+00  5.05152401e-04 
 1.09400000e+00  5.06418966e-04 
 1.09500000e+00  5.07686866e-04 
 1.09600000e+00  5.08956098e-04 
 1.09700000e+00  5.10226659e-04 
 1.09800000e+00  5.11498546e-04 
 1.09900000e+00  5.12771756e-04 
 1.10000000e+00  5.14046287e-04 
 1.10100000e+00  5.15322136e-04 
 1.10200000e+00  5.16599300e-04 
 1.10300000e+00  5.17877775e-04 
 1.10400000e+00  5.19157559e-04 
 1.10500000e+00  5.20438649e-04 
 1.10600000e+00  5.21721043e-04 
 1.10700000e+00  5.23004736e-04 
 1.10800000e+00  5.24289727e-04 
 1.10900000e+00  5.25576012e-04 
 1.11000000e+00  5.26863588e-04 
 1.11100000e+00  5.28152453e-04 
 1.11200000e+00  5.29442603e-04 
 1.11300000e+00  5.30734035e-04 
 1.11400000e+00  5.32026747e-04 
 1.11500000e+00  5.33320735e-04 
 1.11600000e+00  5.34615996e-04 
 1.11700000e+00  5.35912527e-04 
 1.11800000e+00  5.37210326e-04 
 1.11900000e+00  5.38509389e-04 
 1.12000000e+00  5.39809713e-04 
 1.12100000e+00  5.41111295e-04 
 1.12200000e+00  5.42414132e-04 
 1.12300000e+00  5.43718220e-04 
 1.12400000e+00  5.45023558e-04 
 1.12500000e+00  5.46330141e-04 
 1.12600000e+00  5.47637967e-04 
 1.12700000e+00  5.48947032e-04 
 1.12800000e+00  5.50257334e-04 
 1.12900000e+00  5.51568868e-04 
 1.13000000e+00  5.52881633e-04 
 1.13100000e+00  5.54195624e-04 
 1.13200000e+00  5.55510839e-04 
 1.13300000e+00  5.56827275e-04 
 1.13400000e+00  5.58144928e-04 
 1.13500000e+00  5.59463794e-04 
 1.13600000e+00  5.60783872e-04 
 1.13700000e+00  5.62105158e-04 
 1.13800000e+00  5.63427648e-04 
 1.13900000e+00  5.64751339e-04 
 1.14000000e+00  5.66076228e-04 
 1.14100000e+00  5.67402311e-04 
 1.14200000e+00  5.68729586e-04 
 1.14300000e+00  5.70058050e-04 
 1.14400000e+00  5.71387698e-04 
 1.14500000e+00  5.72718528e-04 
 1.14600000e+00  5.74050536e-04 
 1.14700000e+00  5.75383719e-04 
 1.14800000e+00  5.76718074e-04 
 1.14900000e+00  5.78053597e-04 
 1.15000000e+00  5.79390285e-04 
 1.15100000e+00  5.80728135e-04 
 1.15200000e+00  5.82067143e-04 
 1.15300000e+00  5.83407307e-04 
 1.15400000e+00  5.84748621e-04 
 1.15500000e+00  5.86091085e-04 
 1.15600000e+00  5.87434693e-04 
 1.15700000e+00  5.88779442e-04 
 1.15800000e+00  5.90125329e-04 
 1.15900000e+00  5.91472352e-04 
 1.16000000e+00  5.92820505e-04 
 1.16100000e+00  5.94169786e-04 
 1.16200000e+00  5.95520192e-04 
 1.16300000e+00  5.96871719e-04 
 1.16400000e+00  5.98224363e-04 
 1.16500000e+00  5.99578121e-04 
 1.16600000e+00  6.00932990e-04 
 1.16700000e+00  6.02288965e-04 
 1.16800000e+00  6.03646045e-04 
 1.16900000e+00  6.05004224e-04 
 1.17000000e+00  6.06363500e-04 
 1.17100000e+00  6.07723870e-04 
 1.17200000e+00  6.09085329e-04 
 1.17300000e+00  6.10447874e-04 
 1.17400000e+00  6.11811501e-04 
 1.17500000e+00  6.13176208e-04 
 1.17600000e+00  6.14541990e-04 
 1.17700000e+00  6.15908843e-04 
 1.17800000e+00  6.17276766e-04 
 1.17900000e+00  6.18645753e-04 
 1.18000000e+00  6.20015801e-04 
 1.18100000e+00  6.21386907e-04 
 1.18200000e+00  6.22759066e-04 
 1.18300000e+00  6.24132276e-04 
 1.18400000e+00  6.25506533e-04 
 1.18500000e+00  6.26881833e-04 
 1.18600000e+00  6.28258173e-04 
 1.18700000e+00  6.29635549e-04 
 1.18800000e+00  6.31013956e-04 
 1.18900000e+00  6.32393393e-04 
 1.19000000e+00  6.33773854e-04 
 1.19100000e+00  6.35155337e-04 
 1.19200000e+00  6.36537837e-04 
 1.19300000e+00  6.37921351e-04 
 1.19400000e+00  6.39305876e-04 
 1.19500000e+00  6.40691407e-04 
 1.19600000e+00  6.42077941e-04 
 1.19700000e+00  6.43465474e-04 
 1.19800000e+00  6.44854002e-04 
 1.19900000e+00  6.46243522e-04 
 1.20000000e+00  6.47634030e-04 
 1.20100000e+00  6.49025523e-04 
 1.20200000e+00  6.50417996e-04 
 1.20300000e+00  6.51811445e-04 
 1.20400000e+00  6.53205868e-04 
 1.20500000e+00  6.54601259e-04 
 1.20600000e+00  6.55997617e-04 
 1.20700000e+00  6.57394935e-04 
 1.20800000e+00  6.58793212e-04 
 1.20900000e+00  6.60192443e-04 
 1.21000000e+00  6.61592624e-04 
 1.21100000e+00  6.62993751e-04 
 1.21200000e+00  6.64395821e-04 
 1.21300000e+00  6.65798830e-04 
 1.21400000e+00  6.67202774e-04 
 1.21500000e+00  6.68607649e-04 
 1.21600000e+00  6.70013451e-04 
 1.21700000e+00  6.71420176e-04 
 1.21800000e+00  6.72827822e-04 
 1.21900000e+00  6.74236383e-04 
 1.22000000e+00  6.75645855e-04 
 1.22100000e+00  6.77056236e-04 
 1.22200000e+00  6.78467521e-04 
 1.22300000e+00  6.79879706e-04 
 1.22400000e+00  6.81292787e-04 
 1.22500000e+00  6.82706760e-04 
 1.22600000e+00  6.84121622e-04 
 1.22700000e+00  6.85537369e-04 
 1.22800000e+00  6.86953996e-04 
 1.22900000e+00  6.88371500e-04 
 1.23000000e+00  6.89789876e-04 
 1.23100000e+00  6.91209122e-04 
 1.23200000e+00  6.92629232e-04 
 1.23300000e+00  6.94050203e-04 
 1.23400000e+00  6.95472031e-04 
 1.23500000e+00  6.96894712e-04 
 1.23600000e+00  6.98318242e-04 
 1.23700000e+00  6.99742617e-04 
 1.23800000e+00  7.01167833e-04 
 1.23900000e+00  7.02593886e-04 
 1.24000000e+00  7.04020772e-04 
 1.24100000e+00  7.05448487e-04 
 1.24200000e+00  7.06877027e-04 
 1.24300000e+00  7.08306388e-04 
 1.24400000e+00  7.09736566e-04 
 1.24500000e+00  7.11167557e-04 
 1.24600000e+00  7.12599357e-04 
 1.24700000e+00  7.14031961e-04 
 1.24800000e+00  7.15465366e-04 
 1.24900000e+00  7.16899569e-04 
 1.25000000e+00  7.18334563e-04 
 1.25100000e+00  7.19770347e-04 
 1.25200000e+00  7.21206915e-04 
 1.25300000e+00  7.22644263e-04 
 1.25400000e+00  7.24082388e-04 
 1.25500000e+00  7.25521285e-04 
 1.25600000e+00  7.26960950e-04 
 1.25700000e+00  7.28401379e-04 
 1.25800000e+00  7.29842568e-04 
 1.25900000e+00  7.31284514e-04 
 1.26000000e+00  7.32727211e-04 
 1.26100000e+00  7.34170655e-04 
 1.26200000e+00  7.35614843e-04 
 1.26300000e+00  7.37059771e-04 
 1.26400000e+00  7.38505433e-04 
 1.26500000e+00  7.39951827e-04 
 1.26600000e+00  7.41398948e-04 
 1.26700000e+00  7.42846791e-04 
 1.26800000e+00  7.44295354e-04 
 1.26900000e+00  7.45744630e-04 
 1.27000000e+00  7.47194617e-04 
 1.27100000e+00  7.48645310e-04 
 1.27200000e+00  7.50096705e-04 
 1.27300000e+00  7.51548798e-04 
 1.27400000e+00  7.53001585e-04 
 1.27500000e+00  7.54455060e-04 
 1.27600000e+00  7.55909221e-04 
 1.27700000e+00  7.57364063e-04 
 1.27800000e+00  7.58819582e-04 
 1.27900000e+00  7.60275773e-04 
 1.28000000e+00  7.61732633e-04 
 1.28100000e+00  7.63190156e-04 
 1.28200000e+00  7.64648340e-04 
 1.28300000e+00  7.66107179e-04 
 1.28400000e+00  7.67566670e-04 
 1.28500000e+00  7.69026808e-04 
 1.28600000e+00  7.70487589e-04 
 1.28700000e+00  7.71949008e-04 
 1.28800000e+00  7.73411062e-04 
 1.28900000e+00  7.74873746e-04 
 1.29000000e+00  7.76337056e-04 
 1.29100000e+00  7.77800988e-04 
 1.29200000e+00  7.79265537e-04 
 1.29300000e+00  7.80730699e-04 
 1.29400000e+00  7.82196469e-04 
 1.29500000e+00  7.83662845e-04 
 1.29600000e+00  7.85129820e-04 
 1.29700000e+00  7.86597392e-04 
 1.29800000e+00  7.88065555e-04 
 1.29900000e+00  7.89534305e-04 
 1.30000000e+00  7.91003639e-04 
 1.30100000e+00  7.92473551e-04 
 1.30200000e+00  7.93944037e-04 
 1.30300000e+00  7.95415094e-04 
 1.30400000e+00  7.96886716e-04 
 1.30500000e+00  7.98358900e-04 
 1.30600000e+00  7.99831641e-04 
 1.30700000e+00  8.01304934e-04 
 1.30800000e+00  8.02778776e-04 
 1.30900000e+00  8.04253162e-04 
 1.31000000e+00  8.05728088e-04 
 1.31100000e+00  8.07203549e-04 
 1.31200000e+00  8.08679542e-04 
 1.31300000e+00  8.10156061e-04 
 1.31400000e+00  8.11633102e-04 
 1.31500000e+00  8.13110661e-04 
 1.31600000e+00  8.14588733e-04 
 1.31700000e+00  8.16067315e-04 
 1.31800000e+00  8.17546402e-04 
 1.31900000e+00  8.19025989e-04 
 1.32000000e+00  8.20506072e-04 
 1.32100000e+00  8.21986647e-04 
 1.32200000e+00  8.23467710e-04 
 1.32300000e+00  8.24949255e-04 
 1.32400000e+00  8.26431278e-04 
 1.32500000e+00  8.27913776e-04 
 1.32600000e+00  8.29396743e-04 
 1.32700000e+00  8.30880176e-04 
 1.32800000e+00  8.32364069e-04 
 1.32900000e+00  8.33848420e-04 
 1.33000000e+00  8.35333222e-04 
 1.33100000e+00  8.36818471e-04 
 1.33200000e+00  8.38304164e-04 
 1.33300000e+00  8.39790296e-04 
 1.33400000e+00  8.41276862e-04 
 1.33500000e+00  8.42763858e-04 
 1.33600000e+00  8.44251280e-04 
 1.33700000e+00  8.45739123e-04 
 1.33800000e+00  8.47227382e-04 
 1.33900000e+00  8.48716054e-04 
 1.34000000e+00  8.50205133e-04 
 1.34100000e+00  8.51694616e-04 
 1.34200000e+00  8.53184497e-04 
 1.34300000e+00  8.54674773e-04 
 1.34400000e+00  8.56165439e-04 
 1.34500000e+00  8.57656490e-04 
 1.34600000e+00  8.59147922e-04 
 1.34700000e+00  8.60639731e-04 
 1.34800000e+00  8.62131913e-04 
 1.34900000e+00  8.63624461e-04 
 1.35000000e+00  8.65117373e-04 
 1.35100000e+00  8.66610644e-04 
 1.35200000e+00  8.68104269e-04 
 1.35300000e+00  8.69598244e-04 
 1.35400000e+00  8.71092563e-04 
 1.35500000e+00  8.72587224e-04 
 1.35600000e+00  8.74082221e-04 
 1.35700000e+00  8.75577550e-04 
 1.35800000e+00  8.77073207e-04 
 1.35900000e+00  8.78569186e-04 
 1.36000000e+00  8.80065483e-04 
 1.36100000e+00  8.81562095e-04 
 1.36200000e+00  8.83059016e-04 
 1.36300000e+00  8.84556241e-04 
 1.36400000e+00  8.86053768e-04 
 1.36500000e+00  8.87551590e-04 
 1.36600000e+00  8.89049703e-04 
 1.36700000e+00  8.90548103e-04 
 1.36800000e+00  8.92046786e-04 
 1.36900000e+00  8.93545747e-04 
 1.37000000e+00  8.95044981e-04 
 1.37100000e+00  8.96544484e-04 
 1.37200000e+00  8.98044251e-04 
 1.37300000e+00  8.99544278e-04 
 1.37400000e+00  9.01044560e-04 
 1.37500000e+00  9.02545093e-04 
 1.37600000e+00  9.04045873e-04 
 1.37700000e+00  9.05546894e-04 
 1.37800000e+00  9.07048153e-04 
 1.37900000e+00  9.08549644e-04 
 1.38000000e+00  9.10051363e-04 
 1.38100000e+00  9.11553307e-04 
 1.38200000e+00  9.13055469e-04 
 1.38300000e+00  9.14557846e-04 
 1.38400000e+00  9.16060433e-04 
 1.38500000e+00  9.17563225e-04 
 1.38600000e+00  9.19066219e-04 
 1.38700000e+00  9.20569409e-04 
 1.38800000e+00  9.22072791e-04 
 1.38900000e+00  9.23576361e-04 
 1.39000000e+00  9.25080114e-04 
 1.39100000e+00  9.26584044e-04 
 1.39200000e+00  9.28088149e-04 
 1.39300000e+00  9.29592423e-04 
 1.39400000e+00  9.31096862e-04 
 1.39500000e+00  9.32601461e-04 
 1.39600000e+00  9.34106216e-04 
 1.39700000e+00  9.35611121e-04 
 1.39800000e+00  9.37116174e-04 
 1.39900000e+00  9.38621368e-04 
 1.40000000e+00  9.40126700e-04 
 1.40100000e+00  9.41632165e-04 
 1.40200000e+00  9.43137759e-04 
 1.40300000e+00  9.44643476e-04 
 1.40400000e+00  9.46149313e-04 
 1.40500000e+00  9.47655264e-04 
 1.40600000e+00  9.49161326e-04 
 1.40700000e+00  9.50667493e-04 
 1.40800000e+00  9.52173762e-04 
 1.40900000e+00  9.53680127e-04 
 1.41000000e+00  9.55186584e-04 
 1.41100000e+00  9.56693129e-04 
 1.41200000e+00  9.58199757e-04 
 1.41300000e+00  9.59706463e-04 
 1.41400000e+00  9.61213243e-04 
 1.41500000e+00  9.62720092e-04 
 1.41600000e+00  9.64227007e-04 
 1.41700000e+00  9.65733981e-04 
 1.41800000e+00  9.67241011e-04 
 1.41900000e+00  9.68748092e-04 
 1.42000000e+00  9.70255220e-04 
 1.42100000e+00  9.71762390e-04 
 1.42200000e+00  9.73269597e-04 
 1.42300000e+00  9.74776837e-04 
 1.42400000e+00  9.76284106e-04 
 1.42500000e+00  9.77791398e-04 
 1.42600000e+00  9.79298710e-04 
 1.42700000e+00  9.80806037e-04 
 1.42800000e+00  9.82313373e-04 
 1.42900000e+00  9.83820716e-04 
 1.43000000e+00  9.85328059e-04 
 1.43100000e+00  9.86835399e-04 
 1.43200000e+00  9.88342731e-04 
 1.43300000e+00  9.89850051e-04 
 1.43400000e+00  9.91357353e-04 
 1.43500000e+00  9.92864634e-04 
 1.43600000e+00  9.94371889e-04 
 1.43700000e+00  9.95879113e-04 
 1.43800000e+00  9.97386302e-04 
 1.43900000e+00  9.98893451e-04 
 1.44000000e+00  1.00040056e-03 
 1.44100000e+00  1.00190761e-03 
 1.44200000e+00  1.00341461e-03 
 1.44300000e+00  1.00492156e-03 
 1.44400000e+00  1.00642844e-03 
 1.44500000e+00  1.00793526e-03 
 1.44600000e+00  1.00944200e-03 
 1.44700000e+00  1.01094867e-03 
 1.44800000e+00  1.01245525e-03 
 1.44900000e+00  1.01396175e-03 
 1.45000000e+00  1.01546817e-03 
 1.45100000e+00  1.01697448e-03 
 1.45200000e+00  1.01848070e-03 
 1.45300000e+00  1.01998682e-03 
 1.45400000e+00  1.02149283e-03 
 1.45500000e+00  1.02299872e-03 
 1.45600000e+00  1.02450450e-03 
 1.45700000e+00  1.02601016e-03 
 1.45800000e+00  1.02751569e-03 
 1.45900000e+00  1.02902109e-03 
 1.46000000e+00  1.03052636e-03 
 1.46100000e+00  1.03203148e-03 
 1.46200000e+00  1.03353647e-03 
 1.46300000e+00  1.03504130e-03 
 1.46400000e+00  1.03654598e-03 
 1.46500000e+00  1.03805050e-03 
 1.46600000e+00  1.03955487e-03 
 1.46700000e+00  1.04105906e-03 
 1.46800000e+00  1.04256309e-03 
 1.46900000e+00  1.04406693e-03 
 1.47000000e+00  1.04557060e-03 
 1.47100000e+00  1.04707409e-03 
 1.47200000e+00  1.04857738e-03 
 1.47300000e+00  1.05008048e-03 
 1.47400000e+00  1.05158339e-03 
 1.47500000e+00  1.05308609e-03 
 1.47600000e+00  1.05458858e-03 
 1.47700000e+00  1.05609086e-03 
 1.47800000e+00  1.05759293e-03 
 1.47900000e+00  1.05909477e-03 
 1.48000000e+00  1.06059639e-03 
 1.48100000e+00  1.06209778e-03 
 1.48200000e+00  1.06359894e-03 
 1.48300000e+00  1.06509986e-03 
 1.48400000e+00  1.06660054e-03 
 1.48500000e+00  1.06810096e-03 
 1.48600000e+00  1.06960114e-03 
 1.48700000e+00  1.07110106e-03 
 1.48800000e+00  1.07260072e-03 
 1.48900000e+00  1.07410011e-03 
 1.49000000e+00  1.07559924e-03 
 1.49100000e+00  1.07709809e-03 
 1.49200000e+00  1.07859666e-03 
 1.49300000e+00  1.08009495e-03 
 1.49400000e+00  1.08159295e-03 
 1.49500000e+00  1.08309066e-03 
 1.49600000e+00  1.08458807e-03 
 1.49700000e+00  1.08608518e-03 
 1.49800000e+00  1.08758198e-03 
 1.49900000e+00  1.08907848e-03 
 1.50000000e+00  1.09057466e-03 
 1.50100000e+00  1.09207053e-03 
 1.50200000e+00  1.09356607e-03 
 1.50300000e+00  1.09506128e-03 
 1.50400000e+00  1.09655616e-03 
 1.50500000e+00  1.09805070e-03 
 1.50600000e+00  1.09954490e-03 
 1.50700000e+00  1.10103876e-03 
 1.50800000e+00  1.10253227e-03 
 1.50900000e+00  1.10402542e-03 
 1.51000000e+00  1.10551822e-03 
 1.51100000e+00  1.10701065e-03 
 1.51200000e+00  1.10850272e-03 
 1.51300000e+00  1.10999441e-03 
 1.51400000e+00  1.11148573e-03 
 1.51500000e+00  1.11297666e-03 
 1.51600000e+00  1.11446721e-03 
 1.51700000e+00  1.11595738e-03 
 1.51800000e+00  1.11744715e-03 
 1.51900000e+00  1.11893652e-03 
 1.52000000e+00  1.12042548e-03 
 1.52100000e+00  1.12191405e-03 
 1.52200000e+00  1.12340219e-03 
 1.52300000e+00  1.12488993e-03 
 1.52400000e+00  1.12637724e-03 
 1.52500000e+00  1.12786413e-03 
 1.52600000e+00  1.12935059e-03 
 1.52700000e+00  1.13083662e-03 
 1.52800000e+00  1.13232221e-03 
 1.52900000e+00  1.13380736e-03 
 1.53000000e+00  1.13529207e-03 
 1.53100000e+00  1.13677632e-03 
 1.53200000e+00  1.13826011e-03 
 1.53300000e+00  1.13974345e-03 
 1.53400000e+00  1.14122633e-03 
 1.53500000e+00  1.14270874e-03 
 1.53600000e+00  1.14419067e-03 
 1.53700000e+00  1.14567213e-03 
 1.53800000e+00  1.14715311e-03 
 1.53900000e+00  1.14863360e-03 
 1.54000000e+00  1.15011360e-03 
 1.54100000e+00  1.15159311e-03 
 1.54200000e+00  1.15307212e-03 
 1.54300000e+00  1.15455063e-03 
 1.54400000e+00  1.15602863e-03 
 1.54500000e+00  1.15750612e-03 
 1.54600000e+00  1.15898310e-03 
 1.54700000e+00  1.16045956e-03 
 1.54800000e+00  1.16193549e-03 
 1.54900000e+00  1.16341090e-03 
 1.55000000e+00  1.16488577e-03 
 1.55100000e+00  1.16636010e-03 
 1.55200000e+00  1.16783390e-03 
 1.55300000e+00  1.16930715e-03 
 1.55400000e+00  1.17077985e-03 
 1.55500000e+00  1.17225200e-03 
 1.55600000e+00  1.17372358e-03 
 1.55700000e+00  1.17519461e-03 
 1.55800000e+00  1.17666507e-03 
 1.55900000e+00  1.17813496e-03 
 1.56000000e+00  1.17960428e-03 
 1.56100000e+00  1.18107301e-03 
 1.56200000e+00  1.18254116e-03 
 1.56300000e+00  1.18400873e-03 
 1.56400000e+00  1.18547570e-03 
 1.56500000e+00  1.18694208e-03 
 1.56600000e+00  1.18840786e-03 
 1.56700000e+00  1.18987303e-03 
 1.56800000e+00  1.19133759e-03 
 1.56900000e+00  1.19280154e-03 
 1.57000000e+00  1.19426488e-03 
 1.57100000e+00  1.19572759e-03 
 1.57200000e+00  1.19718968e-03 
 1.57300000e+00  1.19865114e-03 
 1.57400000e+00  1.20011196e-03 
 1.57500000e+00  1.20157215e-03 
 1.57600000e+00  1.20303170e-03 
 1.57700000e+00  1.20449059e-03 
 1.57800000e+00  1.20594884e-03 
 1.57900000e+00  1.20740644e-03 
 1.58000000e+00  1.20886337e-03 
 1.58100000e+00  1.21031965e-03 
 1.58200000e+00  1.21177525e-03 
 1.58300000e+00  1.21323019e-03 
 1.58400000e+00  1.21468445e-03 
 1.58500000e+00  1.21613803e-03 
 1.58600000e+00  1.21759093e-03 
 1.58700000e+00  1.21904314e-03 
 1.58800000e+00  1.22049465e-03 
 1.58900000e+00  1.22194548e-03 
 1.59000000e+00  1.22339560e-03 
 1.59100000e+00  1.22484502e-03 
 1.59200000e+00  1.22629373e-03 
 1.59300000e+00  1.22774173e-03 
 1.59400000e+00  1.22918902e-03 
 1.59500000e+00  1.23063558e-03 
 1.59600000e+00  1.23208142e-03 
 1.59700000e+00  1.23352653e-03 
 1.59800000e+00  1.23497091e-03 
 1.59900000e+00  1.23641455e-03 
 1.60000000e+00  1.23785745e-03 
 1.60100000e+00  1.23929961e-03 
 1.60200000e+00  1.24074102e-03 
 1.60300000e+00  1.24218168e-03 
 1.60400000e+00  1.24362158e-03 
 1.60500000e+00  1.24506072e-03 
 1.60600000e+00  1.24649910e-03 
 1.60700000e+00  1.24793670e-03 
 1.60800000e+00  1.24937354e-03 
 1.60900000e+00  1.25080960e-03 
 1.61000000e+00  1.25224488e-03 
 1.61100000e+00  1.25367937e-03 
 1.61200000e+00  1.25511308e-03 
 1.61300000e+00  1.25654599e-03 
 1.61400000e+00  1.25797811e-03 
 1.61500000e+00  1.25940942e-03 
 1.61600000e+00  1.26083993e-03 
 1.61700000e+00  1.26226964e-03 
 1.61800000e+00  1.26369853e-03 
 1.61900000e+00  1.26512661e-03 
 1.62000000e+00  1.26655386e-03 
 1.62100000e+00  1.26798029e-03 
 1.62200000e+00  1.26940590e-03 
 1.62300000e+00  1.27083067e-03 
 1.62400000e+00  1.27225461e-03 
 1.62500000e+00  1.27367770e-03 
 1.62600000e+00  1.27509996e-03 
 1.62700000e+00  1.27652136e-03 
 1.62800000e+00  1.27794192e-03 
 1.62900000e+00  1.27936162e-03 
 1.63000000e+00  1.28078046e-03 
 1.63100000e+00  1.28219844e-03 
 1.63200000e+00  1.28361555e-03 
 1.63300000e+00  1.28503179e-03 
 1.63400000e+00  1.28644716e-03 
 1.63500000e+00  1.28786165e-03 
 1.63600000e+00  1.28927526e-03 
 1.63700000e+00  1.29068798e-03 
 1.63800000e+00  1.29209981e-03 
 1.63900000e+00  1.29351075e-03 
 1.64000000e+00  1.29492079e-03 
 1.64100000e+00  1.29632993e-03 
 1.64200000e+00  1.29773816e-03 
 1.64300000e+00  1.29914549e-03 
 1.64400000e+00  1.30055190e-03 
 1.64500000e+00  1.30195740e-03 
 1.64600000e+00  1.30336198e-03 
 1.64700000e+00  1.30476563e-03 
 1.64800000e+00  1.30616836e-03 
 1.64900000e+00  1.30757015e-03 
 1.65000000e+00  1.30897101e-03 
 1.65100000e+00  1.31037093e-03 
 1.65200000e+00  1.31176991e-03 
 1.65300000e+00  1.31316794e-03 
 1.65400000e+00  1.31456502e-03 
 1.65500000e+00  1.31596115e-03 
 1.65600000e+00  1.31735632e-03 
 1.65700000e+00  1.31875053e-03 
 1.65800000e+00  1.32014378e-03 
 1.65900000e+00  1.32153606e-03 
 1.66000000e+00  1.32292736e-03 
 1.66100000e+00  1.32431769e-03 
 1.66200000e+00  1.32570704e-03 
 1.66300000e+00  1.32709541e-03 
 1.66400000e+00  1.32848279e-03 
 1.66500000e+00  1.32986918e-03 
 1.66600000e+00  1.33125457e-03 
 1.66700000e+00  1.33263897e-03 
 1.66800000e+00  1.33402237e-03 
 1.66900000e+00  1.33540476e-03 
 1.67000000e+00  1.33678614e-03 
 1.67100000e+00  1.33816651e-03 
 1.67200000e+00  1.33954587e-03 
 1.67300000e+00  1.34092421e-03 
 1.67400000e+00  1.34230152e-03 
 1.67500000e+00  1.34367780e-03 
 1.67600000e+00  1.34505306e-03 
 1.67700000e+00  1.34642728e-03 
 1.67800000e+00  1.34780047e-03 
 1.67900000e+00  1.34917262e-03 
 1.68000000e+00  1.35054372e-03 
 1.68100000e+00  1.35191377e-03 
 1.68200000e+00  1.35328277e-03 
 1.68300000e+00  1.35465072e-03 
 1.68400000e+00  1.35601761e-03 
 1.68500000e+00  1.35738343e-03 
 1.68600000e+00  1.35874820e-03 
 1.68700000e+00  1.36011189e-03 
 1.68800000e+00  1.36147451e-03 
 1.68900000e+00  1.36283605e-03 
 1.69000000e+00  1.36419652e-03 
 1.69100000e+00  1.36555590e-03 
 1.69200000e+00  1.36691420e-03 
 1.69300000e+00  1.36827141e-03 
 1.69400000e+00  1.36962752e-03 
 1.69500000e+00  1.37098254e-03 
 1.69600000e+00  1.37233645e-03 
 1.69700000e+00  1.37368927e-03 
 1.69800000e+00  1.37504098e-03 
 1.69900000e+00  1.37639157e-03 
 1.70000000e+00  1.37774106e-03 
 1.70100000e+00  1.37908942e-03 
 1.70200000e+00  1.38043667e-03 
 1.70300000e+00  1.38178279e-03 
 1.70400000e+00  1.38312779e-03 
 1.70500000e+00  1.38447165e-03 
 1.70600000e+00  1.38581438e-03 
 1.70700000e+00  1.38715598e-03 
 1.70800000e+00  1.38849643e-03 
 1.70900000e+00  1.38983574e-03 
 1.71000000e+00  1.39117391e-03 
 1.71100000e+00  1.39251092e-03 
 1.71200000e+00  1.39384678e-03 
 1.71300000e+00  1.39518148e-03 
 1.71400000e+00  1.39651502e-03 
 1.71500000e+00  1.39784740e-03 
 1.71600000e+00  1.39917861e-03 
 1.71700000e+00  1.40050865e-03 
 1.71800000e+00  1.40183752e-03 
 1.71900000e+00  1.40316521e-03 
 1.72000000e+00  1.40449172e-03 
 1.72100000e+00  1.40581705e-03 
 1.72200000e+00  1.40714119e-03 
 1.72300000e+00  1.40846414e-03 
 1.72400000e+00  1.40978590e-03 
 1.72500000e+00  1.41110646e-03 
 1.72600000e+00  1.41242583e-03 
 1.72700000e+00  1.41374399e-03 
 1.72800000e+00  1.41506094e-03 
 1.72900000e+00  1.41637669e-03 
 1.73000000e+00  1.41769123e-03 
 1.73100000e+00  1.41900455e-03 
 1.73200000e+00  1.42031665e-03 
 1.73300000e+00  1.42162753e-03 
 1.73400000e+00  1.42293719e-03 
 1.73500000e+00  1.42424562e-03 
 1.73600000e+00  1.42555281e-03 
 1.73700000e+00  1.42685878e-03 
 1.73800000e+00  1.42816351e-03 
 1.73900000e+00  1.42946699e-03 
 1.74000000e+00  1.43076924e-03 
 1.74100000e+00  1.43207024e-03 
 1.74200000e+00  1.43336999e-03 
 1.74300000e+00  1.43466848e-03 
 1.74400000e+00  1.43596572e-03 
 1.74500000e+00  1.43726171e-03 
 1.74600000e+00  1.43855643e-03 
 1.74700000e+00  1.43984988e-03 
 1.74800000e+00  1.44114207e-03 
 1.74900000e+00  1.44243299e-03 
 1.75000000e+00  1.44372264e-03 
 1.75100000e+00  1.44501101e-03 
 1.75200000e+00  1.44629810e-03 
 1.75300000e+00  1.44758390e-03 
 1.75400000e+00  1.44886843e-03 
 1.75500000e+00  1.45015166e-03 
 1.75600000e+00  1.45143360e-03 
 1.75700000e+00  1.45271425e-03 
 1.75800000e+00  1.45399360e-03 
 1.75900000e+00  1.45527165e-03 
 1.76000000e+00  1.45654840e-03 
 1.76100000e+00  1.45782384e-03 
 1.76200000e+00  1.45909797e-03 
 1.76300000e+00  1.46037079e-03 
 1.76400000e+00  1.46164230e-03 
 1.76500000e+00  1.46291249e-03 
 1.76600000e+00  1.46418135e-03 
 1.76700000e+00  1.46544890e-03 
 1.76800000e+00  1.46671512e-03 
 1.76900000e+00  1.46798001e-03 
 1.77000000e+00  1.46924356e-03 
 1.77100000e+00  1.47050579e-03 
 1.77200000e+00  1.47176667e-03 
 1.77300000e+00  1.47302622e-03 
 1.77400000e+00  1.47428442e-03 
 1.77500000e+00  1.47554128e-03 
 1.77600000e+00  1.47679679e-03 
 1.77700000e+00  1.47805094e-03 
 1.77800000e+00  1.47930374e-03 
 1.77900000e+00  1.48055519e-03 
 1.78000000e+00  1.48180528e-03 
 1.78100000e+00  1.48305400e-03 
 1.78200000e+00  1.48430136e-03 
 1.78300000e+00  1.48554735e-03 
 1.78400000e+00  1.48679197e-03 
 1.78500000e+00  1.48803521e-03 
 1.78600000e+00  1.48927709e-03 
 1.78700000e+00  1.49051758e-03 
 1.78800000e+00  1.49175669e-03 
 1.78900000e+00  1.49299441e-03 
 1.79000000e+00  1.49423075e-03 
 1.79100000e+00  1.49546570e-03 
 1.79200000e+00  1.49669926e-03 
 1.79300000e+00  1.49793143e-03 
 1.79400000e+00  1.49916219e-03 
 1.79500000e+00  1.50039156e-03 
 1.79600000e+00  1.50161952e-03 
 1.79700000e+00  1.50284608e-03 
 1.79800000e+00  1.50407124e-03 
 1.79900000e+00  1.50529498e-03 
 1.80000000e+00  1.50651731e-03 
