 0.00000000e+00  4.35245973e+02 
 1.00000000e-03  4.35757155e+02 
 2.00000000e-03  4.36269797e+02 
 3.00000000e-03  4.36783898e+02 
 4.00000000e-03  4.37299454e+02 
 5.00000000e-03  4.37816464e+02 
 6.00000000e-03  4.38334924e+02 
 7.00000000e-03  4.38854833e+02 
 8.00000000e-03  4.39376189e+02 
 9.00000000e-03  4.39898991e+02 
 1.00000000e-02  4.40423236e+02 
 1.10000000e-02  4.40948925e+02 
 1.20000000e-02  4.41476056e+02 
 1.30000000e-02  4.42004627e+02 
 1.40000000e-02  4.42534639e+02 
 1.50000000e-02  4.43066090e+02 
 1.60000000e-02  4.43598981e+02 
 1.70000000e-02  4.44133311e+02 
 1.80000000e-02  4.44669081e+02 
 1.90000000e-02  4.45206289e+02 
 2.00000000e-02  4.45744937e+02 
 2.10000000e-02  4.46285025e+02 
 2.20000000e-02  4.46826553e+02 
 2.30000000e-02  4.47369522e+02 
 2.40000000e-02  4.47913933e+02 
 2.50000000e-02  4.48459786e+02 
 2.60000000e-02  4.49007083e+02 
 2.70000000e-02  4.49555824e+02 
 2.80000000e-02  4.50106011e+02 
 2.90000000e-02  4.50657646e+02 
 3.00000000e-02  4.51210728e+02 
 3.10000000e-02  4.51765261e+02 
 3.20000000e-02  4.52321245e+02 
 3.30000000e-02  4.52878682e+02 
 3.40000000e-02  4.53437574e+02 
 3.50000000e-02  4.53997924e+02 
 3.60000000e-02  4.54559732e+02 
 3.70000000e-02  4.55123001e+02 
 3.80000000e-02  4.55687733e+02 
 3.90000000e-02  4.56253930e+02 
 4.00000000e-02  4.56821595e+02 
 4.10000000e-02  4.57390730e+02 
 4.20000000e-02  4.57961338e+02 
 4.30000000e-02  4.58533420e+02 
 4.40000000e-02  4.59106980e+02 
 4.50000000e-02  4.59682020e+02 
 4.60000000e-02  4.60258543e+02 
 4.70000000e-02  4.60836552e+02 
 4.80000000e-02  4.61416049e+02 
 4.90000000e-02  4.61997039e+02 
 5.00000000e-02  4.62579522e+02 
 5.10000000e-02  4.63163504e+02 
 5.20000000e-02  4.63748986e+02 
 5.30000000e-02  4.64335973e+02 
 5.40000000e-02  4.64924467e+02 
 5.50000000e-02  4.65514471e+02 
 5.60000000e-02  4.66105990e+02 
 5.70000000e-02  4.66699026e+02 
 5.80000000e-02  4.67293583e+02 
 5.90000000e-02  4.67889664e+02 
 6.00000000e-02  4.68487274e+02 
 6.10000000e-02  4.69086416e+02 
 6.20000000e-02  4.69687093e+02 
 6.30000000e-02  4.70289310e+02 
 6.40000000e-02  4.70893069e+02 
 6.50000000e-02  4.71498376e+02 
 6.60000000e-02  4.72105234e+02 
 6.70000000e-02  4.72713646e+02 
 6.80000000e-02  4.73323618e+02 
 6.90000000e-02  4.73935153e+02 
 7.00000000e-02  4.74548255e+02 
 7.10000000e-02  4.75162928e+02 
 7.20000000e-02  4.75779177e+02 
 7.30000000e-02  4.76397006e+02 
 7.40000000e-02  4.77016419e+02 
 7.50000000e-02  4.77637421e+02 
 7.60000000e-02  4.78260016e+02 
 7.70000000e-02  4.78884208e+02 
 7.80000000e-02  4.79510002e+02 
 7.90000000e-02  4.80137403e+02 
 8.00000000e-02  4.80766415e+02 
 8.10000000e-02  4.81397043e+02 
 8.20000000e-02  4.82029291e+02 
 8.30000000e-02  4.82663164e+02 
 8.40000000e-02  4.83298667e+02 
 8.50000000e-02  4.83935805e+02 
 8.60000000e-02  4.84574583e+02 
 8.70000000e-02  4.85215005e+02 
 8.80000000e-02  4.85857077e+02 
 8.90000000e-02  4.86500803e+02 
 9.00000000e-02  4.87146189e+02 
 9.10000000e-02  4.87793239e+02 
 9.20000000e-02  4.88441959e+02 
 9.30000000e-02  4.89092354e+02 
 9.40000000e-02  4.89744428e+02 
 9.50000000e-02  4.90398189e+02 
 9.60000000e-02  4.91053639e+02 
 9.70000000e-02  4.91710786e+02 
 9.80000000e-02  4.92369634e+02 
 9.90000000e-02  4.93030188e+02 
 1.00000000e-01  4.93692455e+02 
 1.01000000e-01  4.94356439e+02 
 1.02000000e-01  4.95022146e+02 
 1.03000000e-01  4.95689582e+02 
 1.04000000e-01  4.96358752e+02 
 1.05000000e-01  4.97029662e+02 
 1.06000000e-01  4.97702317e+02 
 1.07000000e-01  4.98376724e+02 
 1.08000000e-01  4.99052888e+02 
 1.09000000e-01  4.99730815e+02 
 1.10000000e-01  5.00410510e+02 
 1.11000000e-01  5.01091981e+02 
 1.12000000e-01  5.01775231e+02 
 1.13000000e-01  5.02460268e+02 
 1.14000000e-01  5.03147098e+02 
 1.15000000e-01  5.03835726e+02 
 1.16000000e-01  5.04526159e+02 
 1.17000000e-01  5.05218402e+02 
 1.18000000e-01  5.05912462e+02 
 1.19000000e-01  5.06608346e+02 
 1.20000000e-01  5.07306058e+02 
 1.21000000e-01  5.08005607e+02 
 1.22000000e-01  5.08706997e+02 
 1.23000000e-01  5.09410235e+02 
 1.24000000e-01  5.10115329e+02 
 1.25000000e-01  5.10822283e+02 
 1.26000000e-01  5.11531105e+02 
 1.27000000e-01  5.12241801e+02 
 1.28000000e-01  5.12954378e+02 
 1.29000000e-01  5.13668842e+02 
 1.30000000e-01  5.14385200e+02 
 1.31000000e-01  5.15103458e+02 
 1.32000000e-01  5.15823624e+02 
 1.33000000e-01  5.16545704e+02 
 1.34000000e-01  5.17269705e+02 
 1.35000000e-01  5.17995633e+02 
 1.36000000e-01  5.18723496e+02 
 1.37000000e-01  5.19453301e+02 
 1.38000000e-01  5.20185054e+02 
 1.39000000e-01  5.20918763e+02 
 1.40000000e-01  5.21654434e+02 
 1.41000000e-01  5.22392075e+02 
 1.42000000e-01  5.23131692e+02 
 1.43000000e-01  5.23873294e+02 
 1.44000000e-01  5.24616887e+02 
 1.45000000e-01  5.25362478e+02 
 1.46000000e-01  5.26110074e+02 
 1.47000000e-01  5.26859684e+02 
 1.48000000e-01  5.27611314e+02 
 1.49000000e-01  5.28364972e+02 
 1.50000000e-01  5.29120665e+02 
 1.51000000e-01  5.29878401e+02 
 1.52000000e-01  5.30638188e+02 
 1.53000000e-01  5.31400032e+02 
 1.54000000e-01  5.32163942e+02 
 1.55000000e-01  5.32929925e+02 
 1.56000000e-01  5.33697989e+02 
 1.57000000e-01  5.34468142e+02 
 1.58000000e-01  5.35240391e+02 
 1.59000000e-01  5.36014745e+02 
 1.60000000e-01  5.36791211e+02 
 1.61000000e-01  5.37569797e+02 
 1.62000000e-01  5.38350511e+02 
 1.63000000e-01  5.39133361e+02 
 1.64000000e-01  5.39918356e+02 
 1.65000000e-01  5.40705503e+02 
 1.66000000e-01  5.41494811e+02 
 1.67000000e-01  5.42286287e+02 
 1.68000000e-01  5.43079940e+02 
 1.69000000e-01  5.43875779e+02 
 1.70000000e-01  5.44673811e+02 
 1.71000000e-01  5.45474045e+02 
 1.72000000e-01  5.46276490e+02 
 1.73000000e-01  5.47081154e+02 
 1.74000000e-01  5.47888045e+02 
 1.75000000e-01  5.48697171e+02 
 1.76000000e-01  5.49508543e+02 
 1.77000000e-01  5.50322168e+02 
 1.78000000e-01  5.51138054e+02 
 1.79000000e-01  5.51956212e+02 
 1.80000000e-01  5.52776649e+02 
 1.81000000e-01  5.53599374e+02 
 1.82000000e-01  5.54424397e+02 
 1.83000000e-01  5.55251726e+02 
 1.84000000e-01  5.56081370e+02 
 1.85000000e-01  5.56913338e+02 
 1.86000000e-01  5.57747639e+02 
 1.87000000e-01  5.58584284e+02 
 1.88000000e-01  5.59423279e+02 
 1.89000000e-01  5.60264636e+02 
 1.90000000e-01  5.61108363e+02 
 1.91000000e-01  5.61954469e+02 
 1.92000000e-01  5.62802964e+02 
 1.93000000e-01  5.63653858e+02 
 1.94000000e-01  5.64507159e+02 
 1.95000000e-01  5.65362878e+02 
 1.96000000e-01  5.66221023e+02 
 1.97000000e-01  5.67081605e+02 
 1.98000000e-01  5.67944634e+02 
 1.99000000e-01  5.68810118e+02 
 2.00000000e-01  5.69678069e+02 
 2.01000000e-01  5.70548495e+02 
 2.02000000e-01  5.71421406e+02 
 2.03000000e-01  5.72296813e+02 
 2.04000000e-01  5.73174725e+02 
 2.05000000e-01  5.74055153e+02 
 2.06000000e-01  5.74938107e+02 
 2.07000000e-01  5.75823596e+02 
 2.08000000e-01  5.76711632e+02 
 2.09000000e-01  5.77602223e+02 
 2.10000000e-01  5.78495382e+02 
 2.11000000e-01  5.79391117e+02 
 2.12000000e-01  5.80289440e+02 
 2.13000000e-01  5.81190360e+02 
 2.14000000e-01  5.82093890e+02 
 2.15000000e-01  5.83000038e+02 
 2.16000000e-01  5.83908816e+02 
 2.17000000e-01  5.84820234e+02 
 2.18000000e-01  5.85734303e+02 
 2.19000000e-01  5.86651035e+02 
 2.20000000e-01  5.87570439e+02 
 2.21000000e-01  5.88492527e+02 
 2.22000000e-01  5.89417310e+02 
 2.23000000e-01  5.90344799e+02 
 2.24000000e-01  5.91275005e+02 
 2.25000000e-01  5.92207939e+02 
 2.26000000e-01  5.93143612e+02 
 2.27000000e-01  5.94082036e+02 
 2.28000000e-01  5.95023222e+02 
 2.29000000e-01  5.95967181e+02 
 2.30000000e-01  5.96913925e+02 
 2.31000000e-01  5.97863466e+02 
 2.32000000e-01  5.98815814e+02 
 2.33000000e-01  5.99770982e+02 
 2.34000000e-01  6.00728982e+02 
 2.35000000e-01  6.01689824e+02 
 2.36000000e-01  6.02653522e+02 
 2.37000000e-01  6.03620086e+02 
 2.38000000e-01  6.04589529e+02 
 2.39000000e-01  6.05561862e+02 
 2.40000000e-01  6.06537099e+02 
 2.41000000e-01  6.07515251e+02 
 2.42000000e-01  6.08496329e+02 
 2.43000000e-01  6.09480347e+02 
 2.44000000e-01  6.10467317e+02 
 2.45000000e-01  6.11457251e+02 
 2.46000000e-01  6.12450162e+02 
 2.47000000e-01  6.13446062e+02 
 2.48000000e-01  6.14444963e+02 
 2.49000000e-01  6.15446879e+02 
 2.50000000e-01  6.16451822e+02 
 2.51000000e-01  6.17459805e+02 
 2.52000000e-01  6.18470841e+02 
 2.53000000e-01  6.19484942e+02 
 2.54000000e-01  6.20502122e+02 
 2.55000000e-01  6.21522394e+02 
 2.56000000e-01  6.22545770e+02 
 2.57000000e-01  6.23572265e+02 
 2.58000000e-01  6.24601891e+02 
 2.59000000e-01  6.25634661e+02 
 2.60000000e-01  6.26670589e+02 
 2.61000000e-01  6.27709689e+02 
 2.62000000e-01  6.28751974e+02 
 2.63000000e-01  6.29797457e+02 
 2.64000000e-01  6.30846153e+02 
 2.65000000e-01  6.31898074e+02 
 2.66000000e-01  6.32953236e+02 
 2.67000000e-01  6.34011651e+02 
 2.68000000e-01  6.35073333e+02 
 2.69000000e-01  6.36138298e+02 
 2.70000000e-01  6.37206558e+02 
 2.71000000e-01  6.38278128e+02 
 2.72000000e-01  6.39353022e+02 
 2.73000000e-01  6.40431255e+02 
 2.74000000e-01  6.41512841e+02 
 2.75000000e-01  6.42597794e+02 
 2.76000000e-01  6.43686129e+02 
 2.77000000e-01  6.44777860e+02 
 2.78000000e-01  6.45873003e+02 
 2.79000000e-01  6.46971572e+02 
 2.80000000e-01  6.48073581e+02 
 2.81000000e-01  6.49179047e+02 
 2.82000000e-01  6.50287983e+02 
 2.83000000e-01  6.51400404e+02 
 2.84000000e-01  6.52516327e+02 
 2.85000000e-01  6.53635766e+02 
 2.86000000e-01  6.54758737e+02 
 2.87000000e-01  6.55885254e+02 
 2.88000000e-01  6.57015334e+02 
 2.89000000e-01  6.58148991e+02 
 2.90000000e-01  6.59286242e+02 
 2.91000000e-01  6.60427102e+02 
 2.92000000e-01  6.61571587e+02 
 2.93000000e-01  6.62719713e+02 
 2.94000000e-01  6.63871496e+02 
 2.95000000e-01  6.65026951e+02 
 2.96000000e-01  6.66186095e+02 
 2.97000000e-01  6.67348945e+02 
 2.98000000e-01  6.68515515e+02 
 2.99000000e-01  6.69685823e+02 
 3.00000000e-01  6.70859885e+02 
 3.01000000e-01  6.72037718e+02 
 3.02000000e-01  6.73219338e+02 
 3.03000000e-01  6.74404762e+02 
 3.04000000e-01  6.75594006e+02 
 3.05000000e-01  6.76787088e+02 
 3.06000000e-01  6.77984024e+02 
 3.07000000e-01  6.79184831e+02 
 3.08000000e-01  6.80389527e+02 
 3.09000000e-01  6.81598128e+02 
 3.10000000e-01  6.82810653e+02 
 3.11000000e-01  6.84027117e+02 
 3.12000000e-01  6.85247540e+02 
 3.13000000e-01  6.86471937e+02 
 3.14000000e-01  6.87700328e+02 
 3.15000000e-01  6.88932729e+02 
 3.16000000e-01  6.90169158e+02 
 3.17000000e-01  6.91409633e+02 
 3.18000000e-01  6.92654173e+02 
 3.19000000e-01  6.93902795e+02 
 3.20000000e-01  6.95155517e+02 
 3.21000000e-01  6.96412358e+02 
 3.22000000e-01  6.97673336e+02 
 3.23000000e-01  6.98938469e+02 
 3.24000000e-01  7.00207776e+02 
 3.25000000e-01  7.01481276e+02 
 3.26000000e-01  7.02758986e+02 
 3.27000000e-01  7.04040927e+02 
 3.28000000e-01  7.05327116e+02 
 3.29000000e-01  7.06617573e+02 
 3.30000000e-01  7.07912317e+02 
 3.31000000e-01  7.09211367e+02 
 3.32000000e-01  7.10514742e+02 
 3.33000000e-01  7.11822462e+02 
 3.34000000e-01  7.13134545e+02 
 3.35000000e-01  7.14451012e+02 
 3.36000000e-01  7.15771882e+02 
 3.37000000e-01  7.17097175e+02 
 3.38000000e-01  7.18426911e+02 
 3.39000000e-01  7.19761109e+02 
 3.40000000e-01  7.21099789e+02 
 3.41000000e-01  7.22442973e+02 
 3.42000000e-01  7.23790679e+02 
 3.43000000e-01  7.25142928e+02 
 3.44000000e-01  7.26499740e+02 
 3.45000000e-01  7.27861137e+02 
 3.46000000e-01  7.29227137e+02 
 3.47000000e-01  7.30597764e+02 
 3.48000000e-01  7.31973036e+02 
 3.49000000e-01  7.33352975e+02 
 3.50000000e-01  7.34737601e+02 
 3.51000000e-01  7.36126937e+02 
 3.52000000e-01  7.37521002e+02 
 3.53000000e-01  7.38919819e+02 
 3.54000000e-01  7.40323409e+02 
 3.55000000e-01  7.41731792e+02 
 3.56000000e-01  7.43144992e+02 
 3.57000000e-01  7.44563028e+02 
 3.58000000e-01  7.45985924e+02 
 3.59000000e-01  7.47413701e+02 
 3.60000000e-01  7.48846380e+02 
 3.61000000e-01  7.50283985e+02 
 3.62000000e-01  7.51726537e+02 
 3.63000000e-01  7.53174058e+02 
 3.64000000e-01  7.54626571e+02 
 3.65000000e-01  7.56084098e+02 
 3.66000000e-01  7.57546662e+02 
 3.67000000e-01  7.59014286e+02 
 3.68000000e-01  7.60486992e+02 
 3.69000000e-01  7.61964803e+02 
 3.70000000e-01  7.63447742e+02 
 3.71000000e-01  7.64935833e+02 
 3.72000000e-01  7.66429098e+02 
 3.73000000e-01  7.67927560e+02 
 3.74000000e-01  7.69431244e+02 
 3.75000000e-01  7.70940173e+02 
 3.76000000e-01  7.72454369e+02 
 3.77000000e-01  7.73973858e+02 
 3.78000000e-01  7.75498662e+02 
 3.79000000e-01  7.77028806e+02 
 3.80000000e-01  7.78564314e+02 
 3.81000000e-01  7.80105209e+02 
 3.82000000e-01  7.81651516e+02 
 3.83000000e-01  7.83203260e+02 
 3.84000000e-01  7.84760465e+02 
 3.85000000e-01  7.86323155e+02 
 3.86000000e-01  7.87891354e+02 
 3.87000000e-01  7.89465089e+02 
 3.88000000e-01  7.91044383e+02 
 3.89000000e-01  7.92629262e+02 
 3.90000000e-01  7.94219750e+02 
 3.91000000e-01  7.95815874e+02 
 3.92000000e-01  7.97417657e+02 
 3.93000000e-01  7.99025125e+02 
 3.94000000e-01  8.00638305e+02 
 3.95000000e-01  8.02257221e+02 
 3.96000000e-01  8.03881899e+02 
 3.97000000e-01  8.05512366e+02 
 3.98000000e-01  8.07148646e+02 
 3.99000000e-01  8.08790766e+02 
 4.00000000e-01  8.10438752e+02 
 4.01000000e-01  8.12092631e+02 
 4.02000000e-01  8.13752428e+02 
 4.03000000e-01  8.15418170e+02 
 4.04000000e-01  8.17089884e+02 
 4.05000000e-01  8.18767596e+02 
 4.06000000e-01  8.20451332e+02 
 4.07000000e-01  8.22141121e+02 
 4.08000000e-01  8.23836988e+02 
 4.09000000e-01  8.25538961e+02 
 4.10000000e-01  8.27247067e+02 
 4.11000000e-01  8.28961334e+02 
 4.12000000e-01  8.30681787e+02 
 4.13000000e-01  8.32408456e+02 
 4.14000000e-01  8.34141368e+02 
 4.15000000e-01  8.35880549e+02 
 4.16000000e-01  8.37626029e+02 
 4.17000000e-01  8.39377835e+02 
 4.18000000e-01  8.41135995e+02 
 4.19000000e-01  8.42900536e+02 
 4.20000000e-01  8.44671488e+02 
 4.21000000e-01  8.46448878e+02 
 4.22000000e-01  8.48232736e+02 
 4.23000000e-01  8.50023088e+02 
 4.24000000e-01  8.51819965e+02 
 4.25000000e-01  8.53623394e+02 
 4.26000000e-01  8.55433404e+02 
 4.27000000e-01  8.57250025e+02 
 4.28000000e-01  8.59073285e+02 
 4.29000000e-01  8.60903213e+02 
 4.30000000e-01  8.62739839e+02 
 4.31000000e-01  8.64583192e+02 
 4.32000000e-01  8.66433301e+02 
 4.33000000e-01  8.68290195e+02 
 4.34000000e-01  8.70153905e+02 
 4.35000000e-01  8.72024460e+02 
 4.36000000e-01  8.73901889e+02 
 4.37000000e-01  8.75786223e+02 
 4.38000000e-01  8.77677491e+02 
 4.39000000e-01  8.79575724e+02 
 4.40000000e-01  8.81480951e+02 
 4.41000000e-01  8.83393203e+02 
 4.42000000e-01  8.85312510e+02 
 4.43000000e-01  8.87238903e+02 
 4.44000000e-01  8.89172412e+02 
 4.45000000e-01  8.91113067e+02 
 4.46000000e-01  8.93060900e+02 
 4.47000000e-01  8.95015940e+02 
 4.48000000e-01  8.96978220e+02 
 4.49000000e-01  8.98947769e+02 
 4.50000000e-01  9.00924619e+02 
 4.51000000e-01  9.02908802e+02 
 4.52000000e-01  9.04900347e+02 
 4.53000000e-01  9.06899286e+02 
 4.54000000e-01  9.08905651e+02 
 4.55000000e-01  9.10919474e+02 
 4.56000000e-01  9.12940785e+02 
 4.57000000e-01  9.14969616e+02 
 4.58000000e-01  9.17005999e+02 
 4.59000000e-01  9.19049966e+02 
 4.60000000e-01  9.21101549e+02 
 4.61000000e-01  9.23160778e+02 
 4.62000000e-01  9.25227687e+02 
 4.63000000e-01  9.27302308e+02 
 4.64000000e-01  9.29384672e+02 
 4.65000000e-01  9.31474811e+02 
 4.66000000e-01  9.33572759e+02 
 4.67000000e-01  9.35678547e+02 
 4.68000000e-01  9.37792207e+02 
 4.69000000e-01  9.39913773e+02 
 4.70000000e-01  9.42043276e+02 
 4.71000000e-01  9.44180750e+02 
 4.72000000e-01  9.46326226e+02 
 4.73000000e-01  9.48479738e+02 
 4.74000000e-01  9.50641318e+02 
 4.75000000e-01  9.52811000e+02 
 4.76000000e-01  9.54988815e+02 
 4.77000000e-01  9.57174797e+02 
 4.78000000e-01  9.59368980e+02 
 4.79000000e-01  9.61571395e+02 
 4.80000000e-01  9.63782077e+02 
 4.81000000e-01  9.66001057e+02 
 4.82000000e-01  9.68228371e+02 
 4.83000000e-01  9.70464049e+02 
 4.84000000e-01  9.72708127e+02 
 4.85000000e-01  9.74960637e+02 
 4.86000000e-01  9.77221613e+02 
 4.87000000e-01  9.79491088e+02 
 4.88000000e-01  9.81769095e+02 
 4.89000000e-01  9.84055668e+02 
 4.90000000e-01  9.86350841e+02 
 4.91000000e-01  9.88654646e+02 
 4.92000000e-01  9.90967119e+02 
 4.93000000e-01  9.93288291e+02 
 4.94000000e-01  9.95618197e+02 
 4.95000000e-01  9.97956871e+02 
 4.96000000e-01  1.00030435e+03 
 4.97000000e-01  1.00266066e+03 
 4.98000000e-01  1.00502583e+03 
 4.99000000e-01  1.00739991e+03 
 5.00000000e-01  1.00978293e+03 
 5.01000000e-01  1.01217492e+03 
 5.02000000e-01  1.01457591e+03 
 5.03000000e-01  1.01698593e+03 
 5.04000000e-01  1.01940503e+03 
 5.05000000e-01  1.02183323e+03 
 5.06000000e-01  1.02427058e+03 
 5.07000000e-01  1.02671709e+03 
 5.08000000e-01  1.02917281e+03 
 5.09000000e-01  1.03163777e+03 
 5.10000000e-01  1.03411200e+03 
 5.11000000e-01  1.03659555e+03 
 5.12000000e-01  1.03908843e+03 
 5.13000000e-01  1.04159069e+03 
 5.14000000e-01  1.04410235e+03 
 5.15000000e-01  1.04662346e+03 
 5.16000000e-01  1.04915404e+03 
 5.17000000e-01  1.05169414e+03 
 5.18000000e-01  1.05424378e+03 
 5.19000000e-01  1.05680299e+03 
 5.20000000e-01  1.05937181e+03 
 5.21000000e-01  1.06195028e+03 
 5.22000000e-01  1.06453843e+03 
 5.23000000e-01  1.06713628e+03 
 5.24000000e-01  1.06974388e+03 
 5.25000000e-01  1.07236126e+03 
 5.26000000e-01  1.07498845e+03 
 5.27000000e-01  1.07762548e+03 
 5.28000000e-01  1.08027239e+03 
 5.29000000e-01  1.08292921e+03 
 5.30000000e-01  1.08559597e+03 
 5.31000000e-01  1.08827271e+03 
 5.32000000e-01  1.09095946e+03 
 5.33000000e-01  1.09365624e+03 
 5.34000000e-01  1.09636311e+03 
 5.35000000e-01  1.09908008e+03 
 5.36000000e-01  1.10180719e+03 
 5.37000000e-01  1.10454447e+03 
 5.38000000e-01  1.10729196e+03 
 5.39000000e-01  1.11004968e+03 
 5.40000000e-01  1.11281767e+03 
 5.41000000e-01  1.11559596e+03 
 5.42000000e-01  1.11838459e+03 
 5.43000000e-01  1.12118358e+03 
 5.44000000e-01  1.12399297e+03 
 5.45000000e-01  1.12681279e+03 
 5.46000000e-01  1.12964307e+03 
 5.47000000e-01  1.13248383e+03 
 5.48000000e-01  1.13533513e+03 
 5.49000000e-01  1.13819697e+03 
 5.50000000e-01  1.14106940e+03 
 5.51000000e-01  1.14395245e+03 
 5.52000000e-01  1.14684614e+03 
 5.53000000e-01  1.14975051e+03 
 5.54000000e-01  1.15266559e+03 
 5.55000000e-01  1.15559140e+03 
 5.56000000e-01  1.15852798e+03 
 5.57000000e-01  1.16147537e+03 
 5.58000000e-01  1.16443357e+03 
 5.59000000e-01  1.16740264e+03 
 5.60000000e-01  1.17038259e+03 
 5.61000000e-01  1.17337346e+03 
 5.62000000e-01  1.17637528e+03 
 5.63000000e-01  1.17938807e+03 
 5.64000000e-01  1.18241186e+03 
 5.65000000e-01  1.18544669e+03 
 5.66000000e-01  1.18849257e+03 
 5.67000000e-01  1.19154954e+03 
 5.68000000e-01  1.19461763e+03 
 5.69000000e-01  1.19769686e+03 
 5.70000000e-01  1.20078727e+03 
 5.71000000e-01  1.20388887e+03 
 5.72000000e-01  1.20700170e+03 
 5.73000000e-01  1.21012578e+03 
 5.74000000e-01  1.21326114e+03 
 5.75000000e-01  1.21640781e+03 
 5.76000000e-01  1.21956580e+03 
 5.77000000e-01  1.22273516e+03 
 5.78000000e-01  1.22591590e+03 
 5.79000000e-01  1.22910804e+03 
 5.80000000e-01  1.23231162e+03 
 5.81000000e-01  1.23552666e+03 
 5.82000000e-01  1.23875318e+03 
 5.83000000e-01  1.24199121e+03 
 5.84000000e-01  1.24524077e+03 
 5.85000000e-01  1.24850189e+03 
 5.86000000e-01  1.25177459e+03 
 5.87000000e-01  1.25505888e+03 
 5.88000000e-01  1.25835480e+03 
 5.89000000e-01  1.26166237e+03 
 5.90000000e-01  1.26498161e+03 
 5.91000000e-01  1.26831254e+03 
 5.92000000e-01  1.27165519e+03 
 5.93000000e-01  1.27500956e+03 
 5.94000000e-01  1.27837570e+03 
 5.95000000e-01  1.28175361e+03 
 5.96000000e-01  1.28514331e+03 
 5.97000000e-01  1.28854483e+03 
 5.98000000e-01  1.29195819e+03 
 5.99000000e-01  1.29538341e+03 
 6.00000000e-01  1.29882050e+03 
 6.01000000e-01  1.30226948e+03 
 6.02000000e-01  1.30573037e+03 
 6.03000000e-01  1.30920319e+03 
 6.04000000e-01  1.31268796e+03 
 6.05000000e-01  1.31618469e+03 
 6.06000000e-01  1.31969340e+03 
 6.07000000e-01  1.32321411e+03 
 6.08000000e-01  1.32674683e+03 
 6.09000000e-01  1.33029158e+03 
 6.10000000e-01  1.33384837e+03 
 6.11000000e-01  1.33741722e+03 
 6.12000000e-01  1.34099814e+03 
 6.13000000e-01  1.34459115e+03 
 6.14000000e-01  1.34819626e+03 
 6.15000000e-01  1.35181348e+03 
 6.16000000e-01  1.35544282e+03 
 6.17000000e-01  1.35908431e+03 
 6.18000000e-01  1.36273794e+03 
 6.19000000e-01  1.36640373e+03 
 6.20000000e-01  1.37008169e+03 
 6.21000000e-01  1.37377184e+03 
 6.22000000e-01  1.37747418e+03 
 6.23000000e-01  1.38118871e+03 
 6.24000000e-01  1.38491546e+03 
 6.25000000e-01  1.38865443e+03 
 6.26000000e-01  1.39240562e+03 
 6.27000000e-01  1.39616905e+03 
 6.28000000e-01  1.39994471e+03 
 6.29000000e-01  1.40373263e+03 
 6.30000000e-01  1.40753280e+03 
 6.31000000e-01  1.41134523e+03 
 6.32000000e-01  1.41516992e+03 
 6.33000000e-01  1.41900688e+03 
 6.34000000e-01  1.42285612e+03 
 6.35000000e-01  1.42671763e+03 
 6.36000000e-01  1.43059142e+03 
 6.37000000e-01  1.43447750e+03 
 6.38000000e-01  1.43837586e+03 
 6.39000000e-01  1.44228650e+03 
 6.40000000e-01  1.44620943e+03 
 6.41000000e-01  1.45014465e+03 
 6.42000000e-01  1.45409215e+03 
 6.43000000e-01  1.45805194e+03 
 6.44000000e-01  1.46202401e+03 
 6.45000000e-01  1.46600837e+03 
 6.46000000e-01  1.47000500e+03 
 6.47000000e-01  1.47401392e+03 
 6.48000000e-01  1.47803510e+03 
 6.49000000e-01  1.48206856e+03 
 6.50000000e-01  1.48611428e+03 
 6.51000000e-01  1.49017226e+03 
 6.52000000e-01  1.49424249e+03 
 6.53000000e-01  1.49832497e+03 
 6.54000000e-01  1.50241969e+03 
 6.55000000e-01  1.50652664e+03 
 6.56000000e-01  1.51064581e+03 
 6.57000000e-01  1.51477720e+03 
 6.58000000e-01  1.51892080e+03 
 6.59000000e-01  1.52307659e+03 
 6.60000000e-01  1.52724456e+03 
 6.61000000e-01  1.53142471e+03 
 6.62000000e-01  1.53561702e+03 
 6.63000000e-01  1.53982147e+03 
 6.64000000e-01  1.54403806e+03 
 6.65000000e-01  1.54826678e+03 
 6.66000000e-01  1.55250760e+03 
 6.67000000e-01  1.55676051e+03 
 6.68000000e-01  1.56102550e+03 
 6.69000000e-01  1.56530255e+03 
 6.70000000e-01  1.56959164e+03 
 6.71000000e-01  1.57389275e+03 
 6.72000000e-01  1.57820588e+03 
 6.73000000e-01  1.58253099e+03 
 6.74000000e-01  1.58686807e+03 
 6.75000000e-01  1.59121709e+03 
 6.76000000e-01  1.59557805e+03 
 6.77000000e-01  1.59995090e+03 
 6.78000000e-01  1.60433565e+03 
 6.79000000e-01  1.60873225e+03 
 6.80000000e-01  1.61314068e+03 
 6.81000000e-01  1.61756094e+03 
 6.82000000e-01  1.62199297e+03 
 6.83000000e-01  1.62643677e+03 
 6.84000000e-01  1.63089231e+03 
 6.85000000e-01  1.63535955e+03 
 6.86000000e-01  1.63983848e+03 
 6.87000000e-01  1.64432905e+03 
 6.88000000e-01  1.64883126e+03 
 6.89000000e-01  1.65334505e+03 
 6.90000000e-01  1.65787041e+03 
 6.91000000e-01  1.66240731e+03 
 6.92000000e-01  1.66695570e+03 
 6.93000000e-01  1.67151556e+03 
 6.94000000e-01  1.67608686e+03 
 6.95000000e-01  1.68066957e+03 
 6.96000000e-01  1.68526364e+03 
 6.97000000e-01  1.68986904e+03 
 6.98000000e-01  1.69448574e+03 
 6.99000000e-01  1.69911370e+03 
 7.00000000e-01  1.70375289e+03 
 7.01000000e-01  1.70840326e+03 
 7.02000000e-01  1.71306478e+03 
 7.03000000e-01  1.71773741e+03 
 7.04000000e-01  1.72242110e+03 
 7.05000000e-01  1.72711583e+03 
 7.06000000e-01  1.73182154e+03 
 7.07000000e-01  1.73653820e+03 
 7.08000000e-01  1.74126576e+03 
 7.09000000e-01  1.74600418e+03 
 7.10000000e-01  1.75075342e+03 
 7.11000000e-01  1.75551343e+03 
 7.12000000e-01  1.76028417e+03 
 7.13000000e-01  1.76506558e+03 
 7.14000000e-01  1.76985763e+03 
 7.15000000e-01  1.77466027e+03 
 7.16000000e-01  1.77947344e+03 
 7.17000000e-01  1.78429711e+03 
 7.18000000e-01  1.78913122e+03 
 7.19000000e-01  1.79397571e+03 
 7.20000000e-01  1.79883055e+03 
 7.21000000e-01  1.80369568e+03 
 7.22000000e-01  1.80857105e+03 
 7.23000000e-01  1.81345660e+03 
 7.24000000e-01  1.81835229e+03 
 7.25000000e-01  1.82325806e+03 
 7.26000000e-01  1.82817384e+03 
 7.27000000e-01  1.83309960e+03 
 7.28000000e-01  1.83803528e+03 
 7.29000000e-01  1.84298081e+03 
 7.30000000e-01  1.84793614e+03 
 7.31000000e-01  1.85290121e+03 
 7.32000000e-01  1.85787597e+03 
 7.33000000e-01  1.86286035e+03 
 7.34000000e-01  1.86785431e+03 
 7.35000000e-01  1.87285776e+03 
 7.36000000e-01  1.87787067e+03 
 7.37000000e-01  1.88289296e+03 
 7.38000000e-01  1.88792457e+03 
 7.39000000e-01  1.89296544e+03 
 7.40000000e-01  1.89801551e+03 
 7.41000000e-01  1.90307472e+03 
 7.42000000e-01  1.90814299e+03 
 7.43000000e-01  1.91322027e+03 
 7.44000000e-01  1.91830649e+03 
 7.45000000e-01  1.92340158e+03 
 7.46000000e-01  1.92850548e+03 
 7.47000000e-01  1.93361812e+03 
 7.48000000e-01  1.93873943e+03 
 7.49000000e-01  1.94386934e+03 
 7.50000000e-01  1.94900779e+03 
 7.51000000e-01  1.95415471e+03 
 7.52000000e-01  1.95931002e+03 
 7.53000000e-01  1.96447366e+03 
 7.54000000e-01  1.96964556e+03 
 7.55000000e-01  1.97482564e+03 
 7.56000000e-01  1.98001383e+03 
 7.57000000e-01  1.98521006e+03 
 7.58000000e-01  1.99041425e+03 
 7.59000000e-01  1.99562634e+03 
 7.60000000e-01  2.00084625e+03 
 7.61000000e-01  2.00607390e+03 
 7.62000000e-01  2.01130923e+03 
 7.63000000e-01  2.01655214e+03 
 7.64000000e-01  2.02180258e+03 
 7.65000000e-01  2.02706046e+03 
 7.66000000e-01  2.03232570e+03 
 7.67000000e-01  2.03759823e+03 
 7.68000000e-01  2.04287797e+03 
 7.69000000e-01  2.04816485e+03 
 7.70000000e-01  2.05345877e+03 
 7.71000000e-01  2.05875968e+03 
 7.72000000e-01  2.06406747e+03 
 7.73000000e-01  2.06938209e+03 
 7.74000000e-01  2.07470343e+03 
 7.75000000e-01  2.08003144e+03 
 7.76000000e-01  2.08536601e+03 
 7.77000000e-01  2.09070708e+03 
 7.78000000e-01  2.09605456e+03 
 7.79000000e-01  2.10140837e+03 
 7.80000000e-01  2.10676842e+03 
 7.81000000e-01  2.11213464e+03 
 7.82000000e-01  2.11750693e+03 
 7.83000000e-01  2.12288523e+03 
 7.84000000e-01  2.12826943e+03 
 7.85000000e-01  2.13365946e+03 
 7.86000000e-01  2.13905524e+03 
 7.87000000e-01  2.14445667e+03 
 7.88000000e-01  2.14986368e+03 
 7.89000000e-01  2.15527617e+03 
 7.90000000e-01  2.16069407e+03 
 7.91000000e-01  2.16611728e+03 
 7.92000000e-01  2.17154572e+03 
 7.93000000e-01  2.17697930e+03 
 7.94000000e-01  2.18241794e+03 
 7.95000000e-01  2.18786155e+03 
 7.96000000e-01  2.19331004e+03 
 7.97000000e-01  2.19876332e+03 
 7.98000000e-01  2.20422131e+03 
 7.99000000e-01  2.20968392e+03 
 8.00000000e-01  2.21515106e+03 
 8.01000000e-01  2.22062263e+03 
 8.02000000e-01  2.22609856e+03 
 8.03000000e-01  2.23157876e+03 
 8.04000000e-01  2.23706312e+03 
 8.05000000e-01  2.24255157e+03 
 8.06000000e-01  2.24804402e+03 
 8.07000000e-01  2.25354037e+03 
 8.08000000e-01  2.25904054e+03 
 8.09000000e-01  2.26454444e+03 
 8.10000000e-01  2.27005197e+03 
 8.11000000e-01  2.27556304e+03 
 8.12000000e-01  2.28107757e+03 
 8.13000000e-01  2.28659547e+03 
 8.14000000e-01  2.29211664e+03 
 8.15000000e-01  2.29764100e+03 
 8.16000000e-01  2.30316844e+03 
 8.17000000e-01  2.30869889e+03 
 8.18000000e-01  2.31423226e+03 
 8.19000000e-01  2.31976844e+03 
 8.20000000e-01  2.32530735e+03 
 8.21000000e-01  2.33084890e+03 
 8.22000000e-01  2.33639300e+03 
 8.23000000e-01  2.34193955e+03 
 8.24000000e-01  2.34748847e+03 
 8.25000000e-01  2.35303966e+03 
 8.26000000e-01  2.35859303e+03 
 8.27000000e-01  2.36414850e+03 
 8.28000000e-01  2.36970596e+03 
 8.29000000e-01  2.37526534e+03 
 8.30000000e-01  2.38082653e+03 
 8.31000000e-01  2.38638944e+03 
 8.32000000e-01  2.39195400e+03 
 8.33000000e-01  2.39752009e+03 
 8.34000000e-01  2.40308764e+03 
 8.35000000e-01  2.40865655e+03 
 8.36000000e-01  2.41422673e+03 
 8.37000000e-01  2.41979810e+03 
 8.38000000e-01  2.42537055e+03 
 8.39000000e-01  2.43094400e+03 
 8.40000000e-01  2.43651835e+03 
 8.41000000e-01  2.44209353e+03 
 8.42000000e-01  2.44766943e+03 
 8.43000000e-01  2.45324597e+03 
 8.44000000e-01  2.45882305e+03 
 8.45000000e-01  2.46440059e+03 
 8.46000000e-01  2.46997850e+03 
 8.47000000e-01  2.47555668e+03 
 8.48000000e-01  2.48113505e+03 
 8.49000000e-01  2.48671352e+03 
 8.50000000e-01  2.49229199e+03 
 8.51000000e-01  2.49787038e+03 
 8.52000000e-01  2.50344861e+03 
 8.53000000e-01  2.50902657e+03 
 8.54000000e-01  2.51460418e+03 
 8.55000000e-01  2.52018136e+03 
 8.56000000e-01  2.52575802e+03 
 8.57000000e-01  2.53133406e+03 
 8.58000000e-01  2.53690940e+03 
 8.59000000e-01  2.54248396e+03 
 8.60000000e-01  2.54805764e+03 
 8.61000000e-01  2.55363035e+03 
 8.62000000e-01  2.55920202e+03 
 8.63000000e-01  2.56477255e+03 
 8.64000000e-01  2.57034185e+03 
 8.65000000e-01  2.57590985e+03 
 8.66000000e-01  2.58147646e+03 
 8.67000000e-01  2.58704158e+03 
 8.68000000e-01  2.59260514e+03 
 8.69000000e-01  2.59816705e+03 
 8.70000000e-01  2.60372722e+03 
 8.71000000e-01  2.60928557e+03 
 8.72000000e-01  2.61484202e+03 
 8.73000000e-01  2.62039648e+03 
 8.74000000e-01  2.62594886e+03 
 8.75000000e-01  2.63149910e+03 
 8.76000000e-01  2.63704709e+03 
 8.77000000e-01  2.64259277e+03 
 8.78000000e-01  2.64813604e+03 
 8.79000000e-01  2.65367682e+03 
 8.80000000e-01  2.65921504e+03 
 8.81000000e-01  2.66475061e+03 
 8.82000000e-01  2.67028346e+03 
 8.83000000e-01  2.67581349e+03 
 8.84000000e-01  2.68134063e+03 
 8.85000000e-01  2.68686481e+03 
 8.86000000e-01  2.69238593e+03 
 8.87000000e-01  2.69790393e+03 
 8.88000000e-01  2.70341872e+03 
 8.89000000e-01  2.70893022e+03 
 8.90000000e-01  2.71443837e+03 
 8.91000000e-01  2.71994307e+03 
 8.92000000e-01  2.72544425e+03 
 8.93000000e-01  2.73094184e+03 
 8.94000000e-01  2.73643575e+03 
 8.95000000e-01  2.74192592e+03 
 8.96000000e-01  2.74741226e+03 
 8.97000000e-01  2.75289471e+03 
 8.98000000e-01  2.75837318e+03 
 8.99000000e-01  2.76384761e+03 
 9.00000000e-01  2.76931792e+03 
 9.01000000e-01  2.77478403e+03 
 9.02000000e-01  2.78024587e+03 
 9.03000000e-01  2.78570337e+03 
 9.04000000e-01  2.79115646e+03 
 9.05000000e-01  2.79660506e+03 
 9.06000000e-01  2.80204911e+03 
 9.07000000e-01  2.80748853e+03 
 9.08000000e-01  2.81292326e+03 
 9.09000000e-01  2.81835322e+03 
 9.10000000e-01  2.82377834e+03 
 9.11000000e-01  2.82919855e+03 
 9.12000000e-01  2.83461379e+03 
 9.13000000e-01  2.84002399e+03 
 9.14000000e-01  2.84542908e+03 
 9.15000000e-01  2.85082899e+03 
 9.16000000e-01  2.85622365e+03 
 9.17000000e-01  2.86161301e+03 
 9.18000000e-01  2.86699699e+03 
 9.19000000e-01  2.87237552e+03 
 9.20000000e-01  2.87774855e+03 
 9.21000000e-01  2.88311601e+03 
 9.22000000e-01  2.88847784e+03 
 9.23000000e-01  2.89383397e+03 
 9.24000000e-01  2.89918433e+03 
 9.25000000e-01  2.90452887e+03 
 9.26000000e-01  2.90986753e+03 
 9.27000000e-01  2.91520024e+03 
 9.28000000e-01  2.92052694e+03 
 9.29000000e-01  2.92584758e+03 
 9.30000000e-01  2.93116208e+03 
 9.31000000e-01  2.93647040e+03 
 9.32000000e-01  2.94177247e+03 
 9.33000000e-01  2.94706823e+03 
 9.34000000e-01  2.95235764e+03 
 9.35000000e-01  2.95764062e+03 
 9.36000000e-01  2.96291712e+03 
 9.37000000e-01  2.96818709e+03 
 9.38000000e-01  2.97345047e+03 
 9.39000000e-01  2.97870720e+03 
 9.40000000e-01  2.98395723e+03 
 9.41000000e-01  2.98920051e+03 
 9.42000000e-01  2.99443698e+03 
 9.43000000e-01  2.99966658e+03 
 9.44000000e-01  3.00488927e+03 
 9.45000000e-01  3.01010500e+03 
 9.46000000e-01  3.01531370e+03 
 9.47000000e-01  3.02051533e+03 
 9.48000000e-01  3.02570984e+03 
 9.49000000e-01  3.03089717e+03 
 9.50000000e-01  3.03607729e+03 
 9.51000000e-01  3.04125013e+03 
 9.52000000e-01  3.04641565e+03 
 9.53000000e-01  3.05157380e+03 
 9.54000000e-01  3.05672454e+03 
 9.55000000e-01  3.06186781e+03 
 9.56000000e-01  3.06700357e+03 
 9.57000000e-01  3.07213177e+03 
 9.58000000e-01  3.07725237e+03 
 9.59000000e-01  3.08236532e+03 
 9.60000000e-01  3.08747057e+03 
 9.61000000e-01  3.09256809e+03 
 9.62000000e-01  3.09765783e+03 
 9.63000000e-01  3.10273974e+03 
 9.64000000e-01  3.10781378e+03 
 9.65000000e-01  3.11287992e+03 
 9.66000000e-01  3.11793810e+03 
 9.67000000e-01  3.12298829e+03 
 9.68000000e-01  3.12803045e+03 
 9.69000000e-01  3.13306453e+03 
 9.70000000e-01  3.13809049e+03 
 9.71000000e-01  3.14310831e+03 
 9.72000000e-01  3.14811793e+03 
 9.73000000e-01  3.15311932e+03 
 9.74000000e-01  3.15811244e+03 
 9.75000000e-01  3.16309726e+03 
 9.76000000e-01  3.16807374e+03 
 9.77000000e-01  3.17304184e+03 
 9.78000000e-01  3.17800152e+03 
 9.79000000e-01  3.18295275e+03 
 9.80000000e-01  3.18789550e+03 
 9.81000000e-01  3.19282973e+03 
 9.82000000e-01  3.19775541e+03 
 9.83000000e-01  3.20267250e+03 
 9.84000000e-01  3.20758097e+03 
 9.85000000e-01  3.21248079e+03 
 9.86000000e-01  3.21737192e+03 
 9.87000000e-01  3.22225435e+03 
 9.88000000e-01  3.22712802e+03 
 9.89000000e-01  3.23199292e+03 
 9.90000000e-01  3.23684901e+03 
 9.91000000e-01  3.24169627e+03 
 9.92000000e-01  3.24653466e+03 
 9.93000000e-01  3.25136416e+03 
 9.94000000e-01  3.25618473e+03 
 9.95000000e-01  3.26099636e+03 
 9.96000000e-01  3.26579901e+03 
 9.97000000e-01  3.27059265e+03 
 9.98000000e-01  3.27537727e+03 
 9.99000000e-01  3.28015282e+03 
 1.00000000e+00  3.28491930e+03 
 1.00100000e+00  3.28967667e+03 
 1.00200000e+00  3.29442491e+03 
 1.00300000e+00  3.29916400e+03 
 1.00400000e+00  3.30389390e+03 
 1.00500000e+00  3.30861461e+03 
 1.00600000e+00  3.31332609e+03 
 1.00700000e+00  3.31802832e+03 
 1.00800000e+00  3.32272129e+03 
 1.00900000e+00  3.32740496e+03 
 1.01000000e+00  3.33207933e+03 
 1.01100000e+00  3.33674436e+03 
 1.01200000e+00  3.34140004e+03 
 1.01300000e+00  3.34604635e+03 
 1.01400000e+00  3.35068327e+03 
 1.01500000e+00  3.35531078e+03 
 1.01600000e+00  3.35992886e+03 
 1.01700000e+00  3.36453749e+03 
 1.01800000e+00  3.36913667e+03 
 1.01900000e+00  3.37372636e+03 
 1.02000000e+00  3.37830655e+03 
 1.02100000e+00  3.38287723e+03 
 1.02200000e+00  3.38743838e+03 
 1.02300000e+00  3.39198999e+03 
 1.02400000e+00  3.39653203e+03 
 1.02500000e+00  3.40106450e+03 
 1.02600000e+00  3.40558738e+03 
 1.02700000e+00  3.41010065e+03 
 1.02800000e+00  3.41460431e+03 
 1.02900000e+00  3.41909834e+03 
 1.03000000e+00  3.42358272e+03 
 1.03100000e+00  3.42805745e+03 
 1.03200000e+00  3.43252252e+03 
 1.03300000e+00  3.43697790e+03 
 1.03400000e+00  3.44142359e+03 
 1.03500000e+00  3.44585958e+03 
 1.03600000e+00  3.45028586e+03 
 1.03700000e+00  3.45470241e+03 
 1.03800000e+00  3.45910924e+03 
 1.03900000e+00  3.46350632e+03 
 1.04000000e+00  3.46789365e+03 
 1.04100000e+00  3.47227123e+03 
 1.04200000e+00  3.47663903e+03 
 1.04300000e+00  3.48099706e+03 
 1.04400000e+00  3.48534531e+03 
 1.04500000e+00  3.48968376e+03 
 1.04600000e+00  3.49401242e+03 
 1.04700000e+00  3.49833128e+03 
 1.04800000e+00  3.50264032e+03 
 1.04900000e+00  3.50693955e+03 
 1.05000000e+00  3.51122895e+03 
 1.05100000e+00  3.51550853e+03 
 1.05200000e+00  3.51977828e+03 
 1.05300000e+00  3.52403819e+03 
 1.05400000e+00  3.52828826e+03 
 1.05500000e+00  3.53252848e+03 
 1.05600000e+00  3.53675885e+03 
 1.05700000e+00  3.54097938e+03 
 1.05800000e+00  3.54519004e+03 
 1.05900000e+00  3.54939085e+03 
 1.06000000e+00  3.55358180e+03 
 1.06100000e+00  3.55776289e+03 
 1.06200000e+00  3.56193411e+03 
 1.06300000e+00  3.56609547e+03 
 1.06400000e+00  3.57024696e+03 
 1.06500000e+00  3.57438858e+03 
 1.06600000e+00  3.57852034e+03 
 1.06700000e+00  3.58264222e+03 
 1.06800000e+00  3.58675424e+03 
 1.06900000e+00  3.59085639e+03 
 1.07000000e+00  3.59494867e+03 
 1.07100000e+00  3.59903108e+03 
 1.07200000e+00  3.60310363e+03 
 1.07300000e+00  3.60716631e+03 
 1.07400000e+00  3.61121913e+03 
 1.07500000e+00  3.61526209e+03 
 1.07600000e+00  3.61929519e+03 
 1.07700000e+00  3.62331843e+03 
 1.07800000e+00  3.62733182e+03 
 1.07900000e+00  3.63133536e+03 
 1.08000000e+00  3.63532905e+03 
 1.08100000e+00  3.63931290e+03 
 1.08200000e+00  3.64328691e+03 
 1.08300000e+00  3.64725108e+03 
 1.08400000e+00  3.65120542e+03 
 1.08500000e+00  3.65514993e+03 
 1.08600000e+00  3.65908462e+03 
 1.08700000e+00  3.66300949e+03 
 1.08800000e+00  3.66692455e+03 
 1.08900000e+00  3.67082980e+03 
 1.09000000e+00  3.67472525e+03 
 1.09100000e+00  3.67861090e+03 
 1.09200000e+00  3.68248677e+03 
 1.09300000e+00  3.68635285e+03 
 1.09400000e+00  3.69020915e+03 
 1.09500000e+00  3.69405569e+03 
 1.09600000e+00  3.69789246e+03 
 1.09700000e+00  3.70171947e+03 
 1.09800000e+00  3.70553674e+03 
 1.09900000e+00  3.70934427e+03 
 1.10000000e+00  3.71314206e+03 
 1.10100000e+00  3.71693013e+03 
 1.10200000e+00  3.72070849e+03 
 1.10300000e+00  3.72447714e+03 
 1.10400000e+00  3.72823608e+03 
 1.10500000e+00  3.73198534e+03 
 1.10600000e+00  3.73572491e+03 
 1.10700000e+00  3.73945482e+03 
 1.10800000e+00  3.74317506e+03 
 1.10900000e+00  3.74688565e+03 
 1.11000000e+00  3.75058659e+03 
 1.11100000e+00  3.75427791e+03 
 1.11200000e+00  3.75795960e+03 
 1.11300000e+00  3.76163167e+03 
 1.11400000e+00  3.76529415e+03 
 1.11500000e+00  3.76894703e+03 
 1.11600000e+00  3.77259034e+03 
 1.11700000e+00  3.77622407e+03 
 1.11800000e+00  3.77984825e+03 
 1.11900000e+00  3.78346288e+03 
 1.12000000e+00  3.78706797e+03 
 1.12100000e+00  3.79066355e+03 
 1.12200000e+00  3.79424961e+03 
 1.12300000e+00  3.79782617e+03 
 1.12400000e+00  3.80139324e+03 
 1.12500000e+00  3.80495084e+03 
 1.12600000e+00  3.80849898e+03 
 1.12700000e+00  3.81203767e+03 
 1.12800000e+00  3.81556692e+03 
 1.12900000e+00  3.81908674e+03 
 1.13000000e+00  3.82259716e+03 
 1.13100000e+00  3.82609818e+03 
 1.13200000e+00  3.82958981e+03 
 1.13300000e+00  3.83307208e+03 
 1.13400000e+00  3.83654498e+03 
 1.13500000e+00  3.84000855e+03 
 1.13600000e+00  3.84346278e+03 
 1.13700000e+00  3.84690770e+03 
 1.13800000e+00  3.85034332e+03 
 1.13900000e+00  3.85376965e+03 
 1.14000000e+00  3.85718671e+03 
 1.14100000e+00  3.86059451e+03 
 1.14200000e+00  3.86399307e+03 
 1.14300000e+00  3.86738240e+03 
 1.14400000e+00  3.87076252e+03 
 1.14500000e+00  3.87413344e+03 
 1.14600000e+00  3.87749517e+03 
 1.14700000e+00  3.88084774e+03 
 1.14800000e+00  3.88419116e+03 
 1.14900000e+00  3.88752544e+03 
 1.15000000e+00  3.89085059e+03 
 1.15100000e+00  3.89416664e+03 
 1.15200000e+00  3.89747360e+03 
 1.15300000e+00  3.90077149e+03 
 1.15400000e+00  3.90406032e+03 
 1.15500000e+00  3.90734010e+03 
 1.15600000e+00  3.91061086e+03 
 1.15700000e+00  3.91387262e+03 
 1.15800000e+00  3.91712537e+03 
 1.15900000e+00  3.92036915e+03 
 1.16000000e+00  3.92360397e+03 
 1.16100000e+00  3.92682985e+03 
 1.16200000e+00  3.93004680e+03 
 1.16300000e+00  3.93325484e+03 
 1.16400000e+00  3.93645399e+03 
 1.16500000e+00  3.93964426e+03 
 1.16600000e+00  3.94282567e+03 
 1.16700000e+00  3.94599824e+03 
 1.16800000e+00  3.94916199e+03 
 1.16900000e+00  3.95231692e+03 
 1.17000000e+00  3.95546307e+03 
 1.17100000e+00  3.95860045e+03 
 1.17200000e+00  3.96172907e+03 
 1.17300000e+00  3.96484895e+03 
 1.17400000e+00  3.96796011e+03 
 1.17500000e+00  3.97106257e+03 
 1.17600000e+00  3.97415635e+03 
 1.17700000e+00  3.97724146e+03 
 1.17800000e+00  3.98031792e+03 
 1.17900000e+00  3.98338575e+03 
 1.18000000e+00  3.98644497e+03 
 1.18100000e+00  3.98949559e+03 
 1.18200000e+00  3.99253764e+03 
 1.18300000e+00  3.99557113e+03 
 1.18400000e+00  3.99859608e+03 
 1.18500000e+00  4.00161250e+03 
 1.18600000e+00  4.00462043e+03 
 1.18700000e+00  4.00761987e+03 
 1.18800000e+00  4.01061084e+03 
 1.18900000e+00  4.01359337e+03 
 1.19000000e+00  4.01656746e+03 
 1.19100000e+00  4.01953315e+03 
 1.19200000e+00  4.02249045e+03 
 1.19300000e+00  4.02543937e+03 
 1.19400000e+00  4.02837994e+03 
 1.19500000e+00  4.03131217e+03 
 1.19600000e+00  4.03423608e+03 
 1.19700000e+00  4.03715170e+03 
 1.19800000e+00  4.04005904e+03 
 1.19900000e+00  4.04295812e+03 
 1.20000000e+00  4.04584896e+03 
 1.20100000e+00  4.04873157e+03 
 1.20200000e+00  4.05160598e+03 
 1.20300000e+00  4.05447221e+03 
 1.20400000e+00  4.05733028e+03 
 1.20500000e+00  4.06018020e+03 
 1.20600000e+00  4.06302199e+03 
 1.20700000e+00  4.06585568e+03 
 1.20800000e+00  4.06868128e+03 
 1.20900000e+00  4.07149881e+03 
 1.21000000e+00  4.07430829e+03 
 1.21100000e+00  4.07710974e+03 
 1.21200000e+00  4.07990318e+03 
 1.21300000e+00  4.08268863e+03 
 1.21400000e+00  4.08546610e+03 
 1.21500000e+00  4.08823563e+03 
 1.21600000e+00  4.09099722e+03 
 1.21700000e+00  4.09375090e+03 
 1.21800000e+00  4.09649668e+03 
 1.21900000e+00  4.09923459e+03 
 1.22000000e+00  4.10196464e+03 
 1.22100000e+00  4.10468686e+03 
 1.22200000e+00  4.10740127e+03 
 1.22300000e+00  4.11010787e+03 
 1.22400000e+00  4.11280670e+03 
 1.22500000e+00  4.11549777e+03 
 1.22600000e+00  4.11818111e+03 
 1.22700000e+00  4.12085672e+03 
 1.22800000e+00  4.12352464e+03 
 1.22900000e+00  4.12618488e+03 
 1.23000000e+00  4.12883746e+03 
 1.23100000e+00  4.13148240e+03 
 1.23200000e+00  4.13411972e+03 
 1.23300000e+00  4.13674943e+03 
 1.23400000e+00  4.13937157e+03 
 1.23500000e+00  4.14198615e+03 
 1.23600000e+00  4.14459318e+03 
 1.23700000e+00  4.14719269e+03 
 1.23800000e+00  4.14978471e+03 
 1.23900000e+00  4.15236923e+03 
 1.24000000e+00  4.15494630e+03 
 1.24100000e+00  4.15751592e+03 
 1.24200000e+00  4.16007812e+03 
 1.24300000e+00  4.16263291e+03 
 1.24400000e+00  4.16518032e+03 
 1.24500000e+00  4.16772036e+03 
 1.24600000e+00  4.17025306e+03 
 1.24700000e+00  4.17277844e+03 
 1.24800000e+00  4.17529650e+03 
 1.24900000e+00  4.17780728e+03 
 1.25000000e+00  4.18031080e+03 
 1.25100000e+00  4.18280707e+03 
 1.25200000e+00  4.18529611e+03 
 1.25300000e+00  4.18777794e+03 
 1.25400000e+00  4.19025258e+03 
 1.25500000e+00  4.19272005e+03 
 1.25600000e+00  4.19518038e+03 
 1.25700000e+00  4.19763358e+03 
 1.25800000e+00  4.20007966e+03 
 1.25900000e+00  4.20251866e+03 
 1.26000000e+00  4.20495058e+03 
 1.26100000e+00  4.20737545e+03 
 1.26200000e+00  4.20979329e+03 
 1.26300000e+00  4.21220412e+03 
 1.26400000e+00  4.21460795e+03 
 1.26500000e+00  4.21700481e+03 
 1.26600000e+00  4.21939472e+03 
 1.26700000e+00  4.22177769e+03 
 1.26800000e+00  4.22415374e+03 
 1.26900000e+00  4.22652290e+03 
 1.27000000e+00  4.22888518e+03 
 1.27100000e+00  4.23124061e+03 
 1.27200000e+00  4.23358919e+03 
 1.27300000e+00  4.23593096e+03 
 1.27400000e+00  4.23826593e+03 
 1.27500000e+00  4.24059411e+03 
 1.27600000e+00  4.24291554e+03 
 1.27700000e+00  4.24523022e+03 
 1.27800000e+00  4.24753818e+03 
 1.27900000e+00  4.24983944e+03 
 1.28000000e+00  4.25213401e+03 
 1.28100000e+00  4.25442192e+03 
 1.28200000e+00  4.25670318e+03 
 1.28300000e+00  4.25897781e+03 
 1.28400000e+00  4.26124584e+03 
 1.28500000e+00  4.26350728e+03 
 1.28600000e+00  4.26576214e+03 
 1.28700000e+00  4.26801046e+03 
 1.28800000e+00  4.27025224e+03 
 1.28900000e+00  4.27248751e+03 
 1.29000000e+00  4.27471628e+03 
 1.29100000e+00  4.27693858e+03 
 1.29200000e+00  4.27915443e+03 
 1.29300000e+00  4.28136383e+03 
 1.29400000e+00  4.28356682e+03 
 1.29500000e+00  4.28576340e+03 
 1.29600000e+00  4.28795361e+03 
 1.29700000e+00  4.29013745e+03 
 1.29800000e+00  4.29231494e+03 
 1.29900000e+00  4.29448612e+03 
 1.30000000e+00  4.29665098e+03 
 1.30100000e+00  4.29880956e+03 
 1.30200000e+00  4.30096186e+03 
 1.30300000e+00  4.30310792e+03 
 1.30400000e+00  4.30524774e+03 
 1.30500000e+00  4.30738135e+03 
 1.30600000e+00  4.30950876e+03 
 1.30700000e+00  4.31162999e+03 
 1.30800000e+00  4.31374507e+03 
 1.30900000e+00  4.31585400e+03 
 1.31000000e+00  4.31795682e+03 
 1.31100000e+00  4.32005352e+03 
 1.31200000e+00  4.32214415e+03 
 1.31300000e+00  4.32422870e+03 
 1.31400000e+00  4.32630721e+03 
 1.31500000e+00  4.32837968e+03 
 1.31600000e+00  4.33044614e+03 
 1.31700000e+00  4.33250660e+03 
 1.31800000e+00  4.33456109e+03 
 1.31900000e+00  4.33660962e+03 
 1.32000000e+00  4.33865220e+03 
 1.32100000e+00  4.34068887e+03 
 1.32200000e+00  4.34271962e+03 
 1.32300000e+00  4.34474449e+03 
 1.32400000e+00  4.34676349e+03 
 1.32500000e+00  4.34877664e+03 
 1.32600000e+00  4.35078396e+03 
 1.32700000e+00  4.35278545e+03 
 1.32800000e+00  4.35478115e+03 
 1.32900000e+00  4.35677107e+03 
 1.33000000e+00  4.35875522e+03 
 1.33100000e+00  4.36073363e+03 
 1.33200000e+00  4.36270631e+03 
 1.33300000e+00  4.36467328e+03 
 1.33400000e+00  4.36663455e+03 
 1.33500000e+00  4.36859015e+03 
 1.33600000e+00  4.37054009e+03 
 1.33700000e+00  4.37248438e+03 
 1.33800000e+00  4.37442306e+03 
 1.33900000e+00  4.37635612e+03 
 1.34000000e+00  4.37828360e+03 
 1.34100000e+00  4.38020550e+03 
 1.34200000e+00  4.38212185e+03 
 1.34300000e+00  4.38403266e+03 
 1.34400000e+00  4.38593795e+03 
 1.34500000e+00  4.38783774e+03 
 1.34600000e+00  4.38973204e+03 
 1.34700000e+00  4.39162086e+03 
 1.34800000e+00  4.39350424e+03 
 1.34900000e+00  4.39538218e+03 
 1.35000000e+00  4.39725469e+03 
 1.35100000e+00  4.39912181e+03 
 1.35200000e+00  4.40098354e+03 
 1.35300000e+00  4.40283990e+03 
 1.35400000e+00  4.40469091e+03 
 1.35500000e+00  4.40653658e+03 
 1.35600000e+00  4.40837693e+03 
 1.35700000e+00  4.41021198e+03 
 1.35800000e+00  4.41204175e+03 
 1.35900000e+00  4.41386624e+03 
 1.36000000e+00  4.41568548e+03 
 1.36100000e+00  4.41749948e+03 
 1.36200000e+00  4.41930826e+03 
 1.36300000e+00  4.42111184e+03 
 1.36400000e+00  4.42291023e+03 
 1.36500000e+00  4.42470345e+03 
 1.36600000e+00  4.42649151e+03 
 1.36700000e+00  4.42827443e+03 
 1.36800000e+00  4.43005223e+03 
 1.36900000e+00  4.43182492e+03 
 1.37000000e+00  4.43359252e+03 
 1.37100000e+00  4.43535505e+03 
 1.37200000e+00  4.43711251e+03 
 1.37300000e+00  4.43886493e+03 
 1.37400000e+00  4.44061233e+03 
 1.37500000e+00  4.44235471e+03 
 1.37600000e+00  4.44409210e+03 
 1.37700000e+00  4.44582450e+03 
 1.37800000e+00  4.44755194e+03 
 1.37900000e+00  4.44927444e+03 
 1.38000000e+00  4.45099199e+03 
 1.38100000e+00  4.45270463e+03 
 1.38200000e+00  4.45441237e+03 
 1.38300000e+00  4.45611523e+03 
 1.38400000e+00  4.45781321e+03 
 1.38500000e+00  4.45950633e+03 
 1.38600000e+00  4.46119461e+03 
 1.38700000e+00  4.46287807e+03 
 1.38800000e+00  4.46455672e+03 
 1.38900000e+00  4.46623057e+03 
 1.39000000e+00  4.46789965e+03 
 1.39100000e+00  4.46956396e+03 
 1.39200000e+00  4.47122352e+03 
 1.39300000e+00  4.47287834e+03 
 1.39400000e+00  4.47452845e+03 
 1.39500000e+00  4.47617385e+03 
 1.39600000e+00  4.47781457e+03 
 1.39700000e+00  4.47945060e+03 
 1.39800000e+00  4.48108198e+03 
 1.39900000e+00  4.48270872e+03 
 1.40000000e+00  4.48433082e+03 
 1.40100000e+00  4.48594831e+03 
 1.40200000e+00  4.48756120e+03 
 1.40300000e+00  4.48916950e+03 
 1.40400000e+00  4.49077323e+03 
 1.40500000e+00  4.49237241e+03 
 1.40600000e+00  4.49396704e+03 
 1.40700000e+00  4.49555715e+03 
 1.40800000e+00  4.49714274e+03 
 1.40900000e+00  4.49872383e+03 
 1.41000000e+00  4.50030044e+03 
 1.41100000e+00  4.50187257e+03 
 1.41200000e+00  4.50344026e+03 
 1.41300000e+00  4.50500350e+03 
 1.41400000e+00  4.50656231e+03 
 1.41500000e+00  4.50811671e+03 
 1.41600000e+00  4.50966671e+03 
 1.41700000e+00  4.51121232e+03 
 1.41800000e+00  4.51275357e+03 
 1.41900000e+00  4.51429045e+03 
 1.42000000e+00  4.51582300e+03 
 1.42100000e+00  4.51735121e+03 
 1.42200000e+00  4.51887511e+03 
 1.42300000e+00  4.52039471e+03 
 1.42400000e+00  4.52191001e+03 
 1.42500000e+00  4.52342105e+03 
 1.42600000e+00  4.52492782e+03 
 1.42700000e+00  4.52643035e+03 
 1.42800000e+00  4.52792865e+03 
 1.42900000e+00  4.52942272e+03 
 1.43000000e+00  4.53091259e+03 
 1.43100000e+00  4.53239826e+03 
 1.43200000e+00  4.53387976e+03 
 1.43300000e+00  4.53535709e+03 
 1.43400000e+00  4.53683027e+03 
 1.43500000e+00  4.53829931e+03 
 1.43600000e+00  4.53976423e+03 
 1.43700000e+00  4.54122503e+03 
 1.43800000e+00  4.54268173e+03 
 1.43900000e+00  4.54413435e+03 
 1.44000000e+00  4.54558289e+03 
 1.44100000e+00  4.54702737e+03 
 1.44200000e+00  4.54846781e+03 
 1.44300000e+00  4.54990421e+03 
 1.44400000e+00  4.55133659e+03 
 1.44500000e+00  4.55276497e+03 
 1.44600000e+00  4.55418934e+03 
 1.44700000e+00  4.55560974e+03 
 1.44800000e+00  4.55702617e+03 
 1.44900000e+00  4.55843864e+03 
 1.45000000e+00  4.55984716e+03 
 1.45100000e+00  4.56125176e+03 
 1.45200000e+00  4.56265243e+03 
 1.45300000e+00  4.56404920e+03 
 1.45400000e+00  4.56544208e+03 
 1.45500000e+00  4.56683108e+03 
 1.45600000e+00  4.56821621e+03 
 1.45700000e+00  4.56959748e+03 
 1.45800000e+00  4.57097490e+03 
 1.45900000e+00  4.57234850e+03 
 1.46000000e+00  4.57371828e+03 
 1.46100000e+00  4.57508425e+03 
 1.46200000e+00  4.57644643e+03 
 1.46300000e+00  4.57780482e+03 
 1.46400000e+00  4.57915945e+03 
 1.46500000e+00  4.58051031e+03 
 1.46600000e+00  4.58185744e+03 
 1.46700000e+00  4.58320082e+03 
 1.46800000e+00  4.58454049e+03 
 1.46900000e+00  4.58587645e+03 
 1.47000000e+00  4.58720870e+03 
 1.47100000e+00  4.58853728e+03 
 1.47200000e+00  4.58986218e+03 
 1.47300000e+00  4.59118341e+03 
 1.47400000e+00  4.59250100e+03 
 1.47500000e+00  4.59381495e+03 
 1.47600000e+00  4.59512527e+03 
 1.47700000e+00  4.59643197e+03 
 1.47800000e+00  4.59773508e+03 
 1.47900000e+00  4.59903459e+03 
 1.48000000e+00  4.60033052e+03 
 1.48100000e+00  4.60162288e+03 
 1.48200000e+00  4.60291168e+03 
 1.48300000e+00  4.60419694e+03 
 1.48400000e+00  4.60547866e+03 
 1.48500000e+00  4.60675686e+03 
 1.48600000e+00  4.60803155e+03 
 1.48700000e+00  4.60930274e+03 
 1.48800000e+00  4.61057044e+03 
 1.48900000e+00  4.61183466e+03 
 1.49000000e+00  4.61309542e+03 
 1.49100000e+00  4.61435272e+03 
 1.49200000e+00  4.61560657e+03 
 1.49300000e+00  4.61685699e+03 
 1.49400000e+00  4.61810399e+03 
 1.49500000e+00  4.61934758e+03 
 1.49600000e+00  4.62058776e+03 
 1.49700000e+00  4.62182456e+03 
 1.49800000e+00  4.62305798e+03 
 1.49900000e+00  4.62428803e+03 
 1.50000000e+00  4.62551473e+03 
 1.50100000e+00  4.62673807e+03 
 1.50200000e+00  4.62795809e+03 
 1.50300000e+00  4.62917478e+03 
 1.50400000e+00  4.63038815e+03 
 1.50500000e+00  4.63159822e+03 
 1.50600000e+00  4.63280500e+03 
 1.50700000e+00  4.63400850e+03 
 1.50800000e+00  4.63520872e+03 
 1.50900000e+00  4.63640569e+03 
 1.51000000e+00  4.63759940e+03 
 1.51100000e+00  4.63878988e+03 
 1.51200000e+00  4.63997712e+03 
 1.51300000e+00  4.64116115e+03 
 1.51400000e+00  4.64234196e+03 
 1.51500000e+00  4.64351958e+03 
 1.51600000e+00  4.64469401e+03 
 1.51700000e+00  4.64586526e+03 
 1.51800000e+00  4.64703334e+03 
 1.51900000e+00  4.64819827e+03 
 1.52000000e+00  4.64936005e+03 
 1.52100000e+00  4.65051869e+03 
 1.52200000e+00  4.65167420e+03 
 1.52300000e+00  4.65282660e+03 
 1.52400000e+00  4.65397589e+03 
 1.52500000e+00  4.65512208e+03 
 1.52600000e+00  4.65626518e+03 
 1.52700000e+00  4.65740521e+03 
 1.52800000e+00  4.65854217e+03 
 1.52900000e+00  4.65967607e+03 
 1.53000000e+00  4.66080692e+03 
 1.53100000e+00  4.66193473e+03 
 1.53200000e+00  4.66305952e+03 
 1.53300000e+00  4.66418128e+03 
 1.53400000e+00  4.66530004e+03 
 1.53500000e+00  4.66641580e+03 
 1.53600000e+00  4.66752856e+03 
 1.53700000e+00  4.66863835e+03 
 1.53800000e+00  4.66974517e+03 
 1.53900000e+00  4.67084902e+03 
 1.54000000e+00  4.67194993e+03 
 1.54100000e+00  4.67304789e+03 
 1.54200000e+00  4.67414291e+03 
 1.54300000e+00  4.67523502e+03 
 1.54400000e+00  4.67632421e+03 
 1.54500000e+00  4.67741049e+03 
 1.54600000e+00  4.67849388e+03 
 1.54700000e+00  4.67957438e+03 
 1.54800000e+00  4.68065200e+03 
 1.54900000e+00  4.68172676e+03 
 1.55000000e+00  4.68279866e+03 
 1.55100000e+00  4.68386771e+03 
 1.55200000e+00  4.68493391e+03 
 1.55300000e+00  4.68599729e+03 
 1.55400000e+00  4.68705784e+03 
 1.55500000e+00  4.68811558e+03 
 1.55600000e+00  4.68917051e+03 
 1.55700000e+00  4.69022265e+03 
 1.55800000e+00  4.69127200e+03 
 1.55900000e+00  4.69231858e+03 
 1.56000000e+00  4.69336238e+03 
 1.56100000e+00  4.69440342e+03 
 1.56200000e+00  4.69544172e+03 
 1.56300000e+00  4.69647727e+03 
 1.56400000e+00  4.69751008e+03 
 1.56500000e+00  4.69854017e+03 
 1.56600000e+00  4.69956755e+03 
 1.56700000e+00  4.70059221e+03 
 1.56800000e+00  4.70161418e+03 
 1.56900000e+00  4.70263346e+03 
 1.57000000e+00  4.70365005e+03 
 1.57100000e+00  4.70466397e+03 
 1.57200000e+00  4.70567522e+03 
 1.57300000e+00  4.70668382e+03 
 1.57400000e+00  4.70768977e+03 
 1.57500000e+00  4.70869308e+03 
 1.57600000e+00  4.70969376e+03 
 1.57700000e+00  4.71069181e+03 
 1.57800000e+00  4.71168725e+03 
 1.57900000e+00  4.71268008e+03 
 1.58000000e+00  4.71367032e+03 
 1.58100000e+00  4.71465796e+03 
 1.58200000e+00  4.71564302e+03 
 1.58300000e+00  4.71662551e+03 
 1.58400000e+00  4.71760543e+03 
 1.58500000e+00  4.71858280e+03 
 1.58600000e+00  4.71955761e+03 
 1.58700000e+00  4.72052989e+03 
 1.58800000e+00  4.72149963e+03 
 1.58900000e+00  4.72246684e+03 
 1.59000000e+00  4.72343154e+03 
 1.59100000e+00  4.72439373e+03 
 1.59200000e+00  4.72535342e+03 
 1.59300000e+00  4.72631061e+03 
 1.59400000e+00  4.72726532e+03 
 1.59500000e+00  4.72821755e+03 
 1.59600000e+00  4.72916731e+03 
 1.59700000e+00  4.73011461e+03 
 1.59800000e+00  4.73105945e+03 
 1.59900000e+00  4.73200185e+03 
 1.60000000e+00  4.73294181e+03 
 1.60100000e+00  4.73387934e+03 
 1.60200000e+00  4.73481444e+03 
 1.60300000e+00  4.73574712e+03 
 1.60400000e+00  4.73667740e+03 
 1.60500000e+00  4.73760528e+03 
 1.60600000e+00  4.73853076e+03 
 1.60700000e+00  4.73945386e+03 
 1.60800000e+00  4.74037458e+03 
 1.60900000e+00  4.74129293e+03 
 1.61000000e+00  4.74220892e+03 
 1.61100000e+00  4.74312255e+03 
 1.61200000e+00  4.74403383e+03 
 1.61300000e+00  4.74494277e+03 
 1.61400000e+00  4.74584937e+03 
 1.61500000e+00  4.74675365e+03 
 1.61600000e+00  4.74765561e+03 
 1.61700000e+00  4.74855526e+03 
 1.61800000e+00  4.74945260e+03 
 1.61900000e+00  4.75034765e+03 
 1.62000000e+00  4.75124040e+03 
 1.62100000e+00  4.75213087e+03 
 1.62200000e+00  4.75301907e+03 
 1.62300000e+00  4.75390500e+03 
 1.62400000e+00  4.75478866e+03 
 1.62500000e+00  4.75567007e+03 
 1.62600000e+00  4.75654924e+03 
 1.62700000e+00  4.75742616e+03 
 1.62800000e+00  4.75830085e+03 
 1.62900000e+00  4.75917331e+03 
 1.63000000e+00  4.76004355e+03 
 1.63100000e+00  4.76091158e+03 
 1.63200000e+00  4.76177740e+03 
 1.63300000e+00  4.76264103e+03 
 1.63400000e+00  4.76350246e+03 
 1.63500000e+00  4.76436170e+03 
 1.63600000e+00  4.76521877e+03 
 1.63700000e+00  4.76607367e+03 
 1.63800000e+00  4.76692640e+03 
 1.63900000e+00  4.76777697e+03 
 1.64000000e+00  4.76862539e+03 
 1.64100000e+00  4.76947167e+03 
 1.64200000e+00  4.77031580e+03 
 1.64300000e+00  4.77115781e+03 
 1.64400000e+00  4.77199769e+03 
 1.64500000e+00  4.77283545e+03 
 1.64600000e+00  4.77367110e+03 
 1.64700000e+00  4.77450465e+03 
 1.64800000e+00  4.77533610e+03 
 1.64900000e+00  4.77616545e+03 
 1.65000000e+00  4.77699272e+03 
 1.65100000e+00  4.77781791e+03 
 1.65200000e+00  4.77864102e+03 
 1.65300000e+00  4.77946207e+03 
 1.65400000e+00  4.78028106e+03 
 1.65500000e+00  4.78109800e+03 
 1.65600000e+00  4.78191289e+03 
 1.65700000e+00  4.78272574e+03 
 1.65800000e+00  4.78353655e+03 
 1.65900000e+00  4.78434533e+03 
 1.66000000e+00  4.78515209e+03 
 1.66100000e+00  4.78595684e+03 
 1.66200000e+00  4.78675958e+03 
 1.66300000e+00  4.78756031e+03 
 1.66400000e+00  4.78835904e+03 
 1.66500000e+00  4.78915579e+03 
 1.66600000e+00  4.78995055e+03 
 1.66700000e+00  4.79074333e+03 
 1.66800000e+00  4.79153413e+03 
 1.66900000e+00  4.79232297e+03 
 1.67000000e+00  4.79310985e+03 
 1.67100000e+00  4.79389478e+03 
 1.67200000e+00  4.79467775e+03 
 1.67300000e+00  4.79545879e+03 
 1.67400000e+00  4.79623788e+03 
 1.67500000e+00  4.79701505e+03 
 1.67600000e+00  4.79779029e+03 
 1.67700000e+00  4.79856361e+03 
 1.67800000e+00  4.79933502e+03 
 1.67900000e+00  4.80010452e+03 
 1.68000000e+00  4.80087212e+03 
 1.68100000e+00  4.80163782e+03 
 1.68200000e+00  4.80240163e+03 
 1.68300000e+00  4.80316356e+03 
 1.68400000e+00  4.80392361e+03 
 1.68500000e+00  4.80468179e+03 
 1.68600000e+00  4.80543810e+03 
 1.68700000e+00  4.80619255e+03 
 1.68800000e+00  4.80694515e+03 
 1.68900000e+00  4.80769589e+03 
 1.69000000e+00  4.80844479e+03 
 1.69100000e+00  4.80919186e+03 
 1.69200000e+00  4.80993709e+03 
 1.69300000e+00  4.81068049e+03 
 1.69400000e+00  4.81142207e+03 
 1.69500000e+00  4.81216183e+03 
 1.69600000e+00  4.81289978e+03 
 1.69700000e+00  4.81363593e+03 
 1.69800000e+00  4.81437028e+03 
 1.69900000e+00  4.81510283e+03 
 1.70000000e+00  4.81583360e+03 
 1.70100000e+00  4.81656258e+03 
 1.70200000e+00  4.81728978e+03 
 1.70300000e+00  4.81801521e+03 
 1.70400000e+00  4.81873888e+03 
 1.70500000e+00  4.81946078e+03 
 1.70600000e+00  4.82018092e+03 
 1.70700000e+00  4.82089932e+03 
 1.70800000e+00  4.82161597e+03 
 1.70900000e+00  4.82233087e+03 
 1.71000000e+00  4.82304405e+03 
 1.71100000e+00  4.82375549e+03 
 1.71200000e+00  4.82446520e+03 
 1.71300000e+00  4.82517320e+03 
 1.71400000e+00  4.82587948e+03 
 1.71500000e+00  4.82658406e+03 
 1.71600000e+00  4.82728693e+03 
 1.71700000e+00  4.82798810e+03 
 1.71800000e+00  4.82868757e+03 
 1.71900000e+00  4.82938536e+03 
 1.72000000e+00  4.83008146e+03 
 1.72100000e+00  4.83077589e+03 
 1.72200000e+00  4.83146864e+03 
 1.72300000e+00  4.83215972e+03 
 1.72400000e+00  4.83284914e+03 
 1.72500000e+00  4.83353690e+03 
 1.72600000e+00  4.83422300e+03 
 1.72700000e+00  4.83490746e+03 
 1.72800000e+00  4.83559028e+03 
 1.72900000e+00  4.83627145e+03 
 1.73000000e+00  4.83695099e+03 
 1.73100000e+00  4.83762891e+03 
 1.73200000e+00  4.83830519e+03 
 1.73300000e+00  4.83897986e+03 
 1.73400000e+00  4.83965292e+03 
 1.73500000e+00  4.84032436e+03 
 1.73600000e+00  4.84099420e+03 
 1.73700000e+00  4.84166244e+03 
 1.73800000e+00  4.84232909e+03 
 1.73900000e+00  4.84299414e+03 
 1.74000000e+00  4.84365761e+03 
 1.74100000e+00  4.84431950e+03 
 1.74200000e+00  4.84497981e+03 
 1.74300000e+00  4.84563855e+03 
 1.74400000e+00  4.84629573e+03 
 1.74500000e+00  4.84695134e+03 
 1.74600000e+00  4.84760539e+03 
 1.74700000e+00  4.84825789e+03 
 1.74800000e+00  4.84890885e+03 
 1.74900000e+00  4.84955826e+03 
 1.75000000e+00  4.85020613e+03 
 1.75100000e+00  4.85085246e+03 
 1.75200000e+00  4.85149727e+03 
 1.75300000e+00  4.85214055e+03 
 1.75400000e+00  4.85278231e+03 
 1.75500000e+00  4.85342255e+03 
 1.75600000e+00  4.85406128e+03 
 1.75700000e+00  4.85469850e+03 
 1.75800000e+00  4.85533422e+03 
 1.75900000e+00  4.85596845e+03 
 1.76000000e+00  4.85660117e+03 
 1.76100000e+00  4.85723241e+03 
 1.76200000e+00  4.85786216e+03 
 1.76300000e+00  4.85849044e+03 
 1.76400000e+00  4.85911723e+03 
 1.76500000e+00  4.85974256e+03 
 1.76600000e+00  4.86036641e+03 
 1.76700000e+00  4.86098880e+03 
 1.76800000e+00  4.86160974e+03 
 1.76900000e+00  4.86222921e+03 
 1.77000000e+00  4.86284724e+03 
 1.77100000e+00  4.86346382e+03 
 1.77200000e+00  4.86407896e+03 
 1.77300000e+00  4.86469266e+03 
 1.77400000e+00  4.86530493e+03 
 1.77500000e+00  4.86591577e+03 
 1.77600000e+00  4.86652518e+03 
 1.77700000e+00  4.86713317e+03 
 1.77800000e+00  4.86773975e+03 
 1.77900000e+00  4.86834491e+03 
 1.78000000e+00  4.86894866e+03 
 1.78100000e+00  4.86955101e+03 
 1.78200000e+00  4.87015196e+03 
 1.78300000e+00  4.87075151e+03 
 1.78400000e+00  4.87134967e+03 
 1.78500000e+00  4.87194644e+03 
 1.78600000e+00  4.87254183e+03 
 1.78700000e+00  4.87313584e+03 
 1.78800000e+00  4.87372847e+03 
 1.78900000e+00  4.87431973e+03 
 1.79000000e+00  4.87490962e+03 
 1.79100000e+00  4.87549815e+03 
 1.79200000e+00  4.87608532e+03 
 1.79300000e+00  4.87667113e+03 
 1.79400000e+00  4.87725559e+03 
 1.79500000e+00  4.87783870e+03 
 1.79600000e+00  4.87842047e+03 
 1.79700000e+00  4.87900090e+03 
 1.79800000e+00  4.87957999e+03 
 1.79900000e+00  4.88015775e+03 
 1.80000000e+00  4.88073418e+03 
