 0.00000000e+00  6.15707740e+02 
 1.00000000e-03  6.16557206e+02 
 2.00000000e-03  6.17409341e+02 
 3.00000000e-03  6.18264144e+02 
 4.00000000e-03  6.19121617e+02 
 5.00000000e-03  6.19981758e+02 
 6.00000000e-03  6.20844570e+02 
 7.00000000e-03  6.21710053e+02 
 8.00000000e-03  6.22578209e+02 
 9.00000000e-03  6.23449040e+02 
 1.00000000e-02  6.24322548e+02 
 1.10000000e-02  6.25198735e+02 
 1.20000000e-02  6.26077603e+02 
 1.30000000e-02  6.26959156e+02 
 1.40000000e-02  6.27843397e+02 
 1.50000000e-02  6.28730329e+02 
 1.60000000e-02  6.29619955e+02 
 1.70000000e-02  6.30512279e+02 
 1.80000000e-02  6.31407305e+02 
 1.90000000e-02  6.32305038e+02 
 2.00000000e-02  6.33205482e+02 
 2.10000000e-02  6.34108641e+02 
 2.20000000e-02  6.35014520e+02 
 2.30000000e-02  6.35923124e+02 
 2.40000000e-02  6.36834459e+02 
 2.50000000e-02  6.37748529e+02 
 2.60000000e-02  6.38665340e+02 
 2.70000000e-02  6.39584898e+02 
 2.80000000e-02  6.40507208e+02 
 2.90000000e-02  6.41432278e+02 
 3.00000000e-02  6.42360112e+02 
 3.10000000e-02  6.43290717e+02 
 3.20000000e-02  6.44224099e+02 
 3.30000000e-02  6.45160266e+02 
 3.40000000e-02  6.46099224e+02 
 3.50000000e-02  6.47040980e+02 
 3.60000000e-02  6.47985541e+02 
 3.70000000e-02  6.48932914e+02 
 3.80000000e-02  6.49883106e+02 
 3.90000000e-02  6.50836126e+02 
 4.00000000e-02  6.51791980e+02 
 4.10000000e-02  6.52750676e+02 
 4.20000000e-02  6.53712222e+02 
 4.30000000e-02  6.54676627e+02 
 4.40000000e-02  6.55643897e+02 
 4.50000000e-02  6.56614043e+02 
 4.60000000e-02  6.57587070e+02 
 4.70000000e-02  6.58562989e+02 
 4.80000000e-02  6.59541808e+02 
 4.90000000e-02  6.60523536e+02 
 5.00000000e-02  6.61508180e+02 
 5.10000000e-02  6.62495751e+02 
 5.20000000e-02  6.63486257e+02 
 5.30000000e-02  6.64479707e+02 
 5.40000000e-02  6.65476111e+02 
 5.50000000e-02  6.66475478e+02 
 5.60000000e-02  6.67477818e+02 
 5.70000000e-02  6.68483139e+02 
 5.80000000e-02  6.69491452e+02 
 5.90000000e-02  6.70502766e+02 
 6.00000000e-02  6.71517092e+02 
 6.10000000e-02  6.72534439e+02 
 6.20000000e-02  6.73554817e+02 
 6.30000000e-02  6.74578237e+02 
 6.40000000e-02  6.75604708e+02 
 6.50000000e-02  6.76634242e+02 
 6.60000000e-02  6.77666848e+02 
 6.70000000e-02  6.78702537e+02 
 6.80000000e-02  6.79741321e+02 
 6.90000000e-02  6.80783209e+02 
 7.00000000e-02  6.81828212e+02 
 7.10000000e-02  6.82876342e+02 
 7.20000000e-02  6.83927609e+02 
 7.30000000e-02  6.84982025e+02 
 7.40000000e-02  6.86039601e+02 
 7.50000000e-02  6.87100347e+02 
 7.60000000e-02  6.88164277e+02 
 7.70000000e-02  6.89231401e+02 
 7.80000000e-02  6.90301730e+02 
 7.90000000e-02  6.91375277e+02 
 8.00000000e-02  6.92452053e+02 
 8.10000000e-02  6.93532070e+02 
 8.20000000e-02  6.94615340e+02 
 8.30000000e-02  6.95701875e+02 
 8.40000000e-02  6.96791687e+02 
 8.50000000e-02  6.97884790e+02 
 8.60000000e-02  6.98981194e+02 
 8.70000000e-02  7.00080912e+02 
 8.80000000e-02  7.01183957e+02 
 8.90000000e-02  7.02290342e+02 
 9.00000000e-02  7.03400079e+02 
 9.10000000e-02  7.04513180e+02 
 9.20000000e-02  7.05629660e+02 
 9.30000000e-02  7.06749531e+02 
 9.40000000e-02  7.07872805e+02 
 9.50000000e-02  7.08999497e+02 
 9.60000000e-02  7.10129618e+02 
 9.70000000e-02  7.11263184e+02 
 9.80000000e-02  7.12400206e+02 
 9.90000000e-02  7.13540699e+02 
 1.00000000e-01  7.14684677e+02 
 1.01000000e-01  7.15832152e+02 
 1.02000000e-01  7.16983139e+02 
 1.03000000e-01  7.18137652e+02 
 1.04000000e-01  7.19295704e+02 
 1.05000000e-01  7.20457310e+02 
 1.06000000e-01  7.21622484e+02 
 1.07000000e-01  7.22791239e+02 
 1.08000000e-01  7.23963592e+02 
 1.09000000e-01  7.25139555e+02 
 1.10000000e-01  7.26319143e+02 
 1.11000000e-01  7.27502372e+02 
 1.12000000e-01  7.28689255e+02 
 1.13000000e-01  7.29879808e+02 
 1.14000000e-01  7.31074045e+02 
 1.15000000e-01  7.32271982e+02 
 1.16000000e-01  7.33473633e+02 
 1.17000000e-01  7.34679014e+02 
 1.18000000e-01  7.35888140e+02 
 1.19000000e-01  7.37101026e+02 
 1.20000000e-01  7.38317688e+02 
 1.21000000e-01  7.39538142e+02 
 1.22000000e-01  7.40762402e+02 
 1.23000000e-01  7.41990486e+02 
 1.24000000e-01  7.43222408e+02 
 1.25000000e-01  7.44458184e+02 
 1.26000000e-01  7.45697832e+02 
 1.27000000e-01  7.46941366e+02 
 1.28000000e-01  7.48188803e+02 
 1.29000000e-01  7.49440160e+02 
 1.30000000e-01  7.50695452e+02 
 1.31000000e-01  7.51954697e+02 
 1.32000000e-01  7.53217910e+02 
 1.33000000e-01  7.54485110e+02 
 1.34000000e-01  7.55756312e+02 
 1.35000000e-01  7.57031533e+02 
 1.36000000e-01  7.58310791e+02 
 1.37000000e-01  7.59594102e+02 
 1.38000000e-01  7.60881485e+02 
 1.39000000e-01  7.62172955e+02 
 1.40000000e-01  7.63468531e+02 
 1.41000000e-01  7.64768230e+02 
 1.42000000e-01  7.66072070e+02 
 1.43000000e-01  7.67380069e+02 
 1.44000000e-01  7.68692244e+02 
 1.45000000e-01  7.70008613e+02 
 1.46000000e-01  7.71329194e+02 
 1.47000000e-01  7.72654006e+02 
 1.48000000e-01  7.73983067e+02 
 1.49000000e-01  7.75316395e+02 
 1.50000000e-01  7.76654009e+02 
 1.51000000e-01  7.77995927e+02 
 1.52000000e-01  7.79342168e+02 
 1.53000000e-01  7.80692750e+02 
 1.54000000e-01  7.82047693e+02 
 1.55000000e-01  7.83407016e+02 
 1.56000000e-01  7.84770737e+02 
 1.57000000e-01  7.86138877e+02 
 1.58000000e-01  7.87511453e+02 
 1.59000000e-01  7.88888487e+02 
 1.60000000e-01  7.90269997e+02 
 1.61000000e-01  7.91656002e+02 
 1.62000000e-01  7.93046524e+02 
 1.63000000e-01  7.94441581e+02 
 1.64000000e-01  7.95841194e+02 
 1.65000000e-01  7.97245383e+02 
 1.66000000e-01  7.98654168e+02 
 1.67000000e-01  8.00067569e+02 
 1.68000000e-01  8.01485607e+02 
 1.69000000e-01  8.02908303e+02 
 1.70000000e-01  8.04335676e+02 
 1.71000000e-01  8.05767749e+02 
 1.72000000e-01  8.07204542e+02 
 1.73000000e-01  8.08646075e+02 
 1.74000000e-01  8.10092371e+02 
 1.75000000e-01  8.11543450e+02 
 1.76000000e-01  8.12999334e+02 
 1.77000000e-01  8.14460045e+02 
 1.78000000e-01  8.15925603e+02 
 1.79000000e-01  8.17396031e+02 
 1.80000000e-01  8.18871351e+02 
 1.81000000e-01  8.20351585e+02 
 1.82000000e-01  8.21836754e+02 
 1.83000000e-01  8.23326881e+02 
 1.84000000e-01  8.24821989e+02 
 1.85000000e-01  8.26322100e+02 
 1.86000000e-01  8.27827237e+02 
 1.87000000e-01  8.29337422e+02 
 1.88000000e-01  8.30852678e+02 
 1.89000000e-01  8.32373028e+02 
 1.90000000e-01  8.33898496e+02 
 1.91000000e-01  8.35429105e+02 
 1.92000000e-01  8.36964878e+02 
 1.93000000e-01  8.38505838e+02 
 1.94000000e-01  8.40052009e+02 
 1.95000000e-01  8.41603416e+02 
 1.96000000e-01  8.43160082e+02 
 1.97000000e-01  8.44722030e+02 
 1.98000000e-01  8.46289286e+02 
 1.99000000e-01  8.47861874e+02 
 2.00000000e-01  8.49439817e+02 
 2.01000000e-01  8.51023141e+02 
 2.02000000e-01  8.52611871e+02 
 2.03000000e-01  8.54206030e+02 
 2.04000000e-01  8.55805645e+02 
 2.05000000e-01  8.57410740e+02 
 2.06000000e-01  8.59021340e+02 
 2.07000000e-01  8.60637472e+02 
 2.08000000e-01  8.62259160e+02 
 2.09000000e-01  8.63886430e+02 
 2.10000000e-01  8.65519308e+02 
 2.11000000e-01  8.67157821e+02 
 2.12000000e-01  8.68801993e+02 
 2.13000000e-01  8.70451852e+02 
 2.14000000e-01  8.72107423e+02 
 2.15000000e-01  8.73768734e+02 
 2.16000000e-01  8.75435810e+02 
 2.17000000e-01  8.77108680e+02 
 2.18000000e-01  8.78787369e+02 
 2.19000000e-01  8.80471905e+02 
 2.20000000e-01  8.82162315e+02 
 2.21000000e-01  8.83858626e+02 
 2.22000000e-01  8.85560867e+02 
 2.23000000e-01  8.87269065e+02 
 2.24000000e-01  8.88983247e+02 
 2.25000000e-01  8.90703442e+02 
 2.26000000e-01  8.92429677e+02 
 2.27000000e-01  8.94161982e+02 
 2.28000000e-01  8.95900384e+02 
 2.29000000e-01  8.97644913e+02 
 2.30000000e-01  8.99395596e+02 
 2.31000000e-01  9.01152463e+02 
 2.32000000e-01  9.02915543e+02 
 2.33000000e-01  9.04684866e+02 
 2.34000000e-01  9.06460460e+02 
 2.35000000e-01  9.08242355e+02 
 2.36000000e-01  9.10030580e+02 
 2.37000000e-01  9.11825167e+02 
 2.38000000e-01  9.13626144e+02 
 2.39000000e-01  9.15433542e+02 
 2.40000000e-01  9.17247391e+02 
 2.41000000e-01  9.19067721e+02 
 2.42000000e-01  9.20894564e+02 
 2.43000000e-01  9.22727950e+02 
 2.44000000e-01  9.24567910e+02 
 2.45000000e-01  9.26414476e+02 
 2.46000000e-01  9.28267677e+02 
 2.47000000e-01  9.30127547e+02 
 2.48000000e-01  9.31994117e+02 
 2.49000000e-01  9.33867418e+02 
 2.50000000e-01  9.35747482e+02 
 2.51000000e-01  9.37634342e+02 
 2.52000000e-01  9.39528030e+02 
 2.53000000e-01  9.41428577e+02 
 2.54000000e-01  9.43336018e+02 
 2.55000000e-01  9.45250385e+02 
 2.56000000e-01  9.47171710e+02 
 2.57000000e-01  9.49100027e+02 
 2.58000000e-01  9.51035369e+02 
 2.59000000e-01  9.52977770e+02 
 2.60000000e-01  9.54927263e+02 
 2.61000000e-01  9.56883883e+02 
 2.62000000e-01  9.58847662e+02 
 2.63000000e-01  9.60818636e+02 
 2.64000000e-01  9.62796838e+02 
 2.65000000e-01  9.64782304e+02 
 2.66000000e-01  9.66775067e+02 
 2.67000000e-01  9.68775164e+02 
 2.68000000e-01  9.70782628e+02 
 2.69000000e-01  9.72797495e+02 
 2.70000000e-01  9.74819801e+02 
 2.71000000e-01  9.76849580e+02 
 2.72000000e-01  9.78886870e+02 
 2.73000000e-01  9.80931705e+02 
 2.74000000e-01  9.82984122e+02 
 2.75000000e-01  9.85044158e+02 
 2.76000000e-01  9.87111848e+02 
 2.77000000e-01  9.89187230e+02 
 2.78000000e-01  9.91270339e+02 
 2.79000000e-01  9.93361215e+02 
 2.80000000e-01  9.95459892e+02 
 2.81000000e-01  9.97566410e+02 
 2.82000000e-01  9.99680805e+02 
 2.83000000e-01  1.00180312e+03 
 2.84000000e-01  1.00393338e+03 
 2.85000000e-01  1.00607163e+03 
 2.86000000e-01  1.00821792e+03 
 2.87000000e-01  1.01037227e+03 
 2.88000000e-01  1.01253473e+03 
 2.89000000e-01  1.01470534e+03 
 2.90000000e-01  1.01688413e+03 
 2.91000000e-01  1.01907114e+03 
 2.92000000e-01  1.02126642e+03 
 2.93000000e-01  1.02347000e+03 
 2.94000000e-01  1.02568193e+03 
 2.95000000e-01  1.02790223e+03 
 2.96000000e-01  1.03013096e+03 
 2.97000000e-01  1.03236816e+03 
 2.98000000e-01  1.03461386e+03 
 2.99000000e-01  1.03686810e+03 
 3.00000000e-01  1.03913093e+03 
 3.01000000e-01  1.04140239e+03 
 3.02000000e-01  1.04368252e+03 
 3.03000000e-01  1.04597135e+03 
 3.04000000e-01  1.04826894e+03 
 3.05000000e-01  1.05057532e+03 
 3.06000000e-01  1.05289054e+03 
 3.07000000e-01  1.05521463e+03 
 3.08000000e-01  1.05754765e+03 
 3.09000000e-01  1.05988963e+03 
 3.10000000e-01  1.06224062e+03 
 3.11000000e-01  1.06460065e+03 
 3.12000000e-01  1.06696978e+03 
 3.13000000e-01  1.06934805e+03 
 3.14000000e-01  1.07173549e+03 
 3.15000000e-01  1.07413216e+03 
 3.16000000e-01  1.07653809e+03 
 3.17000000e-01  1.07895334e+03 
 3.18000000e-01  1.08137795e+03 
 3.19000000e-01  1.08381195e+03 
 3.20000000e-01  1.08625540e+03 
 3.21000000e-01  1.08870834e+03 
 3.22000000e-01  1.09117082e+03 
 3.23000000e-01  1.09364288e+03 
 3.24000000e-01  1.09612457e+03 
 3.25000000e-01  1.09861593e+03 
 3.26000000e-01  1.10111701e+03 
 3.27000000e-01  1.10362785e+03 
 3.28000000e-01  1.10614851e+03 
 3.29000000e-01  1.10867902e+03 
 3.30000000e-01  1.11121944e+03 
 3.31000000e-01  1.11376981e+03 
 3.32000000e-01  1.11633017e+03 
 3.33000000e-01  1.11890059e+03 
 3.34000000e-01  1.12148110e+03 
 3.35000000e-01  1.12407175e+03 
 3.36000000e-01  1.12667259e+03 
 3.37000000e-01  1.12928366e+03 
 3.38000000e-01  1.13190503e+03 
 3.39000000e-01  1.13453672e+03 
 3.40000000e-01  1.13717880e+03 
 3.41000000e-01  1.13983131e+03 
 3.42000000e-01  1.14249430e+03 
 3.43000000e-01  1.14516782e+03 
 3.44000000e-01  1.14785193e+03 
 3.45000000e-01  1.15054665e+03 
 3.46000000e-01  1.15325206e+03 
 3.47000000e-01  1.15596820e+03 
 3.48000000e-01  1.15869512e+03 
 3.49000000e-01  1.16143286e+03 
 3.50000000e-01  1.16418148e+03 
 3.51000000e-01  1.16694104e+03 
 3.52000000e-01  1.16971157e+03 
 3.53000000e-01  1.17249314e+03 
 3.54000000e-01  1.17528579e+03 
 3.55000000e-01  1.17808958e+03 
 3.56000000e-01  1.18090455e+03 
 3.57000000e-01  1.18373076e+03 
 3.58000000e-01  1.18656826e+03 
 3.59000000e-01  1.18941711e+03 
 3.60000000e-01  1.19227734e+03 
 3.61000000e-01  1.19514903e+03 
 3.62000000e-01  1.19803221e+03 
 3.63000000e-01  1.20092695e+03 
 3.64000000e-01  1.20383329e+03 
 3.65000000e-01  1.20675129e+03 
 3.66000000e-01  1.20968100e+03 
 3.67000000e-01  1.21262248e+03 
 3.68000000e-01  1.21557577e+03 
 3.69000000e-01  1.21854094e+03 
 3.70000000e-01  1.22151803e+03 
 3.71000000e-01  1.22450710e+03 
 3.72000000e-01  1.22750821e+03 
 3.73000000e-01  1.23052141e+03 
 3.74000000e-01  1.23354675e+03 
 3.75000000e-01  1.23658429e+03 
 3.76000000e-01  1.23963408e+03 
 3.77000000e-01  1.24269618e+03 
 3.78000000e-01  1.24577064e+03 
 3.79000000e-01  1.24885752e+03 
 3.80000000e-01  1.25195688e+03 
 3.81000000e-01  1.25506876e+03 
 3.82000000e-01  1.25819323e+03 
 3.83000000e-01  1.26133034e+03 
 3.84000000e-01  1.26448015e+03 
 3.85000000e-01  1.26764271e+03 
 3.86000000e-01  1.27081808e+03 
 3.87000000e-01  1.27400631e+03 
 3.88000000e-01  1.27720747e+03 
 3.89000000e-01  1.28042160e+03 
 3.90000000e-01  1.28364877e+03 
 3.91000000e-01  1.28688903e+03 
 3.92000000e-01  1.29014244e+03 
 3.93000000e-01  1.29340905e+03 
 3.94000000e-01  1.29668893e+03 
 3.95000000e-01  1.29998213e+03 
 3.96000000e-01  1.30328870e+03 
 3.97000000e-01  1.30660871e+03 
 3.98000000e-01  1.30994221e+03 
 3.99000000e-01  1.31328927e+03 
 4.00000000e-01  1.31664993e+03 
 4.01000000e-01  1.32002425e+03 
 4.02000000e-01  1.32341230e+03 
 4.03000000e-01  1.32681413e+03 
 4.04000000e-01  1.33022980e+03 
 4.05000000e-01  1.33365936e+03 
 4.06000000e-01  1.33710288e+03 
 4.07000000e-01  1.34056042e+03 
 4.08000000e-01  1.34403203e+03 
 4.09000000e-01  1.34751776e+03 
 4.10000000e-01  1.35101769e+03 
 4.11000000e-01  1.35453186e+03 
 4.12000000e-01  1.35806034e+03 
 4.13000000e-01  1.36160319e+03 
 4.14000000e-01  1.36516045e+03 
 4.15000000e-01  1.36873220e+03 
 4.16000000e-01  1.37231849e+03 
 4.17000000e-01  1.37591937e+03 
 4.18000000e-01  1.37953492e+03 
 4.19000000e-01  1.38316518e+03 
 4.20000000e-01  1.38681021e+03 
 4.21000000e-01  1.39047008e+03 
 4.22000000e-01  1.39414484e+03 
 4.23000000e-01  1.39783455e+03 
 4.24000000e-01  1.40153927e+03 
 4.25000000e-01  1.40525906e+03 
 4.26000000e-01  1.40899398e+03 
 4.27000000e-01  1.41274409e+03 
 4.28000000e-01  1.41650943e+03 
 4.29000000e-01  1.42029008e+03 
 4.30000000e-01  1.42408610e+03 
 4.31000000e-01  1.42789753e+03 
 4.32000000e-01  1.43172444e+03 
 4.33000000e-01  1.43556689e+03 
 4.34000000e-01  1.43942494e+03 
 4.35000000e-01  1.44329863e+03 
 4.36000000e-01  1.44718805e+03 
 4.37000000e-01  1.45109323e+03 
 4.38000000e-01  1.45501424e+03 
 4.39000000e-01  1.45895114e+03 
 4.40000000e-01  1.46290398e+03 
 4.41000000e-01  1.46687282e+03 
 4.42000000e-01  1.47085773e+03 
 4.43000000e-01  1.47485875e+03 
 4.44000000e-01  1.47887595e+03 
 4.45000000e-01  1.48290938e+03 
 4.46000000e-01  1.48695910e+03 
 4.47000000e-01  1.49102516e+03 
 4.48000000e-01  1.49510763e+03 
 4.49000000e-01  1.49920657e+03 
 4.50000000e-01  1.50332202e+03 
 4.51000000e-01  1.50745404e+03 
 4.52000000e-01  1.51160270e+03 
 4.53000000e-01  1.51576804e+03 
 4.54000000e-01  1.51995012e+03 
 4.55000000e-01  1.52414901e+03 
 4.56000000e-01  1.52836474e+03 
 4.57000000e-01  1.53259739e+03 
 4.58000000e-01  1.53684700e+03 
 4.59000000e-01  1.54111363e+03 
 4.60000000e-01  1.54539734e+03 
 4.61000000e-01  1.54969817e+03 
 4.62000000e-01  1.55401619e+03 
 4.63000000e-01  1.55835145e+03 
 4.64000000e-01  1.56270400e+03 
 4.65000000e-01  1.56707389e+03 
 4.66000000e-01  1.57146118e+03 
 4.67000000e-01  1.57586592e+03 
 4.68000000e-01  1.58028816e+03 
 4.69000000e-01  1.58472796e+03 
 4.70000000e-01  1.58918537e+03 
 4.71000000e-01  1.59366044e+03 
 4.72000000e-01  1.59815322e+03 
 4.73000000e-01  1.60266376e+03 
 4.74000000e-01  1.60719212e+03 
 4.75000000e-01  1.61173834e+03 
 4.76000000e-01  1.61630247e+03 
 4.77000000e-01  1.62088456e+03 
 4.78000000e-01  1.62548467e+03 
 4.79000000e-01  1.63010284e+03 
 4.80000000e-01  1.63473912e+03 
 4.81000000e-01  1.63939356e+03 
 4.82000000e-01  1.64406621e+03 
 4.83000000e-01  1.64875710e+03 
 4.84000000e-01  1.65346630e+03 
 4.85000000e-01  1.65819385e+03 
 4.86000000e-01  1.66293979e+03 
 4.87000000e-01  1.66770416e+03 
 4.88000000e-01  1.67248702e+03 
 4.89000000e-01  1.67728841e+03 
 4.90000000e-01  1.68210837e+03 
 4.91000000e-01  1.68694695e+03 
 4.92000000e-01  1.69180419e+03 
 4.93000000e-01  1.69668012e+03 
 4.94000000e-01  1.70157481e+03 
 4.95000000e-01  1.70648827e+03 
 4.96000000e-01  1.71142057e+03 
 4.97000000e-01  1.71637173e+03 
 4.98000000e-01  1.72134179e+03 
 4.99000000e-01  1.72633081e+03 
 5.00000000e-01  1.73133881e+03 
 5.01000000e-01  1.73636583e+03 
 5.02000000e-01  1.74141191e+03 
 5.03000000e-01  1.74647709e+03 
 5.04000000e-01  1.75156140e+03 
 5.05000000e-01  1.75666489e+03 
 5.06000000e-01  1.76178758e+03 
 5.07000000e-01  1.76692950e+03 
 5.08000000e-01  1.77209071e+03 
 5.09000000e-01  1.77727121e+03 
 5.10000000e-01  1.78247106e+03 
 5.11000000e-01  1.78769027e+03 
 5.12000000e-01  1.79292889e+03 
 5.13000000e-01  1.79818694e+03 
 5.14000000e-01  1.80346445e+03 
 5.15000000e-01  1.80876144e+03 
 5.16000000e-01  1.81407796e+03 
 5.17000000e-01  1.81941402e+03 
 5.18000000e-01  1.82476965e+03 
 5.19000000e-01  1.83014488e+03 
 5.20000000e-01  1.83553974e+03 
 5.21000000e-01  1.84095424e+03 
 5.22000000e-01  1.84638840e+03 
 5.23000000e-01  1.85184226e+03 
 5.24000000e-01  1.85731584e+03 
 5.25000000e-01  1.86280915e+03 
 5.26000000e-01  1.86832221e+03 
 5.27000000e-01  1.87385505e+03 
 5.28000000e-01  1.87940768e+03 
 5.29000000e-01  1.88498012e+03 
 5.30000000e-01  1.89057239e+03 
 5.31000000e-01  1.89618450e+03 
 5.32000000e-01  1.90181646e+03 
 5.33000000e-01  1.90746829e+03 
 5.34000000e-01  1.91314001e+03 
 5.35000000e-01  1.91883162e+03 
 5.36000000e-01  1.92454314e+03 
 5.37000000e-01  1.93027457e+03 
 5.38000000e-01  1.93602593e+03 
 5.39000000e-01  1.94179722e+03 
 5.40000000e-01  1.94758845e+03 
 5.41000000e-01  1.95339962e+03 
 5.42000000e-01  1.95923074e+03 
 5.43000000e-01  1.96508182e+03 
 5.44000000e-01  1.97095286e+03 
 5.45000000e-01  1.97684385e+03 
 5.46000000e-01  1.98275481e+03 
 5.47000000e-01  1.98868572e+03 
 5.48000000e-01  1.99463659e+03 
 5.49000000e-01  2.00060742e+03 
 5.50000000e-01  2.00659820e+03 
 5.51000000e-01  2.01260892e+03 
 5.52000000e-01  2.01863959e+03 
 5.53000000e-01  2.02469019e+03 
 5.54000000e-01  2.03076072e+03 
 5.55000000e-01  2.03685116e+03 
 5.56000000e-01  2.04296152e+03 
 5.57000000e-01  2.04909177e+03 
 5.58000000e-01  2.05524190e+03 
 5.59000000e-01  2.06141190e+03 
 5.60000000e-01  2.06760175e+03 
 5.61000000e-01  2.07381144e+03 
 5.62000000e-01  2.08004096e+03 
 5.63000000e-01  2.08629027e+03 
 5.64000000e-01  2.09255937e+03 
 5.65000000e-01  2.09884823e+03 
 5.66000000e-01  2.10515682e+03 
 5.67000000e-01  2.11148514e+03 
 5.68000000e-01  2.11783314e+03 
 5.69000000e-01  2.12420081e+03 
 5.70000000e-01  2.13058811e+03 
 5.71000000e-01  2.13699502e+03 
 5.72000000e-01  2.14342152e+03 
 5.73000000e-01  2.14986756e+03 
 5.74000000e-01  2.15633311e+03 
 5.75000000e-01  2.16281815e+03 
 5.76000000e-01  2.16932263e+03 
 5.77000000e-01  2.17584653e+03 
 5.78000000e-01  2.18238979e+03 
 5.79000000e-01  2.18895239e+03 
 5.80000000e-01  2.19553429e+03 
 5.81000000e-01  2.20213544e+03 
 5.82000000e-01  2.20875579e+03 
 5.83000000e-01  2.21539531e+03 
 5.84000000e-01  2.22205395e+03 
 5.85000000e-01  2.22873166e+03 
 5.86000000e-01  2.23542840e+03 
 5.87000000e-01  2.24214411e+03 
 5.88000000e-01  2.24887875e+03 
 5.89000000e-01  2.25563225e+03 
 5.90000000e-01  2.26240457e+03 
 5.91000000e-01  2.26919566e+03 
 5.92000000e-01  2.27600545e+03 
 5.93000000e-01  2.28283389e+03 
 5.94000000e-01  2.28968092e+03 
 5.95000000e-01  2.29654647e+03 
 5.96000000e-01  2.30343049e+03 
 5.97000000e-01  2.31033291e+03 
 5.98000000e-01  2.31725368e+03 
 5.99000000e-01  2.32419271e+03 
 6.00000000e-01  2.33114995e+03 
 6.01000000e-01  2.33812532e+03 
 6.02000000e-01  2.34511875e+03 
 6.03000000e-01  2.35213018e+03 
 6.04000000e-01  2.35915953e+03 
 6.05000000e-01  2.36620673e+03 
 6.06000000e-01  2.37327169e+03 
 6.07000000e-01  2.38035435e+03 
 6.08000000e-01  2.38745461e+03 
 6.09000000e-01  2.39457242e+03 
 6.10000000e-01  2.40170767e+03 
 6.11000000e-01  2.40886029e+03 
 6.12000000e-01  2.41603020e+03 
 6.13000000e-01  2.42321730e+03 
 6.14000000e-01  2.43042152e+03 
 6.15000000e-01  2.43764276e+03 
 6.16000000e-01  2.44488093e+03 
 6.17000000e-01  2.45213594e+03 
 6.18000000e-01  2.45940771e+03 
 6.19000000e-01  2.46669613e+03 
 6.20000000e-01  2.47400111e+03 
 6.21000000e-01  2.48132255e+03 
 6.22000000e-01  2.48866036e+03 
 6.23000000e-01  2.49601443e+03 
 6.24000000e-01  2.50338467e+03 
 6.25000000e-01  2.51077097e+03 
 6.26000000e-01  2.51817323e+03 
 6.27000000e-01  2.52559135e+03 
 6.28000000e-01  2.53302521e+03 
 6.29000000e-01  2.54047472e+03 
 6.30000000e-01  2.54793976e+03 
 6.31000000e-01  2.55542022e+03 
 6.32000000e-01  2.56291599e+03 
 6.33000000e-01  2.57042695e+03 
 6.34000000e-01  2.57795301e+03 
 6.35000000e-01  2.58549403e+03 
 6.36000000e-01  2.59304990e+03 
 6.37000000e-01  2.60062051e+03 
 6.38000000e-01  2.60820573e+03 
 6.39000000e-01  2.61580545e+03 
 6.40000000e-01  2.62341954e+03 
 6.41000000e-01  2.63104788e+03 
 6.42000000e-01  2.63869035e+03 
 6.43000000e-01  2.64634682e+03 
 6.44000000e-01  2.65401716e+03 
 6.45000000e-01  2.66170125e+03 
 6.46000000e-01  2.66939896e+03 
 6.47000000e-01  2.67711015e+03 
 6.48000000e-01  2.68483470e+03 
 6.49000000e-01  2.69257248e+03 
 6.50000000e-01  2.70032335e+03 
 6.51000000e-01  2.70808717e+03 
 6.52000000e-01  2.71586382e+03 
 6.53000000e-01  2.72365314e+03 
 6.54000000e-01  2.73145502e+03 
 6.55000000e-01  2.73926930e+03 
 6.56000000e-01  2.74709584e+03 
 6.57000000e-01  2.75493451e+03 
 6.58000000e-01  2.76278517e+03 
 6.59000000e-01  2.77064766e+03 
 6.60000000e-01  2.77852185e+03 
 6.61000000e-01  2.78640758e+03 
 6.62000000e-01  2.79430473e+03 
 6.63000000e-01  2.80221312e+03 
 6.64000000e-01  2.81013263e+03 
 6.65000000e-01  2.81806309e+03 
 6.66000000e-01  2.82600437e+03 
 6.67000000e-01  2.83395630e+03 
 6.68000000e-01  2.84191874e+03 
 6.69000000e-01  2.84989152e+03 
 6.70000000e-01  2.85787451e+03 
 6.71000000e-01  2.86586754e+03 
 6.72000000e-01  2.87387047e+03 
 6.73000000e-01  2.88188312e+03 
 6.74000000e-01  2.88990535e+03 
 6.75000000e-01  2.89793699e+03 
 6.76000000e-01  2.90597790e+03 
 6.77000000e-01  2.91402790e+03 
 6.78000000e-01  2.92208685e+03 
 6.79000000e-01  2.93015457e+03 
 6.80000000e-01  2.93823091e+03 
 6.81000000e-01  2.94631570e+03 
 6.82000000e-01  2.95440878e+03 
 6.83000000e-01  2.96250999e+03 
 6.84000000e-01  2.97061917e+03 
 6.85000000e-01  2.97873614e+03 
 6.86000000e-01  2.98686074e+03 
 6.87000000e-01  2.99499281e+03 
 6.88000000e-01  3.00313219e+03 
 6.89000000e-01  3.01127869e+03 
 6.90000000e-01  3.01943215e+03 
 6.91000000e-01  3.02759242e+03 
 6.92000000e-01  3.03575931e+03 
 6.93000000e-01  3.04393265e+03 
 6.94000000e-01  3.05211229e+03 
 6.95000000e-01  3.06029804e+03 
 6.96000000e-01  3.06848974e+03 
 6.97000000e-01  3.07668721e+03 
 6.98000000e-01  3.08489029e+03 
 6.99000000e-01  3.09309880e+03 
 7.00000000e-01  3.10131257e+03 
 7.01000000e-01  3.10953143e+03 
 7.02000000e-01  3.11775520e+03 
 7.03000000e-01  3.12598371e+03 
 7.04000000e-01  3.13421679e+03 
 7.05000000e-01  3.14245427e+03 
 7.06000000e-01  3.15069596e+03 
 7.07000000e-01  3.15894170e+03 
 7.08000000e-01  3.16719131e+03 
 7.09000000e-01  3.17544461e+03 
 7.10000000e-01  3.18370144e+03 
 7.11000000e-01  3.19196161e+03 
 7.12000000e-01  3.20022496e+03 
 7.13000000e-01  3.20849130e+03 
 7.14000000e-01  3.21676046e+03 
 7.15000000e-01  3.22503226e+03 
 7.16000000e-01  3.23330654e+03 
 7.17000000e-01  3.24158311e+03 
 7.18000000e-01  3.24986180e+03 
 7.19000000e-01  3.25814244e+03 
 7.20000000e-01  3.26642484e+03 
 7.21000000e-01  3.27470883e+03 
 7.22000000e-01  3.28299424e+03 
 7.23000000e-01  3.29128090e+03 
 7.24000000e-01  3.29956862e+03 
 7.25000000e-01  3.30785723e+03 
 7.26000000e-01  3.31614656e+03 
 7.27000000e-01  3.32443643e+03 
 7.28000000e-01  3.33272666e+03 
 7.29000000e-01  3.34101709e+03 
 7.30000000e-01  3.34930754e+03 
 7.31000000e-01  3.35759784e+03 
 7.32000000e-01  3.36588780e+03 
 7.33000000e-01  3.37417726e+03 
 7.34000000e-01  3.38246604e+03 
 7.35000000e-01  3.39075398e+03 
 7.36000000e-01  3.39904089e+03 
 7.37000000e-01  3.40732661e+03 
 7.38000000e-01  3.41561096e+03 
 7.39000000e-01  3.42389378e+03 
 7.40000000e-01  3.43217488e+03 
 7.41000000e-01  3.44045411e+03 
 7.42000000e-01  3.44873128e+03 
 7.43000000e-01  3.45700624e+03 
 7.44000000e-01  3.46527880e+03 
 7.45000000e-01  3.47354881e+03 
 7.46000000e-01  3.48181609e+03 
 7.47000000e-01  3.49008047e+03 
 7.48000000e-01  3.49834179e+03 
 7.49000000e-01  3.50659987e+03 
 7.50000000e-01  3.51485456e+03 
 7.51000000e-01  3.52310569e+03 
 7.52000000e-01  3.53135309e+03 
 7.53000000e-01  3.53959659e+03 
 7.54000000e-01  3.54783604e+03 
 7.55000000e-01  3.55607126e+03 
 7.56000000e-01  3.56430210e+03 
 7.57000000e-01  3.57252839e+03 
 7.58000000e-01  3.58074998e+03 
 7.59000000e-01  3.58896669e+03 
 7.60000000e-01  3.59717837e+03 
 7.61000000e-01  3.60538487e+03 
 7.62000000e-01  3.61358601e+03 
 7.63000000e-01  3.62178165e+03 
 7.64000000e-01  3.62997162e+03 
 7.65000000e-01  3.63815578e+03 
 7.66000000e-01  3.64633395e+03 
 7.67000000e-01  3.65450600e+03 
 7.68000000e-01  3.66267175e+03 
 7.69000000e-01  3.67083107e+03 
 7.70000000e-01  3.67898379e+03 
 7.71000000e-01  3.68712977e+03 
 7.72000000e-01  3.69526885e+03 
 7.73000000e-01  3.70340089e+03 
 7.74000000e-01  3.71152573e+03 
 7.75000000e-01  3.71964322e+03 
 7.76000000e-01  3.72775322e+03 
 7.77000000e-01  3.73585559e+03 
 7.78000000e-01  3.74395017e+03 
 7.79000000e-01  3.75203682e+03 
 7.80000000e-01  3.76011539e+03 
 7.81000000e-01  3.76818575e+03 
 7.82000000e-01  3.77624776e+03 
 7.83000000e-01  3.78430126e+03 
 7.84000000e-01  3.79234612e+03 
 7.85000000e-01  3.80038220e+03 
 7.86000000e-01  3.80840936e+03 
 7.87000000e-01  3.81642747e+03 
 7.88000000e-01  3.82443639e+03 
 7.89000000e-01  3.83243598e+03 
 7.90000000e-01  3.84042611e+03 
 7.91000000e-01  3.84840664e+03 
 7.92000000e-01  3.85637745e+03 
 7.93000000e-01  3.86433840e+03 
 7.94000000e-01  3.87228937e+03 
 7.95000000e-01  3.88023021e+03 
 7.96000000e-01  3.88816082e+03 
 7.97000000e-01  3.89608105e+03 
 7.98000000e-01  3.90399078e+03 
 7.99000000e-01  3.91188989e+03 
 8.00000000e-01  3.91977825e+03 
 8.01000000e-01  3.92765574e+03 
 8.02000000e-01  3.93552224e+03 
 8.03000000e-01  3.94337763e+03 
 8.04000000e-01  3.95122179e+03 
 8.05000000e-01  3.95905460e+03 
 8.06000000e-01  3.96687595e+03 
 8.07000000e-01  3.97468571e+03 
 8.08000000e-01  3.98248377e+03 
 8.09000000e-01  3.99027002e+03 
 8.10000000e-01  3.99804435e+03 
 8.11000000e-01  4.00580664e+03 
 8.12000000e-01  4.01355679e+03 
 8.13000000e-01  4.02129468e+03 
 8.14000000e-01  4.02902021e+03 
 8.15000000e-01  4.03673326e+03 
 8.16000000e-01  4.04443374e+03 
 8.17000000e-01  4.05212154e+03 
 8.18000000e-01  4.05979655e+03 
 8.19000000e-01  4.06745867e+03 
 8.20000000e-01  4.07510781e+03 
 8.21000000e-01  4.08274385e+03 
 8.22000000e-01  4.09036671e+03 
 8.23000000e-01  4.09797628e+03 
 8.24000000e-01  4.10557247e+03 
 8.25000000e-01  4.11315518e+03 
 8.26000000e-01  4.12072431e+03 
 8.27000000e-01  4.12827978e+03 
 8.28000000e-01  4.13582149e+03 
 8.29000000e-01  4.14334935e+03 
 8.30000000e-01  4.15086327e+03 
 8.31000000e-01  4.15836317e+03 
 8.32000000e-01  4.16584895e+03 
 8.33000000e-01  4.17332053e+03 
 8.34000000e-01  4.18077782e+03 
 8.35000000e-01  4.18822074e+03 
 8.36000000e-01  4.19564920e+03 
 8.37000000e-01  4.20306313e+03 
 8.38000000e-01  4.21046245e+03 
 8.39000000e-01  4.21784707e+03 
 8.40000000e-01  4.22521691e+03 
 8.41000000e-01  4.23257191e+03 
 8.42000000e-01  4.23991198e+03 
 8.43000000e-01  4.24723705e+03 
 8.44000000e-01  4.25454704e+03 
 8.45000000e-01  4.26184188e+03 
 8.46000000e-01  4.26912151e+03 
 8.47000000e-01  4.27638585e+03 
 8.48000000e-01  4.28363483e+03 
 8.49000000e-01  4.29086838e+03 
 8.50000000e-01  4.29808644e+03 
 8.51000000e-01  4.30528894e+03 
 8.52000000e-01  4.31247581e+03 
 8.53000000e-01  4.31964700e+03 
 8.54000000e-01  4.32680244e+03 
 8.55000000e-01  4.33394207e+03 
 8.56000000e-01  4.34106583e+03 
 8.57000000e-01  4.34817366e+03 
 8.58000000e-01  4.35526550e+03 
 8.59000000e-01  4.36234129e+03 
 8.60000000e-01  4.36940098e+03 
 8.61000000e-01  4.37644452e+03 
 8.62000000e-01  4.38347185e+03 
 8.63000000e-01  4.39048292e+03 
 8.64000000e-01  4.39747767e+03 
 8.65000000e-01  4.40445606e+03 
 8.66000000e-01  4.41141804e+03 
 8.67000000e-01  4.41836356e+03 
 8.68000000e-01  4.42529257e+03 
 8.69000000e-01  4.43220502e+03 
 8.70000000e-01  4.43910087e+03 
 8.71000000e-01  4.44598008e+03 
 8.72000000e-01  4.45284261e+03 
 8.73000000e-01  4.45968840e+03 
 8.74000000e-01  4.46651743e+03 
 8.75000000e-01  4.47332964e+03 
 8.76000000e-01  4.48012500e+03 
 8.77000000e-01  4.48690348e+03 
 8.78000000e-01  4.49366504e+03 
 8.79000000e-01  4.50040963e+03 
 8.80000000e-01  4.50713723e+03 
 8.81000000e-01  4.51384780e+03 
 8.82000000e-01  4.52054130e+03 
 8.83000000e-01  4.52721772e+03 
 8.84000000e-01  4.53387701e+03 
 8.85000000e-01  4.54051914e+03 
 8.86000000e-01  4.54714408e+03 
 8.87000000e-01  4.55375182e+03 
 8.88000000e-01  4.56034231e+03 
 8.89000000e-01  4.56691554e+03 
 8.90000000e-01  4.57347148e+03 
 8.91000000e-01  4.58001010e+03 
 8.92000000e-01  4.58653137e+03 
 8.93000000e-01  4.59303529e+03 
 8.94000000e-01  4.59952182e+03 
 8.95000000e-01  4.60599094e+03 
 8.96000000e-01  4.61244264e+03 
 8.97000000e-01  4.61887690e+03 
 8.98000000e-01  4.62529369e+03 
 8.99000000e-01  4.63169300e+03 
 9.00000000e-01  4.63807481e+03 
 9.01000000e-01  4.64443911e+03 
 9.02000000e-01  4.65078588e+03 
 9.03000000e-01  4.65711511e+03 
 9.04000000e-01  4.66342679e+03 
 9.05000000e-01  4.66972090e+03 
 9.06000000e-01  4.67599743e+03 
 9.07000000e-01  4.68225637e+03 
 9.08000000e-01  4.68849771e+03 
 9.09000000e-01  4.69472144e+03 
 9.10000000e-01  4.70092756e+03 
 9.11000000e-01  4.70711605e+03 
 9.12000000e-01  4.71328691e+03 
 9.13000000e-01  4.71944013e+03 
 9.14000000e-01  4.72557571e+03 
 9.15000000e-01  4.73169365e+03 
 9.16000000e-01  4.73779393e+03 
 9.17000000e-01  4.74387656e+03 
 9.18000000e-01  4.74994154e+03 
 9.19000000e-01  4.75598885e+03 
 9.20000000e-01  4.76201851e+03 
 9.21000000e-01  4.76803051e+03 
 9.22000000e-01  4.77402486e+03 
 9.23000000e-01  4.78000155e+03 
 9.24000000e-01  4.78596058e+03 
 9.25000000e-01  4.79190196e+03 
 9.26000000e-01  4.79782570e+03 
 9.27000000e-01  4.80373179e+03 
 9.28000000e-01  4.80962024e+03 
 9.29000000e-01  4.81549106e+03 
 9.30000000e-01  4.82134425e+03 
 9.31000000e-01  4.82717983e+03 
 9.32000000e-01  4.83299778e+03 
 9.33000000e-01  4.83879814e+03 
 9.34000000e-01  4.84458089e+03 
 9.35000000e-01  4.85034606e+03 
 9.36000000e-01  4.85609365e+03 
 9.37000000e-01  4.86182367e+03 
 9.38000000e-01  4.86753614e+03 
 9.39000000e-01  4.87323106e+03 
 9.40000000e-01  4.87890845e+03 
 9.41000000e-01  4.88456832e+03 
 9.42000000e-01  4.89021068e+03 
 9.43000000e-01  4.89583555e+03 
 9.44000000e-01  4.90144294e+03 
 9.45000000e-01  4.90703287e+03 
 9.46000000e-01  4.91260535e+03 
 9.47000000e-01  4.91816040e+03 
 9.48000000e-01  4.92369804e+03 
 9.49000000e-01  4.92921828e+03 
 9.50000000e-01  4.93472114e+03 
 9.51000000e-01  4.94020663e+03 
 9.52000000e-01  4.94567479e+03 
 9.53000000e-01  4.95112562e+03 
 9.54000000e-01  4.95655914e+03 
 9.55000000e-01  4.96197538e+03 
 9.56000000e-01  4.96737436e+03 
 9.57000000e-01  4.97275610e+03 
 9.58000000e-01  4.97812061e+03 
 9.59000000e-01  4.98346793e+03 
 9.60000000e-01  4.98879807e+03 
 9.61000000e-01  4.99411106e+03 
 9.62000000e-01  4.99940691e+03 
 9.63000000e-01  5.00468566e+03 
 9.64000000e-01  5.00994733e+03 
 9.65000000e-01  5.01519194e+03 
 9.66000000e-01  5.02041952e+03 
 9.67000000e-01  5.02563009e+03 
 9.68000000e-01  5.03082368e+03 
 9.69000000e-01  5.03600032e+03 
 9.70000000e-01  5.04116003e+03 
 9.71000000e-01  5.04630283e+03 
 9.72000000e-01  5.05142877e+03 
 9.73000000e-01  5.05653785e+03 
 9.74000000e-01  5.06163012e+03 
 9.75000000e-01  5.06670560e+03 
 9.76000000e-01  5.07176432e+03 
 9.77000000e-01  5.07680631e+03 
 9.78000000e-01  5.08183160e+03 
 9.79000000e-01  5.08684021e+03 
 9.80000000e-01  5.09183219e+03 
 9.81000000e-01  5.09680755e+03 
 9.82000000e-01  5.10176633e+03 
 9.83000000e-01  5.10670857e+03 
 9.84000000e-01  5.11163429e+03 
 9.85000000e-01  5.11654352e+03 
 9.86000000e-01  5.12143630e+03 
 9.87000000e-01  5.12631266e+03 
 9.88000000e-01  5.13117263e+03 
 9.89000000e-01  5.13601624e+03 
 9.90000000e-01  5.14084353e+03 
 9.91000000e-01  5.14565454e+03 
 9.92000000e-01  5.15044929e+03 
 9.93000000e-01  5.15522782e+03 
 9.94000000e-01  5.15999016e+03 
 9.95000000e-01  5.16473635e+03 
 9.96000000e-01  5.16946643e+03 
 9.97000000e-01  5.17418042e+03 
 9.98000000e-01  5.17887837e+03 
 9.99000000e-01  5.18356030e+03 
 1.00000000e+00  5.18822627e+03 
 1.00100000e+00  5.19287629e+03 
 1.00200000e+00  5.19751041e+03 
 1.00300000e+00  5.20212866e+03 
 1.00400000e+00  5.20673109e+03 
 1.00500000e+00  5.21131772e+03 
 1.00600000e+00  5.21588860e+03 
 1.00700000e+00  5.22044376e+03 
 1.00800000e+00  5.22498324e+03 
 1.00900000e+00  5.22950707e+03 
 1.01000000e+00  5.23401530e+03 
 1.01100000e+00  5.23850797e+03 
 1.01200000e+00  5.24298510e+03 
 1.01300000e+00  5.24744674e+03 
 1.01400000e+00  5.25189294e+03 
 1.01500000e+00  5.25632371e+03 
 1.01600000e+00  5.26073912e+03 
 1.01700000e+00  5.26513919e+03 
 1.01800000e+00  5.26952396e+03 
 1.01900000e+00  5.27389348e+03 
 1.02000000e+00  5.27824777e+03 
 1.02100000e+00  5.28258689e+03 
 1.02200000e+00  5.28691088e+03 
 1.02300000e+00  5.29121976e+03 
 1.02400000e+00  5.29551359e+03 
 1.02500000e+00  5.29979240e+03 
 1.02600000e+00  5.30405623e+03 
 1.02700000e+00  5.30830512e+03 
 1.02800000e+00  5.31253912e+03 
 1.02900000e+00  5.31675826e+03 
 1.03000000e+00  5.32096259e+03 
 1.03100000e+00  5.32515214e+03 
 1.03200000e+00  5.32932696e+03 
 1.03300000e+00  5.33348708e+03 
 1.03400000e+00  5.33763255e+03 
 1.03500000e+00  5.34176342e+03 
 1.03600000e+00  5.34587971e+03 
 1.03700000e+00  5.34998148e+03 
 1.03800000e+00  5.35406876e+03 
 1.03900000e+00  5.35814159e+03 
 1.04000000e+00  5.36220002e+03 
 1.04100000e+00  5.36624409e+03 
 1.04200000e+00  5.37027384e+03 
 1.04300000e+00  5.37428932e+03 
 1.04400000e+00  5.37829055e+03 
 1.04500000e+00  5.38227760e+03 
 1.04600000e+00  5.38625049e+03 
 1.04700000e+00  5.39020927e+03 
 1.04800000e+00  5.39415398e+03 
 1.04900000e+00  5.39808467e+03 
 1.05000000e+00  5.40200137e+03 
 1.05100000e+00  5.40590413e+03 
 1.05200000e+00  5.40979299e+03 
 1.05300000e+00  5.41366800e+03 
 1.05400000e+00  5.41752919e+03 
 1.05500000e+00  5.42137661e+03 
 1.05600000e+00  5.42521029e+03 
 1.05700000e+00  5.42903030e+03 
 1.05800000e+00  5.43283665e+03 
 1.05900000e+00  5.43662940e+03 
 1.06000000e+00  5.44040860e+03 
 1.06100000e+00  5.44417427e+03 
 1.06200000e+00  5.44792647e+03 
 1.06300000e+00  5.45166524e+03 
 1.06400000e+00  5.45539062e+03 
 1.06500000e+00  5.45910265e+03 
 1.06600000e+00  5.46280137e+03 
 1.06700000e+00  5.46648683e+03 
 1.06800000e+00  5.47015908e+03 
 1.06900000e+00  5.47381814e+03 
 1.07000000e+00  5.47746407e+03 
 1.07100000e+00  5.48109691e+03 
 1.07200000e+00  5.48471669e+03 
 1.07300000e+00  5.48832347e+03 
 1.07400000e+00  5.49191729e+03 
 1.07500000e+00  5.49549818e+03 
 1.07600000e+00  5.49906619e+03 
 1.07700000e+00  5.50262137e+03 
 1.07800000e+00  5.50616375e+03 
 1.07900000e+00  5.50969337e+03 
 1.08000000e+00  5.51321029e+03 
 1.08100000e+00  5.51671454e+03 
 1.08200000e+00  5.52020616e+03 
 1.08300000e+00  5.52368520e+03 
 1.08400000e+00  5.52715170e+03 
 1.08500000e+00  5.53060569e+03 
 1.08600000e+00  5.53404724e+03 
 1.08700000e+00  5.53747636e+03 
 1.08800000e+00  5.54089312e+03 
 1.08900000e+00  5.54429754e+03 
 1.09000000e+00  5.54768967e+03 
 1.09100000e+00  5.55106956e+03 
 1.09200000e+00  5.55443725e+03 
 1.09300000e+00  5.55779277e+03 
 1.09400000e+00  5.56113617e+03 
 1.09500000e+00  5.56446749e+03 
 1.09600000e+00  5.56778677e+03 
 1.09700000e+00  5.57109406e+03 
 1.09800000e+00  5.57438939e+03 
 1.09900000e+00  5.57767281e+03 
 1.10000000e+00  5.58094436e+03 
 1.10100000e+00  5.58420408e+03 
 1.10200000e+00  5.58745202e+03 
 1.10300000e+00  5.59068820e+03 
 1.10400000e+00  5.59391268e+03 
 1.10500000e+00  5.59712550e+03 
 1.10600000e+00  5.60032669e+03 
 1.10700000e+00  5.60351630e+03 
 1.10800000e+00  5.60669437e+03 
 1.10900000e+00  5.60986094e+03 
 1.11000000e+00  5.61301605e+03 
 1.11100000e+00  5.61615974e+03 
 1.11200000e+00  5.61929205e+03 
 1.11300000e+00  5.62241303e+03 
 1.11400000e+00  5.62552271e+03 
 1.11500000e+00  5.62862113e+03 
 1.11600000e+00  5.63170834e+03 
 1.11700000e+00  5.63478437e+03 
 1.11800000e+00  5.63784927e+03 
 1.11900000e+00  5.64090308e+03 
 1.12000000e+00  5.64394583e+03 
 1.12100000e+00  5.64697756e+03 
 1.12200000e+00  5.64999833e+03 
 1.12300000e+00  5.65300815e+03 
 1.12400000e+00  5.65600708e+03 
 1.12500000e+00  5.65899516e+03 
 1.12600000e+00  5.66197242e+03 
 1.12700000e+00  5.66493891e+03 
 1.12800000e+00  5.66789466e+03 
 1.12900000e+00  5.67083971e+03 
 1.13000000e+00  5.67377411e+03 
 1.13100000e+00  5.67669788e+03 
 1.13200000e+00  5.67961108e+03 
 1.13300000e+00  5.68251374e+03 
 1.13400000e+00  5.68540589e+03 
 1.13500000e+00  5.68828759e+03 
 1.13600000e+00  5.69115886e+03 
 1.13700000e+00  5.69401974e+03 
 1.13800000e+00  5.69687028e+03 
 1.13900000e+00  5.69971051e+03 
 1.14000000e+00  5.70254047e+03 
 1.14100000e+00  5.70536020e+03 
 1.14200000e+00  5.70816974e+03 
 1.14300000e+00  5.71096912e+03 
 1.14400000e+00  5.71375838e+03 
 1.14500000e+00  5.71653757e+03 
 1.14600000e+00  5.71930671e+03 
 1.14700000e+00  5.72206585e+03 
 1.14800000e+00  5.72481503e+03 
 1.14900000e+00  5.72755427e+03 
 1.15000000e+00  5.73028363e+03 
 1.15100000e+00  5.73300313e+03 
 1.15200000e+00  5.73571281e+03 
 1.15300000e+00  5.73841272e+03 
 1.15400000e+00  5.74110288e+03 
 1.15500000e+00  5.74378333e+03 
 1.15600000e+00  5.74645412e+03 
 1.15700000e+00  5.74911528e+03 
 1.15800000e+00  5.75176684e+03 
 1.15900000e+00  5.75440884e+03 
 1.16000000e+00  5.75704132e+03 
 1.16100000e+00  5.75966431e+03 
 1.16200000e+00  5.76227785e+03 
 1.16300000e+00  5.76488198e+03 
 1.16400000e+00  5.76747673e+03 
 1.16500000e+00  5.77006214e+03 
 1.16600000e+00  5.77263824e+03 
 1.16700000e+00  5.77520507e+03 
 1.16800000e+00  5.77776267e+03 
 1.16900000e+00  5.78031107e+03 
 1.17000000e+00  5.78285030e+03 
 1.17100000e+00  5.78538040e+03 
 1.17200000e+00  5.78790141e+03 
 1.17300000e+00  5.79041336e+03 
 1.17400000e+00  5.79291628e+03 
 1.17500000e+00  5.79541022e+03 
 1.17600000e+00  5.79789520e+03 
 1.17700000e+00  5.80037126e+03 
 1.17800000e+00  5.80283844e+03 
 1.17900000e+00  5.80529676e+03 
 1.18000000e+00  5.80774627e+03 
 1.18100000e+00  5.81018699e+03 
 1.18200000e+00  5.81261897e+03 
 1.18300000e+00  5.81504223e+03 
 1.18400000e+00  5.81745681e+03 
 1.18500000e+00  5.81986274e+03 
 1.18600000e+00  5.82226006e+03 
 1.18700000e+00  5.82464880e+03 
 1.18800000e+00  5.82702899e+03 
 1.18900000e+00  5.82940067e+03 
 1.19000000e+00  5.83176387e+03 
 1.19100000e+00  5.83411862e+03 
 1.19200000e+00  5.83646495e+03 
 1.19300000e+00  5.83880291e+03 
 1.19400000e+00  5.84113252e+03 
 1.19500000e+00  5.84345381e+03 
 1.19600000e+00  5.84576681e+03 
 1.19700000e+00  5.84807157e+03 
 1.19800000e+00  5.85036810e+03 
 1.19900000e+00  5.85265645e+03 
 1.20000000e+00  5.85493665e+03 
 1.20100000e+00  5.85720872e+03 
 1.20200000e+00  5.85947270e+03 
 1.20300000e+00  5.86172862e+03 
 1.20400000e+00  5.86397652e+03 
 1.20500000e+00  5.86621642e+03 
 1.20600000e+00  5.86844835e+03 
 1.20700000e+00  5.87067235e+03 
 1.20800000e+00  5.87288845e+03 
 1.20900000e+00  5.87509668e+03 
 1.21000000e+00  5.87729707e+03 
 1.21100000e+00  5.87948965e+03 
 1.21200000e+00  5.88167445e+03 
 1.21300000e+00  5.88385150e+03 
 1.21400000e+00  5.88602084e+03 
 1.21500000e+00  5.88818249e+03 
 1.21600000e+00  5.89033648e+03 
 1.21700000e+00  5.89248285e+03 
 1.21800000e+00  5.89462162e+03 
 1.21900000e+00  5.89675283e+03 
 1.22000000e+00  5.89887650e+03 
 1.22100000e+00  5.90099266e+03 
 1.22200000e+00  5.90310135e+03 
 1.22300000e+00  5.90520258e+03 
 1.22400000e+00  5.90729641e+03 
 1.22500000e+00  5.90938284e+03 
 1.22600000e+00  5.91146191e+03 
 1.22700000e+00  5.91353366e+03 
 1.22800000e+00  5.91559810e+03 
 1.22900000e+00  5.91765527e+03 
 1.23000000e+00  5.91970520e+03 
 1.23100000e+00  5.92174792e+03 
 1.23200000e+00  5.92378345e+03 
 1.23300000e+00  5.92581182e+03 
 1.23400000e+00  5.92783306e+03 
 1.23500000e+00  5.92984720e+03 
 1.23600000e+00  5.93185427e+03 
 1.23700000e+00  5.93385429e+03 
 1.23800000e+00  5.93584730e+03 
 1.23900000e+00  5.93783332e+03 
 1.24000000e+00  5.93981238e+03 
 1.24100000e+00  5.94178451e+03 
 1.24200000e+00  5.94374973e+03 
 1.24300000e+00  5.94570807e+03 
 1.24400000e+00  5.94765956e+03 
 1.24500000e+00  5.94960423e+03 
 1.24600000e+00  5.95154210e+03 
 1.24700000e+00  5.95347320e+03 
 1.24800000e+00  5.95539756e+03 
 1.24900000e+00  5.95731521e+03 
 1.25000000e+00  5.95922616e+03 
 1.25100000e+00  5.96113046e+03 
 1.25200000e+00  5.96302811e+03 
 1.25300000e+00  5.96491916e+03 
 1.25400000e+00  5.96680362e+03 
 1.25500000e+00  5.96868153e+03 
 1.25600000e+00  5.97055291e+03 
 1.25700000e+00  5.97241778e+03 
 1.25800000e+00  5.97427617e+03 
 1.25900000e+00  5.97612811e+03 
 1.26000000e+00  5.97797363e+03 
 1.26100000e+00  5.97981274e+03 
 1.26200000e+00  5.98164547e+03 
 1.26300000e+00  5.98347185e+03 
 1.26400000e+00  5.98529191e+03 
 1.26500000e+00  5.98710567e+03 
 1.26600000e+00  5.98891315e+03 
 1.26700000e+00  5.99071438e+03 
 1.26800000e+00  5.99250939e+03 
 1.26900000e+00  5.99429820e+03 
 1.27000000e+00  5.99608083e+03 
 1.27100000e+00  5.99785730e+03 
 1.27200000e+00  5.99962766e+03 
 1.27300000e+00  6.00139190e+03 
 1.27400000e+00  6.00315008e+03 
 1.27500000e+00  6.00490219e+03 
 1.27600000e+00  6.00664828e+03 
 1.27700000e+00  6.00838836e+03 
 1.27800000e+00  6.01012246e+03 
 1.27900000e+00  6.01185060e+03 
 1.28000000e+00  6.01357281e+03 
 1.28100000e+00  6.01528911e+03 
 1.28200000e+00  6.01699952e+03 
 1.28300000e+00  6.01870407e+03 
 1.28400000e+00  6.02040277e+03 
 1.28500000e+00  6.02209566e+03 
 1.28600000e+00  6.02378276e+03 
 1.28700000e+00  6.02546408e+03 
 1.28800000e+00  6.02713966e+03 
 1.28900000e+00  6.02880951e+03 
 1.29000000e+00  6.03047366e+03 
 1.29100000e+00  6.03213213e+03 
 1.29200000e+00  6.03378495e+03 
 1.29300000e+00  6.03543212e+03 
 1.29400000e+00  6.03707369e+03 
 1.29500000e+00  6.03870967e+03 
 1.29600000e+00  6.04034008e+03 
 1.29700000e+00  6.04196495e+03 
 1.29800000e+00  6.04358429e+03 
 1.29900000e+00  6.04519813e+03 
 1.30000000e+00  6.04680649e+03 
 1.30100000e+00  6.04840940e+03 
 1.30200000e+00  6.05000687e+03 
 1.30300000e+00  6.05159892e+03 
 1.30400000e+00  6.05318559e+03 
 1.30500000e+00  6.05476688e+03 
 1.30600000e+00  6.05634282e+03 
 1.30700000e+00  6.05791343e+03 
 1.30800000e+00  6.05947874e+03 
 1.30900000e+00  6.06103876e+03 
 1.31000000e+00  6.06259351e+03 
 1.31100000e+00  6.06414302e+03 
 1.31200000e+00  6.06568731e+03 
 1.31300000e+00  6.06722639e+03 
 1.31400000e+00  6.06876029e+03 
 1.31500000e+00  6.07028903e+03 
 1.31600000e+00  6.07181263e+03 
 1.31700000e+00  6.07333111e+03 
 1.31800000e+00  6.07484449e+03 
 1.31900000e+00  6.07635278e+03 
 1.32000000e+00  6.07785602e+03 
 1.32100000e+00  6.07935422e+03 
 1.32200000e+00  6.08084739e+03 
 1.32300000e+00  6.08233557e+03 
 1.32400000e+00  6.08381877e+03 
 1.32500000e+00  6.08529700e+03 
 1.32600000e+00  6.08677030e+03 
 1.32700000e+00  6.08823867e+03 
 1.32800000e+00  6.08970215e+03 
 1.32900000e+00  6.09116074e+03 
 1.33000000e+00  6.09261446e+03 
 1.33100000e+00  6.09406334e+03 
 1.33200000e+00  6.09550740e+03 
 1.33300000e+00  6.09694665e+03 
 1.33400000e+00  6.09838112e+03 
 1.33500000e+00  6.09981082e+03 
 1.33600000e+00  6.10123577e+03 
 1.33700000e+00  6.10265598e+03 
 1.33800000e+00  6.10407149e+03 
 1.33900000e+00  6.10548231e+03 
 1.34000000e+00  6.10688844e+03 
 1.34100000e+00  6.10828993e+03 
 1.34200000e+00  6.10968677e+03 
 1.34300000e+00  6.11107900e+03 
 1.34400000e+00  6.11246663e+03 
 1.34500000e+00  6.11384967e+03 
 1.34600000e+00  6.11522815e+03 
 1.34700000e+00  6.11660208e+03 
 1.34800000e+00  6.11797148e+03 
 1.34900000e+00  6.11933637e+03 
 1.35000000e+00  6.12069677e+03 
 1.35100000e+00  6.12205269e+03 
 1.35200000e+00  6.12340415e+03 
 1.35300000e+00  6.12475118e+03 
 1.35400000e+00  6.12609378e+03 
 1.35500000e+00  6.12743197e+03 
 1.35600000e+00  6.12876578e+03 
 1.35700000e+00  6.13009521e+03 
 1.35800000e+00  6.13142029e+03 
 1.35900000e+00  6.13274104e+03 
 1.36000000e+00  6.13405746e+03 
 1.36100000e+00  6.13536958e+03 
 1.36200000e+00  6.13667741e+03 
 1.36300000e+00  6.13798098e+03 
 1.36400000e+00  6.13928029e+03 
 1.36500000e+00  6.14057537e+03 
 1.36600000e+00  6.14186623e+03 
 1.36700000e+00  6.14315288e+03 
 1.36800000e+00  6.14443535e+03 
 1.36900000e+00  6.14571365e+03 
 1.37000000e+00  6.14698779e+03 
 1.37100000e+00  6.14825780e+03 
 1.37200000e+00  6.14952369e+03 
 1.37300000e+00  6.15078547e+03 
 1.37400000e+00  6.15204316e+03 
 1.37500000e+00  6.15329678e+03 
 1.37600000e+00  6.15454634e+03 
 1.37700000e+00  6.15579186e+03 
 1.37800000e+00  6.15703336e+03 
 1.37900000e+00  6.15827084e+03 
 1.38000000e+00  6.15950433e+03 
 1.38100000e+00  6.16073384e+03 
 1.38200000e+00  6.16195939e+03 
 1.38300000e+00  6.16318099e+03 
 1.38400000e+00  6.16439866e+03 
 1.38500000e+00  6.16561241e+03 
 1.38600000e+00  6.16682226e+03 
 1.38700000e+00  6.16802822e+03 
 1.38800000e+00  6.16923031e+03 
 1.38900000e+00  6.17042855e+03 
 1.39000000e+00  6.17162294e+03 
 1.39100000e+00  6.17281350e+03 
 1.39200000e+00  6.17400026e+03 
 1.39300000e+00  6.17518322e+03 
 1.39400000e+00  6.17636239e+03 
 1.39500000e+00  6.17753780e+03 
 1.39600000e+00  6.17870945e+03 
 1.39700000e+00  6.17987737e+03 
 1.39800000e+00  6.18104156e+03 
 1.39900000e+00  6.18220204e+03 
 1.40000000e+00  6.18335882e+03 
 1.40100000e+00  6.18451193e+03 
 1.40200000e+00  6.18566137e+03 
 1.40300000e+00  6.18680715e+03 
 1.40400000e+00  6.18794930e+03 
 1.40500000e+00  6.18908782e+03 
 1.40600000e+00  6.19022273e+03 
 1.40700000e+00  6.19135405e+03 
 1.40800000e+00  6.19248178e+03 
 1.40900000e+00  6.19360595e+03 
 1.41000000e+00  6.19472655e+03 
 1.41100000e+00  6.19584362e+03 
 1.41200000e+00  6.19695716e+03 
 1.41300000e+00  6.19806718e+03 
 1.41400000e+00  6.19917371e+03 
 1.41500000e+00  6.20027675e+03 
 1.41600000e+00  6.20137631e+03 
 1.41700000e+00  6.20247241e+03 
 1.41800000e+00  6.20356507e+03 
 1.41900000e+00  6.20465429e+03 
 1.42000000e+00  6.20574009e+03 
 1.42100000e+00  6.20682248e+03 
 1.42200000e+00  6.20790148e+03 
 1.42300000e+00  6.20897709e+03 
 1.42400000e+00  6.21004934e+03 
 1.42500000e+00  6.21111823e+03 
 1.42600000e+00  6.21218378e+03 
 1.42700000e+00  6.21324600e+03 
 1.42800000e+00  6.21430490e+03 
 1.42900000e+00  6.21536049e+03 
 1.43000000e+00  6.21641280e+03 
 1.43100000e+00  6.21746182e+03 
 1.43200000e+00  6.21850758e+03 
 1.43300000e+00  6.21955008e+03 
 1.43400000e+00  6.22058934e+03 
 1.43500000e+00  6.22162537e+03 
 1.43600000e+00  6.22265818e+03 
 1.43700000e+00  6.22368779e+03 
 1.43800000e+00  6.22471420e+03 
 1.43900000e+00  6.22573743e+03 
 1.44000000e+00  6.22675750e+03 
 1.44100000e+00  6.22777440e+03 
 1.44200000e+00  6.22878816e+03 
 1.44300000e+00  6.22979879e+03 
 1.44400000e+00  6.23080630e+03 
 1.44500000e+00  6.23181070e+03 
 1.44600000e+00  6.23281200e+03 
 1.44700000e+00  6.23381021e+03 
 1.44800000e+00  6.23480535e+03 
 1.44900000e+00  6.23579743e+03 
 1.45000000e+00  6.23678646e+03 
 1.45100000e+00  6.23777245e+03 
 1.45200000e+00  6.23875541e+03 
 1.45300000e+00  6.23973535e+03 
 1.45400000e+00  6.24071229e+03 
 1.45500000e+00  6.24168623e+03 
 1.45600000e+00  6.24265720e+03 
 1.45700000e+00  6.24362519e+03 
 1.45800000e+00  6.24459022e+03 
 1.45900000e+00  6.24555230e+03 
 1.46000000e+00  6.24651145e+03 
 1.46100000e+00  6.24746767e+03 
 1.46200000e+00  6.24842097e+03 
 1.46300000e+00  6.24937137e+03 
 1.46400000e+00  6.25031887e+03 
 1.46500000e+00  6.25126349e+03 
 1.46600000e+00  6.25220524e+03 
 1.46700000e+00  6.25314413e+03 
 1.46800000e+00  6.25408017e+03 
 1.46900000e+00  6.25501337e+03 
 1.47000000e+00  6.25594373e+03 
 1.47100000e+00  6.25687128e+03 
 1.47200000e+00  6.25779603e+03 
 1.47300000e+00  6.25871797e+03 
 1.47400000e+00  6.25963713e+03 
 1.47500000e+00  6.26055351e+03 
 1.47600000e+00  6.26146712e+03 
 1.47700000e+00  6.26237798e+03 
 1.47800000e+00  6.26328609e+03 
 1.47900000e+00  6.26419146e+03 
 1.48000000e+00  6.26509411e+03 
 1.48100000e+00  6.26599405e+03 
 1.48200000e+00  6.26689128e+03 
 1.48300000e+00  6.26778582e+03 
 1.48400000e+00  6.26867767e+03 
 1.48500000e+00  6.26956684e+03 
 1.48600000e+00  6.27045335e+03 
 1.48700000e+00  6.27133721e+03 
 1.48800000e+00  6.27221842e+03 
 1.48900000e+00  6.27309699e+03 
 1.49000000e+00  6.27397294e+03 
 1.49100000e+00  6.27484627e+03 
 1.49200000e+00  6.27571700e+03 
 1.49300000e+00  6.27658513e+03 
 1.49400000e+00  6.27745067e+03 
 1.49500000e+00  6.27831363e+03 
 1.49600000e+00  6.27917403e+03 
 1.49700000e+00  6.28003187e+03 
 1.49800000e+00  6.28088716e+03 
 1.49900000e+00  6.28173991e+03 
 1.50000000e+00  6.28259012e+03 
 1.50100000e+00  6.28343782e+03 
 1.50200000e+00  6.28428301e+03 
 1.50300000e+00  6.28512569e+03 
 1.50400000e+00  6.28596588e+03 
 1.50500000e+00  6.28680359e+03 
 1.50600000e+00  6.28763882e+03 
 1.50700000e+00  6.28847159e+03 
 1.50800000e+00  6.28930190e+03 
 1.50900000e+00  6.29012976e+03 
 1.51000000e+00  6.29095518e+03 
 1.51100000e+00  6.29177817e+03 
 1.51200000e+00  6.29259874e+03 
 1.51300000e+00  6.29341690e+03 
 1.51400000e+00  6.29423266e+03 
 1.51500000e+00  6.29504602e+03 
 1.51600000e+00  6.29585699e+03 
 1.51700000e+00  6.29666559e+03 
 1.51800000e+00  6.29747182e+03 
 1.51900000e+00  6.29827569e+03 
 1.52000000e+00  6.29907721e+03 
 1.52100000e+00  6.29987639e+03 
 1.52200000e+00  6.30067323e+03 
 1.52300000e+00  6.30146775e+03 
 1.52400000e+00  6.30225995e+03 
 1.52500000e+00  6.30304984e+03 
 1.52600000e+00  6.30383743e+03 
 1.52700000e+00  6.30462273e+03 
 1.52800000e+00  6.30540575e+03 
 1.52900000e+00  6.30618649e+03 
 1.53000000e+00  6.30696496e+03 
 1.53100000e+00  6.30774117e+03 
 1.53200000e+00  6.30851514e+03 
 1.53300000e+00  6.30928686e+03 
 1.53400000e+00  6.31005635e+03 
 1.53500000e+00  6.31082361e+03 
 1.53600000e+00  6.31158865e+03 
 1.53700000e+00  6.31235148e+03 
 1.53800000e+00  6.31311211e+03 
 1.53900000e+00  6.31387055e+03 
 1.54000000e+00  6.31462680e+03 
 1.54100000e+00  6.31538087e+03 
 1.54200000e+00  6.31613277e+03 
 1.54300000e+00  6.31688251e+03 
 1.54400000e+00  6.31763009e+03 
 1.54500000e+00  6.31837553e+03 
 1.54600000e+00  6.31911882e+03 
 1.54700000e+00  6.31985999e+03 
 1.54800000e+00  6.32059903e+03 
 1.54900000e+00  6.32133595e+03 
 1.55000000e+00  6.32207076e+03 
 1.55100000e+00  6.32280348e+03 
 1.55200000e+00  6.32353409e+03 
 1.55300000e+00  6.32426263e+03 
 1.55400000e+00  6.32498908e+03 
 1.55500000e+00  6.32571346e+03 
 1.55600000e+00  6.32643578e+03 
 1.55700000e+00  6.32715604e+03 
 1.55800000e+00  6.32787425e+03 
 1.55900000e+00  6.32859042e+03 
 1.56000000e+00  6.32930455e+03 
 1.56100000e+00  6.33001666e+03 
 1.56200000e+00  6.33072675e+03 
 1.56300000e+00  6.33143482e+03 
 1.56400000e+00  6.33214089e+03 
 1.56500000e+00  6.33284496e+03 
 1.56600000e+00  6.33354703e+03 
 1.56700000e+00  6.33424712e+03 
 1.56800000e+00  6.33494524e+03 
 1.56900000e+00  6.33564138e+03 
 1.57000000e+00  6.33633556e+03 
 1.57100000e+00  6.33702778e+03 
 1.57200000e+00  6.33771806e+03 
 1.57300000e+00  6.33840639e+03 
 1.57400000e+00  6.33909278e+03 
 1.57500000e+00  6.33977725e+03 
 1.57600000e+00  6.34045979e+03 
 1.57700000e+00  6.34114041e+03 
 1.57800000e+00  6.34181913e+03 
 1.57900000e+00  6.34249595e+03 
 1.58000000e+00  6.34317087e+03 
 1.58100000e+00  6.34384390e+03 
 1.58200000e+00  6.34451505e+03 
 1.58300000e+00  6.34518433e+03 
 1.58400000e+00  6.34585173e+03 
 1.58500000e+00  6.34651728e+03 
 1.58600000e+00  6.34718096e+03 
 1.58700000e+00  6.34784280e+03 
 1.58800000e+00  6.34850280e+03 
 1.58900000e+00  6.34916096e+03 
 1.59000000e+00  6.34981729e+03 
 1.59100000e+00  6.35047179e+03 
 1.59200000e+00  6.35112448e+03 
 1.59300000e+00  6.35177536e+03 
 1.59400000e+00  6.35242443e+03 
 1.59500000e+00  6.35307171e+03 
 1.59600000e+00  6.35371719e+03 
 1.59700000e+00  6.35436089e+03 
 1.59800000e+00  6.35500281e+03 
 1.59900000e+00  6.35564295e+03 
 1.60000000e+00  6.35628133e+03 
 1.60100000e+00  6.35691795e+03 
 1.60200000e+00  6.35755281e+03 
 1.60300000e+00  6.35818593e+03 
 1.60400000e+00  6.35881730e+03 
 1.60500000e+00  6.35944694e+03 
 1.60600000e+00  6.36007484e+03 
 1.60700000e+00  6.36070102e+03 
 1.60800000e+00  6.36132549e+03 
 1.60900000e+00  6.36194824e+03 
 1.61000000e+00  6.36256928e+03 
 1.61100000e+00  6.36318862e+03 
 1.61200000e+00  6.36380627e+03 
 1.61300000e+00  6.36442223e+03 
 1.61400000e+00  6.36503650e+03 
 1.61500000e+00  6.36564910e+03 
 1.61600000e+00  6.36626003e+03 
 1.61700000e+00  6.36686929e+03 
 1.61800000e+00  6.36747689e+03 
 1.61900000e+00  6.36808284e+03 
 1.62000000e+00  6.36868713e+03 
 1.62100000e+00  6.36928979e+03 
 1.62200000e+00  6.36989081e+03 
 1.62300000e+00  6.37049019e+03 
 1.62400000e+00  6.37108795e+03 
 1.62500000e+00  6.37168409e+03 
 1.62600000e+00  6.37227862e+03 
 1.62700000e+00  6.37287153e+03 
 1.62800000e+00  6.37346284e+03 
 1.62900000e+00  6.37405256e+03 
 1.63000000e+00  6.37464068e+03 
 1.63100000e+00  6.37522721e+03 
 1.63200000e+00  6.37581216e+03 
 1.63300000e+00  6.37639553e+03 
 1.63400000e+00  6.37697733e+03 
 1.63500000e+00  6.37755757e+03 
 1.63600000e+00  6.37813625e+03 
 1.63700000e+00  6.37871337e+03 
 1.63800000e+00  6.37928894e+03 
 1.63900000e+00  6.37986296e+03 
 1.64000000e+00  6.38043545e+03 
 1.64100000e+00  6.38100640e+03 
 1.64200000e+00  6.38157582e+03 
 1.64300000e+00  6.38214372e+03 
 1.64400000e+00  6.38271010e+03 
 1.64500000e+00  6.38327497e+03 
 1.64600000e+00  6.38383833e+03 
 1.64700000e+00  6.38440018e+03 
 1.64800000e+00  6.38496054e+03 
 1.64900000e+00  6.38551940e+03 
 1.65000000e+00  6.38607678e+03 
 1.65100000e+00  6.38663267e+03 
 1.65200000e+00  6.38718708e+03 
 1.65300000e+00  6.38774003e+03 
 1.65400000e+00  6.38829150e+03 
 1.65500000e+00  6.38884151e+03 
 1.65600000e+00  6.38939006e+03 
 1.65700000e+00  6.38993716e+03 
 1.65800000e+00  6.39048281e+03 
 1.65900000e+00  6.39102701e+03 
 1.66000000e+00  6.39156978e+03 
 1.66100000e+00  6.39211111e+03 
 1.66200000e+00  6.39265102e+03 
 1.66300000e+00  6.39318950e+03 
 1.66400000e+00  6.39372656e+03 
 1.66500000e+00  6.39426220e+03 
 1.66600000e+00  6.39479644e+03 
 1.66700000e+00  6.39532927e+03 
 1.66800000e+00  6.39586070e+03 
 1.66900000e+00  6.39639073e+03 
 1.67000000e+00  6.39691937e+03 
 1.67100000e+00  6.39744663e+03 
 1.67200000e+00  6.39797250e+03 
 1.67300000e+00  6.39849700e+03 
 1.67400000e+00  6.39902012e+03 
 1.67500000e+00  6.39954187e+03 
 1.67600000e+00  6.40006226e+03 
 1.67700000e+00  6.40058129e+03 
 1.67800000e+00  6.40109897e+03 
 1.67900000e+00  6.40161530e+03 
 1.68000000e+00  6.40213028e+03 
 1.68100000e+00  6.40264392e+03 
 1.68200000e+00  6.40315622e+03 
 1.68300000e+00  6.40366719e+03 
 1.68400000e+00  6.40417683e+03 
 1.68500000e+00  6.40468515e+03 
 1.68600000e+00  6.40519215e+03 
 1.68700000e+00  6.40569783e+03 
 1.68800000e+00  6.40620221e+03 
 1.68900000e+00  6.40670527e+03 
 1.69000000e+00  6.40720704e+03 
 1.69100000e+00  6.40770751e+03 
 1.69200000e+00  6.40820668e+03 
 1.69300000e+00  6.40870457e+03 
 1.69400000e+00  6.40920117e+03 
 1.69500000e+00  6.40969649e+03 
 1.69600000e+00  6.41019053e+03 
 1.69700000e+00  6.41068330e+03 
 1.69800000e+00  6.41117480e+03 
 1.69900000e+00  6.41166504e+03 
 1.70000000e+00  6.41215402e+03 
 1.70100000e+00  6.41264174e+03 
 1.70200000e+00  6.41312822e+03 
 1.70300000e+00  6.41361344e+03 
 1.70400000e+00  6.41409742e+03 
 1.70500000e+00  6.41458016e+03 
 1.70600000e+00  6.41506167e+03 
 1.70700000e+00  6.41554194e+03 
 1.70800000e+00  6.41602099e+03 
 1.70900000e+00  6.41649882e+03 
 1.71000000e+00  6.41697542e+03 
 1.71100000e+00  6.41745081e+03 
 1.71200000e+00  6.41792499e+03 
 1.71300000e+00  6.41839796e+03 
 1.71400000e+00  6.41886973e+03 
 1.71500000e+00  6.41934030e+03 
 1.71600000e+00  6.41980967e+03 
 1.71700000e+00  6.42027785e+03 
 1.71800000e+00  6.42074484e+03 
 1.71900000e+00  6.42121065e+03 
 1.72000000e+00  6.42167528e+03 
 1.72100000e+00  6.42213873e+03 
 1.72200000e+00  6.42260101e+03 
 1.72300000e+00  6.42306212e+03 
 1.72400000e+00  6.42352207e+03 
 1.72500000e+00  6.42398085e+03 
 1.72600000e+00  6.42443848e+03 
 1.72700000e+00  6.42489495e+03 
 1.72800000e+00  6.42535027e+03 
 1.72900000e+00  6.42580445e+03 
 1.73000000e+00  6.42625748e+03 
 1.73100000e+00  6.42670937e+03 
 1.73200000e+00  6.42716013e+03 
 1.73300000e+00  6.42760976e+03 
 1.73400000e+00  6.42805826e+03 
 1.73500000e+00  6.42850563e+03 
 1.73600000e+00  6.42895188e+03 
 1.73700000e+00  6.42939702e+03 
 1.73800000e+00  6.42984104e+03 
 1.73900000e+00  6.43028395e+03 
 1.74000000e+00  6.43072576e+03 
 1.74100000e+00  6.43116646e+03 
 1.74200000e+00  6.43160606e+03 
 1.74300000e+00  6.43204457e+03 
 1.74400000e+00  6.43248198e+03 
 1.74500000e+00  6.43291830e+03 
 1.74600000e+00  6.43335354e+03 
 1.74700000e+00  6.43378770e+03 
 1.74800000e+00  6.43422077e+03 
 1.74900000e+00  6.43465278e+03 
 1.75000000e+00  6.43508371e+03 
 1.75100000e+00  6.43551357e+03 
 1.75200000e+00  6.43594236e+03 
 1.75300000e+00  6.43637010e+03 
 1.75400000e+00  6.43679678e+03 
 1.75500000e+00  6.43722240e+03 
 1.75600000e+00  6.43764697e+03 
 1.75700000e+00  6.43807049e+03 
 1.75800000e+00  6.43849296e+03 
 1.75900000e+00  6.43891440e+03 
 1.76000000e+00  6.43933479e+03 
 1.76100000e+00  6.43975415e+03 
 1.76200000e+00  6.44017248e+03 
 1.76300000e+00  6.44058978e+03 
 1.76400000e+00  6.44100606e+03 
 1.76500000e+00  6.44142131e+03 
 1.76600000e+00  6.44183554e+03 
 1.76700000e+00  6.44224876e+03 
 1.76800000e+00  6.44266096e+03 
 1.76900000e+00  6.44307216e+03 
 1.77000000e+00  6.44348235e+03 
 1.77100000e+00  6.44389153e+03 
 1.77200000e+00  6.44429972e+03 
 1.77300000e+00  6.44470691e+03 
 1.77400000e+00  6.44511310e+03 
 1.77500000e+00  6.44551831e+03 
 1.77600000e+00  6.44592252e+03 
 1.77700000e+00  6.44632575e+03 
 1.77800000e+00  6.44672801e+03 
 1.77900000e+00  6.44712928e+03 
 1.78000000e+00  6.44752958e+03 
 1.78100000e+00  6.44792890e+03 
 1.78200000e+00  6.44832726e+03 
 1.78300000e+00  6.44872465e+03 
 1.78400000e+00  6.44912107e+03 
 1.78500000e+00  6.44951654e+03 
 1.78600000e+00  6.44991105e+03 
 1.78700000e+00  6.45030460e+03 
 1.78800000e+00  6.45069721e+03 
 1.78900000e+00  6.45108886e+03 
 1.79000000e+00  6.45147957e+03 
 1.79100000e+00  6.45186934e+03 
 1.79200000e+00  6.45225817e+03 
 1.79300000e+00  6.45264606e+03 
 1.79400000e+00  6.45303301e+03 
 1.79500000e+00  6.45341904e+03 
 1.79600000e+00  6.45380414e+03 
 1.79700000e+00  6.45418831e+03 
 1.79800000e+00  6.45457156e+03 
 1.79900000e+00  6.45495390e+03 
 1.80000000e+00  6.45533531e+03 
