 0.00000000e+00  5.10481040e+02 
 1.00000000e-03  5.11125998e+02 
 2.00000000e-03  5.11772869e+02 
 3.00000000e-03  5.12421651e+02 
 4.00000000e-03  5.13072342e+02 
 5.00000000e-03  5.13724942e+02 
 6.00000000e-03  5.14379448e+02 
 7.00000000e-03  5.15035861e+02 
 8.00000000e-03  5.15694180e+02 
 9.00000000e-03  5.16354404e+02 
 1.00000000e-02  5.17016535e+02 
 1.10000000e-02  5.17680571e+02 
 1.20000000e-02  5.18346513e+02 
 1.30000000e-02  5.19014361e+02 
 1.40000000e-02  5.19684118e+02 
 1.50000000e-02  5.20355782e+02 
 1.60000000e-02  5.21029357e+02 
 1.70000000e-02  5.21704842e+02 
 1.80000000e-02  5.22382239e+02 
 1.90000000e-02  5.23061550e+02 
 2.00000000e-02  5.23742777e+02 
 2.10000000e-02  5.24425922e+02 
 2.20000000e-02  5.25110986e+02 
 2.30000000e-02  5.25797972e+02 
 2.40000000e-02  5.26486883e+02 
 2.50000000e-02  5.27177720e+02 
 2.60000000e-02  5.27870487e+02 
 2.70000000e-02  5.28565186e+02 
 2.80000000e-02  5.29261820e+02 
 2.90000000e-02  5.29960393e+02 
 3.00000000e-02  5.30660907e+02 
 3.10000000e-02  5.31363365e+02 
 3.20000000e-02  5.32067771e+02 
 3.30000000e-02  5.32774129e+02 
 3.40000000e-02  5.33482442e+02 
 3.50000000e-02  5.34192713e+02 
 3.60000000e-02  5.34904947e+02 
 3.70000000e-02  5.35619148e+02 
 3.80000000e-02  5.36335319e+02 
 3.90000000e-02  5.37053465e+02 
 4.00000000e-02  5.37773590e+02 
 4.10000000e-02  5.38495697e+02 
 4.20000000e-02  5.39219793e+02 
 4.30000000e-02  5.39945880e+02 
 4.40000000e-02  5.40673964e+02 
 4.50000000e-02  5.41404050e+02 
 4.60000000e-02  5.42136141e+02 
 4.70000000e-02  5.42870243e+02 
 4.80000000e-02  5.43606362e+02 
 4.90000000e-02  5.44344501e+02 
 5.00000000e-02  5.45084666e+02 
 5.10000000e-02  5.45826862e+02 
 5.20000000e-02  5.46571094e+02 
 5.30000000e-02  5.47317368e+02 
 5.40000000e-02  5.48065690e+02 
 5.50000000e-02  5.48816063e+02 
 5.60000000e-02  5.49568495e+02 
 5.70000000e-02  5.50322991e+02 
 5.80000000e-02  5.51079556e+02 
 5.90000000e-02  5.51838197e+02 
 6.00000000e-02  5.52598919e+02 
 6.10000000e-02  5.53361727e+02 
 6.20000000e-02  5.54126629e+02 
 6.30000000e-02  5.54893630e+02 
 6.40000000e-02  5.55662735e+02 
 6.50000000e-02  5.56433953e+02 
 6.60000000e-02  5.57207288e+02 
 6.70000000e-02  5.57982746e+02 
 6.80000000e-02  5.58760336e+02 
 6.90000000e-02  5.59540062e+02 
 7.00000000e-02  5.60321931e+02 
 7.10000000e-02  5.61105950e+02 
 7.20000000e-02  5.61892126e+02 
 7.30000000e-02  5.62680465e+02 
 7.40000000e-02  5.63470974e+02 
 7.50000000e-02  5.64263660e+02 
 7.60000000e-02  5.65058530e+02 
 7.70000000e-02  5.65855591e+02 
 7.80000000e-02  5.66654849e+02 
 7.90000000e-02  5.67456312e+02 
 8.00000000e-02  5.68259988e+02 
 8.10000000e-02  5.69065882e+02 
 8.20000000e-02  5.69874003e+02 
 8.30000000e-02  5.70684358e+02 
 8.40000000e-02  5.71496954e+02 
 8.50000000e-02  5.72311798e+02 
 8.60000000e-02  5.73128899e+02 
 8.70000000e-02  5.73948264e+02 
 8.80000000e-02  5.74769899e+02 
 8.90000000e-02  5.75593814e+02 
 9.00000000e-02  5.76420016e+02 
 9.10000000e-02  5.77248512e+02 
 9.20000000e-02  5.78079310e+02 
 9.30000000e-02  5.78912419e+02 
 9.40000000e-02  5.79747846e+02 
 9.50000000e-02  5.80585600e+02 
 9.60000000e-02  5.81425688e+02 
 9.70000000e-02  5.82268118e+02 
 9.80000000e-02  5.83112900e+02 
 9.90000000e-02  5.83960040e+02 
 1.00000000e-01  5.84809548e+02 
 1.01000000e-01  5.85661431e+02 
 1.02000000e-01  5.86515699e+02 
 1.03000000e-01  5.87372359e+02 
 1.04000000e-01  5.88231420e+02 
 1.05000000e-01  5.89092892e+02 
 1.06000000e-01  5.89956781e+02 
 1.07000000e-01  5.90823098e+02 
 1.08000000e-01  5.91691851e+02 
 1.09000000e-01  5.92563049e+02 
 1.10000000e-01  5.93436701e+02 
 1.11000000e-01  5.94312815e+02 
 1.12000000e-01  5.95191401e+02 
 1.13000000e-01  5.96072467e+02 
 1.14000000e-01  5.96956024e+02 
 1.15000000e-01  5.97842079e+02 
 1.16000000e-01  5.98730643e+02 
 1.17000000e-01  5.99621725e+02 
 1.18000000e-01  6.00515333e+02 
 1.19000000e-01  6.01411478e+02 
 1.20000000e-01  6.02310169e+02 
 1.21000000e-01  6.03211415e+02 
 1.22000000e-01  6.04115226e+02 
 1.23000000e-01  6.05021612e+02 
 1.24000000e-01  6.05930582e+02 
 1.25000000e-01  6.06842146e+02 
 1.26000000e-01  6.07756314e+02 
 1.27000000e-01  6.08673096e+02 
 1.28000000e-01  6.09592502e+02 
 1.29000000e-01  6.10514541e+02 
 1.30000000e-01  6.11439225e+02 
 1.31000000e-01  6.12366562e+02 
 1.32000000e-01  6.13296564e+02 
 1.33000000e-01  6.14229240e+02 
 1.34000000e-01  6.15164601e+02 
 1.35000000e-01  6.16102656e+02 
 1.36000000e-01  6.17043418e+02 
 1.37000000e-01  6.17986895e+02 
 1.38000000e-01  6.18933099e+02 
 1.39000000e-01  6.19882040e+02 
 1.40000000e-01  6.20833729e+02 
 1.41000000e-01  6.21788176e+02 
 1.42000000e-01  6.22745393e+02 
 1.43000000e-01  6.23705390e+02 
 1.44000000e-01  6.24668178e+02 
 1.45000000e-01  6.25633768e+02 
 1.46000000e-01  6.26602172e+02 
 1.47000000e-01  6.27573400e+02 
 1.48000000e-01  6.28547463e+02 
 1.49000000e-01  6.29524373e+02 
 1.50000000e-01  6.30504141e+02 
 1.51000000e-01  6.31486778e+02 
 1.52000000e-01  6.32472296e+02 
 1.53000000e-01  6.33460706e+02 
 1.54000000e-01  6.34452021e+02 
 1.55000000e-01  6.35446250e+02 
 1.56000000e-01  6.36443407e+02 
 1.57000000e-01  6.37443503e+02 
 1.58000000e-01  6.38446549e+02 
 1.59000000e-01  6.39452558e+02 
 1.60000000e-01  6.40461542e+02 
 1.61000000e-01  6.41473512e+02 
 1.62000000e-01  6.42488481e+02 
 1.63000000e-01  6.43506461e+02 
 1.64000000e-01  6.44527464e+02 
 1.65000000e-01  6.45551502e+02 
 1.66000000e-01  6.46578587e+02 
 1.67000000e-01  6.47608733e+02 
 1.68000000e-01  6.48641952e+02 
 1.69000000e-01  6.49678255e+02 
 1.70000000e-01  6.50717657e+02 
 1.71000000e-01  6.51760169e+02 
 1.72000000e-01  6.52805804e+02 
 1.73000000e-01  6.53854575e+02 
 1.74000000e-01  6.54906496e+02 
 1.75000000e-01  6.55961578e+02 
 1.76000000e-01  6.57019835e+02 
 1.77000000e-01  6.58081281e+02 
 1.78000000e-01  6.59145928e+02 
 1.79000000e-01  6.60213789e+02 
 1.80000000e-01  6.61284879e+02 
 1.81000000e-01  6.62359210e+02 
 1.82000000e-01  6.63436795e+02 
 1.83000000e-01  6.64517650e+02 
 1.84000000e-01  6.65601786e+02 
 1.85000000e-01  6.66689218e+02 
 1.86000000e-01  6.67779960e+02 
 1.87000000e-01  6.68874025e+02 
 1.88000000e-01  6.69971427e+02 
 1.89000000e-01  6.71072181e+02 
 1.90000000e-01  6.72176300e+02 
 1.91000000e-01  6.73283799e+02 
 1.92000000e-01  6.74394692e+02 
 1.93000000e-01  6.75508993e+02 
 1.94000000e-01  6.76626716e+02 
 1.95000000e-01  6.77747876e+02 
 1.96000000e-01  6.78872488e+02 
 1.97000000e-01  6.80000566e+02 
 1.98000000e-01  6.81132126e+02 
 1.99000000e-01  6.82267180e+02 
 2.00000000e-01  6.83405746e+02 
 2.01000000e-01  6.84547836e+02 
 2.02000000e-01  6.85693468e+02 
 2.03000000e-01  6.86842654e+02 
 2.04000000e-01  6.87995412e+02 
 2.05000000e-01  6.89151756e+02 
 2.06000000e-01  6.90311701e+02 
 2.07000000e-01  6.91475263e+02 
 2.08000000e-01  6.92642457e+02 
 2.09000000e-01  6.93813299e+02 
 2.10000000e-01  6.94987805e+02 
 2.11000000e-01  6.96165990e+02 
 2.12000000e-01  6.97347871e+02 
 2.13000000e-01  6.98533462e+02 
 2.14000000e-01  6.99722781e+02 
 2.15000000e-01  7.00915843e+02 
 2.16000000e-01  7.02112664e+02 
 2.17000000e-01  7.03313262e+02 
 2.18000000e-01  7.04517651e+02 
 2.19000000e-01  7.05725849e+02 
 2.20000000e-01  7.06937872e+02 
 2.21000000e-01  7.08153737e+02 
 2.22000000e-01  7.09373460e+02 
 2.23000000e-01  7.10597058e+02 
 2.24000000e-01  7.11824548e+02 
 2.25000000e-01  7.13055948e+02 
 2.26000000e-01  7.14291273e+02 
 2.27000000e-01  7.15530542e+02 
 2.28000000e-01  7.16773772e+02 
 2.29000000e-01  7.18020979e+02 
 2.30000000e-01  7.19272182e+02 
 2.31000000e-01  7.20527397e+02 
 2.32000000e-01  7.21786643e+02 
 2.33000000e-01  7.23049938e+02 
 2.34000000e-01  7.24317298e+02 
 2.35000000e-01  7.25588742e+02 
 2.36000000e-01  7.26864288e+02 
 2.37000000e-01  7.28143954e+02 
 2.38000000e-01  7.29427758e+02 
 2.39000000e-01  7.30715718e+02 
 2.40000000e-01  7.32007854e+02 
 2.41000000e-01  7.33304182e+02 
 2.42000000e-01  7.34604722e+02 
 2.43000000e-01  7.35909493e+02 
 2.44000000e-01  7.37218513e+02 
 2.45000000e-01  7.38531802e+02 
 2.46000000e-01  7.39849377e+02 
 2.47000000e-01  7.41171258e+02 
 2.48000000e-01  7.42497465e+02 
 2.49000000e-01  7.43828016e+02 
 2.50000000e-01  7.45162931e+02 
 2.51000000e-01  7.46502230e+02 
 2.52000000e-01  7.47845931e+02 
 2.53000000e-01  7.49194055e+02 
 2.54000000e-01  7.50546621e+02 
 2.55000000e-01  7.51903650e+02 
 2.56000000e-01  7.53265161e+02 
 2.57000000e-01  7.54631174e+02 
 2.58000000e-01  7.56001709e+02 
 2.59000000e-01  7.57376787e+02 
 2.60000000e-01  7.58756428e+02 
 2.61000000e-01  7.60140653e+02 
 2.62000000e-01  7.61529482e+02 
 2.63000000e-01  7.62922936e+02 
 2.64000000e-01  7.64321036e+02 
 2.65000000e-01  7.65723802e+02 
 2.66000000e-01  7.67131256e+02 
 2.67000000e-01  7.68543419e+02 
 2.68000000e-01  7.69960311e+02 
 2.69000000e-01  7.71381955e+02 
 2.70000000e-01  7.72808372e+02 
 2.71000000e-01  7.74239584e+02 
 2.72000000e-01  7.75675611e+02 
 2.73000000e-01  7.77116476e+02 
 2.74000000e-01  7.78562202e+02 
 2.75000000e-01  7.80012809e+02 
 2.76000000e-01  7.81468319e+02 
 2.77000000e-01  7.82928756e+02 
 2.78000000e-01  7.84394142e+02 
 2.79000000e-01  7.85864499e+02 
 2.80000000e-01  7.87339849e+02 
 2.81000000e-01  7.88820215e+02 
 2.82000000e-01  7.90305621e+02 
 2.83000000e-01  7.91796089e+02 
 2.84000000e-01  7.93291641e+02 
 2.85000000e-01  7.94792302e+02 
 2.86000000e-01  7.96298094e+02 
 2.87000000e-01  7.97809042e+02 
 2.88000000e-01  7.99325167e+02 
 2.89000000e-01  8.00846495e+02 
 2.90000000e-01  8.02373048e+02 
 2.91000000e-01  8.03904851e+02 
 2.92000000e-01  8.05441928e+02 
 2.93000000e-01  8.06984302e+02 
 2.94000000e-01  8.08531999e+02 
 2.95000000e-01  8.10085041e+02 
 2.96000000e-01  8.11643455e+02 
 2.97000000e-01  8.13207263e+02 
 2.98000000e-01  8.14776492e+02 
 2.99000000e-01  8.16351165e+02 
 3.00000000e-01  8.17931309e+02 
 3.01000000e-01  8.19516947e+02 
 3.02000000e-01  8.21108105e+02 
 3.03000000e-01  8.22704809e+02 
 3.04000000e-01  8.24307084e+02 
 3.05000000e-01  8.25914955e+02 
 3.06000000e-01  8.27528448e+02 
 3.07000000e-01  8.29147589e+02 
 3.08000000e-01  8.30772404e+02 
 3.09000000e-01  8.32402919e+02 
 3.10000000e-01  8.34039160e+02 
 3.11000000e-01  8.35681154e+02 
 3.12000000e-01  8.37328926e+02 
 3.13000000e-01  8.38982504e+02 
 3.14000000e-01  8.40641914e+02 
 3.15000000e-01  8.42307184e+02 
 3.16000000e-01  8.43978339e+02 
 3.17000000e-01  8.45655407e+02 
 3.18000000e-01  8.47338416e+02 
 3.19000000e-01  8.49027393e+02 
 3.20000000e-01  8.50722364e+02 
 3.21000000e-01  8.52423358e+02 
 3.22000000e-01  8.54130403e+02 
 3.23000000e-01  8.55843527e+02 
 3.24000000e-01  8.57562756e+02 
 3.25000000e-01  8.59288120e+02 
 3.26000000e-01  8.61019647e+02 
 3.27000000e-01  8.62757366e+02 
 3.28000000e-01  8.64501303e+02 
 3.29000000e-01  8.66251490e+02 
 3.30000000e-01  8.68007953e+02 
 3.31000000e-01  8.69770723e+02 
 3.32000000e-01  8.71539827e+02 
 3.33000000e-01  8.73315296e+02 
 3.34000000e-01  8.75097159e+02 
 3.35000000e-01  8.76885445e+02 
 3.36000000e-01  8.78680183e+02 
 3.37000000e-01  8.80481405e+02 
 3.38000000e-01  8.82289138e+02 
 3.39000000e-01  8.84103414e+02 
 3.40000000e-01  8.85924262e+02 
 3.41000000e-01  8.87751713e+02 
 3.42000000e-01  8.89585797e+02 
 3.43000000e-01  8.91426545e+02 
 3.44000000e-01  8.93273987e+02 
 3.45000000e-01  8.95128155e+02 
 3.46000000e-01  8.96989078e+02 
 3.47000000e-01  8.98856789e+02 
 3.48000000e-01  9.00731318e+02 
 3.49000000e-01  9.02612697e+02 
 3.50000000e-01  9.04500958e+02 
 3.51000000e-01  9.06396131e+02 
 3.52000000e-01  9.08298249e+02 
 3.53000000e-01  9.10207343e+02 
 3.54000000e-01  9.12123446e+02 
 3.55000000e-01  9.14046590e+02 
 3.56000000e-01  9.15976807e+02 
 3.57000000e-01  9.17914129e+02 
 3.58000000e-01  9.19858590e+02 
 3.59000000e-01  9.21810222e+02 
 3.60000000e-01  9.23769057e+02 
 3.61000000e-01  9.25735129e+02 
 3.62000000e-01  9.27708470e+02 
 3.63000000e-01  9.29689115e+02 
 3.64000000e-01  9.31677097e+02 
 3.65000000e-01  9.33672448e+02 
 3.66000000e-01  9.35675203e+02 
 3.67000000e-01  9.37685396e+02 
 3.68000000e-01  9.39703060e+02 
 3.69000000e-01  9.41728230e+02 
 3.70000000e-01  9.43760939e+02 
 3.71000000e-01  9.45801223e+02 
 3.72000000e-01  9.47849116e+02 
 3.73000000e-01  9.49904651e+02 
 3.74000000e-01  9.51967865e+02 
 3.75000000e-01  9.54038791e+02 
 3.76000000e-01  9.56117466e+02 
 3.77000000e-01  9.58203923e+02 
 3.78000000e-01  9.60298199e+02 
 3.79000000e-01  9.62400329e+02 
 3.80000000e-01  9.64510348e+02 
 3.81000000e-01  9.66628292e+02 
 3.82000000e-01  9.68754197e+02 
 3.83000000e-01  9.70888099e+02 
 3.84000000e-01  9.73030034e+02 
 3.85000000e-01  9.75180038e+02 
 3.86000000e-01  9.77338148e+02 
 3.87000000e-01  9.79504399e+02 
 3.88000000e-01  9.81678829e+02 
 3.89000000e-01  9.83861475e+02 
 3.90000000e-01  9.86052373e+02 
 3.91000000e-01  9.88251560e+02 
 3.92000000e-01  9.90459073e+02 
 3.93000000e-01  9.92674950e+02 
 3.94000000e-01  9.94899228e+02 
 3.95000000e-01  9.97131944e+02 
 3.96000000e-01  9.99373137e+02 
 3.97000000e-01  1.00162284e+03 
 3.98000000e-01  1.00388110e+03 
 3.99000000e-01  1.00614795e+03 
 4.00000000e-01  1.00842342e+03 
 4.01000000e-01  1.01070757e+03 
 4.02000000e-01  1.01300041e+03 
 4.03000000e-01  1.01530200e+03 
 4.04000000e-01  1.01761237e+03 
 4.05000000e-01  1.01993156e+03 
 4.06000000e-01  1.02225961e+03 
 4.07000000e-01  1.02459656e+03 
 4.08000000e-01  1.02694245e+03 
 4.09000000e-01  1.02929731e+03 
 4.10000000e-01  1.03166118e+03 
 4.11000000e-01  1.03403412e+03 
 4.12000000e-01  1.03641614e+03 
 4.13000000e-01  1.03880730e+03 
 4.14000000e-01  1.04120764e+03 
 4.15000000e-01  1.04361719e+03 
 4.16000000e-01  1.04603599e+03 
 4.17000000e-01  1.04846408e+03 
 4.18000000e-01  1.05090151e+03 
 4.19000000e-01  1.05334832e+03 
 4.20000000e-01  1.05580453e+03 
 4.21000000e-01  1.05827021e+03 
 4.22000000e-01  1.06074538e+03 
 4.23000000e-01  1.06323008e+03 
 4.24000000e-01  1.06572436e+03 
 4.25000000e-01  1.06822826e+03 
 4.26000000e-01  1.07074182e+03 
 4.27000000e-01  1.07326508e+03 
 4.28000000e-01  1.07579808e+03 
 4.29000000e-01  1.07834086e+03 
 4.30000000e-01  1.08089346e+03 
 4.31000000e-01  1.08345593e+03 
 4.32000000e-01  1.08602831e+03 
 4.33000000e-01  1.08861063e+03 
 4.34000000e-01  1.09120294e+03 
 4.35000000e-01  1.09380529e+03 
 4.36000000e-01  1.09641770e+03 
 4.37000000e-01  1.09904024e+03 
 4.38000000e-01  1.10167292e+03 
 4.39000000e-01  1.10431581e+03 
 4.40000000e-01  1.10696894e+03 
 4.41000000e-01  1.10963235e+03 
 4.42000000e-01  1.11230609e+03 
 4.43000000e-01  1.11499019e+03 
 4.44000000e-01  1.11768470e+03 
 4.45000000e-01  1.12038967e+03 
 4.46000000e-01  1.12310513e+03 
 4.47000000e-01  1.12583112e+03 
 4.48000000e-01  1.12856770e+03 
 4.49000000e-01  1.13131490e+03 
 4.50000000e-01  1.13407276e+03 
 4.51000000e-01  1.13684133e+03 
 4.52000000e-01  1.13962065e+03 
 4.53000000e-01  1.14241077e+03 
 4.54000000e-01  1.14521172e+03 
 4.55000000e-01  1.14802354e+03 
 4.56000000e-01  1.15084629e+03 
 4.57000000e-01  1.15368001e+03 
 4.58000000e-01  1.15652473e+03 
 4.59000000e-01  1.15938050e+03 
 4.60000000e-01  1.16224736e+03 
 4.61000000e-01  1.16512536e+03 
 4.62000000e-01  1.16801454e+03 
 4.63000000e-01  1.17091494e+03 
 4.64000000e-01  1.17382661e+03 
 4.65000000e-01  1.17674958e+03 
 4.66000000e-01  1.17968391e+03 
 4.67000000e-01  1.18262963e+03 
 4.68000000e-01  1.18558678e+03 
 4.69000000e-01  1.18855542e+03 
 4.70000000e-01  1.19153558e+03 
 4.71000000e-01  1.19452730e+03 
 4.72000000e-01  1.19753064e+03 
 4.73000000e-01  1.20054562e+03 
 4.74000000e-01  1.20357230e+03 
 4.75000000e-01  1.20661072e+03 
 4.76000000e-01  1.20966092e+03 
 4.77000000e-01  1.21272294e+03 
 4.78000000e-01  1.21579683e+03 
 4.79000000e-01  1.21888263e+03 
 4.80000000e-01  1.22198038e+03 
 4.81000000e-01  1.22509012e+03 
 4.82000000e-01  1.22821190e+03 
 4.83000000e-01  1.23134576e+03 
 4.84000000e-01  1.23449174e+03 
 4.85000000e-01  1.23764988e+03 
 4.86000000e-01  1.24082023e+03 
 4.87000000e-01  1.24400283e+03 
 4.88000000e-01  1.24719772e+03 
 4.89000000e-01  1.25040495e+03 
 4.90000000e-01  1.25362454e+03 
 4.91000000e-01  1.25685656e+03 
 4.92000000e-01  1.26010103e+03 
 4.93000000e-01  1.26335801e+03 
 4.94000000e-01  1.26662752e+03 
 4.95000000e-01  1.26990962e+03 
 4.96000000e-01  1.27320435e+03 
 4.97000000e-01  1.27651174e+03 
 4.98000000e-01  1.27983184e+03 
 4.99000000e-01  1.28316469e+03 
 5.00000000e-01  1.28651032e+03 
 5.01000000e-01  1.28986879e+03 
 5.02000000e-01  1.29324012e+03 
 5.03000000e-01  1.29662437e+03 
 5.04000000e-01  1.30002157e+03 
 5.05000000e-01  1.30343176e+03 
 5.06000000e-01  1.30685498e+03 
 5.07000000e-01  1.31029127e+03 
 5.08000000e-01  1.31374068e+03 
 5.09000000e-01  1.31720323e+03 
 5.10000000e-01  1.32067898e+03 
 5.11000000e-01  1.32416795e+03 
 5.12000000e-01  1.32767019e+03 
 5.13000000e-01  1.33118574e+03 
 5.14000000e-01  1.33471463e+03 
 5.15000000e-01  1.33825691e+03 
 5.16000000e-01  1.34181261e+03 
 5.17000000e-01  1.34538177e+03 
 5.18000000e-01  1.34896442e+03 
 5.19000000e-01  1.35256061e+03 
 5.20000000e-01  1.35617037e+03 
 5.21000000e-01  1.35979374e+03 
 5.22000000e-01  1.36343075e+03 
 5.23000000e-01  1.36708145e+03 
 5.24000000e-01  1.37074586e+03 
 5.25000000e-01  1.37442403e+03 
 5.26000000e-01  1.37811599e+03 
 5.27000000e-01  1.38182177e+03 
 5.28000000e-01  1.38554141e+03 
 5.29000000e-01  1.38927494e+03 
 5.30000000e-01  1.39302241e+03 
 5.31000000e-01  1.39678384e+03 
 5.32000000e-01  1.40055926e+03 
 5.33000000e-01  1.40434872e+03 
 5.34000000e-01  1.40815224e+03 
 5.35000000e-01  1.41196986e+03 
 5.36000000e-01  1.41580160e+03 
 5.37000000e-01  1.41964751e+03 
 5.38000000e-01  1.42350761e+03 
 5.39000000e-01  1.42738194e+03 
 5.40000000e-01  1.43127053e+03 
 5.41000000e-01  1.43517340e+03 
 5.42000000e-01  1.43909059e+03 
 5.43000000e-01  1.44302212e+03 
 5.44000000e-01  1.44696804e+03 
 5.45000000e-01  1.45092836e+03 
 5.46000000e-01  1.45490311e+03 
 5.47000000e-01  1.45889233e+03 
 5.48000000e-01  1.46289604e+03 
 5.49000000e-01  1.46691428e+03 
 5.50000000e-01  1.47094706e+03 
 5.51000000e-01  1.47499441e+03 
 5.52000000e-01  1.47905636e+03 
 5.53000000e-01  1.48313294e+03 
 5.54000000e-01  1.48722418e+03 
 5.55000000e-01  1.49133008e+03 
 5.56000000e-01  1.49545069e+03 
 5.57000000e-01  1.49958603e+03 
 5.58000000e-01  1.50373611e+03 
 5.59000000e-01  1.50790097e+03 
 5.60000000e-01  1.51208062e+03 
 5.61000000e-01  1.51627509e+03 
 5.62000000e-01  1.52048439e+03 
 5.63000000e-01  1.52470856e+03 
 5.64000000e-01  1.52894761e+03 
 5.65000000e-01  1.53320155e+03 
 5.66000000e-01  1.53747042e+03 
 5.67000000e-01  1.54175422e+03 
 5.68000000e-01  1.54605298e+03 
 5.69000000e-01  1.55036672e+03 
 5.70000000e-01  1.55469545e+03 
 5.71000000e-01  1.55903919e+03 
 5.72000000e-01  1.56339795e+03 
 5.73000000e-01  1.56777176e+03 
 5.74000000e-01  1.57216062e+03 
 5.75000000e-01  1.57656455e+03 
 5.76000000e-01  1.58098356e+03 
 5.77000000e-01  1.58541768e+03 
 5.78000000e-01  1.58986690e+03 
 5.79000000e-01  1.59433124e+03 
 5.80000000e-01  1.59881072e+03 
 5.81000000e-01  1.60330535e+03 
 5.82000000e-01  1.60781512e+03 
 5.83000000e-01  1.61234006e+03 
 5.84000000e-01  1.61688017e+03 
 5.85000000e-01  1.62143547e+03 
 5.86000000e-01  1.62600595e+03 
 5.87000000e-01  1.63059162e+03 
 5.88000000e-01  1.63519250e+03 
 5.89000000e-01  1.63980858e+03 
 5.90000000e-01  1.64443987e+03 
 5.91000000e-01  1.64908638e+03 
 5.92000000e-01  1.65374811e+03 
 5.93000000e-01  1.65842505e+03 
 5.94000000e-01  1.66311722e+03 
 5.95000000e-01  1.66782461e+03 
 5.96000000e-01  1.67254723e+03 
 5.97000000e-01  1.67728507e+03 
 5.98000000e-01  1.68203813e+03 
 5.99000000e-01  1.68680642e+03 
 6.00000000e-01  1.69158992e+03 
 6.01000000e-01  1.69638864e+03 
 6.02000000e-01  1.70120256e+03 
 6.03000000e-01  1.70603170e+03 
 6.04000000e-01  1.71087603e+03 
 6.05000000e-01  1.71573556e+03 
 6.06000000e-01  1.72061027e+03 
 6.07000000e-01  1.72550016e+03 
 6.08000000e-01  1.73040522e+03 
 6.09000000e-01  1.73532545e+03 
 6.10000000e-01  1.74026082e+03 
 6.11000000e-01  1.74521133e+03 
 6.12000000e-01  1.75017696e+03 
 6.13000000e-01  1.75515771e+03 
 6.14000000e-01  1.76015356e+03 
 6.15000000e-01  1.76516449e+03 
 6.16000000e-01  1.77019050e+03 
 6.17000000e-01  1.77523155e+03 
 6.18000000e-01  1.78028764e+03 
 6.19000000e-01  1.78535875e+03 
 6.20000000e-01  1.79044486e+03 
 6.21000000e-01  1.79554595e+03 
 6.22000000e-01  1.80066200e+03 
 6.23000000e-01  1.80579299e+03 
 6.24000000e-01  1.81093889e+03 
 6.25000000e-01  1.81609968e+03 
 6.26000000e-01  1.82127534e+03 
 6.27000000e-01  1.82646584e+03 
 6.28000000e-01  1.83167116e+03 
 6.29000000e-01  1.83689127e+03 
 6.30000000e-01  1.84212615e+03 
 6.31000000e-01  1.84737575e+03 
 6.32000000e-01  1.85264007e+03 
 6.33000000e-01  1.85791905e+03 
 6.34000000e-01  1.86321268e+03 
 6.35000000e-01  1.86852092e+03 
 6.36000000e-01  1.87384374e+03 
 6.37000000e-01  1.87918110e+03 
 6.38000000e-01  1.88453297e+03 
 6.39000000e-01  1.88989931e+03 
 6.40000000e-01  1.89528009e+03 
 6.41000000e-01  1.90067527e+03 
 6.42000000e-01  1.90608480e+03 
 6.43000000e-01  1.91150866e+03 
 6.44000000e-01  1.91694680e+03 
 6.45000000e-01  1.92239917e+03 
 6.46000000e-01  1.92786574e+03 
 6.47000000e-01  1.93334646e+03 
 6.48000000e-01  1.93884129e+03 
 6.49000000e-01  1.94435019e+03 
 6.50000000e-01  1.94987310e+03 
 6.51000000e-01  1.95540998e+03 
 6.52000000e-01  1.96096078e+03 
 6.53000000e-01  1.96652545e+03 
 6.54000000e-01  1.97210395e+03 
 6.55000000e-01  1.97769622e+03 
 6.56000000e-01  1.98330220e+03 
 6.57000000e-01  1.98892186e+03 
 6.58000000e-01  1.99455513e+03 
 6.59000000e-01  2.00020196e+03 
 6.60000000e-01  2.00586229e+03 
 6.61000000e-01  2.01153607e+03 
 6.62000000e-01  2.01722324e+03 
 6.63000000e-01  2.02292374e+03 
 6.64000000e-01  2.02863752e+03 
 6.65000000e-01  2.03436450e+03 
 6.66000000e-01  2.04010464e+03 
 6.67000000e-01  2.04585786e+03 
 6.68000000e-01  2.05162411e+03 
 6.69000000e-01  2.05740332e+03 
 6.70000000e-01  2.06319543e+03 
 6.71000000e-01  2.06900036e+03 
 6.72000000e-01  2.07481807e+03 
 6.73000000e-01  2.08064847e+03 
 6.74000000e-01  2.08649149e+03 
 6.75000000e-01  2.09234708e+03 
 6.76000000e-01  2.09821515e+03 
 6.77000000e-01  2.10409564e+03 
 6.78000000e-01  2.10998847e+03 
 6.79000000e-01  2.11589358e+03 
 6.80000000e-01  2.12181088e+03 
 6.81000000e-01  2.12774031e+03 
 6.82000000e-01  2.13368178e+03 
 6.83000000e-01  2.13963523e+03 
 6.84000000e-01  2.14560056e+03 
 6.85000000e-01  2.15157771e+03 
 6.86000000e-01  2.15756660e+03 
 6.87000000e-01  2.16356714e+03 
 6.88000000e-01  2.16957925e+03 
 6.89000000e-01  2.17560286e+03 
 6.90000000e-01  2.18163788e+03 
 6.91000000e-01  2.18768422e+03 
 6.92000000e-01  2.19374180e+03 
 6.93000000e-01  2.19981054e+03 
 6.94000000e-01  2.20589035e+03 
 6.95000000e-01  2.21198115e+03 
 6.96000000e-01  2.21808283e+03 
 6.97000000e-01  2.22419533e+03 
 6.98000000e-01  2.23031855e+03 
 6.99000000e-01  2.23645239e+03 
 7.00000000e-01  2.24259677e+03 
 7.01000000e-01  2.24875159e+03 
 7.02000000e-01  2.25491677e+03 
 7.03000000e-01  2.26109221e+03 
 7.04000000e-01  2.26727781e+03 
 7.05000000e-01  2.27347348e+03 
 7.06000000e-01  2.27967913e+03 
 7.07000000e-01  2.28589466e+03 
 7.08000000e-01  2.29211997e+03 
 7.09000000e-01  2.29835497e+03 
 7.10000000e-01  2.30459955e+03 
 7.11000000e-01  2.31085362e+03 
 7.12000000e-01  2.31711708e+03 
 7.13000000e-01  2.32338983e+03 
 7.14000000e-01  2.32967176e+03 
 7.15000000e-01  2.33596277e+03 
 7.16000000e-01  2.34226277e+03 
 7.17000000e-01  2.34857165e+03 
 7.18000000e-01  2.35488930e+03 
 7.19000000e-01  2.36121562e+03 
 7.20000000e-01  2.36755051e+03 
 7.21000000e-01  2.37389385e+03 
 7.22000000e-01  2.38024556e+03 
 7.23000000e-01  2.38660550e+03 
 7.24000000e-01  2.39297359e+03 
 7.25000000e-01  2.39934971e+03 
 7.26000000e-01  2.40573375e+03 
 7.27000000e-01  2.41212560e+03 
 7.28000000e-01  2.41852516e+03 
 7.29000000e-01  2.42493231e+03 
 7.30000000e-01  2.43134694e+03 
 7.31000000e-01  2.43776895e+03 
 7.32000000e-01  2.44419821e+03 
 7.33000000e-01  2.45063462e+03 
 7.34000000e-01  2.45707807e+03 
 7.35000000e-01  2.46352844e+03 
 7.36000000e-01  2.46998562e+03 
 7.37000000e-01  2.47644948e+03 
 7.38000000e-01  2.48291993e+03 
 7.39000000e-01  2.48939684e+03 
 7.40000000e-01  2.49588010e+03 
 7.41000000e-01  2.50236959e+03 
 7.42000000e-01  2.50886520e+03 
 7.43000000e-01  2.51536681e+03 
 7.44000000e-01  2.52187430e+03 
 7.45000000e-01  2.52838755e+03 
 7.46000000e-01  2.53490645e+03 
 7.47000000e-01  2.54143088e+03 
 7.48000000e-01  2.54796072e+03 
 7.49000000e-01  2.55449585e+03 
 7.50000000e-01  2.56103616e+03 
 7.51000000e-01  2.56758152e+03 
 7.52000000e-01  2.57413181e+03 
 7.53000000e-01  2.58068691e+03 
 7.54000000e-01  2.58724671e+03 
 7.55000000e-01  2.59381108e+03 
 7.56000000e-01  2.60037990e+03 
 7.57000000e-01  2.60695306e+03 
 7.58000000e-01  2.61353042e+03 
 7.59000000e-01  2.62011187e+03 
 7.60000000e-01  2.62669729e+03 
 7.61000000e-01  2.63328656e+03 
 7.62000000e-01  2.63987954e+03 
 7.63000000e-01  2.64647613e+03 
 7.64000000e-01  2.65307620e+03 
 7.65000000e-01  2.65967963e+03 
 7.66000000e-01  2.66628629e+03 
 7.67000000e-01  2.67289606e+03 
 7.68000000e-01  2.67950882e+03 
 7.69000000e-01  2.68612445e+03 
 7.70000000e-01  2.69274282e+03 
 7.71000000e-01  2.69936381e+03 
 7.72000000e-01  2.70598730e+03 
 7.73000000e-01  2.71261316e+03 
 7.74000000e-01  2.71924128e+03 
 7.75000000e-01  2.72587152e+03 
 7.76000000e-01  2.73250377e+03 
 7.77000000e-01  2.73913790e+03 
 7.78000000e-01  2.74577379e+03 
 7.79000000e-01  2.75241132e+03 
 7.80000000e-01  2.75905036e+03 
 7.81000000e-01  2.76569080e+03 
 7.82000000e-01  2.77233250e+03 
 7.83000000e-01  2.77897534e+03 
 7.84000000e-01  2.78561921e+03 
 7.85000000e-01  2.79226398e+03 
 7.86000000e-01  2.79890952e+03 
 7.87000000e-01  2.80555572e+03 
 7.88000000e-01  2.81220245e+03 
 7.89000000e-01  2.81884959e+03 
 7.90000000e-01  2.82549703e+03 
 7.91000000e-01  2.83214463e+03 
 7.92000000e-01  2.83879227e+03 
 7.93000000e-01  2.84543984e+03 
 7.94000000e-01  2.85208721e+03 
 7.95000000e-01  2.85873426e+03 
 7.96000000e-01  2.86538088e+03 
 7.97000000e-01  2.87202693e+03 
 7.98000000e-01  2.87867231e+03 
 7.99000000e-01  2.88531688e+03 
 8.00000000e-01  2.89196054e+03 
 8.01000000e-01  2.89860316e+03 
 8.02000000e-01  2.90524462e+03 
 8.03000000e-01  2.91188480e+03 
 8.04000000e-01  2.91852358e+03 
 8.05000000e-01  2.92516085e+03 
 8.06000000e-01  2.93179649e+03 
 8.07000000e-01  2.93843038e+03 
 8.08000000e-01  2.94506240e+03 
 8.09000000e-01  2.95169244e+03 
 8.10000000e-01  2.95832037e+03 
 8.11000000e-01  2.96494609e+03 
 8.12000000e-01  2.97156948e+03 
 8.13000000e-01  2.97819041e+03 
 8.14000000e-01  2.98480878e+03 
 8.15000000e-01  2.99142448e+03 
 8.16000000e-01  2.99803738e+03 
 8.17000000e-01  3.00464737e+03 
 8.18000000e-01  3.01125434e+03 
 8.19000000e-01  3.01785818e+03 
 8.20000000e-01  3.02445878e+03 
 8.21000000e-01  3.03105601e+03 
 8.22000000e-01  3.03764978e+03 
 8.23000000e-01  3.04423996e+03 
 8.24000000e-01  3.05082646e+03 
 8.25000000e-01  3.05740915e+03 
 8.26000000e-01  3.06398793e+03 
 8.27000000e-01  3.07056269e+03 
 8.28000000e-01  3.07713331e+03 
 8.29000000e-01  3.08369971e+03 
 8.30000000e-01  3.09026175e+03 
 8.31000000e-01  3.09681934e+03 
 8.32000000e-01  3.10337238e+03 
 8.33000000e-01  3.10992075e+03 
 8.34000000e-01  3.11646434e+03 
 8.35000000e-01  3.12300306e+03 
 8.36000000e-01  3.12953681e+03 
 8.37000000e-01  3.13606546e+03 
 8.38000000e-01  3.14258893e+03 
 8.39000000e-01  3.14910711e+03 
 8.40000000e-01  3.15561990e+03 
 8.41000000e-01  3.16212719e+03 
 8.42000000e-01  3.16862889e+03 
 8.43000000e-01  3.17512490e+03 
 8.44000000e-01  3.18161511e+03 
 8.45000000e-01  3.18809943e+03 
 8.46000000e-01  3.19457775e+03 
 8.47000000e-01  3.20104999e+03 
 8.48000000e-01  3.20751604e+03 
 8.49000000e-01  3.21397581e+03 
 8.50000000e-01  3.22042919e+03 
 8.51000000e-01  3.22687611e+03 
 8.52000000e-01  3.23331645e+03 
 8.53000000e-01  3.23975013e+03 
 8.54000000e-01  3.24617706e+03 
 8.55000000e-01  3.25259714e+03 
 8.56000000e-01  3.25901028e+03 
 8.57000000e-01  3.26541638e+03 
 8.58000000e-01  3.27181537e+03 
 8.59000000e-01  3.27820714e+03 
 8.60000000e-01  3.28459161e+03 
 8.61000000e-01  3.29096869e+03 
 8.62000000e-01  3.29733830e+03 
 8.63000000e-01  3.30370034e+03 
 8.64000000e-01  3.31005473e+03 
 8.65000000e-01  3.31640138e+03 
 8.66000000e-01  3.32274021e+03 
 8.67000000e-01  3.32907114e+03 
 8.68000000e-01  3.33539407e+03 
 8.69000000e-01  3.34170894e+03 
 8.70000000e-01  3.34801565e+03 
 8.71000000e-01  3.35431412e+03 
 8.72000000e-01  3.36060428e+03 
 8.73000000e-01  3.36688605e+03 
 8.74000000e-01  3.37315933e+03 
 8.75000000e-01  3.37942407e+03 
 8.76000000e-01  3.38568017e+03 
 8.77000000e-01  3.39192756e+03 
 8.78000000e-01  3.39816617e+03 
 8.79000000e-01  3.40439592e+03 
 8.80000000e-01  3.41061673e+03 
 8.81000000e-01  3.41682854e+03 
 8.82000000e-01  3.42303126e+03 
 8.83000000e-01  3.42922482e+03 
 8.84000000e-01  3.43540916e+03 
 8.85000000e-01  3.44158420e+03 
 8.86000000e-01  3.44774988e+03 
 8.87000000e-01  3.45390611e+03 
 8.88000000e-01  3.46005284e+03 
 8.89000000e-01  3.46618999e+03 
 8.90000000e-01  3.47231750e+03 
 8.91000000e-01  3.47843530e+03 
 8.92000000e-01  3.48454332e+03 
 8.93000000e-01  3.49064150e+03 
 8.94000000e-01  3.49672978e+03 
 8.95000000e-01  3.50280809e+03 
 8.96000000e-01  3.50887637e+03 
 8.97000000e-01  3.51493456e+03 
 8.98000000e-01  3.52098259e+03 
 8.99000000e-01  3.52702041e+03 
 9.00000000e-01  3.53304795e+03 
 9.01000000e-01  3.53906515e+03 
 9.02000000e-01  3.54507197e+03 
 9.03000000e-01  3.55106833e+03 
 9.04000000e-01  3.55705418e+03 
 9.05000000e-01  3.56302947e+03 
 9.06000000e-01  3.56899414e+03 
 9.07000000e-01  3.57494814e+03 
 9.08000000e-01  3.58089141e+03 
 9.09000000e-01  3.58682389e+03 
 9.10000000e-01  3.59274554e+03 
 9.11000000e-01  3.59865631e+03 
 9.12000000e-01  3.60455614e+03 
 9.13000000e-01  3.61044498e+03 
 9.14000000e-01  3.61632279e+03 
 9.15000000e-01  3.62218950e+03 
 9.16000000e-01  3.62804509e+03 
 9.17000000e-01  3.63388949e+03 
 9.18000000e-01  3.63972267e+03 
 9.19000000e-01  3.64554457e+03 
 9.20000000e-01  3.65135515e+03 
 9.21000000e-01  3.65715437e+03 
 9.22000000e-01  3.66294218e+03 
 9.23000000e-01  3.66871854e+03 
 9.24000000e-01  3.67448340e+03 
 9.25000000e-01  3.68023674e+03 
 9.26000000e-01  3.68597849e+03 
 9.27000000e-01  3.69170863e+03 
 9.28000000e-01  3.69742711e+03 
 9.29000000e-01  3.70313389e+03 
 9.30000000e-01  3.70882895e+03 
 9.31000000e-01  3.71451223e+03 
 9.32000000e-01  3.72018370e+03 
 9.33000000e-01  3.72584333e+03 
 9.34000000e-01  3.73149108e+03 
 9.35000000e-01  3.73712692e+03 
 9.36000000e-01  3.74275081e+03 
 9.37000000e-01  3.74836271e+03 
 9.38000000e-01  3.75396260e+03 
 9.39000000e-01  3.75955045e+03 
 9.40000000e-01  3.76512621e+03 
 9.41000000e-01  3.77068987e+03 
 9.42000000e-01  3.77624139e+03 
 9.43000000e-01  3.78178073e+03 
 9.44000000e-01  3.78730788e+03 
 9.45000000e-01  3.79282281e+03 
 9.46000000e-01  3.79832548e+03 
 9.47000000e-01  3.80381587e+03 
 9.48000000e-01  3.80929395e+03 
 9.49000000e-01  3.81475970e+03 
 9.50000000e-01  3.82021310e+03 
 9.51000000e-01  3.82565411e+03 
 9.52000000e-01  3.83108272e+03 
 9.53000000e-01  3.83649889e+03 
 9.54000000e-01  3.84190262e+03 
 9.55000000e-01  3.84729387e+03 
 9.56000000e-01  3.85267263e+03 
 9.57000000e-01  3.85803887e+03 
 9.58000000e-01  3.86339258e+03 
 9.59000000e-01  3.86873373e+03 
 9.60000000e-01  3.87406231e+03 
 9.61000000e-01  3.87937830e+03 
 9.62000000e-01  3.88468167e+03 
 9.63000000e-01  3.88997242e+03 
 9.64000000e-01  3.89525052e+03 
 9.65000000e-01  3.90051597e+03 
 9.66000000e-01  3.90576874e+03 
 9.67000000e-01  3.91100882e+03 
 9.68000000e-01  3.91623619e+03 
 9.69000000e-01  3.92145085e+03 
 9.70000000e-01  3.92665277e+03 
 9.71000000e-01  3.93184195e+03 
 9.72000000e-01  3.93701838e+03 
 9.73000000e-01  3.94218203e+03 
 9.74000000e-01  3.94733291e+03 
 9.75000000e-01  3.95247099e+03 
 9.76000000e-01  3.95759628e+03 
 9.77000000e-01  3.96270876e+03 
 9.78000000e-01  3.96780842e+03 
 9.79000000e-01  3.97289525e+03 
 9.80000000e-01  3.97796925e+03 
 9.81000000e-01  3.98303041e+03 
 9.82000000e-01  3.98807872e+03 
 9.83000000e-01  3.99311417e+03 
 9.84000000e-01  3.99813676e+03 
 9.85000000e-01  4.00314649e+03 
 9.86000000e-01  4.00814334e+03 
 9.87000000e-01  4.01312732e+03 
 9.88000000e-01  4.01809841e+03 
 9.89000000e-01  4.02305663e+03 
 9.90000000e-01  4.02800196e+03 
 9.91000000e-01  4.03293440e+03 
 9.92000000e-01  4.03785394e+03 
 9.93000000e-01  4.04276060e+03 
 9.94000000e-01  4.04765436e+03 
 9.95000000e-01  4.05253522e+03 
 9.96000000e-01  4.05740319e+03 
 9.97000000e-01  4.06225827e+03 
 9.98000000e-01  4.06710045e+03 
 9.99000000e-01  4.07192974e+03 
 1.00000000e+00  4.07674614e+03 
 1.00100000e+00  4.08154964e+03 
 1.00200000e+00  4.08634026e+03 
 1.00300000e+00  4.09111799e+03 
 1.00400000e+00  4.09588284e+03 
 1.00500000e+00  4.10063482e+03 
 1.00600000e+00  4.10537391e+03 
 1.00700000e+00  4.11010014e+03 
 1.00800000e+00  4.11481351e+03 
 1.00900000e+00  4.11951401e+03 
 1.01000000e+00  4.12420165e+03 
 1.01100000e+00  4.12887645e+03 
 1.01200000e+00  4.13353841e+03 
 1.01300000e+00  4.13818753e+03 
 1.01400000e+00  4.14282382e+03 
 1.01500000e+00  4.14744729e+03 
 1.01600000e+00  4.15205794e+03 
 1.01700000e+00  4.15665579e+03 
 1.01800000e+00  4.16124084e+03 
 1.01900000e+00  4.16581311e+03 
 1.02000000e+00  4.17037259e+03 
 1.02100000e+00  4.17491930e+03 
 1.02200000e+00  4.17945326e+03 
 1.02300000e+00  4.18397446e+03 
 1.02400000e+00  4.18848293e+03 
 1.02500000e+00  4.19297866e+03 
 1.02600000e+00  4.19746168e+03 
 1.02700000e+00  4.20193199e+03 
 1.02800000e+00  4.20638961e+03 
 1.02900000e+00  4.21083455e+03 
 1.03000000e+00  4.21526682e+03 
 1.03100000e+00  4.21968643e+03 
 1.03200000e+00  4.22409340e+03 
 1.03300000e+00  4.22848773e+03 
 1.03400000e+00  4.23286945e+03 
 1.03500000e+00  4.23723857e+03 
 1.03600000e+00  4.24159510e+03 
 1.03700000e+00  4.24593905e+03 
 1.03800000e+00  4.25027045e+03 
 1.03900000e+00  4.25458930e+03 
 1.04000000e+00  4.25889562e+03 
 1.04100000e+00  4.26318943e+03 
 1.04200000e+00  4.26747074e+03 
 1.04300000e+00  4.27173956e+03 
 1.04400000e+00  4.27599593e+03 
 1.04500000e+00  4.28023984e+03 
 1.04600000e+00  4.28447133e+03 
 1.04700000e+00  4.28869039e+03 
 1.04800000e+00  4.29289707e+03 
 1.04900000e+00  4.29709136e+03 
 1.05000000e+00  4.30127329e+03 
 1.05100000e+00  4.30544288e+03 
 1.05200000e+00  4.30960014e+03 
 1.05300000e+00  4.31374509e+03 
 1.05400000e+00  4.31787776e+03 
 1.05500000e+00  4.32199816e+03 
 1.05600000e+00  4.32610631e+03 
 1.05700000e+00  4.33020222e+03 
 1.05800000e+00  4.33428593e+03 
 1.05900000e+00  4.33835745e+03 
 1.06000000e+00  4.34241679e+03 
 1.06100000e+00  4.34646399e+03 
 1.06200000e+00  4.35049905e+03 
 1.06300000e+00  4.35452201e+03 
 1.06400000e+00  4.35853287e+03 
 1.06500000e+00  4.36253167e+03 
 1.06600000e+00  4.36651842e+03 
 1.06700000e+00  4.37049315e+03 
 1.06800000e+00  4.37445587e+03 
 1.06900000e+00  4.37840662e+03 
 1.07000000e+00  4.38234540e+03 
 1.07100000e+00  4.38627224e+03 
 1.07200000e+00  4.39018717e+03 
 1.07300000e+00  4.39409021e+03 
 1.07400000e+00  4.39798137e+03 
 1.07500000e+00  4.40186069e+03 
 1.07600000e+00  4.40572818e+03 
 1.07700000e+00  4.40958387e+03 
 1.07800000e+00  4.41342779e+03 
 1.07900000e+00  4.41725994e+03 
 1.08000000e+00  4.42108037e+03 
 1.08100000e+00  4.42488909e+03 
 1.08200000e+00  4.42868612e+03 
 1.08300000e+00  4.43247149e+03 
 1.08400000e+00  4.43624523e+03 
 1.08500000e+00  4.44000735e+03 
 1.08600000e+00  4.44375789e+03 
 1.08700000e+00  4.44749687e+03 
 1.08800000e+00  4.45122430e+03 
 1.08900000e+00  4.45494022e+03 
 1.09000000e+00  4.45864465e+03 
 1.09100000e+00  4.46233762e+03 
 1.09200000e+00  4.46601915e+03 
 1.09300000e+00  4.46968927e+03 
 1.09400000e+00  4.47334799e+03 
 1.09500000e+00  4.47699535e+03 
 1.09600000e+00  4.48063138e+03 
 1.09700000e+00  4.48425609e+03 
 1.09800000e+00  4.48786952e+03 
 1.09900000e+00  4.49147168e+03 
 1.10000000e+00  4.49506261e+03 
 1.10100000e+00  4.49864233e+03 
 1.10200000e+00  4.50221087e+03 
 1.10300000e+00  4.50576825e+03 
 1.10400000e+00  4.50931451e+03 
 1.10500000e+00  4.51284965e+03 
 1.10600000e+00  4.51637372e+03 
 1.10700000e+00  4.51988674e+03 
 1.10800000e+00  4.52338874e+03 
 1.10900000e+00  4.52687973e+03 
 1.11000000e+00  4.53035976e+03 
 1.11100000e+00  4.53382884e+03 
 1.11200000e+00  4.53728700e+03 
 1.11300000e+00  4.54073427e+03 
 1.11400000e+00  4.54417068e+03 
 1.11500000e+00  4.54759625e+03 
 1.11600000e+00  4.55101101e+03 
 1.11700000e+00  4.55441499e+03 
 1.11800000e+00  4.55780822e+03 
 1.11900000e+00  4.56119071e+03 
 1.12000000e+00  4.56456251e+03 
 1.12100000e+00  4.56792363e+03 
 1.12200000e+00  4.57127411e+03 
 1.12300000e+00  4.57461397e+03 
 1.12400000e+00  4.57794324e+03 
 1.12500000e+00  4.58126195e+03 
 1.12600000e+00  4.58457012e+03 
 1.12700000e+00  4.58786778e+03 
 1.12800000e+00  4.59115497e+03 
 1.12900000e+00  4.59443170e+03 
 1.13000000e+00  4.59769801e+03 
 1.13100000e+00  4.60095392e+03 
 1.13200000e+00  4.60419946e+03 
 1.13300000e+00  4.60743466e+03 
 1.13400000e+00  4.61065955e+03 
 1.13500000e+00  4.61387416e+03 
 1.13600000e+00  4.61707850e+03 
 1.13700000e+00  4.62027262e+03 
 1.13800000e+00  4.62345654e+03 
 1.13900000e+00  4.62663029e+03 
 1.14000000e+00  4.62979389e+03 
 1.14100000e+00  4.63294737e+03 
 1.14200000e+00  4.63609077e+03 
 1.14300000e+00  4.63922411e+03 
 1.14400000e+00  4.64234741e+03 
 1.14500000e+00  4.64546071e+03 
 1.14600000e+00  4.64856403e+03 
 1.14700000e+00  4.65165741e+03 
 1.14800000e+00  4.65474087e+03 
 1.14900000e+00  4.65781443e+03 
 1.15000000e+00  4.66087814e+03 
 1.15100000e+00  4.66393201e+03 
 1.15200000e+00  4.66697607e+03 
 1.15300000e+00  4.67001035e+03 
 1.15400000e+00  4.67303489e+03 
 1.15500000e+00  4.67604970e+03 
 1.15600000e+00  4.67905482e+03 
 1.15700000e+00  4.68205027e+03 
 1.15800000e+00  4.68503608e+03 
 1.15900000e+00  4.68801229e+03 
 1.16000000e+00  4.69097892e+03 
 1.16100000e+00  4.69393599e+03 
 1.16200000e+00  4.69688354e+03 
 1.16300000e+00  4.69982159e+03 
 1.16400000e+00  4.70275018e+03 
 1.16500000e+00  4.70566932e+03 
 1.16600000e+00  4.70857906e+03 
 1.16700000e+00  4.71147941e+03 
 1.16800000e+00  4.71437040e+03 
 1.16900000e+00  4.71725207e+03 
 1.17000000e+00  4.72012444e+03 
 1.17100000e+00  4.72298754e+03 
 1.17200000e+00  4.72584139e+03 
 1.17300000e+00  4.72868603e+03 
 1.17400000e+00  4.73152148e+03 
 1.17500000e+00  4.73434778e+03 
 1.17600000e+00  4.73716494e+03 
 1.17700000e+00  4.73997300e+03 
 1.17800000e+00  4.74277198e+03 
 1.17900000e+00  4.74556192e+03 
 1.18000000e+00  4.74834284e+03 
 1.18100000e+00  4.75111477e+03 
 1.18200000e+00  4.75387773e+03 
 1.18300000e+00  4.75663176e+03 
 1.18400000e+00  4.75937688e+03 
 1.18500000e+00  4.76211311e+03 
 1.18600000e+00  4.76484050e+03 
 1.18700000e+00  4.76755906e+03 
 1.18800000e+00  4.77026883e+03 
 1.18900000e+00  4.77296982e+03 
 1.19000000e+00  4.77566208e+03 
 1.19100000e+00  4.77834561e+03 
 1.19200000e+00  4.78102047e+03 
 1.19300000e+00  4.78368666e+03 
 1.19400000e+00  4.78634422e+03 
 1.19500000e+00  4.78899317e+03 
 1.19600000e+00  4.79163355e+03 
 1.19700000e+00  4.79426538e+03 
 1.19800000e+00  4.79688868e+03 
 1.19900000e+00  4.79950349e+03 
 1.20000000e+00  4.80210983e+03 
 1.20100000e+00  4.80470774e+03 
 1.20200000e+00  4.80729722e+03 
 1.20300000e+00  4.80987832e+03 
 1.20400000e+00  4.81245106e+03 
 1.20500000e+00  4.81501547e+03 
 1.20600000e+00  4.81757157e+03 
 1.20700000e+00  4.82011939e+03 
 1.20800000e+00  4.82265896e+03 
 1.20900000e+00  4.82519031e+03 
 1.21000000e+00  4.82771345e+03 
 1.21100000e+00  4.83022843e+03 
 1.21200000e+00  4.83273525e+03 
 1.21300000e+00  4.83523396e+03 
 1.21400000e+00  4.83772458e+03 
 1.21500000e+00  4.84020714e+03 
 1.21600000e+00  4.84268165e+03 
 1.21700000e+00  4.84514815e+03 
 1.21800000e+00  4.84760667e+03 
 1.21900000e+00  4.85005722e+03 
 1.22000000e+00  4.85249984e+03 
 1.22100000e+00  4.85493456e+03 
 1.22200000e+00  4.85736139e+03 
 1.22300000e+00  4.85978037e+03 
 1.22400000e+00  4.86219152e+03 
 1.22500000e+00  4.86459486e+03 
 1.22600000e+00  4.86699043e+03 
 1.22700000e+00  4.86937825e+03 
 1.22800000e+00  4.87175834e+03 
 1.22900000e+00  4.87413074e+03 
 1.23000000e+00  4.87649545e+03 
 1.23100000e+00  4.87885253e+03 
 1.23200000e+00  4.88120197e+03 
 1.23300000e+00  4.88354382e+03 
 1.23400000e+00  4.88587810e+03 
 1.23500000e+00  4.88820484e+03 
 1.23600000e+00  4.89052405e+03 
 1.23700000e+00  4.89283577e+03 
 1.23800000e+00  4.89514002e+03 
 1.23900000e+00  4.89743682e+03 
 1.24000000e+00  4.89972620e+03 
 1.24100000e+00  4.90200819e+03 
 1.24200000e+00  4.90428281e+03 
 1.24300000e+00  4.90655009e+03 
 1.24400000e+00  4.90881004e+03 
 1.24500000e+00  4.91106270e+03 
 1.24600000e+00  4.91330809e+03 
 1.24700000e+00  4.91554624e+03 
 1.24800000e+00  4.91777717e+03 
 1.24900000e+00  4.92000089e+03 
 1.25000000e+00  4.92221745e+03 
 1.25100000e+00  4.92442686e+03 
 1.25200000e+00  4.92662915e+03 
 1.25300000e+00  4.92882434e+03 
 1.25400000e+00  4.93101246e+03 
 1.25500000e+00  4.93319353e+03 
 1.25600000e+00  4.93536757e+03 
 1.25700000e+00  4.93753461e+03 
 1.25800000e+00  4.93969467e+03 
 1.25900000e+00  4.94184779e+03 
 1.26000000e+00  4.94399397e+03 
 1.26100000e+00  4.94613324e+03 
 1.26200000e+00  4.94826564e+03 
 1.26300000e+00  4.95039118e+03 
 1.26400000e+00  4.95250988e+03 
 1.26500000e+00  4.95462177e+03 
 1.26600000e+00  4.95672688e+03 
 1.26700000e+00  4.95882522e+03 
 1.26800000e+00  4.96091682e+03 
 1.26900000e+00  4.96300171e+03 
 1.27000000e+00  4.96507990e+03 
 1.27100000e+00  4.96715142e+03 
 1.27200000e+00  4.96921630e+03 
 1.27300000e+00  4.97127455e+03 
 1.27400000e+00  4.97332620e+03 
 1.27500000e+00  4.97537127e+03 
 1.27600000e+00  4.97740979e+03 
 1.27700000e+00  4.97944178e+03 
 1.27800000e+00  4.98146725e+03 
 1.27900000e+00  4.98348624e+03 
 1.28000000e+00  4.98549877e+03 
 1.28100000e+00  4.98750485e+03 
 1.28200000e+00  4.98950452e+03 
 1.28300000e+00  4.99149779e+03 
 1.28400000e+00  4.99348468e+03 
 1.28500000e+00  4.99546523e+03 
 1.28600000e+00  4.99743944e+03 
 1.28700000e+00  4.99940735e+03 
 1.28800000e+00  5.00136897e+03 
 1.28900000e+00  5.00332433e+03 
 1.29000000e+00  5.00527344e+03 
 1.29100000e+00  5.00721634e+03 
 1.29200000e+00  5.00915304e+03 
 1.29300000e+00  5.01108356e+03 
 1.29400000e+00  5.01300793e+03 
 1.29500000e+00  5.01492617e+03 
 1.29600000e+00  5.01683830e+03 
 1.29700000e+00  5.01874434e+03 
 1.29800000e+00  5.02064431e+03 
 1.29900000e+00  5.02253823e+03 
 1.30000000e+00  5.02442613e+03 
 1.30100000e+00  5.02630803e+03 
 1.30200000e+00  5.02818394e+03 
 1.30300000e+00  5.03005389e+03 
 1.30400000e+00  5.03191791e+03 
 1.30500000e+00  5.03377600e+03 
 1.30600000e+00  5.03562819e+03 
 1.30700000e+00  5.03747451e+03 
 1.30800000e+00  5.03931497e+03 
 1.30900000e+00  5.04114959e+03 
 1.31000000e+00  5.04297840e+03 
 1.31100000e+00  5.04480141e+03 
 1.31200000e+00  5.04661865e+03 
 1.31300000e+00  5.04843013e+03 
 1.31400000e+00  5.05023589e+03 
 1.31500000e+00  5.05203592e+03 
 1.31600000e+00  5.05383027e+03 
 1.31700000e+00  5.05561894e+03 
 1.31800000e+00  5.05740196e+03 
 1.31900000e+00  5.05917935e+03 
 1.32000000e+00  5.06095113e+03 
 1.32100000e+00  5.06271731e+03 
 1.32200000e+00  5.06447792e+03 
 1.32300000e+00  5.06623298e+03 
 1.32400000e+00  5.06798251e+03 
 1.32500000e+00  5.06972652e+03 
 1.32600000e+00  5.07146504e+03 
 1.32700000e+00  5.07319808e+03 
 1.32800000e+00  5.07492567e+03 
 1.32900000e+00  5.07664782e+03 
 1.33000000e+00  5.07836456e+03 
 1.33100000e+00  5.08007590e+03 
 1.33200000e+00  5.08178187e+03 
 1.33300000e+00  5.08348247e+03 
 1.33400000e+00  5.08517774e+03 
 1.33500000e+00  5.08686769e+03 
 1.33600000e+00  5.08855233e+03 
 1.33700000e+00  5.09023170e+03 
 1.33800000e+00  5.09190580e+03 
 1.33900000e+00  5.09357465e+03 
 1.34000000e+00  5.09523828e+03 
 1.34100000e+00  5.09689670e+03 
 1.34200000e+00  5.09854994e+03 
 1.34300000e+00  5.10019800e+03 
 1.34400000e+00  5.10184091e+03 
 1.34500000e+00  5.10347869e+03 
 1.34600000e+00  5.10511136e+03 
 1.34700000e+00  5.10673892e+03 
 1.34800000e+00  5.10836141e+03 
 1.34900000e+00  5.10997884e+03 
 1.35000000e+00  5.11159123e+03 
 1.35100000e+00  5.11319859e+03 
 1.35200000e+00  5.11480095e+03 
 1.35300000e+00  5.11639831e+03 
 1.35400000e+00  5.11799071e+03 
 1.35500000e+00  5.11957815e+03 
 1.35600000e+00  5.12116066e+03 
 1.35700000e+00  5.12273826e+03 
 1.35800000e+00  5.12431095e+03 
 1.35900000e+00  5.12587876e+03 
 1.36000000e+00  5.12744170e+03 
 1.36100000e+00  5.12899980e+03 
 1.36200000e+00  5.13055307e+03 
 1.36300000e+00  5.13210152e+03 
 1.36400000e+00  5.13364518e+03 
 1.36500000e+00  5.13518406e+03 
 1.36600000e+00  5.13671818e+03 
 1.36700000e+00  5.13824756e+03 
 1.36800000e+00  5.13977221e+03 
 1.36900000e+00  5.14129215e+03 
 1.37000000e+00  5.14280739e+03 
 1.37100000e+00  5.14431796e+03 
 1.37200000e+00  5.14582387e+03 
 1.37300000e+00  5.14732513e+03 
 1.37400000e+00  5.14882177e+03 
 1.37500000e+00  5.15031379e+03 
 1.37600000e+00  5.15180123e+03 
 1.37700000e+00  5.15328408e+03 
 1.37800000e+00  5.15476238e+03 
 1.37900000e+00  5.15623613e+03 
 1.38000000e+00  5.15770535e+03 
 1.38100000e+00  5.15917007e+03 
 1.38200000e+00  5.16063028e+03 
 1.38300000e+00  5.16208602e+03 
 1.38400000e+00  5.16353729e+03 
 1.38500000e+00  5.16498411e+03 
 1.38600000e+00  5.16642650e+03 
 1.38700000e+00  5.16786448e+03 
 1.38800000e+00  5.16929805e+03 
 1.38900000e+00  5.17072724e+03 
 1.39000000e+00  5.17215207e+03 
 1.39100000e+00  5.17357253e+03 
 1.39200000e+00  5.17498867e+03 
 1.39300000e+00  5.17640047e+03 
 1.39400000e+00  5.17780798e+03 
 1.39500000e+00  5.17921119e+03 
 1.39600000e+00  5.18061012e+03 
 1.39700000e+00  5.18200480e+03 
 1.39800000e+00  5.18339523e+03 
 1.39900000e+00  5.18478143e+03 
 1.40000000e+00  5.18616341e+03 
 1.40100000e+00  5.18754119e+03 
 1.40200000e+00  5.18891479e+03 
 1.40300000e+00  5.19028422e+03 
 1.40400000e+00  5.19164949e+03 
 1.40500000e+00  5.19301063e+03 
 1.40600000e+00  5.19436763e+03 
 1.40700000e+00  5.19572053e+03 
 1.40800000e+00  5.19706933e+03 
 1.40900000e+00  5.19841405e+03 
 1.41000000e+00  5.19975470e+03 
 1.41100000e+00  5.20109130e+03 
 1.41200000e+00  5.20242386e+03 
 1.41300000e+00  5.20375240e+03 
 1.41400000e+00  5.20507693e+03 
 1.41500000e+00  5.20639746e+03 
 1.41600000e+00  5.20771402e+03 
 1.41700000e+00  5.20902660e+03 
 1.41800000e+00  5.21033524e+03 
 1.41900000e+00  5.21163993e+03 
 1.42000000e+00  5.21294071e+03 
 1.42100000e+00  5.21423757e+03 
 1.42200000e+00  5.21553053e+03 
 1.42300000e+00  5.21681962e+03 
 1.42400000e+00  5.21810483e+03 
 1.42500000e+00  5.21938619e+03 
 1.42600000e+00  5.22066371e+03 
 1.42700000e+00  5.22193740e+03 
 1.42800000e+00  5.22320728e+03 
 1.42900000e+00  5.22447335e+03 
 1.43000000e+00  5.22573564e+03 
 1.43100000e+00  5.22699416e+03 
 1.43200000e+00  5.22824892e+03 
 1.43300000e+00  5.22949993e+03 
 1.43400000e+00  5.23074721e+03 
 1.43500000e+00  5.23199077e+03 
 1.43600000e+00  5.23323062e+03 
 1.43700000e+00  5.23446678e+03 
 1.43800000e+00  5.23569925e+03 
 1.43900000e+00  5.23692806e+03 
 1.44000000e+00  5.23815322e+03 
 1.44100000e+00  5.23937474e+03 
 1.44200000e+00  5.24059262e+03 
 1.44300000e+00  5.24180689e+03 
 1.44400000e+00  5.24301756e+03 
 1.44500000e+00  5.24422464e+03 
 1.44600000e+00  5.24542814e+03 
 1.44700000e+00  5.24662808e+03 
 1.44800000e+00  5.24782447e+03 
 1.44900000e+00  5.24901731e+03 
 1.45000000e+00  5.25020663e+03 
 1.45100000e+00  5.25139244e+03 
 1.45200000e+00  5.25257474e+03 
 1.45300000e+00  5.25375355e+03 
 1.45400000e+00  5.25492889e+03 
 1.45500000e+00  5.25610076e+03 
 1.45600000e+00  5.25726918e+03 
 1.45700000e+00  5.25843416e+03 
 1.45800000e+00  5.25959572e+03 
 1.45900000e+00  5.26075385e+03 
 1.46000000e+00  5.26190858e+03 
 1.46100000e+00  5.26305992e+03 
 1.46200000e+00  5.26420788e+03 
 1.46300000e+00  5.26535248e+03 
 1.46400000e+00  5.26649371e+03 
 1.46500000e+00  5.26763160e+03 
 1.46600000e+00  5.26876616e+03 
 1.46700000e+00  5.26989740e+03 
 1.46800000e+00  5.27102533e+03 
 1.46900000e+00  5.27214996e+03 
 1.47000000e+00  5.27327131e+03 
 1.47100000e+00  5.27438938e+03 
 1.47200000e+00  5.27550419e+03 
 1.47300000e+00  5.27661575e+03 
 1.47400000e+00  5.27772407e+03 
 1.47500000e+00  5.27882916e+03 
 1.47600000e+00  5.27993104e+03 
 1.47700000e+00  5.28102971e+03 
 1.47800000e+00  5.28212518e+03 
 1.47900000e+00  5.28321747e+03 
 1.48000000e+00  5.28430659e+03 
 1.48100000e+00  5.28539255e+03 
 1.48200000e+00  5.28647536e+03 
 1.48300000e+00  5.28755503e+03 
 1.48400000e+00  5.28863157e+03 
 1.48500000e+00  5.28970500e+03 
 1.48600000e+00  5.29077532e+03 
 1.48700000e+00  5.29184254e+03 
 1.48800000e+00  5.29290668e+03 
 1.48900000e+00  5.29396775e+03 
 1.49000000e+00  5.29502575e+03 
 1.49100000e+00  5.29608071e+03 
 1.49200000e+00  5.29713262e+03 
 1.49300000e+00  5.29818150e+03 
 1.49400000e+00  5.29922737e+03 
 1.49500000e+00  5.30027022e+03 
 1.49600000e+00  5.30131007e+03 
 1.49700000e+00  5.30234694e+03 
 1.49800000e+00  5.30338083e+03 
 1.49900000e+00  5.30441175e+03 
 1.50000000e+00  5.30543971e+03 
 1.50100000e+00  5.30646473e+03 
 1.50200000e+00  5.30748681e+03 
 1.50300000e+00  5.30850596e+03 
 1.50400000e+00  5.30952220e+03 
 1.50500000e+00  5.31053554e+03 
 1.50600000e+00  5.31154597e+03 
 1.50700000e+00  5.31255352e+03 
 1.50800000e+00  5.31355820e+03 
 1.50900000e+00  5.31456001e+03 
 1.51000000e+00  5.31555896e+03 
 1.51100000e+00  5.31655507e+03 
 1.51200000e+00  5.31754834e+03 
 1.51300000e+00  5.31853879e+03 
 1.51400000e+00  5.31952642e+03 
 1.51500000e+00  5.32051124e+03 
 1.51600000e+00  5.32149327e+03 
 1.51700000e+00  5.32247251e+03 
 1.51800000e+00  5.32344897e+03 
 1.51900000e+00  5.32442266e+03 
 1.52000000e+00  5.32539360e+03 
 1.52100000e+00  5.32636179e+03 
 1.52200000e+00  5.32732724e+03 
 1.52300000e+00  5.32828996e+03 
 1.52400000e+00  5.32924995e+03 
 1.52500000e+00  5.33020724e+03 
 1.52600000e+00  5.33116183e+03 
 1.52700000e+00  5.33211372e+03 
 1.52800000e+00  5.33306294e+03 
 1.52900000e+00  5.33400947e+03 
 1.53000000e+00  5.33495335e+03 
 1.53100000e+00  5.33589457e+03 
 1.53200000e+00  5.33683314e+03 
 1.53300000e+00  5.33776908e+03 
 1.53400000e+00  5.33870239e+03 
 1.53500000e+00  5.33963308e+03 
 1.53600000e+00  5.34056116e+03 
 1.53700000e+00  5.34148663e+03 
 1.53800000e+00  5.34240952e+03 
 1.53900000e+00  5.34332983e+03 
 1.54000000e+00  5.34424756e+03 
 1.54100000e+00  5.34516272e+03 
 1.54200000e+00  5.34607533e+03 
 1.54300000e+00  5.34698540e+03 
 1.54400000e+00  5.34789292e+03 
 1.54500000e+00  5.34879791e+03 
 1.54600000e+00  5.34970038e+03 
 1.54700000e+00  5.35060034e+03 
 1.54800000e+00  5.35149780e+03 
 1.54900000e+00  5.35239276e+03 
 1.55000000e+00  5.35328523e+03 
 1.55100000e+00  5.35417522e+03 
 1.55200000e+00  5.35506274e+03 
 1.55300000e+00  5.35594781e+03 
 1.55400000e+00  5.35683041e+03 
 1.55500000e+00  5.35771058e+03 
 1.55600000e+00  5.35858830e+03 
 1.55700000e+00  5.35946360e+03 
 1.55800000e+00  5.36033648e+03 
 1.55900000e+00  5.36120695e+03 
 1.56000000e+00  5.36207501e+03 
 1.56100000e+00  5.36294068e+03 
 1.56200000e+00  5.36380396e+03 
 1.56300000e+00  5.36466487e+03 
 1.56400000e+00  5.36552340e+03 
 1.56500000e+00  5.36637957e+03 
 1.56600000e+00  5.36723338e+03 
 1.56700000e+00  5.36808485e+03 
 1.56800000e+00  5.36893397e+03 
 1.56900000e+00  5.36978077e+03 
 1.57000000e+00  5.37062525e+03 
 1.57100000e+00  5.37146741e+03 
 1.57200000e+00  5.37230726e+03 
 1.57300000e+00  5.37314481e+03 
 1.57400000e+00  5.37398007e+03 
 1.57500000e+00  5.37481305e+03 
 1.57600000e+00  5.37564375e+03 
 1.57700000e+00  5.37647218e+03 
 1.57800000e+00  5.37729835e+03 
 1.57900000e+00  5.37812227e+03 
 1.58000000e+00  5.37894394e+03 
 1.58100000e+00  5.37976338e+03 
 1.58200000e+00  5.38058058e+03 
 1.58300000e+00  5.38139556e+03 
 1.58400000e+00  5.38220833e+03 
 1.58500000e+00  5.38301889e+03 
 1.58600000e+00  5.38382724e+03 
 1.58700000e+00  5.38463341e+03 
 1.58800000e+00  5.38543739e+03 
 1.58900000e+00  5.38623919e+03 
 1.59000000e+00  5.38703882e+03 
 1.59100000e+00  5.38783628e+03 
 1.59200000e+00  5.38863159e+03 
 1.59300000e+00  5.38942475e+03 
 1.59400000e+00  5.39021577e+03 
 1.59500000e+00  5.39100465e+03 
 1.59600000e+00  5.39179140e+03 
 1.59700000e+00  5.39257604e+03 
 1.59800000e+00  5.39335856e+03 
 1.59900000e+00  5.39413897e+03 
 1.60000000e+00  5.39491729e+03 
 1.60100000e+00  5.39569351e+03 
 1.60200000e+00  5.39646765e+03 
 1.60300000e+00  5.39723971e+03 
 1.60400000e+00  5.39800969e+03 
 1.60500000e+00  5.39877762e+03 
 1.60600000e+00  5.39954348e+03 
 1.60700000e+00  5.40030730e+03 
 1.60800000e+00  5.40106907e+03 
 1.60900000e+00  5.40182880e+03 
 1.61000000e+00  5.40258650e+03 
 1.61100000e+00  5.40334218e+03 
 1.61200000e+00  5.40409584e+03 
 1.61300000e+00  5.40484750e+03 
 1.61400000e+00  5.40559714e+03 
 1.61500000e+00  5.40634480e+03 
 1.61600000e+00  5.40709046e+03 
 1.61700000e+00  5.40783414e+03 
 1.61800000e+00  5.40857584e+03 
 1.61900000e+00  5.40931557e+03 
 1.62000000e+00  5.41005334e+03 
 1.62100000e+00  5.41078914e+03 
 1.62200000e+00  5.41152300e+03 
 1.62300000e+00  5.41225492e+03 
 1.62400000e+00  5.41298489e+03 
 1.62500000e+00  5.41371294e+03 
 1.62600000e+00  5.41443906e+03 
 1.62700000e+00  5.41516326e+03 
 1.62800000e+00  5.41588554e+03 
 1.62900000e+00  5.41660592e+03 
 1.63000000e+00  5.41732440e+03 
 1.63100000e+00  5.41804099e+03 
 1.63200000e+00  5.41875569e+03 
 1.63300000e+00  5.41946851e+03 
 1.63400000e+00  5.42017945e+03 
 1.63500000e+00  5.42088853e+03 
 1.63600000e+00  5.42159574e+03 
 1.63700000e+00  5.42230109e+03 
 1.63800000e+00  5.42300460e+03 
 1.63900000e+00  5.42370626e+03 
 1.64000000e+00  5.42440608e+03 
 1.64100000e+00  5.42510407e+03 
 1.64200000e+00  5.42580023e+03 
 1.64300000e+00  5.42649457e+03 
 1.64400000e+00  5.42718710e+03 
 1.64500000e+00  5.42787782e+03 
 1.64600000e+00  5.42856674e+03 
 1.64700000e+00  5.42925386e+03 
 1.64800000e+00  5.42993919e+03 
 1.64900000e+00  5.43062273e+03 
 1.65000000e+00  5.43130449e+03 
 1.65100000e+00  5.43198449e+03 
 1.65200000e+00  5.43266271e+03 
 1.65300000e+00  5.43333917e+03 
 1.65400000e+00  5.43401388e+03 
 1.65500000e+00  5.43468683e+03 
 1.65600000e+00  5.43535804e+03 
 1.65700000e+00  5.43602752e+03 
 1.65800000e+00  5.43669525e+03 
 1.65900000e+00  5.43736126e+03 
 1.66000000e+00  5.43802555e+03 
 1.66100000e+00  5.43868812e+03 
 1.66200000e+00  5.43934899e+03 
 1.66300000e+00  5.44000814e+03 
 1.66400000e+00  5.44066560e+03 
 1.66500000e+00  5.44132136e+03 
 1.66600000e+00  5.44197543e+03 
 1.66700000e+00  5.44262782e+03 
 1.66800000e+00  5.44327853e+03 
 1.66900000e+00  5.44392757e+03 
 1.67000000e+00  5.44457494e+03 
 1.67100000e+00  5.44522065e+03 
 1.67200000e+00  5.44586470e+03 
 1.67300000e+00  5.44650710e+03 
 1.67400000e+00  5.44714786e+03 
 1.67500000e+00  5.44778698e+03 
 1.67600000e+00  5.44842446e+03 
 1.67700000e+00  5.44906031e+03 
 1.67800000e+00  5.44969453e+03 
 1.67900000e+00  5.45032714e+03 
 1.68000000e+00  5.45095813e+03 
 1.68100000e+00  5.45158751e+03 
 1.68200000e+00  5.45221529e+03 
 1.68300000e+00  5.45284147e+03 
 1.68400000e+00  5.45346606e+03 
 1.68500000e+00  5.45408906e+03 
 1.68600000e+00  5.45471047e+03 
 1.68700000e+00  5.45533031e+03 
 1.68800000e+00  5.45594857e+03 
 1.68900000e+00  5.45656527e+03 
 1.69000000e+00  5.45718040e+03 
 1.69100000e+00  5.45779397e+03 
 1.69200000e+00  5.45840599e+03 
 1.69300000e+00  5.45901646e+03 
 1.69400000e+00  5.45962539e+03 
 1.69500000e+00  5.46023278e+03 
 1.69600000e+00  5.46083864e+03 
 1.69700000e+00  5.46144297e+03 
 1.69800000e+00  5.46204577e+03 
 1.69900000e+00  5.46264705e+03 
 1.70000000e+00  5.46324682e+03 
 1.70100000e+00  5.46384509e+03 
 1.70200000e+00  5.46444184e+03 
 1.70300000e+00  5.46503710e+03 
 1.70400000e+00  5.46563086e+03 
 1.70500000e+00  5.46622313e+03 
 1.70600000e+00  5.46681392e+03 
 1.70700000e+00  5.46740322e+03 
 1.70800000e+00  5.46799105e+03 
 1.70900000e+00  5.46857741e+03 
 1.71000000e+00  5.46916230e+03 
 1.71100000e+00  5.46974573e+03 
 1.71200000e+00  5.47032770e+03 
 1.71300000e+00  5.47090822e+03 
 1.71400000e+00  5.47148729e+03 
 1.71500000e+00  5.47206491e+03 
 1.71600000e+00  5.47264110e+03 
 1.71700000e+00  5.47321585e+03 
 1.71800000e+00  5.47378917e+03 
 1.71900000e+00  5.47436107e+03 
 1.72000000e+00  5.47493154e+03 
 1.72100000e+00  5.47550060e+03 
 1.72200000e+00  5.47606824e+03 
 1.72300000e+00  5.47663448e+03 
 1.72400000e+00  5.47719931e+03 
 1.72500000e+00  5.47776275e+03 
 1.72600000e+00  5.47832479e+03 
 1.72700000e+00  5.47888544e+03 
 1.72800000e+00  5.47944470e+03 
 1.72900000e+00  5.48000258e+03 
 1.73000000e+00  5.48055909e+03 
 1.73100000e+00  5.48111422e+03 
 1.73200000e+00  5.48166798e+03 
 1.73300000e+00  5.48222038e+03 
 1.73400000e+00  5.48277142e+03 
 1.73500000e+00  5.48332110e+03 
 1.73600000e+00  5.48386943e+03 
 1.73700000e+00  5.48441641e+03 
 1.73800000e+00  5.48496205e+03 
 1.73900000e+00  5.48550635e+03 
 1.74000000e+00  5.48604932e+03 
 1.74100000e+00  5.48659095e+03 
 1.74200000e+00  5.48713126e+03 
 1.74300000e+00  5.48767025e+03 
 1.74400000e+00  5.48820791e+03 
 1.74500000e+00  5.48874427e+03 
 1.74600000e+00  5.48927931e+03 
 1.74700000e+00  5.48981305e+03 
 1.74800000e+00  5.49034548e+03 
 1.74900000e+00  5.49087662e+03 
 1.75000000e+00  5.49140646e+03 
 1.75100000e+00  5.49193501e+03 
 1.75200000e+00  5.49246227e+03 
 1.75300000e+00  5.49298826e+03 
 1.75400000e+00  5.49351296e+03 
 1.75500000e+00  5.49403639e+03 
 1.75600000e+00  5.49455855e+03 
 1.75700000e+00  5.49507945e+03 
 1.75800000e+00  5.49559908e+03 
 1.75900000e+00  5.49611745e+03 
 1.76000000e+00  5.49663457e+03 
 1.76100000e+00  5.49715044e+03 
 1.76200000e+00  5.49766506e+03 
 1.76300000e+00  5.49817843e+03 
 1.76400000e+00  5.49869057e+03 
 1.76500000e+00  5.49920147e+03 
 1.76600000e+00  5.49971114e+03 
 1.76700000e+00  5.50021958e+03 
 1.76800000e+00  5.50072680e+03 
 1.76900000e+00  5.50123280e+03 
 1.77000000e+00  5.50173758e+03 
 1.77100000e+00  5.50224115e+03 
 1.77200000e+00  5.50274350e+03 
 1.77300000e+00  5.50324466e+03 
 1.77400000e+00  5.50374461e+03 
 1.77500000e+00  5.50424336e+03 
 1.77600000e+00  5.50474091e+03 
 1.77700000e+00  5.50523728e+03 
 1.77800000e+00  5.50573246e+03 
 1.77900000e+00  5.50622645e+03 
 1.78000000e+00  5.50671927e+03 
 1.78100000e+00  5.50721091e+03 
 1.78200000e+00  5.50770137e+03 
 1.78300000e+00  5.50819067e+03 
 1.78400000e+00  5.50867879e+03 
 1.78500000e+00  5.50916576e+03 
 1.78600000e+00  5.50965157e+03 
 1.78700000e+00  5.51013622e+03 
 1.78800000e+00  5.51061972e+03 
 1.78900000e+00  5.51110208e+03 
 1.79000000e+00  5.51158328e+03 
 1.79100000e+00  5.51206335e+03 
 1.79200000e+00  5.51254228e+03 
 1.79300000e+00  5.51302007e+03 
 1.79400000e+00  5.51349673e+03 
 1.79500000e+00  5.51397227e+03 
 1.79600000e+00  5.51444668e+03 
 1.79700000e+00  5.51491997e+03 
 1.79800000e+00  5.51539214e+03 
 1.79900000e+00  5.51586320e+03 
 1.80000000e+00  5.51633314e+03 
