 0.00000000e+00  3.92464495e-11 
-1.00000000e-02  5.13323246e-11 
-2.00000000e-02  6.71089479e-11 
-3.00000000e-02  8.76882243e-11 
-4.00000000e-02  1.14509721e-10 
-5.00000000e-02  1.49433741e-10 
-6.00000000e-02  1.94859204e-10 
-7.00000000e-02  2.53872214e-10 
-8.00000000e-02  3.30432217e-10 
-9.00000000e-02  4.29603784e-10 
-1.00000000e-01  5.57843097e-10 
-1.10000000e-01  7.23349110e-10 
-1.20000000e-01  9.36490018e-10 
-1.30000000e-01  1.21031573e-09 
-1.40000000e-01  1.56116646e-09 
-1.50000000e-01  2.00938593e-09 
-1.60000000e-01  2.58014488e-09 
-1.70000000e-01  3.30437633e-09 
-1.80000000e-01  4.21981870e-09 
-1.90000000e-01  5.37215605e-09 
-2.00000000e-01  6.81623780e-09 
-2.10000000e-01  8.61735341e-09 
-2.20000000e-01  1.08525327e-08 
-2.30000000e-01  1.36118403e-08 
-2.40000000e-01  1.69996348e-08 
-2.50000000e-01  2.11357703e-08 
-2.60000000e-01  2.61567301e-08 
-2.70000000e-01  3.22166950e-08 
-2.80000000e-01  3.94885654e-08 
-2.90000000e-01  4.81649671e-08 
-3.00000000e-01  5.84592724e-08 
-3.10000000e-01  7.06066672e-08 
-3.20000000e-01  8.48652710e-08 
-3.30000000e-01  1.01517294e-07 
-3.40000000e-01  1.20870171e-07 
-3.50000000e-01  1.43257588e-07 
-3.60000000e-01  1.69040249e-07 
-3.70000000e-01  1.98606242e-07 
-3.80000000e-01  2.32370808e-07 
-3.90000000e-01  2.70775352e-07 
-4.00000000e-01  3.14285545e-07 
-4.10000000e-01  3.63388412e-07 
-4.20000000e-01  4.18588387e-07 
-4.30000000e-01  4.80402381e-07 
-4.40000000e-01  5.49354017e-07 
-4.50000000e-01  6.25967259e-07 
-4.60000000e-01  7.10759734e-07 
-4.70000000e-01  8.04236096e-07 
-4.80000000e-01  9.06881784e-07 
-4.90000000e-01  1.01915750e-06 
-5.00000000e-01  1.14149467e-06 
-5.10000000e-01  1.27429207e-06 
-5.20000000e-01  1.41791373e-06 
-5.30000000e-01  1.57268804e-06 
-5.40000000e-01  1.73890810e-06 
-5.50000000e-01  1.91683296e-06 
-5.60000000e-01  2.10668978e-06 
-5.70000000e-01  2.30867653e-06 
-5.80000000e-01  2.52296505e-06 
-5.90000000e-01  2.74970435e-06 
-6.00000000e-01  2.98902388e-06 
-6.10000000e-01  3.24103670e-06 
-6.20000000e-01  3.50584245e-06 
-6.30000000e-01  3.78352997e-06 
-6.40000000e-01  4.07417968e-06 
-6.50000000e-01  4.37786553e-06 
-6.60000000e-01  4.69465672e-06 
-6.70000000e-01  5.02461894e-06 
-6.80000000e-01  5.36781548e-06 
-6.90000000e-01  5.72430797e-06 
-7.00000000e-01  6.09415689e-06 
-7.10000000e-01  6.47742190e-06 
-7.20000000e-01  6.87416200e-06 
-7.30000000e-01  7.28443553e-06 
-7.40000000e-01  7.70830004e-06 
-7.50000000e-01  8.14581214e-06 
-7.60000000e-01  8.59702716e-06 
-7.70000000e-01  9.06199886e-06 
-7.80000000e-01  9.54077902e-06 
-7.90000000e-01  1.00334171e-05 
-8.00000000e-01  1.05399597e-05 
-8.10000000e-01  1.10604504e-05 
-8.20000000e-01  1.15949288e-05 
-8.30000000e-01  1.21434308e-05 
-8.40000000e-01  1.27059876e-05 
-8.50000000e-01  1.32826255e-05 
-8.60000000e-01  1.38733656e-05 
-8.70000000e-01  1.44782231e-05 
-8.80000000e-01  1.50972072e-05 
-8.90000000e-01  1.57303208e-05 
-9.00000000e-01  1.63775598e-05 
-9.10000000e-01  1.70389131e-05 
-9.20000000e-01  1.77143623e-05 
-9.30000000e-01  1.84038811e-05 
-9.40000000e-01  1.91074352e-05 
-9.50000000e-01  1.98249824e-05 
-9.60000000e-01  2.05564717e-05 
-9.70000000e-01  2.13018436e-05 
-9.80000000e-01  2.20610295e-05 
-9.90000000e-01  2.28339520e-05 
-1.00000000e+00  2.36205243e-05 
-1.01000000e+00  2.44206503e-05 
-1.02000000e+00  2.52342243e-05 
-1.03000000e+00  2.60611311e-05 
-1.04000000e+00  2.69012457e-05 
-1.05000000e+00  2.77544333e-05 
-1.06000000e+00  2.86205493e-05 
-1.07000000e+00  2.94994391e-05 
-1.08000000e+00  3.03909383e-05 
-1.09000000e+00  3.12948725e-05 
-1.10000000e+00  3.22110574e-05 
-1.11000000e+00  3.31392987e-05 
-1.12000000e+00  3.40793925e-05 
-1.13000000e+00  3.50311249e-05 
-1.14000000e+00  3.59942724e-05 
-1.15000000e+00  3.69686018e-05 
-1.16000000e+00  3.79538705e-05 
-1.17000000e+00  3.89498264e-05 
-1.18000000e+00  3.99562084e-05 
-1.19000000e+00  4.09727461e-05 
-1.20000000e+00  4.19991603e-05 
-1.21000000e+00  4.30351632e-05 
-1.22000000e+00  4.40804585e-05 
-1.23000000e+00  4.51347414e-05 
-1.24000000e+00  4.61976994e-05 
-1.25000000e+00  4.72690121e-05 
-1.26000000e+00  4.83483515e-05 
-1.27000000e+00  4.94353825e-05 
-1.28000000e+00  5.05297629e-05 
-1.29000000e+00  5.16311439e-05 
-1.30000000e+00  5.27391705e-05 
-1.31000000e+00  5.38534815e-05 
-1.32000000e+00  5.49737101e-05 
-1.33000000e+00  5.60994840e-05 
-1.34000000e+00  5.72304261e-05 
-1.35000000e+00  5.83661545e-05 
-1.36000000e+00  5.95062831e-05 
-1.37000000e+00  6.06504216e-05 
-1.38000000e+00  6.17981766e-05 
-1.39000000e+00  6.29491511e-05 
-1.40000000e+00  6.41029454e-05 
-1.41000000e+00  6.52591576e-05 
-1.42000000e+00  6.64173836e-05 
-1.43000000e+00  6.75772175e-05 
-1.44000000e+00  6.87382523e-05 
-1.45000000e+00  6.99000803e-05 
-1.46000000e+00  7.10622931e-05 
-1.47000000e+00  7.22244822e-05 
-1.48000000e+00  7.33862394e-05 
-1.49000000e+00  7.45471575e-05 
-1.50000000e+00  7.57068299e-05 
-1.51000000e+00  7.68648519e-05 
-1.52000000e+00  7.80208202e-05 
-1.53000000e+00  7.91743341e-05 
-1.54000000e+00  8.03249952e-05 
-1.55000000e+00  8.14724082e-05 
-1.56000000e+00  8.26161809e-05 
-1.57000000e+00  8.37559249e-05 
-1.58000000e+00  8.48912557e-05 
-1.59000000e+00  8.60217933e-05 
-1.60000000e+00  8.71471621e-05 
-1.61000000e+00  8.82669915e-05 
-1.62000000e+00  8.93809164e-05 
-1.63000000e+00  9.04885770e-05 
-1.64000000e+00  9.15896196e-05 
-1.65000000e+00  9.26836964e-05 
-1.66000000e+00  9.37704664e-05 
-1.67000000e+00  9.48495949e-05 
-1.68000000e+00  9.59207544e-05 
-1.69000000e+00  9.69836245e-05 
-1.70000000e+00  9.80378921e-05 
-1.71000000e+00  9.90832519e-05 
-1.72000000e+00  1.00119406e-04 
-1.73000000e+00  1.01146066e-04 
-1.74000000e+00  1.02162949e-04 
-1.75000000e+00  1.03169783e-04 
-1.76000000e+00  1.04166304e-04 
-1.77000000e+00  1.05152255e-04 
-1.78000000e+00  1.06127389e-04 
-1.79000000e+00  1.07091469e-04 
-1.80000000e+00  1.08044266e-04 
