 0.00000000e+00  0.00000000e+00 
 1.00000000e-02  2.80404148e-07 
 2.00000000e-02  4.91745454e-07 
 3.00000000e-02  6.42995267e-07 
 4.00000000e-02  7.46321543e-07 
 5.00000000e-02  8.15305827e-07 
 6.00000000e-02  8.61977448e-07 
 7.00000000e-02  8.94995295e-07 
 8.00000000e-02  9.19771857e-07 
 9.00000000e-02  9.39469120e-07 
 1.00000000e-01  9.55911873e-07 
 1.10000000e-01  9.70174418e-07 
 1.20000000e-01  9.82911631e-07 
 1.30000000e-01  9.94538846e-07 
 1.40000000e-01  1.00533002e-06 
 1.50000000e-01  1.01547262e-06 
 1.60000000e-01  1.02509921e-06 
 1.70000000e-01  1.03430638e-06 
 1.80000000e-01  1.04316637e-06 
 1.90000000e-01  1.05173443e-06 
 2.00000000e-01  1.06005371e-06 
 2.10000000e-01  1.06815851e-06 
 2.20000000e-01  1.07607653e-06 
 2.30000000e-01  1.08383044e-06 
 2.40000000e-01  1.09143905e-06 
 2.50000000e-01  1.09891812e-06 
 2.60000000e-01  1.10628099e-06 
 2.70000000e-01  1.11353906e-06 
 2.80000000e-01  1.12070215e-06 
 2.90000000e-01  1.12777877e-06 
 3.00000000e-01  1.13477635e-06 
 3.10000000e-01  1.14170143e-06 
 3.20000000e-01  1.14855977e-06 
 3.30000000e-01  1.15535649e-06 
 3.40000000e-01  1.16209616e-06 
 3.50000000e-01  1.16878287e-06 
 3.60000000e-01  1.17542029e-06 
 3.70000000e-01  1.18201175e-06 
 3.80000000e-01  1.18856025e-06 
 3.90000000e-01  1.19506853e-06 
 4.00000000e-01  1.20153906e-06 
 4.10000000e-01  1.20797414e-06 
 4.20000000e-01  1.21437584e-06 
 4.30000000e-01  1.22074607e-06 
 4.40000000e-01  1.22708661e-06 
 4.50000000e-01  1.23339907e-06 
 4.60000000e-01  1.23968496e-06 
 4.70000000e-01  1.24594568e-06 
 4.80000000e-01  1.25218251e-06 
 4.90000000e-01  1.25839666e-06 
 5.00000000e-01  1.26458924e-06 
 5.10000000e-01  1.27076131e-06 
 5.20000000e-01  1.27691384e-06 
 5.30000000e-01  1.28304773e-06 
 5.40000000e-01  1.28916386e-06 
 5.50000000e-01  1.29526301e-06 
 5.60000000e-01  1.30134594e-06 
 5.70000000e-01  1.30741337e-06 
 5.80000000e-01  1.31346595e-06 
 5.90000000e-01  1.31950432e-06 
 6.00000000e-01  1.32552907e-06 
 6.10000000e-01  1.33154076e-06 
 6.20000000e-01  1.33753993e-06 
 6.30000000e-01  1.34352707e-06 
 6.40000000e-01  1.34950265e-06 
 6.50000000e-01  1.35546714e-06 
 6.60000000e-01  1.36142096e-06 
 6.70000000e-01  1.36736451e-06 
 6.80000000e-01  1.37329818e-06 
 6.90000000e-01  1.37922234e-06 
 7.00000000e-01  1.38513733e-06 
 7.10000000e-01  1.39104350e-06 
 7.20000000e-01  1.39694116e-06 
 7.30000000e-01  1.40283060e-06 
 7.40000000e-01  1.40871213e-06 
 7.50000000e-01  1.41458601e-06 
 7.60000000e-01  1.42045252e-06 
 7.70000000e-01  1.42631189e-06 
 7.80000000e-01  1.43216439e-06 
 7.90000000e-01  1.43801023e-06 
 8.00000000e-01  1.44384963e-06 
 8.10000000e-01  1.44968282e-06 
 8.20000000e-01  1.45550999e-06 
 8.30000000e-01  1.46133135e-06 
 8.40000000e-01  1.46714707e-06 
 8.50000000e-01  1.47295734e-06 
 8.60000000e-01  1.47876233e-06 
 8.70000000e-01  1.48456220e-06 
 8.80000000e-01  1.49035713e-06 
 8.90000000e-01  1.49614725e-06 
 9.00000000e-01  1.50193273e-06 
 9.10000000e-01  1.50771370e-06 
 9.20000000e-01  1.51349030e-06 
 9.30000000e-01  1.51926266e-06 
 9.40000000e-01  1.52503092e-06 
 9.50000000e-01  1.53079518e-06 
 9.60000000e-01  1.53655559e-06 
 9.70000000e-01  1.54231224e-06 
 9.80000000e-01  1.54806524e-06 
 9.90000000e-01  1.55381472e-06 
 1.00000000e+00  1.55956076e-06 
 1.01000000e+00  1.56530347e-06 
 1.02000000e+00  1.57104295e-06 
 1.03000000e+00  1.57677929e-06 
 1.04000000e+00  1.58251257e-06 
 1.05000000e+00  1.58824290e-06 
 1.06000000e+00  1.59397034e-06 
 1.07000000e+00  1.59969499e-06 
 1.08000000e+00  1.60541692e-06 
 1.09000000e+00  1.61113622e-06 
 1.10000000e+00  1.61685294e-06 
 1.11000000e+00  1.62256718e-06 
 1.12000000e+00  1.62827899e-06 
 1.13000000e+00  1.63398844e-06 
 1.14000000e+00  1.63969560e-06 
 1.15000000e+00  1.64540054e-06 
 1.16000000e+00  1.65110332e-06 
 1.17000000e+00  1.65680399e-06 
 1.18000000e+00  1.66250262e-06 
 1.19000000e+00  1.66819925e-06 
 1.20000000e+00  1.67389396e-06 
 1.21000000e+00  1.67958678e-06 
 1.22000000e+00  1.68527778e-06 
 1.23000000e+00  1.69096700e-06 
 1.24000000e+00  1.69665450e-06 
 1.25000000e+00  1.70234031e-06 
 1.26000000e+00  1.70802449e-06 
 1.27000000e+00  1.71370708e-06 
 1.28000000e+00  1.71938813e-06 
 1.29000000e+00  1.72506767e-06 
 1.30000000e+00  1.73074576e-06 
 1.31000000e+00  1.73642242e-06 
 1.32000000e+00  1.74209771e-06 
 1.33000000e+00  1.74777166e-06 
 1.34000000e+00  1.75344430e-06 
 1.35000000e+00  1.75911567e-06 
 1.36000000e+00  1.76478582e-06 
 1.37000000e+00  1.77045476e-06 
 1.38000000e+00  1.77612255e-06 
 1.39000000e+00  1.78178920e-06 
 1.40000000e+00  1.78745476e-06 
 1.41000000e+00  1.79311925e-06 
 1.42000000e+00  1.79878270e-06 
 1.43000000e+00  1.80444515e-06 
 1.44000000e+00  1.81010662e-06 
 1.45000000e+00  1.81576714e-06 
 1.46000000e+00  1.82142674e-06 
 1.47000000e+00  1.82708544e-06 
 1.48000000e+00  1.83274328e-06 
 1.49000000e+00  1.83840028e-06 
 1.50000000e+00  1.84405646e-06 
 1.51000000e+00  1.84971185e-06 
 1.52000000e+00  1.85536647e-06 
 1.53000000e+00  1.86102035e-06 
 1.54000000e+00  1.86667351e-06 
 1.55000000e+00  1.87232596e-06 
 1.56000000e+00  1.87797774e-06 
 1.57000000e+00  1.88362887e-06 
 1.58000000e+00  1.88927936e-06 
 1.59000000e+00  1.89492923e-06 
 1.60000000e+00  1.90057852e-06 
 1.61000000e+00  1.90622723e-06 
 1.62000000e+00  1.91187538e-06 
 1.63000000e+00  1.91752300e-06 
 1.64000000e+00  1.92317010e-06 
 1.65000000e+00  1.92881670e-06 
 1.66000000e+00  1.93446282e-06 
 1.67000000e+00  1.94010847e-06 
 1.68000000e+00  1.94575368e-06 
 1.69000000e+00  1.95139846e-06 
 1.70000000e+00  1.95704282e-06 
 1.71000000e+00  1.96268678e-06 
 1.72000000e+00  1.96833036e-06 
 1.73000000e+00  1.97397358e-06 
 1.74000000e+00  1.97961644e-06 
 1.75000000e+00  1.98525896e-06 
 1.76000000e+00  1.99090116e-06 
 1.77000000e+00  1.99654306e-06 
 1.78000000e+00  2.00218465e-06 
 1.79000000e+00  2.00782597e-06 
 1.80000000e+00  2.01346702e-06 
 0.00000000e+00  0.00000000e+00 
 1.00000000e-02  3.15021824e-05 
 2.00000000e-02  6.18479704e-05 
 3.00000000e-02  9.10496959e-05 
 4.00000000e-02  1.19119506e-04 
 5.00000000e-02  1.46069360e-04 
 6.00000000e-02  1.71911027e-04 
 7.00000000e-02  1.96656081e-04 
 8.00000000e-02  2.20315894e-04 
 9.00000000e-02  2.42901631e-04 
 1.00000000e-01  2.64424251e-04 
 1.10000000e-01  2.84894501e-04 
 1.20000000e-01  3.04322934e-04 
 1.30000000e-01  3.22719946e-04 
 1.40000000e-01  3.40095847e-04 
 1.50000000e-01  3.56461009e-04 
 1.60000000e-01  3.71826121e-04 
 1.70000000e-01  3.86202608e-04 
 1.80000000e-01  3.99603299e-04 
 1.90000000e-01  4.12043391e-04 
 2.00000000e-01  4.23541748e-04 
 2.10000000e-01  4.34122468e-04 
 2.20000000e-01  4.43816489e-04 
 2.30000000e-01  4.52662860e-04 
 2.40000000e-01  4.60709204e-04 
 2.50000000e-01  4.68011027e-04 
 2.60000000e-01  4.74629848e-04 
 2.70000000e-01  4.80630485e-04 
 2.80000000e-01  4.86078089e-04 
 2.90000000e-01  4.91035501e-04 
 3.00000000e-01  4.95561290e-04 
 3.10000000e-01  4.99708585e-04 
 3.20000000e-01  5.03524598e-04 
 3.30000000e-01  5.07050674e-04 
 3.40000000e-01  5.10322656e-04 
 3.50000000e-01  5.13371432e-04 
 3.60000000e-01  5.16223526e-04 
 3.70000000e-01  5.18901699e-04 
 3.80000000e-01  5.21425487e-04 
 3.90000000e-01  5.23811690e-04 
 4.00000000e-01  5.26074792e-04 
 4.10000000e-01  5.28227320e-04 
 4.20000000e-01  5.30280145e-04 
 4.30000000e-01  5.32242735e-04 
 4.40000000e-01  5.34123366e-04 
 4.50000000e-01  5.35929305e-04 
 4.60000000e-01  5.37666950e-04 
 4.70000000e-01  5.39341961e-04 
 4.80000000e-01  5.40959358e-04 
 4.90000000e-01  5.42523614e-04 
 5.00000000e-01  5.44038723e-04 
 5.10000000e-01  5.45508267e-04 
 5.20000000e-01  5.46935467e-04 
 5.30000000e-01  5.48323227e-04 
 5.40000000e-01  5.49674175e-04 
 5.50000000e-01  5.50990693e-04 
 5.60000000e-01  5.52274949e-04 
 5.70000000e-01  5.53528919e-04 
 5.80000000e-01  5.54754408e-04 
 5.90000000e-01  5.55953071e-04 
 6.00000000e-01  5.57126424e-04 
 6.10000000e-01  5.58275866e-04 
 6.20000000e-01  5.59402684e-04 
 6.30000000e-01  5.60508066e-04 
 6.40000000e-01  5.61593114e-04 
 6.50000000e-01  5.62658847e-04 
 6.60000000e-01  5.63706212e-04 
 6.70000000e-01  5.64736090e-04 
 6.80000000e-01  5.65749302e-04 
 6.90000000e-01  5.66746612e-04 
 7.00000000e-01  5.67728737e-04 
 7.10000000e-01  5.68696345e-04 
 7.20000000e-01  5.69650064e-04 
 7.30000000e-01  5.70590480e-04 
 7.40000000e-01  5.71518146e-04 
 7.50000000e-01  5.72433582e-04 
 7.60000000e-01  5.73337276e-04 
 7.70000000e-01  5.74229689e-04 
 7.80000000e-01  5.75111257e-04 
 7.90000000e-01  5.75982388e-04 
 8.00000000e-01  5.76843472e-04 
 8.10000000e-01  5.77694877e-04 
 8.20000000e-01  5.78536949e-04 
 8.30000000e-01  5.79370019e-04 
 8.40000000e-01  5.80194400e-04 
 8.50000000e-01  5.81010389e-04 
 8.60000000e-01  5.81818269e-04 
 8.70000000e-01  5.82618309e-04 
 8.80000000e-01  5.83410765e-04 
 8.90000000e-01  5.84195881e-04 
 9.00000000e-01  5.84973889e-04 
 9.10000000e-01  5.85745011e-04 
 9.20000000e-01  5.86509458e-04 
 9.30000000e-01  5.87267435e-04 
 9.40000000e-01  5.88019133e-04 
 9.50000000e-01  5.88764738e-04 
 9.60000000e-01  5.89504428e-04 
 9.70000000e-01  5.90238371e-04 
 9.80000000e-01  5.90966731e-04 
 9.90000000e-01  5.91689664e-04 
 1.00000000e+00  5.92407319e-04 
 1.01000000e+00  5.93119841e-04 
 1.02000000e+00  5.93827366e-04 
 1.03000000e+00  5.94530028e-04 
 1.04000000e+00  5.95227954e-04 
 1.05000000e+00  5.95921268e-04 
 1.06000000e+00  5.96610086e-04 
 1.07000000e+00  5.97294523e-04 
 1.08000000e+00  5.97974688e-04 
 1.09000000e+00  5.98650687e-04 
 1.10000000e+00  5.99322621e-04 
 1.11000000e+00  5.99990589e-04 
 1.12000000e+00  6.00654685e-04 
 1.13000000e+00  6.01315001e-04 
 1.14000000e+00  6.01971624e-04 
 1.15000000e+00  6.02624642e-04 
 1.16000000e+00  6.03274134e-04 
 1.17000000e+00  6.03920182e-04 
 1.18000000e+00  6.04562863e-04 
 1.19000000e+00  6.05202251e-04 
 1.20000000e+00  6.05838417e-04 
 1.21000000e+00  6.06471433e-04 
 1.22000000e+00  6.07101366e-04 
 1.23000000e+00  6.07728281e-04 
 1.24000000e+00  6.08352242e-04 
 1.25000000e+00  6.08973310e-04 
 1.26000000e+00  6.09591545e-04 
 1.27000000e+00  6.10207005e-04 
 1.28000000e+00  6.10819747e-04 
 1.29000000e+00  6.11429825e-04 
 1.30000000e+00  6.12037291e-04 
 1.31000000e+00  6.12642198e-04 
 1.32000000e+00  6.13244595e-04 
 1.33000000e+00  6.13844531e-04 
 1.34000000e+00  6.14442054e-04 
 1.35000000e+00  6.15037208e-04 
 1.36000000e+00  6.15630038e-04 
 1.37000000e+00  6.16220588e-04 
 1.38000000e+00  6.16808901e-04 
 1.39000000e+00  6.17395017e-04 
 1.40000000e+00  6.17978976e-04 
 1.41000000e+00  6.18560818e-04 
 1.42000000e+00  6.19140579e-04 
 1.43000000e+00  6.19718298e-04 
 1.44000000e+00  6.20294009e-04 
 1.45000000e+00  6.20867749e-04 
 1.46000000e+00  6.21439551e-04 
 1.47000000e+00  6.22009449e-04 
 1.48000000e+00  6.22577475e-04 
 1.49000000e+00  6.23143661e-04 
 1.50000000e+00  6.23708038e-04 
 1.51000000e+00  6.24270635e-04 
 1.52000000e+00  6.24831484e-04 
 1.53000000e+00  6.25390611e-04 
 1.54000000e+00  6.25948046e-04 
 1.55000000e+00  6.26503816e-04 
 1.56000000e+00  6.27057947e-04 
 1.57000000e+00  6.27610467e-04 
 1.58000000e+00  6.28161399e-04 
 1.59000000e+00  6.28710771e-04 
 1.60000000e+00  6.29258605e-04 
 1.61000000e+00  6.29804926e-04 
 1.62000000e+00  6.30349757e-04 
 1.63000000e+00  6.30893122e-04 
 1.64000000e+00  6.31435043e-04 
 1.65000000e+00  6.31975541e-04 
 1.66000000e+00  6.32514639e-04 
 1.67000000e+00  6.33052358e-04 
 1.68000000e+00  6.33588717e-04 
 1.69000000e+00  6.34123738e-04 
 1.70000000e+00  6.34657441e-04 
 1.71000000e+00  6.35189844e-04 
 1.72000000e+00  6.35720968e-04 
 1.73000000e+00  6.36250831e-04 
 1.74000000e+00  6.36779451e-04 
 1.75000000e+00  6.37306848e-04 
 1.76000000e+00  6.37833038e-04 
 1.77000000e+00  6.38358040e-04 
 1.78000000e+00  6.38881870e-04 
 1.79000000e+00  6.39404547e-04 
 1.80000000e+00  6.39926086e-04 
 0.00000000e+00  0.00000000e+00 
 1.00000000e-02  6.81826334e-05 
 2.00000000e-02  1.35001052e-04 
 3.00000000e-02  2.00467929e-04 
 4.00000000e-02  2.64595717e-04 
 5.00000000e-02  3.27396641e-04 
 6.00000000e-02  3.88882690e-04 
 7.00000000e-02  4.49065603e-04 
 8.00000000e-02  5.07956853e-04 
 9.00000000e-02  5.65567635e-04 
 1.00000000e-01  6.21908833e-04 
 1.10000000e-01  6.76991004e-04 
 1.20000000e-01  7.30824335e-04 
 1.30000000e-01  7.83418608e-04 
 1.40000000e-01  8.34783145e-04 
 1.50000000e-01  8.84926752e-04 
 1.60000000e-01  9.33857645e-04 
 1.70000000e-01  9.81583355e-04 
 1.80000000e-01  1.02811063e-03 
 1.90000000e-01  1.07344529e-03 
 2.00000000e-01  1.11759211e-03 
 2.10000000e-01  1.16055457e-03 
 2.20000000e-01  1.20233470e-03 
 2.30000000e-01  1.24293283e-03 
 2.40000000e-01  1.28234726e-03 
 2.50000000e-01  1.32057400e-03 
 2.60000000e-01  1.35760641e-03 
 2.70000000e-01  1.39343492e-03 
 2.80000000e-01  1.42804676e-03 
 2.90000000e-01  1.46142582e-03 
 3.00000000e-01  1.49355268e-03 
 3.10000000e-01  1.52440503e-03 
 3.20000000e-01  1.55395849e-03 
 3.30000000e-01  1.58218801e-03 
 3.40000000e-01  1.60906989e-03 
 3.50000000e-01  1.63458446e-03 
 3.60000000e-01  1.65871910e-03 
 3.70000000e-01  1.68147135e-03 
 3.80000000e-01  1.70285148e-03 
 3.90000000e-01  1.72288418e-03 
 4.00000000e-01  1.74160889e-03 
 4.10000000e-01  1.75907866e-03 
 4.20000000e-01  1.77535791e-03 
 4.30000000e-01  1.79051938e-03 
 4.40000000e-01  1.80464077e-03 
 4.50000000e-01  1.81780169e-03 
 4.60000000e-01  1.83008091e-03 
 4.70000000e-01  1.84155440e-03 
 4.80000000e-01  1.85229392e-03 
 4.90000000e-01  1.86236614e-03 
 5.00000000e-01  1.87183231e-03 
 5.10000000e-01  1.88074813e-03 
 5.20000000e-01  1.88916398e-03 
 5.30000000e-01  1.89712519e-03 
 5.40000000e-01  1.90467241e-03 
 5.50000000e-01  1.91184205e-03 
 5.60000000e-01  1.91866669e-03 
 5.70000000e-01  1.92517548e-03 
 5.80000000e-01  1.93139452e-03 
 5.90000000e-01  1.93734718e-03 
 6.00000000e-01  1.94305446e-03 
 6.10000000e-01  1.94853519e-03 
 6.20000000e-01  1.95380636e-03 
 6.30000000e-01  1.95888325e-03 
 6.40000000e-01  1.96377971e-03 
 6.50000000e-01  1.96850825e-03 
 6.60000000e-01  1.97308023e-03 
 6.70000000e-01  1.97750598e-03 
 6.80000000e-01  1.98179490e-03 
 6.90000000e-01  1.98595557e-03 
 7.00000000e-01  1.98999585e-03 
 7.10000000e-01  1.99392292e-03 
 7.20000000e-01  1.99774339e-03 
 7.30000000e-01  2.00146333e-03 
 7.40000000e-01  2.00508834e-03 
 7.50000000e-01  2.00862356e-03 
 7.60000000e-01  2.01207378e-03 
 7.70000000e-01  2.01544342e-03 
 7.80000000e-01  2.01873656e-03 
 7.90000000e-01  2.02195702e-03 
 8.00000000e-01  2.02510833e-03 
 8.10000000e-01  2.02819380e-03 
 8.20000000e-01  2.03121650e-03 
 8.30000000e-01  2.03417929e-03 
 8.40000000e-01  2.03708488e-03 
 8.50000000e-01  2.03993577e-03 
 8.60000000e-01  2.04273432e-03 
 8.70000000e-01  2.04548276e-03 
 8.80000000e-01  2.04818316e-03 
 8.90000000e-01  2.05083748e-03 
 9.00000000e-01  2.05344756e-03 
 9.10000000e-01  2.05601515e-03 
 9.20000000e-01  2.05854188e-03 
 9.30000000e-01  2.06102932e-03 
 9.40000000e-01  2.06347892e-03 
 9.50000000e-01  2.06589207e-03 
 9.60000000e-01  2.06827009e-03 
 9.70000000e-01  2.07061423e-03 
 9.80000000e-01  2.07292566e-03 
 9.90000000e-01  2.07520552e-03 
 1.00000000e+00  2.07745487e-03 
 1.01000000e+00  2.07967473e-03 
 1.02000000e+00  2.08186607e-03 
 1.03000000e+00  2.08402981e-03 
 1.04000000e+00  2.08616682e-03 
 1.05000000e+00  2.08827795e-03 
 1.06000000e+00  2.09036399e-03 
 1.07000000e+00  2.09242572e-03 
 1.08000000e+00  2.09446386e-03 
 1.09000000e+00  2.09647911e-03 
 1.10000000e+00  2.09847214e-03 
 1.11000000e+00  2.10044359e-03 
 1.12000000e+00  2.10239408e-03 
 1.13000000e+00  2.10432420e-03 
 1.14000000e+00  2.10623450e-03 
 1.15000000e+00  2.10812554e-03 
 1.16000000e+00  2.10999782e-03 
 1.17000000e+00  2.11185186e-03 
 1.18000000e+00  2.11368814e-03 
 1.19000000e+00  2.11550711e-03 
 1.20000000e+00  2.11730921e-03 
 1.21000000e+00  2.11909489e-03 
 1.22000000e+00  2.12086455e-03 
 1.23000000e+00  2.12261859e-03 
 1.24000000e+00  2.12435739e-03 
 1.25000000e+00  2.12608132e-03 
 1.26000000e+00  2.12779074e-03 
 1.27000000e+00  2.12948599e-03 
 1.28000000e+00  2.13116740e-03 
 1.29000000e+00  2.13283529e-03 
 1.30000000e+00  2.13448998e-03 
 1.31000000e+00  2.13613177e-03 
 1.32000000e+00  2.13776093e-03 
 1.33000000e+00  2.13937776e-03 
 1.34000000e+00  2.14098252e-03 
 1.35000000e+00  2.14257548e-03 
 1.36000000e+00  2.14415689e-03 
 1.37000000e+00  2.14572700e-03 
 1.38000000e+00  2.14728604e-03 
 1.39000000e+00  2.14883424e-03 
 1.40000000e+00  2.15037184e-03 
 1.41000000e+00  2.15189904e-03 
 1.42000000e+00  2.15341606e-03 
 1.43000000e+00  2.15492310e-03 
 1.44000000e+00  2.15642037e-03 
 1.45000000e+00  2.15790805e-03 
 1.46000000e+00  2.15938632e-03 
 1.47000000e+00  2.16085538e-03 
 1.48000000e+00  2.16231540e-03 
 1.49000000e+00  2.16376655e-03 
 1.50000000e+00  2.16520900e-03 
 1.51000000e+00  2.16664291e-03 
 1.52000000e+00  2.16806844e-03 
 1.53000000e+00  2.16948574e-03 
 1.54000000e+00  2.17089496e-03 
 1.55000000e+00  2.17229624e-03 
 1.56000000e+00  2.17368974e-03 
 1.57000000e+00  2.17507558e-03 
 1.58000000e+00  2.17645391e-03 
 1.59000000e+00  2.17782485e-03 
 1.60000000e+00  2.17918852e-03 
 1.61000000e+00  2.18054507e-03 
 1.62000000e+00  2.18189459e-03 
 1.63000000e+00  2.18323723e-03 
 1.64000000e+00  2.18457308e-03 
 1.65000000e+00  2.18590227e-03 
 1.66000000e+00  2.18722490e-03 
 1.67000000e+00  2.18854108e-03 
 1.68000000e+00  2.18985091e-03 
 1.69000000e+00  2.19115450e-03 
 1.70000000e+00  2.19245195e-03 
 1.71000000e+00  2.19374335e-03 
 1.72000000e+00  2.19502881e-03 
 1.73000000e+00  2.19630841e-03 
 1.74000000e+00  2.19758225e-03 
 1.75000000e+00  2.19885041e-03 
 1.76000000e+00  2.20011298e-03 
 1.77000000e+00  2.20137005e-03 
 1.78000000e+00  2.20262170e-03 
 1.79000000e+00  2.20386802e-03 
 1.80000000e+00  2.20510909e-03 
 0.00000000e+00  0.00000000e+00 
 1.00000000e-02  9.23108502e-05 
 2.00000000e-02  1.83309698e-04 
 3.00000000e-02  2.73006921e-04 
 4.00000000e-02  3.61412755e-04 
 5.00000000e-02  4.48537294e-04 
 6.00000000e-02  5.34390483e-04 
 7.00000000e-02  6.18982117e-04 
 8.00000000e-02  7.02321834e-04 
 9.00000000e-02  7.84419113e-04 
 1.00000000e-01  8.65283265e-04 
 1.10000000e-01  9.44923423e-04 
 1.20000000e-01  1.02334854e-03 
 1.30000000e-01  1.10056736e-03 
 1.40000000e-01  1.17658844e-03 
 1.50000000e-01  1.25142009e-03 
 1.60000000e-01  1.32507039e-03 
 1.70000000e-01  1.39754713e-03 
 1.80000000e-01  1.46885784e-03 
 1.90000000e-01  1.53900971e-03 
 2.00000000e-01  1.60800957e-03 
 2.10000000e-01  1.67586385e-03 
 2.20000000e-01  1.74257853e-03 
 2.30000000e-01  1.80815906e-03 
 2.40000000e-01  1.87261033e-03 
 2.50000000e-01  1.93593655e-03 
 2.60000000e-01  1.99814116e-03 
 2.70000000e-01  2.05922672e-03 
 2.80000000e-01  2.11919478e-03 
 2.90000000e-01  2.17804570e-03 
 3.00000000e-01  2.23577846e-03 
 3.10000000e-01  2.29239048e-03 
 3.20000000e-01  2.34787733e-03 
 3.30000000e-01  2.40223246e-03 
 3.40000000e-01  2.45544689e-03 
 3.50000000e-01  2.50750886e-03 
 3.60000000e-01  2.55840344e-03 
 3.70000000e-01  2.60811216e-03 
 3.80000000e-01  2.65661265e-03 
 3.90000000e-01  2.70387837e-03 
 4.00000000e-01  2.74987836e-03 
 4.10000000e-01  2.79457730e-03 
 4.20000000e-01  2.83793575e-03 
 4.30000000e-01  2.87991087e-03 
 4.40000000e-01  2.92045752e-03 
 4.50000000e-01  2.95952999e-03 
 4.60000000e-01  2.99708427e-03 
 4.70000000e-01  3.03308078e-03 
 4.80000000e-01  3.06748742e-03 
 4.90000000e-01  3.10028253e-03 
 5.00000000e-01  3.13145754e-03 
 5.10000000e-01  3.16101876e-03 
 5.20000000e-01  3.18898818e-03 
 5.30000000e-01  3.21540311e-03 
 5.40000000e-01  3.24031473e-03 
 5.50000000e-01  3.26378583e-03 
 5.60000000e-01  3.28588805e-03 
 5.70000000e-01  3.30669896e-03 
 5.80000000e-01  3.32629932e-03 
 5.90000000e-01  3.34477064e-03 
 6.00000000e-01  3.36219323e-03 
 6.10000000e-01  3.37864466e-03 
 6.20000000e-01  3.39419878e-03 
 6.30000000e-01  3.40892503e-03 
 6.40000000e-01  3.42288807e-03 
 6.50000000e-01  3.43614774e-03 
 6.60000000e-01  3.44875903e-03 
 6.70000000e-01  3.46077236e-03 
 6.80000000e-01  3.47223376e-03 
 6.90000000e-01  3.48318520e-03 
 7.00000000e-01  3.49366490e-03 
 7.10000000e-01  3.50370762e-03 
 7.20000000e-01  3.51334501e-03 
 7.30000000e-01  3.52260587e-03 
 7.40000000e-01  3.53151642e-03 
 7.50000000e-01  3.54010056e-03 
 7.60000000e-01  3.54838011e-03 
 7.70000000e-01  3.55637497e-03 
 7.80000000e-01  3.56410338e-03 
 7.90000000e-01  3.57158200e-03 
 8.00000000e-01  3.57882614e-03 
 8.10000000e-01  3.58584985e-03 
 8.20000000e-01  3.59266605e-03 
 8.30000000e-01  3.59928664e-03 
 8.40000000e-01  3.60572259e-03 
 8.50000000e-01  3.61198406e-03 
 8.60000000e-01  3.61808042e-03 
 8.70000000e-01  3.62402036e-03 
 8.80000000e-01  3.62981194e-03 
 8.90000000e-01  3.63546265e-03 
 9.00000000e-01  3.64097946e-03 
 9.10000000e-01  3.64636886e-03 
 9.20000000e-01  3.65163691e-03 
 9.30000000e-01  3.65678924e-03 
 9.40000000e-01  3.66183116e-03 
 9.50000000e-01  3.66676760e-03 
 9.60000000e-01  3.67160320e-03 
 9.70000000e-01  3.67634231e-03 
 9.80000000e-01  3.68098901e-03 
 9.90000000e-01  3.68554716e-03 
 1.00000000e+00  3.69002035e-03 
 1.01000000e+00  3.69441201e-03 
 1.02000000e+00  3.69872535e-03 
 1.03000000e+00  3.70296340e-03 
 1.04000000e+00  3.70712902e-03 
 1.05000000e+00  3.71122493e-03 
 1.06000000e+00  3.71525370e-03 
 1.07000000e+00  3.71921776e-03 
 1.08000000e+00  3.72311941e-03 
 1.09000000e+00  3.72696085e-03 
 1.10000000e+00  3.73074416e-03 
 1.11000000e+00  3.73447131e-03 
 1.12000000e+00  3.73814417e-03 
 1.13000000e+00  3.74176455e-03 
 1.14000000e+00  3.74533415e-03 
 1.15000000e+00  3.74885459e-03 
 1.16000000e+00  3.75232743e-03 
 1.17000000e+00  3.75575414e-03 
 1.18000000e+00  3.75913614e-03 
 1.19000000e+00  3.76247478e-03 
 1.20000000e+00  3.76577136e-03 
 1.21000000e+00  3.76902710e-03 
 1.22000000e+00  3.77224320e-03 
 1.23000000e+00  3.77542079e-03 
 1.24000000e+00  3.77856096e-03 
 1.25000000e+00  3.78166475e-03 
 1.26000000e+00  3.78473317e-03 
 1.27000000e+00  3.78776717e-03 
 1.28000000e+00  3.79076768e-03 
 1.29000000e+00  3.79373558e-03 
 1.30000000e+00  3.79667174e-03 
 1.31000000e+00  3.79957697e-03 
 1.32000000e+00  3.80245205e-03 
 1.33000000e+00  3.80529777e-03 
 1.34000000e+00  3.80811483e-03 
 1.35000000e+00  3.81090396e-03 
 1.36000000e+00  3.81366584e-03 
 1.37000000e+00  3.81640111e-03 
 1.38000000e+00  3.81911042e-03 
 1.39000000e+00  3.82179437e-03 
 1.40000000e+00  3.82445357e-03 
 1.41000000e+00  3.82708857e-03 
 1.42000000e+00  3.82969993e-03 
 1.43000000e+00  3.83228819e-03 
 1.44000000e+00  3.83485385e-03 
 1.45000000e+00  3.83739743e-03 
 1.46000000e+00  3.83991939e-03 
 1.47000000e+00  3.84242022e-03 
 1.48000000e+00  3.84490035e-03 
 1.49000000e+00  3.84736024e-03 
 1.50000000e+00  3.84980031e-03 
 1.51000000e+00  3.85222096e-03 
 1.52000000e+00  3.85462260e-03 
 1.53000000e+00  3.85700561e-03 
 1.54000000e+00  3.85937038e-03 
 1.55000000e+00  3.86171726e-03 
 1.56000000e+00  3.86404661e-03 
 1.57000000e+00  3.86635878e-03 
 1.58000000e+00  3.86865409e-03 
 1.59000000e+00  3.87093288e-03 
 1.60000000e+00  3.87319545e-03 
 1.61000000e+00  3.87544212e-03 
 1.62000000e+00  3.87767318e-03 
 1.63000000e+00  3.87988893e-03 
 1.64000000e+00  3.88208964e-03 
 1.65000000e+00  3.88427559e-03 
 1.66000000e+00  3.88644704e-03 
 1.67000000e+00  3.88860427e-03 
 1.68000000e+00  3.89074751e-03 
 1.69000000e+00  3.89287702e-03 
 1.70000000e+00  3.89499304e-03 
 1.71000000e+00  3.89709579e-03 
 1.72000000e+00  3.89918552e-03 
 1.73000000e+00  3.90126244e-03 
 1.74000000e+00  3.90332677e-03 
 1.75000000e+00  3.90537872e-03 
 1.76000000e+00  3.90741850e-03 
 1.77000000e+00  3.90944631e-03 
 1.78000000e+00  3.91146234e-03 
 1.79000000e+00  3.91346679e-03 
 1.80000000e+00  3.91545984e-03 
