 0.00000000e+00  0.00000000e+00 
-1.00000000e-02  3.06601884e-07 
-2.00000000e-02  6.02511640e-07 
-3.00000000e-02  8.87795528e-07 
-4.00000000e-02  1.16253126e-06 
-5.00000000e-02  1.42680797e-06 
-6.00000000e-02  1.68072648e-06 
-7.00000000e-02  1.92439963e-06 
-8.00000000e-02  2.15795286e-06 
-9.00000000e-02  2.38152476e-06 
-1.00000000e-01  2.59526775e-06 
-1.10000000e-01  2.79934874e-06 
-1.20000000e-01  2.99394973e-06 
-1.30000000e-01  3.17926835e-06 
-1.40000000e-01  3.35551834e-06 
-1.50000000e-01  3.52292978e-06 
-1.60000000e-01  3.68174917e-06 
-1.70000000e-01  3.83223922e-06 
-1.80000000e-01  3.97467839e-06 
-1.90000000e-01  4.10936006e-06 
-2.00000000e-01  4.23659135e-06 
-2.10000000e-01  4.35669165e-06 
-2.20000000e-01  4.46999069e-06 
-2.30000000e-01  4.57682641e-06 
-2.40000000e-01  4.67754254e-06 
-2.50000000e-01  4.77248592e-06 
-2.60000000e-01  4.86200377e-06 
-2.70000000e-01  4.94644094e-06 
-2.80000000e-01  5.02613722e-06 
-2.90000000e-01  5.10142476e-06 
-3.00000000e-01  5.17262578e-06 
-3.10000000e-01  5.24005058e-06 
-3.20000000e-01  5.30399585e-06 
-3.30000000e-01  5.36474336e-06 
-3.40000000e-01  5.42255902e-06 
-3.50000000e-01  5.47769233e-06 
-3.60000000e-01  5.53037606e-06 
-3.70000000e-01  5.58082635e-06 
-3.80000000e-01  5.62924297e-06 
-3.90000000e-01  5.67580982e-06 
-4.00000000e-01  5.72069558e-06 
-4.10000000e-01  5.76405450e-06 
-4.20000000e-01  5.80602721e-06 
-4.30000000e-01  5.84674167e-06 
-4.40000000e-01  5.88631406e-06 
-4.50000000e-01  5.92484968e-06 
-4.60000000e-01  5.96244388e-06 
-4.70000000e-01  5.99918286e-06 
-4.80000000e-01  6.03514453e-06 
-4.90000000e-01  6.07039928e-06 
-5.00000000e-01  6.10501062e-06 
-5.10000000e-01  6.13903594e-06 
-5.20000000e-01  6.17252700e-06 
-5.30000000e-01  6.20553058e-06 
-5.40000000e-01  6.23808891e-06 
-5.50000000e-01  6.27024019e-06 
-5.60000000e-01  6.30201891e-06 
-5.70000000e-01  6.33345633e-06 
-5.80000000e-01  6.36458072e-06 
-5.90000000e-01  6.39541769e-06 
-6.00000000e-01  6.42599050e-06 
-6.10000000e-01  6.45632024e-06 
-6.20000000e-01  6.48642607e-06 
-6.30000000e-01  6.51632542e-06 
-6.40000000e-01  6.54603415e-06 
-6.50000000e-01  6.57556671e-06 
-6.60000000e-01  6.60493630e-06 
-6.70000000e-01  6.63415495e-06 
-6.80000000e-01  6.66323366e-06 
-6.90000000e-01  6.69218249e-06 
-7.00000000e-01  6.72101067e-06 
-7.10000000e-01  6.74972665e-06 
-7.20000000e-01  6.77833818e-06 
-7.30000000e-01  6.80685238e-06 
-7.40000000e-01  6.83527582e-06 
-7.50000000e-01  6.86361452e-06 
-7.60000000e-01  6.89187405e-06 
-7.70000000e-01  6.92005952e-06 
-7.80000000e-01  6.94817567e-06 
-7.90000000e-01  6.97622688e-06 
-8.00000000e-01  7.00421719e-06 
-8.10000000e-01  7.03215035e-06 
-8.20000000e-01  7.06002983e-06 
-8.30000000e-01  7.08785885e-06 
-8.40000000e-01  7.11564041e-06 
-8.50000000e-01  7.14337727e-06 
-8.60000000e-01  7.17107203e-06 
-8.70000000e-01  7.19872709e-06 
-8.80000000e-01  7.22634469e-06 
-8.90000000e-01  7.25392693e-06 
-9.00000000e-01  7.28147575e-06 
-9.10000000e-01  7.30899297e-06 
-9.20000000e-01  7.33648030e-06 
-9.30000000e-01  7.36393932e-06 
-9.40000000e-01  7.39137154e-06 
-9.50000000e-01  7.41877833e-06 
-9.60000000e-01  7.44616103e-06 
-9.70000000e-01  7.47352084e-06 
-9.80000000e-01  7.50085893e-06 
-9.90000000e-01  7.52817638e-06 
-1.00000000e+00  7.55547420e-06 
-1.01000000e+00  7.58275335e-06 
-1.02000000e+00  7.61001474e-06 
-1.03000000e+00  7.63725922e-06 
-1.04000000e+00  7.66448758e-06 
-1.05000000e+00  7.69170057e-06 
-1.06000000e+00  7.71889892e-06 
-1.07000000e+00  7.74608330e-06 
-1.08000000e+00  7.77325433e-06 
-1.09000000e+00  7.80041263e-06 
-1.10000000e+00  7.82755875e-06 
-1.11000000e+00  7.85469324e-06 
-1.12000000e+00  7.88181661e-06 
-1.13000000e+00  7.90892933e-06 
-1.14000000e+00  7.93603187e-06 
-1.15000000e+00  7.96312466e-06 
-1.16000000e+00  7.99020811e-06 
-1.17000000e+00  8.01728262e-06 
-1.18000000e+00  8.04434855e-06 
-1.19000000e+00  8.07140625e-06 
-1.20000000e+00  8.09845607e-06 
-1.21000000e+00  8.12549832e-06 
-1.22000000e+00  8.15253331e-06 
-1.23000000e+00  8.17956131e-06 
-1.24000000e+00  8.20658262e-06 
-1.25000000e+00  8.23359749e-06 
-1.26000000e+00  8.26060618e-06 
-1.27000000e+00  8.28760891e-06 
-1.28000000e+00  8.31460592e-06 
-1.29000000e+00  8.34159743e-06 
-1.30000000e+00  8.36858364e-06 
-1.31000000e+00  8.39556476e-06 
-1.32000000e+00  8.42254096e-06 
-1.33000000e+00  8.44951244e-06 
-1.34000000e+00  8.47647937e-06 
-1.35000000e+00  8.50344190e-06 
-1.36000000e+00  8.53040021e-06 
-1.37000000e+00  8.55735444e-06 
-1.38000000e+00  8.58430474e-06 
-1.39000000e+00  8.61125125e-06 
-1.40000000e+00  8.63819410e-06 
-1.41000000e+00  8.66513341e-06 
-1.42000000e+00  8.69206932e-06 
-1.43000000e+00  8.71900194e-06 
-1.44000000e+00  8.74593139e-06 
-1.45000000e+00  8.77285776e-06 
-1.46000000e+00  8.79978118e-06 
-1.47000000e+00  8.82670173e-06 
-1.48000000e+00  8.85361951e-06 
-1.49000000e+00  8.88053462e-06 
-1.50000000e+00  8.90744714e-06 
-1.51000000e+00  8.93435717e-06 
-1.52000000e+00  8.96126478e-06 
-1.53000000e+00  8.98817005e-06 
-1.54000000e+00  9.01507306e-06 
-1.55000000e+00  9.04197388e-06 
-1.56000000e+00  9.06887258e-06 
-1.57000000e+00  9.09576924e-06 
-1.58000000e+00  9.12266391e-06 
-1.59000000e+00  9.14955667e-06 
-1.60000000e+00  9.17644756e-06 
-1.61000000e+00  9.20333666e-06 
-1.62000000e+00  9.23022401e-06 
-1.63000000e+00  9.25710967e-06 
-1.64000000e+00  9.28399370e-06 
-1.65000000e+00  9.31087615e-06 
-1.66000000e+00  9.33775706e-06 
-1.67000000e+00  9.36463648e-06 
-1.68000000e+00  9.39151447e-06 
-1.69000000e+00  9.41839105e-06 
-1.70000000e+00  9.44526629e-06 
-1.71000000e+00  9.47214021e-06 
-1.72000000e+00  9.49901286e-06 
-1.73000000e+00  9.52588427e-06 
-1.74000000e+00  9.55275449e-06 
-1.75000000e+00  9.57962356e-06 
-1.76000000e+00  9.60649150e-06 
-1.77000000e+00  9.63335834e-06 
-1.78000000e+00  9.66022414e-06 
-1.79000000e+00  9.68708890e-06 
-1.80000000e+00  9.71395268e-06 
 0.00000000e+00  0.00000000e+00 
-1.00000000e-02  1.07100411e-06 
-2.00000000e-02  2.12443230e-06 
-3.00000000e-02  3.16028048e-06 
-4.00000000e-02  4.17855225e-06 
-5.00000000e-02  5.17925775e-06 
-6.00000000e-02  6.16241271e-06 
-7.00000000e-02  7.12803788e-06 
-8.00000000e-02  8.07615849e-06 
-9.00000000e-02  9.00680388e-06 
-1.00000000e-01  9.92000729e-06 
-1.10000000e-01  1.08158056e-05 
-1.20000000e-01  1.16942395e-05 
-1.30000000e-01  1.25553528e-05 
-1.40000000e-01  1.33991932e-05 
-1.50000000e-01  1.42258118e-05 
-1.60000000e-01  1.50352634e-05 
-1.70000000e-01  1.58276065e-05 
-1.80000000e-01  1.66029037e-05 
-1.90000000e-01  1.73612215e-05 
-2.00000000e-01  1.81026307e-05 
-2.10000000e-01  1.88272067e-05 
-2.20000000e-01  1.95350297e-05 
-2.30000000e-01  2.02261850e-05 
-2.40000000e-01  2.09007632e-05 
-2.50000000e-01  2.15588609e-05 
-2.60000000e-01  2.22005806e-05 
-2.70000000e-01  2.28260315e-05 
-2.80000000e-01  2.34353296e-05 
-2.90000000e-01  2.40285985e-05 
-3.00000000e-01  2.46059695e-05 
-3.10000000e-01  2.51675821e-05 
-3.20000000e-01  2.57135848e-05 
-3.30000000e-01  2.62441353e-05 
-3.40000000e-01  2.67594009e-05 
-3.50000000e-01  2.72595592e-05 
-3.60000000e-01  2.77447985e-05 
-3.70000000e-01  2.82153180e-05 
-3.80000000e-01  2.86713283e-05 
-3.90000000e-01  2.91130518e-05 
-4.00000000e-01  2.95407229e-05 
-4.10000000e-01  2.99545880e-05 
-4.20000000e-01  3.03549060e-05 
-4.30000000e-01  3.07419477e-05 
-4.40000000e-01  3.11159962e-05 
-4.50000000e-01  3.14773463e-05 
-4.60000000e-01  3.18263043e-05 
-4.70000000e-01  3.21631875e-05 
-4.80000000e-01  3.24883233e-05 
-4.90000000e-01  3.28020486e-05 
-5.00000000e-01  3.31047088e-05 
-5.10000000e-01  3.33966569e-05 
-5.20000000e-01  3.36782520e-05 
-5.30000000e-01  3.39498582e-05 
-5.40000000e-01  3.42118433e-05 
-5.50000000e-01  3.44645773e-05 
-5.60000000e-01  3.47084309e-05 
-5.70000000e-01  3.49437741e-05 
-5.80000000e-01  3.51709749e-05 
-5.90000000e-01  3.53903976e-05 
-6.00000000e-01  3.56024017e-05 
-6.10000000e-01  3.58073403e-05 
-6.20000000e-01  3.60055596e-05 
-6.30000000e-01  3.61973970e-05 
-6.40000000e-01  3.63831808e-05 
-6.50000000e-01  3.65632292e-05 
-6.60000000e-01  3.67378496e-05 
-6.70000000e-01  3.69073380e-05 
-6.80000000e-01  3.70719790e-05 
-6.90000000e-01  3.72320451e-05 
-7.00000000e-01  3.73877965e-05 
-7.10000000e-01  3.75394815e-05 
-7.20000000e-01  3.76873362e-05 
-7.30000000e-01  3.78315848e-05 
-7.40000000e-01  3.79724397e-05 
-7.50000000e-01  3.81101017e-05 
-7.60000000e-01  3.82447607e-05 
-7.70000000e-01  3.83765956e-05 
-7.80000000e-01  3.85057750e-05 
-7.90000000e-01  3.86324575e-05 
-8.00000000e-01  3.87567923e-05 
-8.10000000e-01  3.88789194e-05 
-8.20000000e-01  3.89989703e-05 
-8.30000000e-01  3.91170681e-05 
-8.40000000e-01  3.92333286e-05 
-8.50000000e-01  3.93478598e-05 
-8.60000000e-01  3.94607633e-05 
-8.70000000e-01  3.95721339e-05 
-8.80000000e-01  3.96820606e-05 
-8.90000000e-01  3.97906266e-05 
-9.00000000e-01  3.98979098e-05 
-9.10000000e-01  4.00039830e-05 
-9.20000000e-01  4.01089145e-05 
-9.30000000e-01  4.02127681e-05 
-9.40000000e-01  4.03156038e-05 
-9.50000000e-01  4.04174775e-05 
-9.60000000e-01  4.05184417e-05 
-9.70000000e-01  4.06185455e-05 
-9.80000000e-01  4.07178350e-05 
-9.90000000e-01  4.08163535e-05 
-1.00000000e+00  4.09141415e-05 
-1.01000000e+00  4.10112369e-05 
-1.02000000e+00  4.11076754e-05 
-1.03000000e+00  4.12034906e-05 
-1.04000000e+00  4.12987140e-05 
-1.05000000e+00  4.13933751e-05 
-1.06000000e+00  4.14875016e-05 
-1.07000000e+00  4.15811199e-05 
-1.08000000e+00  4.16742545e-05 
-1.09000000e+00  4.17669287e-05 
-1.10000000e+00  4.18591641e-05 
-1.11000000e+00  4.19509815e-05 
-1.12000000e+00  4.20424003e-05 
-1.13000000e+00  4.21334387e-05 
-1.14000000e+00  4.22241140e-05 
-1.15000000e+00  4.23144427e-05 
-1.16000000e+00  4.24044400e-05 
-1.17000000e+00  4.24941206e-05 
-1.18000000e+00  4.25834983e-05 
-1.19000000e+00  4.26725862e-05 
-1.20000000e+00  4.27613965e-05 
-1.21000000e+00  4.28499410e-05 
-1.22000000e+00  4.29382308e-05 
-1.23000000e+00  4.30262765e-05 
-1.24000000e+00  4.31140879e-05 
-1.25000000e+00  4.32016746e-05 
-1.26000000e+00  4.32890455e-05 
-1.27000000e+00  4.33762092e-05 
-1.28000000e+00  4.34631738e-05 
-1.29000000e+00  4.35499471e-05 
-1.30000000e+00  4.36365363e-05 
-1.31000000e+00  4.37229485e-05 
-1.32000000e+00  4.38091904e-05 
-1.33000000e+00  4.38952682e-05 
-1.34000000e+00  4.39811880e-05 
-1.35000000e+00  4.40669556e-05 
-1.36000000e+00  4.41525765e-05 
-1.37000000e+00  4.42380559e-05 
-1.38000000e+00  4.43233989e-05 
-1.39000000e+00  4.44086101e-05 
-1.40000000e+00  4.44936943e-05 
-1.41000000e+00  4.45786557e-05 
-1.42000000e+00  4.46634985e-05 
-1.43000000e+00  4.47482268e-05 
-1.44000000e+00  4.48328443e-05 
-1.45000000e+00  4.49173548e-05 
-1.46000000e+00  4.50017616e-05 
-1.47000000e+00  4.50860683e-05 
-1.48000000e+00  4.51702780e-05 
-1.49000000e+00  4.52543938e-05 
-1.50000000e+00  4.53384186e-05 
-1.51000000e+00  4.54223554e-05 
-1.52000000e+00  4.55062068e-05 
-1.53000000e+00  4.55899755e-05 
-1.54000000e+00  4.56736640e-05 
-1.55000000e+00  4.57572746e-05 
-1.56000000e+00  4.58408098e-05 
-1.57000000e+00  4.59242718e-05 
-1.58000000e+00  4.60076626e-05 
-1.59000000e+00  4.60909845e-05 
-1.60000000e+00  4.61742393e-05 
-1.61000000e+00  4.62574290e-05 
-1.62000000e+00  4.63405555e-05 
-1.63000000e+00  4.64236204e-05 
-1.64000000e+00  4.65066257e-05 
-1.65000000e+00  4.65895728e-05 
-1.66000000e+00  4.66724634e-05 
-1.67000000e+00  4.67552990e-05 
-1.68000000e+00  4.68380811e-05 
-1.69000000e+00  4.69208112e-05 
-1.70000000e+00  4.70034905e-05 
-1.71000000e+00  4.70861206e-05 
-1.72000000e+00  4.71687025e-05 
-1.73000000e+00  4.72512377e-05 
-1.74000000e+00  4.73337272e-05 
-1.75000000e+00  4.74161723e-05 
-1.76000000e+00  4.74985741e-05 
-1.77000000e+00  4.75809337e-05 
-1.78000000e+00  4.76632520e-05 
-1.79000000e+00  4.77455302e-05 
-1.80000000e+00  4.78277693e-05 
 0.00000000e+00  0.00000000e+00 
-1.00000000e-02  2.16197659e-06 
-2.00000000e-02  4.29981522e-06 
-3.00000000e-02  6.41347549e-06 
-4.00000000e-02  8.50292999e-06 
-5.00000000e-02  1.05681617e-05 
-6.00000000e-02  1.26091621e-05 
-7.00000000e-02  1.46259296e-05 
-8.00000000e-02  1.66184686e-05 
-9.00000000e-02  1.85867882e-05 
-1.00000000e-01  2.05309018e-05 
-1.10000000e-01  2.24508263e-05 
-1.20000000e-01  2.43465817e-05 
-1.30000000e-01  2.62181906e-05 
-1.40000000e-01  2.80656783e-05 
-1.50000000e-01  2.98890718e-05 
-1.60000000e-01  3.16884003e-05 
-1.70000000e-01  3.34636947e-05 
-1.80000000e-01  3.52149874e-05 
-1.90000000e-01  3.69423122e-05 
-2.00000000e-01  3.86457046e-05 
-2.10000000e-01  4.03252011e-05 
-2.20000000e-01  4.19808398e-05 
-2.30000000e-01  4.36126599e-05 
-2.40000000e-01  4.52207018e-05 
-2.50000000e-01  4.68050073e-05 
-2.60000000e-01  4.83656196e-05 
-2.70000000e-01  4.99025830e-05 
-2.80000000e-01  5.14159434e-05 
-2.90000000e-01  5.29057479e-05 
-3.00000000e-01  5.43720456e-05 
-3.10000000e-01  5.58148868e-05 
-3.20000000e-01  5.72343238e-05 
-3.30000000e-01  5.86304108e-05 
-3.40000000e-01  6.00032040e-05 
-3.50000000e-01  6.13527618e-05 
-3.60000000e-01  6.26791450e-05 
-3.70000000e-01  6.39824171e-05 
-3.80000000e-01  6.52626443e-05 
-3.90000000e-01  6.65198960e-05 
-4.00000000e-01  6.77542450e-05 
-4.10000000e-01  6.89657674e-05 
-4.20000000e-01  7.01545436e-05 
-4.30000000e-01  7.13206581e-05 
-4.40000000e-01  7.24642001e-05 
-4.50000000e-01  7.35852637e-05 
-4.60000000e-01  7.46839487e-05 
-4.70000000e-01  7.57603604e-05 
-4.80000000e-01  7.68146105e-05 
-4.90000000e-01  7.78468176e-05 
-5.00000000e-01  7.88571075e-05 
-5.10000000e-01  7.98456135e-05 
-5.20000000e-01  8.08124774e-05 
-5.30000000e-01  8.17578498e-05 
-5.40000000e-01  8.26818905e-05 
-5.50000000e-01  8.35847692e-05 
-5.60000000e-01  8.44666657e-05 
-5.70000000e-01  8.53277711e-05 
-5.80000000e-01  8.61682874e-05 
-5.90000000e-01  8.69884285e-05 
-6.00000000e-01  8.77884206e-05 
-6.10000000e-01  8.85685024e-05 
-6.20000000e-01  8.93289251e-05 
-6.30000000e-01  9.00699535e-05 
-6.40000000e-01  9.07918651e-05 
-6.50000000e-01  9.14949510e-05 
-6.60000000e-01  9.21795153e-05 
-6.70000000e-01  9.28458755e-05 
-6.80000000e-01  9.34943616e-05 
-6.90000000e-01  9.41253162e-05 
-7.00000000e-01  9.47390940e-05 
-7.10000000e-01  9.53360610e-05 
-7.20000000e-01  9.59165940e-05 
-7.30000000e-01  9.64810795e-05 
-7.40000000e-01  9.70299133e-05 
-7.50000000e-01  9.75634987e-05 
-7.60000000e-01  9.80822463e-05 
-7.70000000e-01  9.85865722e-05 
-7.80000000e-01  9.90768968e-05 
-7.90000000e-01  9.95536441e-05 
-8.00000000e-01  1.00017240e-04 
-8.10000000e-01  1.00468110e-04 
-8.20000000e-01  1.00906682e-04 
-8.30000000e-01  1.01333378e-04 
-8.40000000e-01  1.01748619e-04 
-8.50000000e-01  1.02152823e-04 
-8.60000000e-01  1.02546401e-04 
-8.70000000e-01  1.02929758e-04 
-8.80000000e-01  1.03303292e-04 
-8.90000000e-01  1.03667394e-04 
-9.00000000e-01  1.04022443e-04 
-9.10000000e-01  1.04368814e-04 
-9.20000000e-01  1.04706866e-04 
-9.30000000e-01  1.05036952e-04 
-9.40000000e-01  1.05359413e-04 
-9.50000000e-01  1.05674577e-04 
-9.60000000e-01  1.05982765e-04 
-9.70000000e-01  1.06284283e-04 
-9.80000000e-01  1.06579426e-04 
-9.90000000e-01  1.06868480e-04 
-1.00000000e+00  1.07151718e-04 
-1.01000000e+00  1.07429401e-04 
-1.02000000e+00  1.07701782e-04 
-1.03000000e+00  1.07969099e-04 
-1.04000000e+00  1.08231584e-04 
-1.05000000e+00  1.08489456e-04 
-1.06000000e+00  1.08742925e-04 
-1.07000000e+00  1.08992191e-04 
-1.08000000e+00  1.09237444e-04 
-1.09000000e+00  1.09478867e-04 
-1.10000000e+00  1.09716633e-04 
-1.11000000e+00  1.09950907e-04 
-1.12000000e+00  1.10181846e-04 
-1.13000000e+00  1.10409599e-04 
-1.14000000e+00  1.10634309e-04 
-1.15000000e+00  1.10856110e-04 
-1.16000000e+00  1.11075132e-04 
-1.17000000e+00  1.11291496e-04 
-1.18000000e+00  1.11505319e-04 
-1.19000000e+00  1.11716712e-04 
-1.20000000e+00  1.11925778e-04 
-1.21000000e+00  1.12132619e-04 
-1.22000000e+00  1.12337329e-04 
-1.23000000e+00  1.12539999e-04 
-1.24000000e+00  1.12740714e-04 
-1.25000000e+00  1.12939556e-04 
-1.26000000e+00  1.13136602e-04 
-1.27000000e+00  1.13331927e-04 
-1.28000000e+00  1.13525601e-04 
-1.29000000e+00  1.13717690e-04 
-1.30000000e+00  1.13908259e-04 
-1.31000000e+00  1.14097368e-04 
-1.32000000e+00  1.14285075e-04 
-1.33000000e+00  1.14471435e-04 
-1.34000000e+00  1.14656499e-04 
-1.35000000e+00  1.14840319e-04 
-1.36000000e+00  1.15022942e-04 
-1.37000000e+00  1.15204413e-04 
-1.38000000e+00  1.15384775e-04 
-1.39000000e+00  1.15564070e-04 
-1.40000000e+00  1.15742337e-04 
-1.41000000e+00  1.15919614e-04 
-1.42000000e+00  1.16095938e-04 
-1.43000000e+00  1.16271341e-04 
-1.44000000e+00  1.16445857e-04 
-1.45000000e+00  1.16619518e-04 
-1.46000000e+00  1.16792353e-04 
-1.47000000e+00  1.16964391e-04 
-1.48000000e+00  1.17135660e-04 
-1.49000000e+00  1.17306185e-04 
-1.50000000e+00  1.17475993e-04 
-1.51000000e+00  1.17645107e-04 
-1.52000000e+00  1.17813550e-04 
-1.53000000e+00  1.17981344e-04 
-1.54000000e+00  1.18148510e-04 
-1.55000000e+00  1.18315070e-04 
-1.56000000e+00  1.18481042e-04 
-1.57000000e+00  1.18646445e-04 
-1.58000000e+00  1.18811296e-04 
-1.59000000e+00  1.18975615e-04 
-1.60000000e+00  1.19139416e-04 
-1.61000000e+00  1.19302715e-04 
-1.62000000e+00  1.19465529e-04 
-1.63000000e+00  1.19627871e-04 
-1.64000000e+00  1.19789757e-04 
-1.65000000e+00  1.19951198e-04 
-1.66000000e+00  1.20112210e-04 
-1.67000000e+00  1.20272803e-04 
-1.68000000e+00  1.20432991e-04 
-1.69000000e+00  1.20592784e-04 
-1.70000000e+00  1.20752195e-04 
-1.71000000e+00  1.20911233e-04 
-1.72000000e+00  1.21069910e-04 
-1.73000000e+00  1.21228236e-04 
-1.74000000e+00  1.21386220e-04 
-1.75000000e+00  1.21543871e-04 
-1.76000000e+00  1.21701198e-04 
-1.77000000e+00  1.21858211e-04 
-1.78000000e+00  1.22014918e-04 
-1.79000000e+00  1.22171326e-04 
-1.80000000e+00  1.22327444e-04 
 0.00000000e+00  0.00000000e+00 
-1.00000000e-02  3.13551130e-06 
-2.00000000e-02  6.24399673e-06 
-3.00000000e-02  9.32540544e-06 
-4.00000000e-02  1.23797001e-05 
-5.00000000e-02  1.54068544e-05 
-6.00000000e-02  1.84068509e-05 
-7.00000000e-02  2.13796795e-05 
-8.00000000e-02  2.43253363e-05 
-9.00000000e-02  2.72438224e-05 
-1.00000000e-01  3.01351433e-05 
-1.10000000e-01  3.29993082e-05 
-1.20000000e-01  3.58363291e-05 
-1.30000000e-01  3.86462207e-05 
-1.40000000e-01  4.14289999e-05 
-1.50000000e-01  4.41846856e-05 
-1.60000000e-01  4.69132979e-05 
-1.70000000e-01  4.96148587e-05 
-1.80000000e-01  5.22893905e-05 
-1.90000000e-01  5.49369171e-05 
-2.00000000e-01  5.75574629e-05 
-2.10000000e-01  6.01510531e-05 
-2.20000000e-01  6.27177131e-05 
-2.30000000e-01  6.52574689e-05 
-2.40000000e-01  6.77703469e-05 
-2.50000000e-01  7.02563734e-05 
-2.60000000e-01  7.27155752e-05 
-2.70000000e-01  7.51479788e-05 
-2.80000000e-01  7.75536111e-05 
-2.90000000e-01  7.99324988e-05 
-3.00000000e-01  8.22846685e-05 
-3.10000000e-01  8.46101467e-05 
-3.20000000e-01  8.69089600e-05 
-3.30000000e-01  8.91811344e-05 
-3.40000000e-01  9.14266963e-05 
-3.50000000e-01  9.36456715e-05 
-3.60000000e-01  9.58380858e-05 
-3.70000000e-01  9.80039648e-05 
-3.80000000e-01  1.00143334e-04 
-3.90000000e-01  1.02256219e-04 
-4.00000000e-01  1.04342644e-04 
-4.10000000e-01  1.06402635e-04 
-4.20000000e-01  1.08436218e-04 
-4.30000000e-01  1.10443416e-04 
-4.40000000e-01  1.12424256e-04 
-4.50000000e-01  1.14378763e-04 
-4.60000000e-01  1.16306963e-04 
-4.70000000e-01  1.18208880e-04 
-4.80000000e-01  1.20084543e-04 
-4.90000000e-01  1.21933978e-04 
-5.00000000e-01  1.23757213e-04 
-5.10000000e-01  1.25554277e-04 
-5.20000000e-01  1.27325198e-04 
-5.30000000e-01  1.29070009e-04 
-5.40000000e-01  1.30788741e-04 
-5.50000000e-01  1.32481430e-04 
-5.60000000e-01  1.34148110e-04 
-5.70000000e-01  1.35788820e-04 
-5.80000000e-01  1.37403601e-04 
-5.90000000e-01  1.38992497e-04 
-6.00000000e-01  1.40555555e-04 
-6.10000000e-01  1.42092824e-04 
-6.20000000e-01  1.43604360e-04 
-6.30000000e-01  1.45090222e-04 
-6.40000000e-01  1.46550473e-04 
-6.50000000e-01  1.47985182e-04 
-6.60000000e-01  1.49394424e-04 
-6.70000000e-01  1.50778281e-04 
-6.80000000e-01  1.52136841e-04 
-6.90000000e-01  1.53470200e-04 
-7.00000000e-01  1.54778462e-04 
-7.10000000e-01  1.56061740e-04 
-7.20000000e-01  1.57320154e-04 
-7.30000000e-01  1.58553839e-04 
-7.40000000e-01  1.59762934e-04 
-7.50000000e-01  1.60947595e-04 
-7.60000000e-01  1.62107987e-04 
-7.70000000e-01  1.63244286e-04 
-7.80000000e-01  1.64356682e-04 
-7.90000000e-01  1.65445380e-04 
-8.00000000e-01  1.66510595e-04 
-8.10000000e-01  1.67552559e-04 
-8.20000000e-01  1.68571517e-04 
-8.30000000e-01  1.69567728e-04 
-8.40000000e-01  1.70541466e-04 
-8.50000000e-01  1.71493021e-04 
-8.60000000e-01  1.72422694e-04 
-8.70000000e-01  1.73330805e-04 
-8.80000000e-01  1.74217684e-04 
-8.90000000e-01  1.75083677e-04 
-9.00000000e-01  1.75929143e-04 
-9.10000000e-01  1.76754453e-04 
-9.20000000e-01  1.77559989e-04 
-9.30000000e-01  1.78346146e-04 
-9.40000000e-01  1.79113329e-04 
-9.50000000e-01  1.79861951e-04 
-9.60000000e-01  1.80592434e-04 
-9.70000000e-01  1.81305206e-04 
-9.80000000e-01  1.82000704e-04 
-9.90000000e-01  1.82679366e-04 
-1.00000000e+00  1.83341637e-04 
-1.01000000e+00  1.83987961e-04 
-1.02000000e+00  1.84618787e-04 
-1.03000000e+00  1.85234561e-04 
-1.04000000e+00  1.85835729e-04 
-1.05000000e+00  1.86422736e-04 
-1.06000000e+00  1.86996023e-04 
-1.07000000e+00  1.87556025e-04 
-1.08000000e+00  1.88103175e-04 
-1.09000000e+00  1.88637897e-04 
-1.10000000e+00  1.89160612e-04 
-1.11000000e+00  1.89671729e-04 
-1.12000000e+00  1.90171653e-04 
-1.13000000e+00  1.90660778e-04 
-1.14000000e+00  1.91139490e-04 
-1.15000000e+00  1.91608164e-04 
-1.16000000e+00  1.92067168e-04 
-1.17000000e+00  1.92516857e-04 
-1.18000000e+00  1.92957577e-04 
-1.19000000e+00  1.93389663e-04 
-1.20000000e+00  1.93813442e-04 
-1.21000000e+00  1.94229227e-04 
-1.22000000e+00  1.94637323e-04 
-1.23000000e+00  1.95038023e-04 
-1.24000000e+00  1.95431611e-04 
-1.25000000e+00  1.95818359e-04 
-1.26000000e+00  1.96198532e-04 
-1.27000000e+00  1.96572383e-04 
-1.28000000e+00  1.96940155e-04 
-1.29000000e+00  1.97302083e-04 
-1.30000000e+00  1.97658392e-04 
-1.31000000e+00  1.98009298e-04 
-1.32000000e+00  1.98355010e-04 
-1.33000000e+00  1.98695726e-04 
-1.34000000e+00  1.99031639e-04 
-1.35000000e+00  1.99362931e-04 
-1.36000000e+00  1.99689778e-04 
-1.37000000e+00  2.00012350e-04 
-1.38000000e+00  2.00330807e-04 
-1.39000000e+00  2.00645305e-04 
-1.40000000e+00  2.00955993e-04 
-1.41000000e+00  2.01263011e-04 
-1.42000000e+00  2.01566498e-04 
-1.43000000e+00  2.01866582e-04 
-1.44000000e+00  2.02163391e-04 
-1.45000000e+00  2.02457042e-04 
-1.46000000e+00  2.02747651e-04 
-1.47000000e+00  2.03035328e-04 
-1.48000000e+00  2.03320178e-04 
-1.49000000e+00  2.03602302e-04 
-1.50000000e+00  2.03881797e-04 
-1.51000000e+00  2.04158756e-04 
-1.52000000e+00  2.04433267e-04 
-1.53000000e+00  2.04705416e-04 
-1.54000000e+00  2.04975284e-04 
-1.55000000e+00  2.05242949e-04 
-1.56000000e+00  2.05508487e-04 
-1.57000000e+00  2.05771969e-04 
-1.58000000e+00  2.06033465e-04 
-1.59000000e+00  2.06293041e-04 
-1.60000000e+00  2.06550760e-04 
-1.61000000e+00  2.06806683e-04 
-1.62000000e+00  2.07060870e-04 
-1.63000000e+00  2.07313376e-04 
-1.64000000e+00  2.07564255e-04 
-1.65000000e+00  2.07813560e-04 
-1.66000000e+00  2.08061340e-04 
-1.67000000e+00  2.08307643e-04 
-1.68000000e+00  2.08552515e-04 
-1.69000000e+00  2.08796000e-04 
-1.70000000e+00  2.09038142e-04 
-1.71000000e+00  2.09278981e-04 
-1.72000000e+00  2.09518556e-04 
-1.73000000e+00  2.09756906e-04 
-1.74000000e+00  2.09994067e-04 
-1.75000000e+00  2.10230074e-04 
-1.76000000e+00  2.10464961e-04 
-1.77000000e+00  2.10698761e-04 
-1.78000000e+00  2.10931504e-04 
-1.79000000e+00  2.11163223e-04 
-1.80000000e+00  2.11393945e-04 
