 0.00000000e+00  0.00000000e+00 
 1.00000000e-02  4.55075696e-07 
 2.00000000e-02  8.01961385e-07 
 3.00000000e-02  1.05392928e-06 
 4.00000000e-02  1.22906780e-06 
 5.00000000e-02  1.34800202e-06 
 6.00000000e-02  1.42957760e-06 
 7.00000000e-02  1.48780988e-06 
 8.00000000e-02  1.53170873e-06 
 9.00000000e-02  1.56665228e-06 
 1.00000000e-01  1.59579438e-06 
 1.10000000e-01  1.62101467e-06 
 1.20000000e-01  1.64347033e-06 
 1.30000000e-01  1.66390141e-06 
 1.40000000e-01  1.68279962e-06 
 1.50000000e-01  1.70050352e-06 
 1.60000000e-01  1.71725396e-06 
 1.70000000e-01  1.73322723e-06 
 1.80000000e-01  1.74855574e-06 
 1.90000000e-01  1.76334118e-06 
 2.00000000e-01  1.77766319e-06 
 2.10000000e-01  1.79158527e-06 
 2.20000000e-01  1.80515879e-06 
 2.30000000e-01  1.81842590e-06 
 2.40000000e-01  1.83142161e-06 
 2.50000000e-01  1.84417529e-06 
 2.60000000e-01  1.85671186e-06 
 2.70000000e-01  1.86905259e-06 
 2.80000000e-01  1.88121584e-06 
 2.90000000e-01  1.89321753e-06 
 3.00000000e-01  1.90507155e-06 
 3.10000000e-01  1.91679014e-06 
 3.20000000e-01  1.92838407e-06 
 3.30000000e-01  1.93986294e-06 
 3.40000000e-01  1.95123528e-06 
 3.50000000e-01  1.96250876e-06 
 3.60000000e-01  1.97369026e-06 
 3.70000000e-01  1.98478598e-06 
 3.80000000e-01  1.99580156e-06 
 3.90000000e-01  2.00674210e-06 
 4.00000000e-01  2.01761226e-06 
 4.10000000e-01  2.02841630e-06 
 4.20000000e-01  2.03915810e-06 
 4.30000000e-01  2.04984125e-06 
 4.40000000e-01  2.06046903e-06 
 4.50000000e-01  2.07104450e-06 
 4.60000000e-01  2.08157045e-06 
 4.70000000e-01  2.09204948e-06 
 4.80000000e-01  2.10248402e-06 
 4.90000000e-01  2.11287630e-06 
 5.00000000e-01  2.12322841e-06 
 5.10000000e-01  2.13354229e-06 
 5.20000000e-01  2.14381978e-06 
 5.30000000e-01  2.15406256e-06 
 5.40000000e-01  2.16427224e-06 
 5.50000000e-01  2.17445031e-06 
 5.60000000e-01  2.18459816e-06 
 5.70000000e-01  2.19471713e-06 
 5.80000000e-01  2.20480845e-06 
 5.90000000e-01  2.21487330e-06 
 6.00000000e-01  2.22491277e-06 
 6.10000000e-01  2.23492792e-06 
 6.20000000e-01  2.24491973e-06 
 6.30000000e-01  2.25488913e-06 
 6.40000000e-01  2.26483701e-06 
 6.50000000e-01  2.27476420e-06 
 6.60000000e-01  2.28467150e-06 
 6.70000000e-01  2.29455966e-06 
 6.80000000e-01  2.30442941e-06 
 6.90000000e-01  2.31428141e-06 
 7.00000000e-01  2.32411634e-06 
 7.10000000e-01  2.33393479e-06 
 7.20000000e-01  2.34373737e-06 
 7.30000000e-01  2.35352463e-06 
 7.40000000e-01  2.36329712e-06 
 7.50000000e-01  2.37305534e-06 
 7.60000000e-01  2.38279978e-06 
 7.70000000e-01  2.39253092e-06 
 7.80000000e-01  2.40224919e-06 
 7.90000000e-01  2.41195504e-06 
 8.00000000e-01  2.42164887e-06 
 8.10000000e-01  2.43133108e-06 
 8.20000000e-01  2.44100204e-06 
 8.30000000e-01  2.45066211e-06 
 8.40000000e-01  2.46031165e-06 
 8.50000000e-01  2.46995099e-06 
 8.60000000e-01  2.47958045e-06 
 8.70000000e-01  2.48920034e-06 
 8.80000000e-01  2.49881095e-06 
 8.90000000e-01  2.50841257e-06 
 9.00000000e-01  2.51800548e-06 
 9.10000000e-01  2.52758994e-06 
 9.20000000e-01  2.53716620e-06 
 9.30000000e-01  2.54673452e-06 
 9.40000000e-01  2.55629512e-06 
 9.50000000e-01  2.56584824e-06 
 9.60000000e-01  2.57539409e-06 
 9.70000000e-01  2.58493290e-06 
 9.80000000e-01  2.59446486e-06 
 9.90000000e-01  2.60399017e-06 
 1.00000000e+00  2.61350903e-06 
 1.01000000e+00  2.62302161e-06 
 1.02000000e+00  2.63252811e-06 
 1.03000000e+00  2.64202868e-06 
 1.04000000e+00  2.65152351e-06 
 1.05000000e+00  2.66101275e-06 
 1.06000000e+00  2.67049655e-06 
 1.07000000e+00  2.67997508e-06 
 1.08000000e+00  2.68944847e-06 
 1.09000000e+00  2.69891687e-06 
 1.10000000e+00  2.70838042e-06 
 1.11000000e+00  2.71783925e-06 
 1.12000000e+00  2.72729349e-06 
 1.13000000e+00  2.73674326e-06 
 1.14000000e+00  2.74618870e-06 
 1.15000000e+00  2.75562991e-06 
 1.16000000e+00  2.76506702e-06 
 1.17000000e+00  2.77450013e-06 
 1.18000000e+00  2.78392935e-06 
 1.19000000e+00  2.79335478e-06 
 1.20000000e+00  2.80277654e-06 
 1.21000000e+00  2.81219471e-06 
 1.22000000e+00  2.82160940e-06 
 1.23000000e+00  2.83102070e-06 
 1.24000000e+00  2.84042870e-06 
 1.25000000e+00  2.84983348e-06 
 1.26000000e+00  2.85923514e-06 
 1.27000000e+00  2.86863376e-06 
 1.28000000e+00  2.87802942e-06 
 1.29000000e+00  2.88742220e-06 
 1.30000000e+00  2.89681217e-06 
 1.31000000e+00  2.90619942e-06 
 1.32000000e+00  2.91558401e-06 
 1.33000000e+00  2.92496602e-06 
 1.34000000e+00  2.93434551e-06 
 1.35000000e+00  2.94372256e-06 
 1.36000000e+00  2.95309723e-06 
 1.37000000e+00  2.96246959e-06 
 1.38000000e+00  2.97183969e-06 
 1.39000000e+00  2.98120760e-06 
 1.40000000e+00  2.99057338e-06 
 1.41000000e+00  2.99993708e-06 
 1.42000000e+00  3.00929877e-06 
 1.43000000e+00  3.01865849e-06 
 1.44000000e+00  3.02801631e-06 
 1.45000000e+00  3.03737228e-06 
 1.46000000e+00  3.04672644e-06 
 1.47000000e+00  3.05607884e-06 
 1.48000000e+00  3.06542955e-06 
 1.49000000e+00  3.07477860e-06 
 1.50000000e+00  3.08412604e-06 
 1.51000000e+00  3.09347191e-06 
 1.52000000e+00  3.10281627e-06 
 1.53000000e+00  3.11215915e-06 
 1.54000000e+00  3.12150061e-06 
 1.55000000e+00  3.13084067e-06 
 1.56000000e+00  3.14017938e-06 
 1.57000000e+00  3.14951678e-06 
 1.58000000e+00  3.15885292e-06 
 1.59000000e+00  3.16818782e-06 
 1.60000000e+00  3.17752153e-06 
 1.61000000e+00  3.18685408e-06 
 1.62000000e+00  3.19618551e-06 
 1.63000000e+00  3.20551585e-06 
 1.64000000e+00  3.21484514e-06 
 1.65000000e+00  3.22417341e-06 
 1.66000000e+00  3.23350070e-06 
 1.67000000e+00  3.24282703e-06 
 1.68000000e+00  3.25215245e-06 
 1.69000000e+00  3.26147698e-06 
 1.70000000e+00  3.27080064e-06 
 1.71000000e+00  3.28012348e-06 
 1.72000000e+00  3.28944552e-06 
 1.73000000e+00  3.29876679e-06 
 1.74000000e+00  3.30808732e-06 
 1.75000000e+00  3.31740713e-06 
 1.76000000e+00  3.32672626e-06 
 1.77000000e+00  3.33604473e-06 
 1.78000000e+00  3.34536256e-06 
 1.79000000e+00  3.35467979e-06 
 1.80000000e+00  3.36399644e-06 
 0.00000000e+00  0.00000000e+00 
 1.00000000e-02  3.83463286e-05 
 2.00000000e-02  7.52897551e-05 
 3.00000000e-02  1.10847742e-04 
 4.00000000e-02  1.45037355e-04 
 5.00000000e-02  1.77875238e-04 
 6.00000000e-02  2.09377586e-04 
 7.00000000e-02  2.39560099e-04 
 8.00000000e-02  2.68437935e-04 
 9.00000000e-02  2.96025644e-04 
 1.00000000e-01  3.22337095e-04 
 1.10000000e-01  3.47385389e-04 
 1.20000000e-01  3.71182775e-04 
 1.30000000e-01  3.93740586e-04 
 1.40000000e-01  4.15069213e-04 
 1.50000000e-01  4.35178197e-04 
 1.60000000e-01  4.54076505e-04 
 1.70000000e-01  4.71773132e-04 
 1.80000000e-01  4.88278163e-04 
 1.90000000e-01  5.03604439e-04 
 2.00000000e-01  5.17769852e-04 
 2.10000000e-01  5.30800069e-04 
 2.20000000e-01  5.42731199e-04 
 2.30000000e-01  5.53611625e-04 
 2.40000000e-01  5.63502276e-04 
 2.50000000e-01  5.72474967e-04 
 2.60000000e-01  5.80609095e-04 
 2.70000000e-01  5.87987459e-04 
 2.80000000e-01  5.94692178e-04 
 2.90000000e-01  6.00801384e-04 
 3.00000000e-01  6.06387028e-04 
 3.10000000e-01  6.11513744e-04 
 3.20000000e-01  6.16238564e-04 
 3.30000000e-01  6.20611187e-04 
 3.40000000e-01  6.24674587e-04 
 3.50000000e-01  6.28465746e-04 
 3.60000000e-01  6.32016428e-04 
 3.70000000e-01  6.35353915e-04 
 3.80000000e-01  6.38501664e-04 
 3.90000000e-01  6.41479888e-04 
 4.00000000e-01  6.44306055e-04 
 4.10000000e-01  6.46995313e-04 
 4.20000000e-01  6.49560837e-04 
 4.30000000e-01  6.52014136e-04 
 4.40000000e-01  6.54365299e-04 
 4.50000000e-01  6.56623200e-04 
 4.60000000e-01  6.58795678e-04 
 4.70000000e-01  6.60889678e-04 
 4.80000000e-01  6.62911380e-04 
 4.90000000e-01  6.64866297e-04 
 5.00000000e-01  6.66759366e-04 
 5.10000000e-01  6.68595019e-04 
 5.20000000e-01  6.70377253e-04 
 5.30000000e-01  6.72109675e-04 
 5.40000000e-01  6.73795554e-04 
 5.50000000e-01  6.75437863e-04 
 5.60000000e-01  6.77039304e-04 
 5.70000000e-01  6.78602348e-04 
 5.80000000e-01  6.80129255e-04 
 5.90000000e-01  6.81622098e-04 
 6.00000000e-01  6.83082780e-04 
 6.10000000e-01  6.84513057e-04 
 6.20000000e-01  6.85914548e-04 
 6.30000000e-01  6.87288748e-04 
 6.40000000e-01  6.88637045e-04 
 6.50000000e-01  6.89960723e-04 
 6.60000000e-01  6.91260979e-04 
 6.70000000e-01  6.92538925e-04 
 6.80000000e-01  6.93795598e-04 
 6.90000000e-01  6.95031965e-04 
 7.00000000e-01  6.96248933e-04 
 7.10000000e-01  6.97447348e-04 
 7.20000000e-01  6.98628006e-04 
 7.30000000e-01  6.99791650e-04 
 7.40000000e-01  7.00938983e-04 
 7.50000000e-01  7.02070664e-04 
 7.60000000e-01  7.03187313e-04 
 7.70000000e-01  7.04289516e-04 
 7.80000000e-01  7.05377826e-04 
 7.90000000e-01  7.06452764e-04 
 8.00000000e-01  7.07514826e-04 
 8.10000000e-01  7.08564479e-04 
 8.20000000e-01  7.09602165e-04 
 8.30000000e-01  7.10628305e-04 
 8.40000000e-01  7.11643299e-04 
 8.50000000e-01  7.12647525e-04 
 8.60000000e-01  7.13641344e-04 
 8.70000000e-01  7.14625099e-04 
 8.80000000e-01  7.15599117e-04 
 8.90000000e-01  7.16563708e-04 
 9.00000000e-01  7.17519170e-04 
 9.10000000e-01  7.18465787e-04 
 9.20000000e-01  7.19403829e-04 
 9.30000000e-01  7.20333555e-04 
 9.40000000e-01  7.21255212e-04 
 9.50000000e-01  7.22169036e-04 
 9.60000000e-01  7.23075256e-04 
 9.70000000e-01  7.23974086e-04 
 9.80000000e-01  7.24865737e-04 
 9.90000000e-01  7.25750407e-04 
 1.00000000e+00  7.26628289e-04 
 1.01000000e+00  7.27499565e-04 
 1.02000000e+00  7.28364414e-04 
 1.03000000e+00  7.29223004e-04 
 1.04000000e+00  7.30075499e-04 
 1.05000000e+00  7.30922056e-04 
 1.06000000e+00  7.31762827e-04 
 1.07000000e+00  7.32597958e-04 
 1.08000000e+00  7.33427588e-04 
 1.09000000e+00  7.34251853e-04 
 1.10000000e+00  7.35070883e-04 
 1.11000000e+00  7.35884805e-04 
 1.12000000e+00  7.36693740e-04 
 1.13000000e+00  7.37497804e-04 
 1.14000000e+00  7.38297112e-04 
 1.15000000e+00  7.39091772e-04 
 1.16000000e+00  7.39881892e-04 
 1.17000000e+00  7.40667572e-04 
 1.18000000e+00  7.41448911e-04 
 1.19000000e+00  7.42226006e-04 
 1.20000000e+00  7.42998950e-04 
 1.21000000e+00  7.43767831e-04 
 1.22000000e+00  7.44532737e-04 
 1.23000000e+00  7.45293752e-04 
 1.24000000e+00  7.46050957e-04 
 1.25000000e+00  7.46804432e-04 
 1.26000000e+00  7.47554254e-04 
 1.27000000e+00  7.48300497e-04 
 1.28000000e+00  7.49043233e-04 
 1.29000000e+00  7.49782532e-04 
 1.30000000e+00  7.50518462e-04 
 1.31000000e+00  7.51251090e-04 
 1.32000000e+00  7.51980480e-04 
 1.33000000e+00  7.52706694e-04 
 1.34000000e+00  7.53429793e-04 
 1.35000000e+00  7.54149835e-04 
 1.36000000e+00  7.54866879e-04 
 1.37000000e+00  7.55580980e-04 
 1.38000000e+00  7.56292193e-04 
 1.39000000e+00  7.57000569e-04 
 1.40000000e+00  7.57706161e-04 
 1.41000000e+00  7.58409019e-04 
 1.42000000e+00  7.59109192e-04 
 1.43000000e+00  7.59806727e-04 
 1.44000000e+00  7.60501670e-04 
 1.45000000e+00  7.61194066e-04 
 1.46000000e+00  7.61883961e-04 
 1.47000000e+00  7.62571396e-04 
 1.48000000e+00  7.63256413e-04 
 1.49000000e+00  7.63939053e-04 
 1.50000000e+00  7.64619356e-04 
 1.51000000e+00  7.65297362e-04 
 1.52000000e+00  7.65973107e-04 
 1.53000000e+00  7.66646629e-04 
 1.54000000e+00  7.67317965e-04 
 1.55000000e+00  7.67987148e-04 
 1.56000000e+00  7.68654215e-04 
 1.57000000e+00  7.69319199e-04 
 1.58000000e+00  7.69982133e-04 
 1.59000000e+00  7.70643049e-04 
 1.60000000e+00  7.71301978e-04 
 1.61000000e+00  7.71958953e-04 
 1.62000000e+00  7.72614002e-04 
 1.63000000e+00  7.73267156e-04 
 1.64000000e+00  7.73918444e-04 
 1.65000000e+00  7.74567894e-04 
 1.66000000e+00  7.75215534e-04 
 1.67000000e+00  7.75861391e-04 
 1.68000000e+00  7.76505492e-04 
 1.69000000e+00  7.77147864e-04 
 1.70000000e+00  7.77788532e-04 
 1.71000000e+00  7.78427522e-04 
 1.72000000e+00  7.79064858e-04 
 1.73000000e+00  7.79700565e-04 
 1.74000000e+00  7.80334668e-04 
 1.75000000e+00  7.80967189e-04 
 1.76000000e+00  7.81598153e-04 
 1.77000000e+00  7.82227582e-04 
 1.78000000e+00  7.82855499e-04 
 1.79000000e+00  7.83481927e-04 
 1.80000000e+00  7.84106888e-04 
 0.00000000e+00  0.00000000e+00 
 1.00000000e-02  7.90904086e-05 
 2.00000000e-02  1.56545754e-04 
 3.00000000e-02  2.32383573e-04 
 4.00000000e-02  3.06621024e-04 
 5.00000000e-02  3.79274871e-04 
 6.00000000e-02  4.50361465e-04 
 7.00000000e-02  5.19896715e-04 
 8.00000000e-02  5.87896059e-04 
 9.00000000e-02  6.54374417e-04 
 1.00000000e-01  7.19346146e-04 
 1.10000000e-01  7.82824975e-04 
 1.20000000e-01  8.44823933e-04 
 1.30000000e-01  9.05355246e-04 
 1.40000000e-01  9.64430233e-04 
 1.50000000e-01  1.02205916e-03 
 1.60000000e-01  1.07825106e-03 
 1.70000000e-01  1.13301355e-03 
 1.80000000e-01  1.18635255e-03 
 1.90000000e-01  1.23827200e-03 
 2.00000000e-01  1.28877351e-03 
 2.10000000e-01  1.33785593e-03 
 2.20000000e-01  1.38551489e-03 
 2.30000000e-01  1.43174227e-03 
 2.40000000e-01  1.47652566e-03 
 2.50000000e-01  1.51984787e-03 
 2.60000000e-01  1.56168643e-03 
 2.70000000e-01  1.60201346e-03 
 2.80000000e-01  1.64079581e-03 
 2.90000000e-01  1.67799582e-03 
 3.00000000e-01  1.71357290e-03 
 3.10000000e-01  1.74748610e-03 
 3.20000000e-01  1.77969768e-03 
 3.30000000e-01  1.81017763e-03 
 3.40000000e-01  1.83890844e-03 
 3.50000000e-01  1.86588961e-03 
 3.60000000e-01  1.89114086e-03 
 3.70000000e-01  1.91470346e-03 
 3.80000000e-01  1.93663928e-03 
 3.90000000e-01  1.95702787e-03 
 4.00000000e-01  1.97596214e-03 
 4.10000000e-01  1.99354346e-03 
 4.20000000e-01  2.00987691e-03 
 4.30000000e-01  2.02506721e-03 
 4.40000000e-01  2.03921567e-03 
 4.50000000e-01  2.05241799e-03 
 4.60000000e-01  2.06476299e-03 
 4.70000000e-01  2.07633202e-03 
 4.80000000e-01  2.08719887e-03 
 4.90000000e-01  2.09742997e-03 
 5.00000000e-01  2.10708488e-03 
 5.10000000e-01  2.11621680e-03 
 5.20000000e-01  2.12487318e-03 
 5.30000000e-01  2.13309630e-03 
 5.40000000e-01  2.14092386e-03 
 5.50000000e-01  2.14838946e-03 
 5.60000000e-01  2.15552312e-03 
 5.70000000e-01  2.16235169e-03 
 5.80000000e-01  2.16889920e-03 
 5.90000000e-01  2.17518723e-03 
 6.00000000e-01  2.18123518e-03 
 6.10000000e-01  2.18706053e-03 
 6.20000000e-01  2.19267909e-03 
 6.30000000e-01  2.19810513e-03 
 6.40000000e-01  2.20335164e-03 
 6.50000000e-01  2.20843037e-03 
 6.60000000e-01  2.21335208e-03 
 6.70000000e-01  2.21812654e-03 
 6.80000000e-01  2.22276274e-03 
 6.90000000e-01  2.22726886e-03 
 7.00000000e-01  2.23165245e-03 
 7.10000000e-01  2.23592045e-03 
 7.20000000e-01  2.24007923e-03 
 7.30000000e-01  2.24413471e-03 
 7.40000000e-01  2.24809233e-03 
 7.50000000e-01  2.25195715e-03 
 7.60000000e-01  2.25573386e-03 
 7.70000000e-01  2.25942679e-03 
 7.80000000e-01  2.26304002e-03 
 7.90000000e-01  2.26657731e-03 
 8.00000000e-01  2.27004219e-03 
 8.10000000e-01  2.27343795e-03 
 8.20000000e-01  2.27676767e-03 
 8.30000000e-01  2.28003424e-03 
 8.40000000e-01  2.28324036e-03 
 8.50000000e-01  2.28638857e-03 
 8.60000000e-01  2.28948127e-03 
 8.70000000e-01  2.29252070e-03 
 8.80000000e-01  2.29550898e-03 
 8.90000000e-01  2.29844812e-03 
 9.00000000e-01  2.30133999e-03 
 9.10000000e-01  2.30418638e-03 
 9.20000000e-01  2.30698898e-03 
 9.30000000e-01  2.30974939e-03 
 9.40000000e-01  2.31246911e-03 
 9.50000000e-01  2.31514959e-03 
 9.60000000e-01  2.31779219e-03 
 9.70000000e-01  2.32039820e-03 
 9.80000000e-01  2.32296885e-03 
 9.90000000e-01  2.32550532e-03 
 1.00000000e+00  2.32800871e-03 
 1.01000000e+00  2.33048010e-03 
 1.02000000e+00  2.33292050e-03 
 1.03000000e+00  2.33533087e-03 
 1.04000000e+00  2.33771214e-03 
 1.05000000e+00  2.34006518e-03 
 1.06000000e+00  2.34239085e-03 
 1.07000000e+00  2.34468996e-03 
 1.08000000e+00  2.34696326e-03 
 1.09000000e+00  2.34921151e-03 
 1.10000000e+00  2.35143541e-03 
 1.11000000e+00  2.35363565e-03 
 1.12000000e+00  2.35581287e-03 
 1.13000000e+00  2.35796771e-03 
 1.14000000e+00  2.36010076e-03 
 1.15000000e+00  2.36221261e-03 
 1.16000000e+00  2.36430380e-03 
 1.17000000e+00  2.36637488e-03 
 1.18000000e+00  2.36842636e-03 
 1.19000000e+00  2.37045874e-03 
 1.20000000e+00  2.37247248e-03 
 1.21000000e+00  2.37446806e-03 
 1.22000000e+00  2.37644591e-03 
 1.23000000e+00  2.37840647e-03 
 1.24000000e+00  2.38035014e-03 
 1.25000000e+00  2.38227733e-03 
 1.26000000e+00  2.38418841e-03 
 1.27000000e+00  2.38608377e-03 
 1.28000000e+00  2.38796375e-03 
 1.29000000e+00  2.38982871e-03 
 1.30000000e+00  2.39167898e-03 
 1.31000000e+00  2.39351489e-03 
 1.32000000e+00  2.39533675e-03 
 1.33000000e+00  2.39714487e-03 
 1.34000000e+00  2.39893953e-03 
 1.35000000e+00  2.40072103e-03 
 1.36000000e+00  2.40248965e-03 
 1.37000000e+00  2.40424564e-03 
 1.38000000e+00  2.40598927e-03 
 1.39000000e+00  2.40772079e-03 
 1.40000000e+00  2.40944045e-03 
 1.41000000e+00  2.41114849e-03 
 1.42000000e+00  2.41284512e-03 
 1.43000000e+00  2.41453059e-03 
 1.44000000e+00  2.41620510e-03 
 1.45000000e+00  2.41786886e-03 
 1.46000000e+00  2.41952209e-03 
 1.47000000e+00  2.42116498e-03 
 1.48000000e+00  2.42279772e-03 
 1.49000000e+00  2.42442050e-03 
 1.50000000e+00  2.42603352e-03 
 1.51000000e+00  2.42763693e-03 
 1.52000000e+00  2.42923093e-03 
 1.53000000e+00  2.43081568e-03 
 1.54000000e+00  2.43239134e-03 
 1.55000000e+00  2.43395807e-03 
 1.56000000e+00  2.43551603e-03 
 1.57000000e+00  2.43706538e-03 
 1.58000000e+00  2.43860625e-03 
 1.59000000e+00  2.44013880e-03 
 1.60000000e+00  2.44166317e-03 
 1.61000000e+00  2.44317950e-03 
 1.62000000e+00  2.44468791e-03 
 1.63000000e+00  2.44618854e-03 
 1.64000000e+00  2.44768152e-03 
 1.65000000e+00  2.44916698e-03 
 1.66000000e+00  2.45064503e-03 
 1.67000000e+00  2.45211579e-03 
 1.68000000e+00  2.45357938e-03 
 1.69000000e+00  2.45503592e-03 
 1.70000000e+00  2.45648552e-03 
 1.71000000e+00  2.45792828e-03 
 1.72000000e+00  2.45936431e-03 
 1.73000000e+00  2.46079372e-03 
 1.74000000e+00  2.46221661e-03 
 1.75000000e+00  2.46363307e-03 
 1.76000000e+00  2.46504322e-03 
 1.77000000e+00  2.46644713e-03 
 1.78000000e+00  2.46784491e-03 
 1.79000000e+00  2.46923664e-03 
 1.80000000e+00  2.47062243e-03 
 0.00000000e+00  0.00000000e+00 
 1.00000000e-02  1.04167959e-04 
 2.00000000e-02  2.06795666e-04 
 3.00000000e-02  3.07896945e-04 
 4.00000000e-02  4.07485396e-04 
 5.00000000e-02  5.05574392e-04 
 6.00000000e-02  6.02177072e-04 
 7.00000000e-02  6.97306333e-04 
 8.00000000e-02  7.90974821e-04 
 9.00000000e-02  8.83194920e-04 
 1.00000000e-01  9.73978737e-04 
 1.10000000e-01  1.06333809e-03 
 1.20000000e-01  1.15128447e-03 
 1.30000000e-01  1.23782906e-03 
 1.40000000e-01  1.32298265e-03 
 1.50000000e-01  1.40675565e-03 
 1.60000000e-01  1.48915802e-03 
 1.70000000e-01  1.57019924e-03 
 1.80000000e-01  1.64988825e-03 
 1.90000000e-01  1.72823338e-03 
 2.00000000e-01  1.80524226e-03 
 2.10000000e-01  1.88092174e-03 
 2.20000000e-01  1.95527775e-03 
 2.30000000e-01  2.02831521e-03 
 2.40000000e-01  2.10003782e-03 
 2.50000000e-01  2.17044788e-03 
 2.60000000e-01  2.23954608e-03 
 2.70000000e-01  2.30733123e-03 
 2.80000000e-01  2.37379993e-03 
 2.90000000e-01  2.43894622e-03 
 3.00000000e-01  2.50276117e-03 
 3.10000000e-01  2.56523240e-03 
 3.20000000e-01  2.62634357e-03 
 3.30000000e-01  2.68607384e-03 
 3.40000000e-01  2.74439730e-03 
 3.50000000e-01  2.80128241e-03 
 3.60000000e-01  2.85669161e-03 
 3.70000000e-01  2.91058106e-03 
 3.80000000e-01  2.96290070e-03 
 3.90000000e-01  3.01359476e-03 
 4.00000000e-01  3.06260294e-03 
 4.10000000e-01  3.10986229e-03 
 4.20000000e-01  3.15531001e-03 
 4.30000000e-01  3.19888694e-03 
 4.40000000e-01  3.24054184e-03 
 4.50000000e-01  3.28023567e-03 
 4.60000000e-01  3.31794573e-03 
 4.70000000e-01  3.35366877e-03 
 4.80000000e-01  3.38742275e-03 
 4.90000000e-01  3.41924691e-03 
 5.00000000e-01  3.44920018e-03 
 5.10000000e-01  3.47735830e-03 
 5.20000000e-01  3.50381001e-03 
 5.30000000e-01  3.52865300e-03 
 5.40000000e-01  3.55198994e-03 
 5.50000000e-01  3.57392500e-03 
 5.60000000e-01  3.59456105e-03 
 5.70000000e-01  3.61399752e-03 
 5.80000000e-01  3.63232887e-03 
 5.90000000e-01  3.64964375e-03 
 6.00000000e-01  3.66602448e-03 
 6.10000000e-01  3.68154693e-03 
 6.20000000e-01  3.69628062e-03 
 6.30000000e-01  3.71028900e-03 
 6.40000000e-01  3.72362981e-03 
 6.50000000e-01  3.73635546e-03 
 6.60000000e-01  3.74851351e-03 
 6.70000000e-01  3.76014710e-03 
 6.80000000e-01  3.77129532e-03 
 6.90000000e-01  3.78199363e-03 
 7.00000000e-01  3.79227425e-03 
 7.10000000e-01  3.80216642e-03 
 7.20000000e-01  3.81169676e-03 
 7.30000000e-01  3.82088951e-03 
 7.40000000e-01  3.82976681e-03 
 7.50000000e-01  3.83834884e-03 
 7.60000000e-01  3.84665410e-03 
 7.70000000e-01  3.85469952e-03 
 7.80000000e-01  3.86250065e-03 
 7.90000000e-01  3.87007180e-03 
 8.00000000e-01  3.87742610e-03 
 8.10000000e-01  3.88457570e-03 
 8.20000000e-01  3.89153181e-03 
 8.30000000e-01  3.89830479e-03 
 8.40000000e-01  3.90490424e-03 
 8.50000000e-01  3.91133906e-03 
 8.60000000e-01  3.91761753e-03 
 8.70000000e-01  3.92374736e-03 
 8.80000000e-01  3.92973570e-03 
 8.90000000e-01  3.93558924e-03 
 9.00000000e-01  3.94131424e-03 
 9.10000000e-01  3.94691652e-03 
 9.20000000e-01  3.95240157e-03 
 9.30000000e-01  3.95777450e-03 
 9.40000000e-01  3.96304012e-03 
 9.50000000e-01  3.96820295e-03 
 9.60000000e-01  3.97326725e-03 
 9.70000000e-01  3.97823700e-03 
 9.80000000e-01  3.98311600e-03 
 9.90000000e-01  3.98790778e-03 
 1.00000000e+00  3.99261571e-03 
 1.01000000e+00  3.99724297e-03 
 1.02000000e+00  4.00179255e-03 
 1.03000000e+00  4.00626731e-03 
 1.04000000e+00  4.01066994e-03 
 1.05000000e+00  4.01500299e-03 
 1.06000000e+00  4.01926889e-03 
 1.07000000e+00  4.02346995e-03 
 1.08000000e+00  4.02760836e-03 
 1.09000000e+00  4.03168620e-03 
 1.10000000e+00  4.03570547e-03 
 1.11000000e+00  4.03966804e-03 
 1.12000000e+00  4.04357574e-03 
 1.13000000e+00  4.04743028e-03 
 1.14000000e+00  4.05123330e-03 
 1.15000000e+00  4.05498638e-03 
 1.16000000e+00  4.05869101e-03 
 1.17000000e+00  4.06234864e-03 
 1.18000000e+00  4.06596063e-03 
 1.19000000e+00  4.06952831e-03 
 1.20000000e+00  4.07305294e-03 
 1.21000000e+00  4.07653572e-03 
 1.22000000e+00  4.07997782e-03 
 1.23000000e+00  4.08338035e-03 
 1.24000000e+00  4.08674438e-03 
 1.25000000e+00  4.09007094e-03 
 1.26000000e+00  4.09336102e-03 
 1.27000000e+00  4.09661556e-03 
 1.28000000e+00  4.09983549e-03 
 1.29000000e+00  4.10302167e-03 
 1.30000000e+00  4.10617497e-03 
 1.31000000e+00  4.10929619e-03 
 1.32000000e+00  4.11238613e-03 
 1.33000000e+00  4.11544554e-03 
 1.34000000e+00  4.11847515e-03 
 1.35000000e+00  4.12147567e-03 
 1.36000000e+00  4.12444779e-03 
 1.37000000e+00  4.12739216e-03 
 1.38000000e+00  4.13030942e-03 
 1.39000000e+00  4.13320018e-03 
 1.40000000e+00  4.13606504e-03 
 1.41000000e+00  4.13890457e-03 
 1.42000000e+00  4.14171934e-03 
 1.43000000e+00  4.14450988e-03 
 1.44000000e+00  4.14727671e-03 
 1.45000000e+00  4.15002034e-03 
 1.46000000e+00  4.15274126e-03 
 1.47000000e+00  4.15543994e-03 
 1.48000000e+00  4.15811684e-03 
 1.49000000e+00  4.16077241e-03 
 1.50000000e+00  4.16340708e-03 
 1.51000000e+00  4.16602127e-03 
 1.52000000e+00  4.16861540e-03 
 1.53000000e+00  4.17118984e-03 
 1.54000000e+00  4.17374500e-03 
 1.55000000e+00  4.17628124e-03 
 1.56000000e+00  4.17879892e-03 
 1.57000000e+00  4.18129841e-03 
 1.58000000e+00  4.18378003e-03 
 1.59000000e+00  4.18624413e-03 
 1.60000000e+00  4.18869103e-03 
 1.61000000e+00  4.19112104e-03 
 1.62000000e+00  4.19353447e-03 
 1.63000000e+00  4.19593162e-03 
 1.64000000e+00  4.19831279e-03 
 1.65000000e+00  4.20067824e-03 
 1.66000000e+00  4.20302827e-03 
 1.67000000e+00  4.20536314e-03 
 1.68000000e+00  4.20768311e-03 
 1.69000000e+00  4.20998843e-03 
 1.70000000e+00  4.21227937e-03 
 1.71000000e+00  4.21455615e-03 
 1.72000000e+00  4.21681902e-03 
 1.73000000e+00  4.21906820e-03 
 1.74000000e+00  4.22130393e-03 
 1.75000000e+00  4.22352643e-03 
 1.76000000e+00  4.22573590e-03 
 1.77000000e+00  4.22793256e-03 
 1.78000000e+00  4.23011662e-03 
 1.79000000e+00  4.23228827e-03 
 1.80000000e+00  4.23444772e-03 
