 0.00000000e+00  0.00000000e+00 
 1.00000000e-02  1.75118965e-07 
 2.00000000e-02  3.05928438e-07 
 3.00000000e-02  3.98408086e-07 
 4.00000000e-02  4.60652002e-07 
 5.00000000e-02  5.01564571e-07 
 6.00000000e-02  5.28862968e-07 
 7.00000000e-02  5.47974823e-07 
 8.00000000e-02  5.62223266e-07 
 9.00000000e-02  5.73516667e-07 
 1.00000000e-01  5.82940773e-07 
 1.10000000e-01  5.91126951e-07 
 1.20000000e-01  5.98455810e-07 
 1.30000000e-01  6.05166275e-07 
 1.40000000e-01  6.11414453e-07 
 1.50000000e-01  6.17306232e-07 
 1.60000000e-01  6.22915912e-07 
 1.70000000e-01  6.28297236e-07 
 1.80000000e-01  6.33490140e-07 
 1.90000000e-01  6.38525012e-07 
 2.00000000e-01  6.43425466e-07 
 2.10000000e-01  6.48210196e-07 
 2.20000000e-01  6.52894246e-07 
 2.30000000e-01  6.57489896e-07 
 2.40000000e-01  6.62007306e-07 
 2.50000000e-01  6.66454975e-07 
 2.60000000e-01  6.70840088e-07 
 2.70000000e-01  6.75168774e-07 
 2.80000000e-01  6.79446307e-07 
 2.90000000e-01  6.83677257e-07 
 3.00000000e-01  6.87865613e-07 
 3.10000000e-01  6.92014879e-07 
 3.20000000e-01  6.96128147e-07 
 3.30000000e-01  7.00208164e-07 
 3.40000000e-01  7.04257378e-07 
 3.50000000e-01  7.08277984e-07 
 3.60000000e-01  7.12271956e-07 
 3.70000000e-01  7.16241075e-07 
 3.80000000e-01  7.20186956e-07 
 3.90000000e-01  7.24111066e-07 
 4.00000000e-01  7.28014744e-07 
 4.10000000e-01  7.31899211e-07 
 4.20000000e-01  7.35765590e-07 
 4.30000000e-01  7.39614910e-07 
 4.40000000e-01  7.43448122e-07 
 4.50000000e-01  7.47266101e-07 
 4.60000000e-01  7.51069657e-07 
 4.70000000e-01  7.54859542e-07 
 4.80000000e-01  7.58636454e-07 
 4.90000000e-01  7.62401042e-07 
 5.00000000e-01  7.66153910e-07 
 5.10000000e-01  7.69895622e-07 
 5.20000000e-01  7.73626707e-07 
 5.30000000e-01  7.77347659e-07 
 5.40000000e-01  7.81058939e-07 
 5.50000000e-01  7.84760984e-07 
 5.60000000e-01  7.88454200e-07 
 5.70000000e-01  7.92138972e-07 
 5.80000000e-01  7.95815663e-07 
 5.90000000e-01  7.99484613e-07 
 6.00000000e-01  8.03146144e-07 
 6.10000000e-01  8.06800562e-07 
 6.20000000e-01  8.10448154e-07 
 6.30000000e-01  8.14089193e-07 
 6.40000000e-01  8.17723938e-07 
 6.50000000e-01  8.21352633e-07 
 6.60000000e-01  8.24975511e-07 
 6.70000000e-01  8.28592794e-07 
 6.80000000e-01  8.32204691e-07 
 6.90000000e-01  8.35811404e-07 
 7.00000000e-01  8.39413122e-07 
 7.10000000e-01  8.43010027e-07 
 7.20000000e-01  8.46602292e-07 
 7.30000000e-01  8.50190083e-07 
 7.40000000e-01  8.53773557e-07 
 7.50000000e-01  8.57352865e-07 
 7.60000000e-01  8.60928151e-07 
 7.70000000e-01  8.64499554e-07 
 7.80000000e-01  8.68067204e-07 
 7.90000000e-01  8.71631230e-07 
 8.00000000e-01  8.75191751e-07 
 8.10000000e-01  8.78748884e-07 
 8.20000000e-01  8.82302740e-07 
 8.30000000e-01  8.85853426e-07 
 8.40000000e-01  8.89401046e-07 
 8.50000000e-01  8.92945697e-07 
 8.60000000e-01  8.96487474e-07 
 8.70000000e-01  9.00026469e-07 
 8.80000000e-01  9.03562770e-07 
 8.90000000e-01  9.07096459e-07 
 9.00000000e-01  9.10627620e-07 
 9.10000000e-01  9.14156329e-07 
 9.20000000e-01  9.17682664e-07 
 9.30000000e-01  9.21206695e-07 
 9.40000000e-01  9.24728493e-07 
 9.50000000e-01  9.28248126e-07 
 9.60000000e-01  9.31765659e-07 
 9.70000000e-01  9.35281155e-07 
 9.80000000e-01  9.38794674e-07 
 9.90000000e-01  9.42306276e-07 
 1.00000000e+00  9.45816017e-07 
 1.01000000e+00  9.49323952e-07 
 1.02000000e+00  9.52830134e-07 
 1.03000000e+00  9.56334614e-07 
 1.04000000e+00  9.59837442e-07 
 1.05000000e+00  9.63338666e-07 
 1.06000000e+00  9.66838333e-07 
 1.07000000e+00  9.70336486e-07 
 1.08000000e+00  9.73833171e-07 
 1.09000000e+00  9.77328429e-07 
 1.10000000e+00  9.80822300e-07 
 1.11000000e+00  9.84314826e-07 
 1.12000000e+00  9.87806043e-07 
 1.13000000e+00  9.91295991e-07 
 1.14000000e+00  9.94784703e-07 
 1.15000000e+00  9.98272217e-07 
 1.16000000e+00  1.00175857e-06 
 1.17000000e+00  1.00524378e-06 
 1.18000000e+00  1.00872790e-06 
 1.19000000e+00  1.01221095e-06 
 1.20000000e+00  1.01569295e-06 
 1.21000000e+00  1.01917395e-06 
 1.22000000e+00  1.02265397e-06 
 1.23000000e+00  1.02613304e-06 
 1.24000000e+00  1.02961118e-06 
 1.25000000e+00  1.03308842e-06 
 1.26000000e+00  1.03656479e-06 
 1.27000000e+00  1.04004031e-06 
 1.28000000e+00  1.04351500e-06 
 1.29000000e+00  1.04698890e-06 
 1.30000000e+00  1.05046201e-06 
 1.31000000e+00  1.05393437e-06 
 1.32000000e+00  1.05740600e-06 
 1.33000000e+00  1.06087691e-06 
 1.34000000e+00  1.06434713e-06 
 1.35000000e+00  1.06781667e-06 
 1.36000000e+00  1.07128557e-06 
 1.37000000e+00  1.07475383e-06 
 1.38000000e+00  1.07822147e-06 
 1.39000000e+00  1.08168852e-06 
 1.40000000e+00  1.08515499e-06 
 1.41000000e+00  1.08862089e-06 
 1.42000000e+00  1.09208625e-06 
 1.43000000e+00  1.09555109e-06 
 1.44000000e+00  1.09901540e-06 
 1.45000000e+00  1.10247923e-06 
 1.46000000e+00  1.10594256e-06 
 1.47000000e+00  1.10940544e-06 
 1.48000000e+00  1.11286786e-06 
 1.49000000e+00  1.11632984e-06 
 1.50000000e+00  1.11979139e-06 
 1.51000000e+00  1.12325253e-06 
 1.52000000e+00  1.12671328e-06 
 1.53000000e+00  1.13017364e-06 
 1.54000000e+00  1.13363363e-06 
 1.55000000e+00  1.13709326e-06 
 1.56000000e+00  1.14055254e-06 
 1.57000000e+00  1.14401148e-06 
 1.58000000e+00  1.14747010e-06 
 1.59000000e+00  1.15092840e-06 
 1.60000000e+00  1.15438640e-06 
 1.61000000e+00  1.15784411e-06 
 1.62000000e+00  1.16130154e-06 
 1.63000000e+00  1.16475870e-06 
 1.64000000e+00  1.16821559e-06 
 1.65000000e+00  1.17167224e-06 
 1.66000000e+00  1.17512864e-06 
 1.67000000e+00  1.17858482e-06 
 1.68000000e+00  1.18204076e-06 
 1.69000000e+00  1.18549650e-06 
 1.70000000e+00  1.18895203e-06 
 1.71000000e+00  1.19240737e-06 
 1.72000000e+00  1.19586251e-06 
 1.73000000e+00  1.19931748e-06 
 1.74000000e+00  1.20277228e-06 
 1.75000000e+00  1.20622692e-06 
 1.76000000e+00  1.20968140e-06 
 1.77000000e+00  1.21313573e-06 
 1.78000000e+00  1.21658992e-06 
 1.79000000e+00  1.22004399e-06 
 1.80000000e+00  1.22349792e-06 
 0.00000000e+00  0.00000000e+00 
 1.00000000e-02  2.51786802e-05 
 2.00000000e-02  4.94328031e-05 
 3.00000000e-02  7.27703621e-05 
 4.00000000e-02  9.51993022e-05 
 5.00000000e-02  1.16727529e-04 
 6.00000000e-02  1.37362921e-04 
 7.00000000e-02  1.57113340e-04 
 8.00000000e-02  1.75986656e-04 
 9.00000000e-02  1.93990766e-04 
 1.00000000e-01  2.11133628e-04 
 1.10000000e-01  2.27423308e-04 
 1.20000000e-01  2.42868041e-04 
 1.30000000e-01  2.57476315e-04 
 1.40000000e-01  2.71257000e-04 
 1.50000000e-01  2.84219514e-04 
 1.60000000e-01  2.96374072e-04 
 1.70000000e-01  3.07732026e-04 
 1.80000000e-01  3.18306327e-04 
 1.90000000e-01  3.28112143e-04 
 2.00000000e-01  3.37167617e-04 
 2.10000000e-01  3.45494754e-04 
 2.20000000e-01  3.53120310e-04 
 2.30000000e-01  3.60076506e-04 
 2.40000000e-01  3.66401321e-04 
 2.50000000e-01  3.72138137e-04 
 2.60000000e-01  3.77334645e-04 
 2.70000000e-01  3.82041129e-04 
 2.80000000e-01  3.86308435e-04 
 2.90000000e-01  3.90186012e-04 
 3.00000000e-01  3.93720329e-04 
 3.10000000e-01  3.96953835e-04 
 3.20000000e-01  3.99924448e-04 
 3.30000000e-01  4.02665473e-04 
 3.40000000e-01  4.05205824e-04 
 3.50000000e-01  4.07570409e-04 
 3.60000000e-01  4.09780589e-04 
 3.70000000e-01  4.11854652e-04 
 3.80000000e-01  4.13808251e-04 
 3.90000000e-01  4.15654805e-04 
 4.00000000e-01  4.17405846e-04 
 4.10000000e-01  4.19071311e-04 
 4.20000000e-01  4.20659796e-04 
 4.30000000e-01  4.22178762e-04 
 4.40000000e-01  4.23634715e-04 
 4.50000000e-01  4.25033344e-04 
 4.60000000e-01  4.26379648e-04 
 4.70000000e-01  4.27678036e-04 
 4.80000000e-01  4.28932411e-04 
 4.90000000e-01  4.30146239e-04 
 5.00000000e-01  4.31322612e-04 
 5.10000000e-01  4.32464295e-04 
 5.20000000e-01  4.33573771e-04 
 5.30000000e-01  4.34653275e-04 
 5.40000000e-01  4.35704826e-04 
 5.50000000e-01  4.36730250e-04 
 5.60000000e-01  4.37731210e-04 
 5.70000000e-01  4.38709216e-04 
 5.80000000e-01  4.39665648e-04 
 5.90000000e-01  4.40601770e-04 
 6.00000000e-01  4.41518738e-04 
 6.10000000e-01  4.42417619e-04 
 6.20000000e-01  4.43299391e-04 
 6.30000000e-01  4.44164960e-04 
 6.40000000e-01  4.45015162e-04 
 6.50000000e-01  4.45850771e-04 
 6.60000000e-01  4.46672508e-04 
 6.70000000e-01  4.47481040e-04 
 6.80000000e-01  4.48276990e-04 
 6.90000000e-01  4.49060937e-04 
 7.00000000e-01  4.49833425e-04 
 7.10000000e-01  4.50594958e-04 
 7.20000000e-01  4.51346013e-04 
 7.30000000e-01  4.52087033e-04 
 7.40000000e-01  4.52818437e-04 
 7.50000000e-01  4.53540618e-04 
 7.60000000e-01  4.54253944e-04 
 7.70000000e-01  4.54958765e-04 
 7.80000000e-01  4.55655408e-04 
 7.90000000e-01  4.56344184e-04 
 8.00000000e-01  4.57025387e-04 
 8.10000000e-01  4.57699292e-04 
 8.20000000e-01  4.58366164e-04 
 8.30000000e-01  4.59026251e-04 
 8.40000000e-01  4.59679790e-04 
 8.50000000e-01  4.60327005e-04 
 8.60000000e-01  4.60968109e-04 
 8.70000000e-01  4.61603305e-04 
 8.80000000e-01  4.62232786e-04 
 8.90000000e-01  4.62856736e-04 
 9.00000000e-01  4.63475330e-04 
 9.10000000e-01  4.64088737e-04 
 9.20000000e-01  4.64697114e-04 
 9.30000000e-01  4.65300616e-04 
 9.40000000e-01  4.65899388e-04 
 9.50000000e-01  4.66493569e-04 
 9.60000000e-01  4.67083294e-04 
 9.70000000e-01  4.67668690e-04 
 9.80000000e-01  4.68249879e-04 
 9.90000000e-01  4.68826980e-04 
 1.00000000e+00  4.69400104e-04 
 1.01000000e+00  4.69969361e-04 
 1.02000000e+00  4.70534855e-04 
 1.03000000e+00  4.71096684e-04 
 1.04000000e+00  4.71654947e-04 
 1.05000000e+00  4.72209734e-04 
 1.06000000e+00  4.72761135e-04 
 1.07000000e+00  4.73309235e-04 
 1.08000000e+00  4.73854117e-04 
 1.09000000e+00  4.74395861e-04 
 1.10000000e+00  4.74934543e-04 
 1.11000000e+00  4.75470237e-04 
 1.12000000e+00  4.76003014e-04 
 1.13000000e+00  4.76532944e-04 
 1.14000000e+00  4.77060092e-04 
 1.15000000e+00  4.77584524e-04 
 1.16000000e+00  4.78106300e-04 
 1.17000000e+00  4.78625482e-04 
 1.18000000e+00  4.79142127e-04 
 1.19000000e+00  4.79656292e-04 
 1.20000000e+00  4.80168030e-04 
 1.21000000e+00  4.80677395e-04 
 1.22000000e+00  4.81184437e-04 
 1.23000000e+00  4.81689206e-04 
 1.24000000e+00  4.82191749e-04 
 1.25000000e+00  4.82692114e-04 
 1.26000000e+00  4.83190345e-04 
 1.27000000e+00  4.83686485e-04 
 1.28000000e+00  4.84180578e-04 
 1.29000000e+00  4.84672664e-04 
 1.30000000e+00  4.85162783e-04 
 1.31000000e+00  4.85650974e-04 
 1.32000000e+00  4.86137274e-04 
 1.33000000e+00  4.86621721e-04 
 1.34000000e+00  4.87104349e-04 
 1.35000000e+00  4.87585193e-04 
 1.36000000e+00  4.88064287e-04 
 1.37000000e+00  4.88541664e-04 
 1.38000000e+00  4.89017355e-04 
 1.39000000e+00  4.89491392e-04 
 1.40000000e+00  4.89963804e-04 
 1.41000000e+00  4.90434620e-04 
 1.42000000e+00  4.90903870e-04 
 1.43000000e+00  4.91371582e-04 
 1.44000000e+00  4.91837782e-04 
 1.45000000e+00  4.92302496e-04 
 1.46000000e+00  4.92765751e-04 
 1.47000000e+00  4.93227571e-04 
 1.48000000e+00  4.93687982e-04 
 1.49000000e+00  4.94147007e-04 
 1.50000000e+00  4.94604669e-04 
 1.51000000e+00  4.95060991e-04 
 1.52000000e+00  4.95515996e-04 
 1.53000000e+00  4.95969704e-04 
 1.54000000e+00  4.96422137e-04 
 1.55000000e+00  4.96873317e-04 
 1.56000000e+00  4.97323262e-04 
 1.57000000e+00  4.97771993e-04 
 1.58000000e+00  4.98219528e-04 
 1.59000000e+00  4.98665888e-04 
 1.60000000e+00  4.99111090e-04 
 1.61000000e+00  4.99555152e-04 
 1.62000000e+00  4.99998092e-04 
 1.63000000e+00  5.00439928e-04 
 1.64000000e+00  5.00880675e-04 
 1.65000000e+00  5.01320351e-04 
 1.66000000e+00  5.01758972e-04 
 1.67000000e+00  5.02196553e-04 
 1.68000000e+00  5.02633111e-04 
 1.69000000e+00  5.03068660e-04 
 1.70000000e+00  5.03503215e-04 
 1.71000000e+00  5.03936792e-04 
 1.72000000e+00  5.04369404e-04 
 1.73000000e+00  5.04801066e-04 
 1.74000000e+00  5.05231791e-04 
 1.75000000e+00  5.05661593e-04 
 1.76000000e+00  5.06090485e-04 
 1.77000000e+00  5.06518481e-04 
 1.78000000e+00  5.06945594e-04 
 1.79000000e+00  5.07371836e-04 
 1.80000000e+00  5.07797220e-04 
 0.00000000e+00  0.00000000e+00 
 1.00000000e-02  5.76043151e-05 
 2.00000000e-02  1.14103206e-04 
 3.00000000e-02  1.69505099e-04 
 4.00000000e-02  2.23818312e-04 
 5.00000000e-02  2.77051051e-04 
 6.00000000e-02  3.29211404e-04 
 7.00000000e-02  3.80307343e-04 
 8.00000000e-02  4.30346714e-04 
 9.00000000e-02  4.79337231e-04 
 1.00000000e-01  5.27286470e-04 
 1.10000000e-01  5.74201860e-04 
 1.20000000e-01  6.20090671e-04 
 1.30000000e-01  6.64959997e-04 
 1.40000000e-01  7.08816748e-04 
 1.50000000e-01  7.51667620e-04 
 1.60000000e-01  7.93519078e-04 
 1.70000000e-01  8.34377324e-04 
 1.80000000e-01  8.74248266e-04 
 1.90000000e-01  9.13137470e-04 
 2.00000000e-01  9.51050116e-04 
 2.10000000e-01  9.87990937e-04 
 2.20000000e-01  1.02396415e-03 
 2.30000000e-01  1.05897336e-03 
 2.40000000e-01  1.09302149e-03 
 2.50000000e-01  1.12611065e-03 
 2.60000000e-01  1.15824200e-03 
 2.70000000e-01  1.18941562e-03 
 2.80000000e-01  1.21963038e-03 
 2.90000000e-01  1.24888375e-03 
 3.00000000e-01  1.27717166e-03 
 3.10000000e-01  1.30448842e-03 
 3.20000000e-01  1.33082666e-03 
 3.30000000e-01  1.35617738e-03 
 3.40000000e-01  1.38053022e-03 
 3.50000000e-01  1.40387390e-03 
 3.60000000e-01  1.42619697e-03 
 3.70000000e-01  1.44748894e-03 
 3.80000000e-01  1.46774170e-03 
 3.90000000e-01  1.48695116e-03 
 4.00000000e-01  1.50511903e-03 
 4.10000000e-01  1.52225445e-03 
 4.20000000e-01  1.53837511e-03 
 4.30000000e-01  1.55350781e-03 
 4.40000000e-01  1.56768812e-03 
 4.50000000e-01  1.58095944e-03 
 4.60000000e-01  1.59337131e-03 
 4.70000000e-01  1.60497748e-03 
 4.80000000e-01  1.61583398e-03 
 4.90000000e-01  1.62599719e-03 
 5.00000000e-01  1.63552245e-03 
 5.10000000e-01  1.64446279e-03 
 5.20000000e-01  1.65286825e-03 
 5.30000000e-01  1.66078534e-03 
 5.40000000e-01  1.66825688e-03 
 5.50000000e-01  1.67532198e-03 
 5.60000000e-01  1.68201613e-03 
 5.70000000e-01  1.68837142e-03 
 5.80000000e-01  1.69441680e-03 
 5.90000000e-01  1.70017830e-03 
 6.00000000e-01  1.70567936e-03 
 6.10000000e-01  1.71094103e-03 
 6.20000000e-01  1.71598226e-03 
 6.30000000e-01  1.72082011e-03 
 6.40000000e-01  1.72546997e-03 
 6.50000000e-01  1.72994571e-03 
 6.60000000e-01  1.73425987e-03 
 6.70000000e-01  1.73842383e-03 
 6.80000000e-01  1.74244789e-03 
 6.90000000e-01  1.74634140e-03 
 7.00000000e-01  1.75011290e-03 
 7.10000000e-01  1.75377017e-03 
 7.20000000e-01  1.75732030e-03 
 7.30000000e-01  1.76076981e-03 
 7.40000000e-01  1.76412466e-03 
 7.50000000e-01  1.76739032e-03 
 7.60000000e-01  1.77057185e-03 
 7.70000000e-01  1.77367390e-03 
 7.80000000e-01  1.77670076e-03 
 7.90000000e-01  1.77965640e-03 
 8.00000000e-01  1.78254450e-03 
 8.10000000e-01  1.78536848e-03 
 8.20000000e-01  1.78813151e-03 
 8.30000000e-01  1.79083655e-03 
 8.40000000e-01  1.79348635e-03 
 8.50000000e-01  1.79608347e-03 
 8.60000000e-01  1.79863032e-03 
 8.70000000e-01  1.80112914e-03 
 8.80000000e-01  1.80358203e-03 
 8.90000000e-01  1.80599097e-03 
 9.00000000e-01  1.80835781e-03 
 9.10000000e-01  1.81068429e-03 
 9.20000000e-01  1.81297206e-03 
 9.30000000e-01  1.81522265e-03 
 9.40000000e-01  1.81743752e-03 
 9.50000000e-01  1.81961804e-03 
 9.60000000e-01  1.82176552e-03 
 9.70000000e-01  1.82388119e-03 
 9.80000000e-01  1.82596620e-03 
 9.90000000e-01  1.82802166e-03 
 1.00000000e+00  1.83004862e-03 
 1.01000000e+00  1.83204807e-03 
 1.02000000e+00  1.83402095e-03 
 1.03000000e+00  1.83596815e-03 
 1.04000000e+00  1.83789053e-03 
 1.05000000e+00  1.83978891e-03 
 1.06000000e+00  1.84166405e-03 
 1.07000000e+00  1.84351669e-03 
 1.08000000e+00  1.84534753e-03 
 1.09000000e+00  1.84715726e-03 
 1.10000000e+00  1.84894650e-03 
 1.11000000e+00  1.85071588e-03 
 1.12000000e+00  1.85246598e-03 
 1.13000000e+00  1.85419737e-03 
 1.14000000e+00  1.85591057e-03 
 1.15000000e+00  1.85760611e-03 
 1.16000000e+00  1.85928449e-03 
 1.17000000e+00  1.86094617e-03 
 1.18000000e+00  1.86259161e-03 
 1.19000000e+00  1.86422125e-03 
 1.20000000e+00  1.86583552e-03 
 1.21000000e+00  1.86743480e-03 
 1.22000000e+00  1.86901950e-03 
 1.23000000e+00  1.87058999e-03 
 1.24000000e+00  1.87214662e-03 
 1.25000000e+00  1.87368975e-03 
 1.26000000e+00  1.87521970e-03 
 1.27000000e+00  1.87673681e-03 
 1.28000000e+00  1.87824138e-03 
 1.29000000e+00  1.87973370e-03 
 1.30000000e+00  1.88121408e-03 
 1.31000000e+00  1.88268278e-03 
 1.32000000e+00  1.88414009e-03 
 1.33000000e+00  1.88558625e-03 
 1.34000000e+00  1.88702153e-03 
 1.35000000e+00  1.88844616e-03 
 1.36000000e+00  1.88986038e-03 
 1.37000000e+00  1.89126442e-03 
 1.38000000e+00  1.89265850e-03 
 1.39000000e+00  1.89404283e-03 
 1.40000000e+00  1.89541763e-03 
 1.41000000e+00  1.89678309e-03 
 1.42000000e+00  1.89813940e-03 
 1.43000000e+00  1.89948676e-03 
 1.44000000e+00  1.90082535e-03 
 1.45000000e+00  1.90215534e-03 
 1.46000000e+00  1.90347691e-03 
 1.47000000e+00  1.90479022e-03 
 1.48000000e+00  1.90609544e-03 
 1.49000000e+00  1.90739273e-03 
 1.50000000e+00  1.90868223e-03 
 1.51000000e+00  1.90996411e-03 
 1.52000000e+00  1.91123849e-03 
 1.53000000e+00  1.91250552e-03 
 1.54000000e+00  1.91376535e-03 
 1.55000000e+00  1.91501809e-03 
 1.56000000e+00  1.91626389e-03 
 1.57000000e+00  1.91750287e-03 
 1.58000000e+00  1.91873514e-03 
 1.59000000e+00  1.91996084e-03 
 1.60000000e+00  1.92118007e-03 
 1.61000000e+00  1.92239295e-03 
 1.62000000e+00  1.92359959e-03 
 1.63000000e+00  1.92480010e-03 
 1.64000000e+00  1.92599458e-03 
 1.65000000e+00  1.92718314e-03 
 1.66000000e+00  1.92836587e-03 
 1.67000000e+00  1.92954288e-03 
 1.68000000e+00  1.93071425e-03 
 1.69000000e+00  1.93188008e-03 
 1.70000000e+00  1.93304046e-03 
 1.71000000e+00  1.93419548e-03 
 1.72000000e+00  1.93534523e-03 
 1.73000000e+00  1.93648978e-03 
 1.74000000e+00  1.93762923e-03 
 1.75000000e+00  1.93876365e-03 
 1.76000000e+00  1.93989312e-03 
 1.77000000e+00  1.94101772e-03 
 1.78000000e+00  1.94213753e-03 
 1.79000000e+00  1.94325261e-03 
 1.80000000e+00  1.94436304e-03 
 0.00000000e+00  0.00000000e+00 
 1.00000000e-02  8.07194206e-05 
 2.00000000e-02  1.60348639e-04 
 3.00000000e-02  2.38894906e-04 
 4.00000000e-02  3.16365393e-04 
 5.00000000e-02  3.92767192e-04 
 6.00000000e-02  4.68107313e-04 
 7.00000000e-02  5.42392685e-04 
 8.00000000e-02  6.15630151e-04 
 9.00000000e-02  6.87826469e-04 
 1.00000000e-01  7.58988308e-04 
 1.10000000e-01  8.29122245e-04 
 1.20000000e-01  8.98234760e-04 
 1.30000000e-01  9.66332233e-04 
 1.40000000e-01  1.03342094e-03 
 1.50000000e-01  1.09950705e-03 
 1.60000000e-01  1.16459661e-03 
 1.70000000e-01  1.22869553e-03 
 1.80000000e-01  1.29180961e-03 
 1.90000000e-01  1.35394448e-03 
 2.00000000e-01  1.41510563e-03 
 2.10000000e-01  1.47529836e-03 
 2.20000000e-01  1.53452778e-03 
 2.30000000e-01  1.59279880e-03 
 2.40000000e-01  1.65011609e-03 
 2.50000000e-01  1.70648403e-03 
 2.60000000e-01  1.76190674e-03 
 2.70000000e-01  1.81638797e-03 
 2.80000000e-01  1.86993111e-03 
 2.90000000e-01  1.92253910e-03 
 3.00000000e-01  1.97421438e-03 
 3.10000000e-01  2.02495883e-03 
 3.20000000e-01  2.07477366e-03 
 3.30000000e-01  2.12365933e-03 
 3.40000000e-01  2.17161543e-03 
 3.50000000e-01  2.21864054e-03 
 3.60000000e-01  2.26473211e-03 
 3.70000000e-01  2.30988622e-03 
 3.80000000e-01  2.35409749e-03 
 3.90000000e-01  2.39735878e-03 
 4.00000000e-01  2.43966102e-03 
 4.10000000e-01  2.48099298e-03 
 4.20000000e-01  2.52134104e-03 
 4.30000000e-01  2.56068899e-03 
 4.40000000e-01  2.59901790e-03 
 4.50000000e-01  2.63630610e-03 
 4.60000000e-01  2.67252925e-03 
 4.70000000e-01  2.70766064e-03 
 4.80000000e-01  2.74167177e-03 
 4.90000000e-01  2.77453318e-03 
 5.00000000e-01  2.80621569e-03 
 5.10000000e-01  2.83669187e-03 
 5.20000000e-01  2.86593788e-03 
 5.30000000e-01  2.89393535e-03 
 5.40000000e-01  2.92067327e-03 
 5.50000000e-01  2.94614955e-03 
 5.60000000e-01  2.97037216e-03 
 5.70000000e-01  2.99335954e-03 
 5.80000000e-01  3.01514044e-03 
 5.90000000e-01  3.03575296e-03 
 6.00000000e-01  3.05524314e-03 
 6.10000000e-01  3.07366328e-03 
 6.20000000e-01  3.09106998e-03 
 6.30000000e-01  3.10752236e-03 
 6.40000000e-01  3.12308044e-03 
 6.50000000e-01  3.13780373e-03 
 6.60000000e-01  3.15175014e-03 
 6.70000000e-01  3.16497523e-03 
 6.80000000e-01  3.17753165e-03 
 6.90000000e-01  3.18946882e-03 
 7.00000000e-01  3.20083279e-03 
 7.10000000e-01  3.21166619e-03 
 7.20000000e-01  3.22200839e-03 
 7.30000000e-01  3.23189552e-03 
 7.40000000e-01  3.24136076e-03 
 7.50000000e-01  3.25043447e-03 
 7.60000000e-01  3.25914443e-03 
 7.70000000e-01  3.26751604e-03 
 7.80000000e-01  3.27557251e-03 
 7.90000000e-01  3.28333508e-03 
 8.00000000e-01  3.29082319e-03 
 8.10000000e-01  3.29805462e-03 
 8.20000000e-01  3.30504568e-03 
 8.30000000e-01  3.31181133e-03 
 8.40000000e-01  3.31836533e-03 
 8.50000000e-01  3.32472030e-03 
 8.60000000e-01  3.33088788e-03 
 8.70000000e-01  3.33687881e-03 
 8.80000000e-01  3.34270298e-03 
 8.90000000e-01  3.34836955e-03 
 9.00000000e-01  3.35388700e-03 
 9.10000000e-01  3.35926319e-03 
 9.20000000e-01  3.36450539e-03 
 9.30000000e-01  3.36962039e-03 
 9.40000000e-01  3.37461449e-03 
 9.50000000e-01  3.37949356e-03 
 9.60000000e-01  3.38426309e-03 
 9.70000000e-01  3.38892818e-03 
 9.80000000e-01  3.39349362e-03 
 9.90000000e-01  3.39796389e-03 
 1.00000000e+00  3.40234318e-03 
 1.01000000e+00  3.40663544e-03 
 1.02000000e+00  3.41084436e-03 
 1.03000000e+00  3.41497343e-03 
 1.04000000e+00  3.41902590e-03 
 1.05000000e+00  3.42300488e-03 
 1.06000000e+00  3.42691326e-03 
 1.07000000e+00  3.43075379e-03 
 1.08000000e+00  3.43452907e-03 
 1.09000000e+00  3.43824155e-03 
 1.10000000e+00  3.44189356e-03 
 1.11000000e+00  3.44548729e-03 
 1.12000000e+00  3.44902482e-03 
 1.13000000e+00  3.45250815e-03 
 1.14000000e+00  3.45593915e-03 
 1.15000000e+00  3.45931960e-03 
 1.16000000e+00  3.46265121e-03 
 1.17000000e+00  3.46593559e-03 
 1.18000000e+00  3.46917429e-03 
 1.19000000e+00  3.47236877e-03 
 1.20000000e+00  3.47552043e-03 
 1.21000000e+00  3.47863062e-03 
 1.22000000e+00  3.48170060e-03 
 1.23000000e+00  3.48473161e-03 
 1.24000000e+00  3.48772480e-03 
 1.25000000e+00  3.49068129e-03 
 1.26000000e+00  3.49360216e-03 
 1.27000000e+00  3.49648842e-03 
 1.28000000e+00  3.49934106e-03 
 1.29000000e+00  3.50216102e-03 
 1.30000000e+00  3.50494920e-03 
 1.31000000e+00  3.50770647e-03 
 1.32000000e+00  3.51043367e-03 
 1.33000000e+00  3.51313159e-03 
 1.34000000e+00  3.51580100e-03 
 1.35000000e+00  3.51844264e-03 
 1.36000000e+00  3.52105723e-03 
 1.37000000e+00  3.52364545e-03 
 1.38000000e+00  3.52620796e-03 
 1.39000000e+00  3.52874540e-03 
 1.40000000e+00  3.53125839e-03 
 1.41000000e+00  3.53374750e-03 
 1.42000000e+00  3.53621332e-03 
 1.43000000e+00  3.53865640e-03 
 1.44000000e+00  3.54107726e-03 
 1.45000000e+00  3.54347643e-03 
 1.46000000e+00  3.54585440e-03 
 1.47000000e+00  3.54821164e-03 
 1.48000000e+00  3.55054863e-03 
 1.49000000e+00  3.55286580e-03 
 1.50000000e+00  3.55516361e-03 
 1.51000000e+00  3.55744246e-03 
 1.52000000e+00  3.55970277e-03 
 1.53000000e+00  3.56194493e-03 
 1.54000000e+00  3.56416931e-03 
 1.55000000e+00  3.56637630e-03 
 1.56000000e+00  3.56856626e-03 
 1.57000000e+00  3.57073952e-03 
 1.58000000e+00  3.57289643e-03 
 1.59000000e+00  3.57503731e-03 
 1.60000000e+00  3.57716249e-03 
 1.61000000e+00  3.57927227e-03 
 1.62000000e+00  3.58136696e-03 
 1.63000000e+00  3.58344684e-03 
 1.64000000e+00  3.58551221e-03 
 1.65000000e+00  3.58756332e-03 
 1.66000000e+00  3.58960046e-03 
 1.67000000e+00  3.59162388e-03 
 1.68000000e+00  3.59363384e-03 
 1.69000000e+00  3.59563057e-03 
 1.70000000e+00  3.59761434e-03 
 1.71000000e+00  3.59958535e-03 
 1.72000000e+00  3.60154386e-03 
 1.73000000e+00  3.60349006e-03 
 1.74000000e+00  3.60542419e-03 
 1.75000000e+00  3.60734645e-03 
 1.76000000e+00  3.60925705e-03 
 1.77000000e+00  3.61115618e-03 
 1.78000000e+00  3.61304404e-03 
 1.79000000e+00  3.61492082e-03 
 1.80000000e+00  3.61678671e-03 
