 0.00000000e+00  0.00000000e+00 
-1.00000000e-02  5.38724519e-09 
-2.00000000e-02  9.88102692e-09 
-3.00000000e-02  1.35975959e-08 
-4.00000000e-02  1.66520489e-08 
-5.00000000e-02  1.91531983e-08 
-6.00000000e-02  2.11996019e-08 
-7.00000000e-02  2.28772111e-08 
-8.00000000e-02  2.42586324e-08 
-9.00000000e-02  2.54036585e-08 
-1.00000000e-01  2.63605931e-08 
-1.10000000e-01  2.71679316e-08 
-1.20000000e-01  2.78560862e-08 
-1.30000000e-01  2.84489677e-08 
-1.40000000e-01  2.89653443e-08 
-1.50000000e-01  2.94199584e-08 
-1.60000000e-01  2.98244188e-08 
-1.70000000e-01  3.01879015e-08 
-1.80000000e-01  3.05176937e-08 
-1.90000000e-01  3.08196126e-08 
-2.00000000e-01  3.10983287e-08 
-2.10000000e-01  3.13576134e-08 
-2.20000000e-01  3.16005299e-08 
-2.30000000e-01  3.18295812e-08 
-2.40000000e-01  3.20468242e-08 
-2.50000000e-01  3.22539586e-08 
-2.60000000e-01  3.24523971e-08 
-2.70000000e-01  3.26433197e-08 
-2.80000000e-01  3.28277172e-08 
-2.90000000e-01  3.30064258e-08 
-3.00000000e-01  3.31801543e-08 
-3.10000000e-01  3.33495065e-08 
-3.20000000e-01  3.35149989e-08 
-3.30000000e-01  3.36770751e-08 
-3.40000000e-01  3.38361175e-08 
-3.50000000e-01  3.39924574e-08 
-3.60000000e-01  3.41463825e-08 
-3.70000000e-01  3.42981437e-08 
-3.80000000e-01  3.44479605e-08 
-3.90000000e-01  3.45960253e-08 
-4.00000000e-01  3.47425078e-08 
-4.10000000e-01  3.48875578e-08 
-4.20000000e-01  3.50313076e-08 
-4.30000000e-01  3.51738750e-08 
-4.40000000e-01  3.53153648e-08 
-4.50000000e-01  3.54558704e-08 
-4.60000000e-01  3.55954755e-08 
-4.70000000e-01  3.57342549e-08 
-4.80000000e-01  3.58722761e-08 
-4.90000000e-01  3.60095997e-08 
-5.00000000e-01  3.61462804e-08 
-5.10000000e-01  3.62823678e-08 
-5.20000000e-01  3.64179067e-08 
-5.30000000e-01  3.65529377e-08 
-5.40000000e-01  3.66874979e-08 
-5.50000000e-01  3.68216210e-08 
-5.60000000e-01  3.69553377e-08 
-5.70000000e-01  3.70886761e-08 
-5.80000000e-01  3.72216619e-08 
-5.90000000e-01  3.73543186e-08 
-6.00000000e-01  3.74866680e-08 
-6.10000000e-01  3.76187298e-08 
-6.20000000e-01  3.77505224e-08 
-6.30000000e-01  3.78820626e-08 
-6.40000000e-01  3.80133660e-08 
-6.50000000e-01  3.81444471e-08 
-6.60000000e-01  3.82753190e-08 
-6.70000000e-01  3.84059942e-08 
-6.80000000e-01  3.85364841e-08 
-6.90000000e-01  3.86667992e-08 
-7.00000000e-01  3.87969494e-08 
-7.10000000e-01  3.89269440e-08 
-7.20000000e-01  3.90567915e-08 
-7.30000000e-01  3.91864997e-08 
-7.40000000e-01  3.93160762e-08 
-7.50000000e-01  3.94455279e-08 
-7.60000000e-01  3.95748613e-08 
-7.70000000e-01  3.97040825e-08 
-7.80000000e-01  3.98331971e-08 
-7.90000000e-01  3.99622105e-08 
-8.00000000e-01  4.00911277e-08 
-8.10000000e-01  4.02199534e-08 
-8.20000000e-01  4.03486919e-08 
-8.30000000e-01  4.04773475e-08 
-8.40000000e-01  4.06059241e-08 
-8.50000000e-01  4.07344252e-08 
-8.60000000e-01  4.08628545e-08 
-8.70000000e-01  4.09912151e-08 
-8.80000000e-01  4.11195101e-08 
-8.90000000e-01  4.12477424e-08 
-9.00000000e-01  4.13759149e-08 
-9.10000000e-01  4.15040301e-08 
-9.20000000e-01  4.16320904e-08 
-9.30000000e-01  4.17600982e-08 
-9.40000000e-01  4.18880557e-08 
-9.50000000e-01  4.20159650e-08 
-9.60000000e-01  4.21438281e-08 
-9.70000000e-01  4.22716468e-08 
-9.80000000e-01  4.23994229e-08 
-9.90000000e-01  4.25271583e-08 
-1.00000000e+00  4.26548543e-08 
-1.01000000e+00  4.27825127e-08 
-1.02000000e+00  4.29101348e-08 
-1.03000000e+00  4.30377221e-08 
-1.04000000e+00  4.31652759e-08 
-1.05000000e+00  4.32927973e-08 
-1.06000000e+00  4.34202878e-08 
-1.07000000e+00  4.35477483e-08 
-1.08000000e+00  4.36751799e-08 
-1.09000000e+00  4.38025839e-08 
-1.10000000e+00  4.39299610e-08 
-1.11000000e+00  4.40573123e-08 
-1.12000000e+00  4.41846387e-08 
-1.13000000e+00  4.43119411e-08 
-1.14000000e+00  4.44392202e-08 
-1.15000000e+00  4.45664770e-08 
-1.16000000e+00  4.46937121e-08 
-1.17000000e+00  4.48209263e-08 
-1.18000000e+00  4.49481203e-08 
-1.19000000e+00  4.50752947e-08 
-1.20000000e+00  4.52024503e-08 
-1.21000000e+00  4.53295876e-08 
-1.22000000e+00  4.54567072e-08 
-1.23000000e+00  4.55838097e-08 
-1.24000000e+00  4.57108956e-08 
-1.25000000e+00  4.58379655e-08 
-1.26000000e+00  4.59650199e-08 
-1.27000000e+00  4.60920592e-08 
-1.28000000e+00  4.62190839e-08 
-1.29000000e+00  4.63460945e-08 
-1.30000000e+00  4.64730914e-08 
-1.31000000e+00  4.66000750e-08 
-1.32000000e+00  4.67270458e-08 
-1.33000000e+00  4.68540040e-08 
-1.34000000e+00  4.69809501e-08 
-1.35000000e+00  4.71078844e-08 
-1.36000000e+00  4.72348073e-08 
-1.37000000e+00  4.73617191e-08 
-1.38000000e+00  4.74886201e-08 
-1.39000000e+00  4.76155106e-08 
-1.40000000e+00  4.77423910e-08 
-1.41000000e+00  4.78692615e-08 
-1.42000000e+00  4.79961224e-08 
-1.43000000e+00  4.81229740e-08 
-1.44000000e+00  4.82498164e-08 
-1.45000000e+00  4.83766501e-08 
-1.46000000e+00  4.85034751e-08 
-1.47000000e+00  4.86302918e-08 
-1.48000000e+00  4.87571004e-08 
-1.49000000e+00  4.88839011e-08 
-1.50000000e+00  4.90106940e-08 
-1.51000000e+00  4.91374795e-08 
-1.52000000e+00  4.92642577e-08 
-1.53000000e+00  4.93910287e-08 
-1.54000000e+00  4.95177929e-08 
-1.55000000e+00  4.96445503e-08 
-1.56000000e+00  4.97713012e-08 
-1.57000000e+00  4.98980456e-08 
-1.58000000e+00  5.00247838e-08 
-1.59000000e+00  5.01515159e-08 
-1.60000000e+00  5.02782422e-08 
-1.61000000e+00  5.04049626e-08 
-1.62000000e+00  5.05316774e-08 
-1.63000000e+00  5.06583867e-08 
-1.64000000e+00  5.07850907e-08 
-1.65000000e+00  5.09117894e-08 
-1.66000000e+00  5.10384830e-08 
-1.67000000e+00  5.11651717e-08 
-1.68000000e+00  5.12918555e-08 
-1.69000000e+00  5.14185345e-08 
-1.70000000e+00  5.15452090e-08 
-1.71000000e+00  5.16718789e-08 
-1.72000000e+00  5.17985444e-08 
-1.73000000e+00  5.19252057e-08 
-1.74000000e+00  5.20518627e-08 
-1.75000000e+00  5.21785156e-08 
-1.76000000e+00  5.23051645e-08 
-1.77000000e+00  5.24318095e-08 
-1.78000000e+00  5.25584507e-08 
-1.79000000e+00  5.26850881e-08 
-1.80000000e+00  5.28117219e-08 
 0.00000000e+00  0.00000000e+00 
-1.00000000e-02  1.61740322e-07 
-2.00000000e-02  3.18597502e-07 
-3.00000000e-02  4.70586572e-07 
-4.00000000e-02  6.17724600e-07 
-5.00000000e-02  7.60030816e-07 
-6.00000000e-02  8.97526767e-07 
-7.00000000e-02  1.03023651e-06 
-8.00000000e-02  1.15818682e-06 
-9.00000000e-02  1.28140745e-06 
-1.00000000e-01  1.39993139e-06 
-1.10000000e-01  1.51379518e-06 
-1.20000000e-01  1.62303923e-06 
-1.30000000e-01  1.72770816e-06 
-1.40000000e-01  1.82785116e-06 
-1.50000000e-01  1.92352240e-06 
-1.60000000e-01  2.01478138e-06 
-1.70000000e-01  2.10169332e-06 
-1.80000000e-01  2.18432955e-06 
-1.90000000e-01  2.26276784e-06 
-2.00000000e-01  2.33709269e-06 
-2.10000000e-01  2.40739562e-06 
-2.20000000e-01  2.47377528e-06 
-2.30000000e-01  2.53633758e-06 
-2.40000000e-01  2.59519560e-06 
-2.50000000e-01  2.65046942e-06 
-2.60000000e-01  2.70228581e-06 
-2.70000000e-01  2.75077776e-06 
-2.80000000e-01  2.79608378e-06 
-2.90000000e-01  2.83834718e-06 
-3.00000000e-01  2.87771506e-06 
-3.10000000e-01  2.91433731e-06 
-3.20000000e-01  2.94836545e-06 
-3.30000000e-01  2.97995141e-06 
-3.40000000e-01  3.00924634e-06 
-3.50000000e-01  3.03639944e-06 
-3.60000000e-01  3.06155681e-06 
-3.70000000e-01  3.08486042e-06 
-3.80000000e-01  3.10644726e-06 
-3.90000000e-01  3.12644857e-06 
-4.00000000e-01  3.14498922e-06 
-4.10000000e-01  3.16218732e-06 
-4.20000000e-01  3.17815391e-06 
-4.30000000e-01  3.19299283e-06 
-4.40000000e-01  3.20680074e-06 
-4.50000000e-01  3.21966715e-06 
-4.60000000e-01  3.23167472e-06 
-4.70000000e-01  3.24289941e-06 
-4.80000000e-01  3.25341090e-06 
-4.90000000e-01  3.26327287e-06 
-5.00000000e-01  3.27254342e-06 
-5.10000000e-01  3.28127546e-06 
-5.20000000e-01  3.28951706e-06 
-5.30000000e-01  3.29731188e-06 
-5.40000000e-01  3.30469951e-06 
-5.50000000e-01  3.31171583e-06 
-5.60000000e-01  3.31839333e-06 
-5.70000000e-01  3.32476145e-06 
-5.80000000e-01  3.33084683e-06 
-5.90000000e-01  3.33667361e-06 
-6.00000000e-01  3.34226362e-06 
-6.10000000e-01  3.34763666e-06 
-6.20000000e-01  3.35281068e-06 
-6.30000000e-01  3.35780194e-06 
-6.40000000e-01  3.36262521e-06 
-6.50000000e-01  3.36729389e-06 
-6.60000000e-01  3.37182017e-06 
-6.70000000e-01  3.37621512e-06 
-6.80000000e-01  3.38048883e-06 
-6.90000000e-01  3.38465049e-06 
-7.00000000e-01  3.38870848e-06 
-7.10000000e-01  3.39267044e-06 
-7.20000000e-01  3.39654336e-06 
-7.30000000e-01  3.40033365e-06 
-7.40000000e-01  3.40404714e-06 
-7.50000000e-01  3.40768920e-06 
-7.60000000e-01  3.41126476e-06 
-7.70000000e-01  3.41477832e-06 
-7.80000000e-01  3.41823405e-06 
-7.90000000e-01  3.42163576e-06 
-8.00000000e-01  3.42498699e-06 
-8.10000000e-01  3.42829096e-06 
-8.20000000e-01  3.43155068e-06 
-8.30000000e-01  3.43476891e-06 
-8.40000000e-01  3.43794823e-06 
-8.50000000e-01  3.44109098e-06 
-8.60000000e-01  3.44419938e-06 
-8.70000000e-01  3.44727545e-06 
-8.80000000e-01  3.45032108e-06 
-8.90000000e-01  3.45333804e-06 
-9.00000000e-01  3.45632794e-06 
-9.10000000e-01  3.45929232e-06 
-9.20000000e-01  3.46223259e-06 
-9.30000000e-01  3.46515007e-06 
-9.40000000e-01  3.46804598e-06 
-9.50000000e-01  3.47092149e-06 
-9.60000000e-01  3.47377765e-06 
-9.70000000e-01  3.47661549e-06 
-9.80000000e-01  3.47943594e-06 
-9.90000000e-01  3.48223988e-06 
-1.00000000e+00  3.48502815e-06 
-1.01000000e+00  3.48780151e-06 
-1.02000000e+00  3.49056069e-06 
-1.03000000e+00  3.49330638e-06 
-1.04000000e+00  3.49603923e-06 
-1.05000000e+00  3.49875983e-06 
-1.06000000e+00  3.50146877e-06 
-1.07000000e+00  3.50416657e-06 
-1.08000000e+00  3.50685374e-06 
-1.09000000e+00  3.50953077e-06 
-1.10000000e+00  3.51219810e-06 
-1.11000000e+00  3.51485615e-06 
-1.12000000e+00  3.51750534e-06 
-1.13000000e+00  3.52014604e-06 
-1.14000000e+00  3.52277862e-06 
-1.15000000e+00  3.52540341e-06 
-1.16000000e+00  3.52802075e-06 
-1.17000000e+00  3.53063093e-06 
-1.18000000e+00  3.53323424e-06 
-1.19000000e+00  3.53583097e-06 
-1.20000000e+00  3.53842138e-06 
-1.21000000e+00  3.54100571e-06 
-1.22000000e+00  3.54358420e-06 
-1.23000000e+00  3.54615708e-06 
-1.24000000e+00  3.54872457e-06 
-1.25000000e+00  3.55128685e-06 
-1.26000000e+00  3.55384414e-06 
-1.27000000e+00  3.55639661e-06 
-1.28000000e+00  3.55894445e-06 
-1.29000000e+00  3.56148781e-06 
-1.30000000e+00  3.56402687e-06 
-1.31000000e+00  3.56656176e-06 
-1.32000000e+00  3.56909265e-06 
-1.33000000e+00  3.57161967e-06 
-1.34000000e+00  3.57414296e-06 
-1.35000000e+00  3.57666263e-06 
-1.36000000e+00  3.57917882e-06 
-1.37000000e+00  3.58169164e-06 
-1.38000000e+00  3.58420120e-06 
-1.39000000e+00  3.58670762e-06 
-1.40000000e+00  3.58921098e-06 
-1.41000000e+00  3.59171140e-06 
-1.42000000e+00  3.59420897e-06 
-1.43000000e+00  3.59670377e-06 
-1.44000000e+00  3.59919590e-06 
-1.45000000e+00  3.60168543e-06 
-1.46000000e+00  3.60417245e-06 
-1.47000000e+00  3.60665704e-06 
-1.48000000e+00  3.60913926e-06 
-1.49000000e+00  3.61161920e-06 
-1.50000000e+00  3.61409691e-06 
-1.51000000e+00  3.61657247e-06 
-1.52000000e+00  3.61904593e-06 
-1.53000000e+00  3.62151736e-06 
-1.54000000e+00  3.62398682e-06 
-1.55000000e+00  3.62645436e-06 
-1.56000000e+00  3.62892004e-06 
-1.57000000e+00  3.63138391e-06 
-1.58000000e+00  3.63384601e-06 
-1.59000000e+00  3.63630641e-06 
-1.60000000e+00  3.63876514e-06 
-1.61000000e+00  3.64122226e-06 
-1.62000000e+00  3.64367780e-06 
-1.63000000e+00  3.64613180e-06 
-1.64000000e+00  3.64858432e-06 
-1.65000000e+00  3.65103538e-06 
-1.66000000e+00  3.65348502e-06 
-1.67000000e+00  3.65593329e-06 
-1.68000000e+00  3.65838021e-06 
-1.69000000e+00  3.66082583e-06 
-1.70000000e+00  3.66327017e-06 
-1.71000000e+00  3.66571327e-06 
-1.72000000e+00  3.66815515e-06 
-1.73000000e+00  3.67059585e-06 
-1.74000000e+00  3.67303540e-06 
-1.75000000e+00  3.67547383e-06 
-1.76000000e+00  3.67791116e-06 
-1.77000000e+00  3.68034741e-06 
-1.78000000e+00  3.68278262e-06 
-1.79000000e+00  3.68521681e-06 
-1.80000000e+00  3.68765000e-06 
 0.00000000e+00  0.00000000e+00 
-1.00000000e-02  4.43742043e-07 
-2.00000000e-02  8.81097675e-07 
-3.00000000e-02  1.31206879e-06 
-4.00000000e-02  1.73665778e-06 
-5.00000000e-02  2.15486747e-06 
-6.00000000e-02  2.56670112e-06 
-7.00000000e-02  2.97216243e-06 
-8.00000000e-02  3.37125548e-06 
-9.00000000e-02  3.76398477e-06 
-1.00000000e-01  4.15035519e-06 
-1.10000000e-01  4.53037205e-06 
-1.20000000e-01  4.90404106e-06 
-1.30000000e-01  5.27136835e-06 
-1.40000000e-01  5.63236053e-06 
-1.50000000e-01  5.98702462e-06 
-1.60000000e-01  6.33536815e-06 
-1.70000000e-01  6.67739915e-06 
-1.80000000e-01  7.01312619e-06 
-1.90000000e-01  7.34255840e-06 
-2.00000000e-01  7.66570550e-06 
-2.10000000e-01  7.98257788e-06 
-2.20000000e-01  8.29318660e-06 
-2.30000000e-01  8.59754346e-06 
-2.40000000e-01  8.89566106e-06 
-2.50000000e-01  9.18755282e-06 
-2.60000000e-01  9.47323310e-06 
-2.70000000e-01  9.75271721e-06 
-2.80000000e-01  1.00260215e-05 
-2.90000000e-01  1.02931636e-05 
-3.00000000e-01  1.05541621e-05 
-3.10000000e-01  1.08090371e-05 
-3.20000000e-01  1.10578101e-05 
-3.30000000e-01  1.13005041e-05 
-3.40000000e-01  1.15371436e-05 
-3.50000000e-01  1.17677551e-05 
-3.60000000e-01  1.19923668e-05 
-3.70000000e-01  1.22110091e-05 
-3.80000000e-01  1.24237143e-05 
-3.90000000e-01  1.26305175e-05 
-4.00000000e-01  1.28314558e-05 
-4.10000000e-01  1.30265692e-05 
-4.20000000e-01  1.32159006e-05 
-4.30000000e-01  1.33994956e-05 
-4.40000000e-01  1.35774035e-05 
-4.50000000e-01  1.37496764e-05 
-4.60000000e-01  1.39163703e-05 
-4.70000000e-01  1.40775450e-05 
-4.80000000e-01  1.42332638e-05 
-4.90000000e-01  1.43835944e-05 
-5.00000000e-01  1.45286087e-05 
-5.10000000e-01  1.46683827e-05 
-5.20000000e-01  1.48029972e-05 
-5.30000000e-01  1.49325371e-05 
-5.40000000e-01  1.50570923e-05 
-5.50000000e-01  1.51767571e-05 
-5.60000000e-01  1.52916304e-05 
-5.70000000e-01  1.54018156e-05 
-5.80000000e-01  1.55074206e-05 
-5.90000000e-01  1.56085575e-05 
-6.00000000e-01  1.57053425e-05 
-6.10000000e-01  1.57978956e-05 
-6.20000000e-01  1.58863401e-05 
-6.30000000e-01  1.59708027e-05 
-6.40000000e-01  1.60514126e-05 
-6.50000000e-01  1.61283013e-05 
-6.60000000e-01  1.62016022e-05 
-6.70000000e-01  1.62714498e-05 
-6.80000000e-01  1.63379794e-05 
-6.90000000e-01  1.64013265e-05 
-7.00000000e-01  1.64616264e-05 
-7.10000000e-01  1.65190133e-05 
-7.20000000e-01  1.65736201e-05 
-7.30000000e-01  1.66255780e-05 
-7.40000000e-01  1.66750155e-05 
-7.50000000e-01  1.67220586e-05 
-7.60000000e-01  1.67668300e-05 
-7.70000000e-01  1.68094491e-05 
-7.80000000e-01  1.68500313e-05 
-7.90000000e-01  1.68886881e-05 
-8.00000000e-01  1.69255269e-05 
-8.10000000e-01  1.69606505e-05 
-8.20000000e-01  1.69941576e-05 
-8.30000000e-01  1.70261422e-05 
-8.40000000e-01  1.70566940e-05 
-8.50000000e-01  1.70858980e-05 
-8.60000000e-01  1.71138350e-05 
-8.70000000e-01  1.71405813e-05 
-8.80000000e-01  1.71662093e-05 
-8.90000000e-01  1.71907870e-05 
-9.00000000e-01  1.72143787e-05 
-9.10000000e-01  1.72370446e-05 
-9.20000000e-01  1.72588415e-05 
-9.30000000e-01  1.72798227e-05 
-9.40000000e-01  1.73000383e-05 
-9.50000000e-01  1.73195349e-05 
-9.60000000e-01  1.73383565e-05 
-9.70000000e-01  1.73565442e-05 
-9.80000000e-01  1.73741363e-05 
-9.90000000e-01  1.73911688e-05 
-1.00000000e+00  1.74076754e-05 
-1.01000000e+00  1.74236875e-05 
-1.02000000e+00  1.74392343e-05 
-1.03000000e+00  1.74543434e-05 
-1.04000000e+00  1.74690404e-05 
-1.05000000e+00  1.74833494e-05 
-1.06000000e+00  1.74972926e-05 
-1.07000000e+00  1.75108912e-05 
-1.08000000e+00  1.75241646e-05 
-1.09000000e+00  1.75371312e-05 
-1.10000000e+00  1.75498081e-05 
-1.11000000e+00  1.75622115e-05 
-1.12000000e+00  1.75743563e-05 
-1.13000000e+00  1.75862565e-05 
-1.14000000e+00  1.75979254e-05 
-1.15000000e+00  1.76093754e-05 
-1.16000000e+00  1.76206179e-05 
-1.17000000e+00  1.76316638e-05 
-1.18000000e+00  1.76425234e-05 
-1.19000000e+00  1.76532062e-05 
-1.20000000e+00  1.76637211e-05 
-1.21000000e+00  1.76740766e-05 
-1.22000000e+00  1.76842807e-05 
-1.23000000e+00  1.76943408e-05 
-1.24000000e+00  1.77042640e-05 
-1.25000000e+00  1.77140568e-05 
-1.26000000e+00  1.77237254e-05 
-1.27000000e+00  1.77332758e-05 
-1.28000000e+00  1.77427134e-05 
-1.29000000e+00  1.77520435e-05 
-1.30000000e+00  1.77612711e-05 
-1.31000000e+00  1.77704006e-05 
-1.32000000e+00  1.77794367e-05 
-1.33000000e+00  1.77883833e-05 
-1.34000000e+00  1.77972445e-05 
-1.35000000e+00  1.78060240e-05 
-1.36000000e+00  1.78147252e-05 
-1.37000000e+00  1.78233515e-05 
-1.38000000e+00  1.78319060e-05 
-1.39000000e+00  1.78403919e-05 
-1.40000000e+00  1.78488118e-05 
-1.41000000e+00  1.78571685e-05 
-1.42000000e+00  1.78654645e-05 
-1.43000000e+00  1.78737023e-05 
-1.44000000e+00  1.78818842e-05 
-1.45000000e+00  1.78900124e-05 
-1.46000000e+00  1.78980889e-05 
-1.47000000e+00  1.79061157e-05 
-1.48000000e+00  1.79140949e-05 
-1.49000000e+00  1.79220280e-05 
-1.50000000e+00  1.79299169e-05 
-1.51000000e+00  1.79377632e-05 
-1.52000000e+00  1.79455685e-05 
-1.53000000e+00  1.79533342e-05 
-1.54000000e+00  1.79610617e-05 
-1.55000000e+00  1.79687525e-05 
-1.56000000e+00  1.79764078e-05 
-1.57000000e+00  1.79840288e-05 
-1.58000000e+00  1.79916168e-05 
-1.59000000e+00  1.79991728e-05 
-1.60000000e+00  1.80066980e-05 
-1.61000000e+00  1.80141933e-05 
-1.62000000e+00  1.80216599e-05 
-1.63000000e+00  1.80290985e-05 
-1.64000000e+00  1.80365102e-05 
-1.65000000e+00  1.80438959e-05 
-1.66000000e+00  1.80512562e-05 
-1.67000000e+00  1.80585921e-05 
-1.68000000e+00  1.80659043e-05 
-1.69000000e+00  1.80731936e-05 
-1.70000000e+00  1.80804607e-05 
-1.71000000e+00  1.80877062e-05 
-1.72000000e+00  1.80949308e-05 
-1.73000000e+00  1.81021351e-05 
-1.74000000e+00  1.81093198e-05 
-1.75000000e+00  1.81164854e-05 
-1.76000000e+00  1.81236325e-05 
-1.77000000e+00  1.81307616e-05 
-1.78000000e+00  1.81378733e-05 
-1.79000000e+00  1.81449680e-05 
-1.80000000e+00  1.81520462e-05 
 0.00000000e+00  0.00000000e+00 
-1.00000000e-02  7.13662691e-07 
-2.00000000e-02  1.42074582e-06 
-3.00000000e-02  2.12125016e-06 
-4.00000000e-02  2.81517664e-06 
-5.00000000e-02  3.50252643e-06 
-6.00000000e-02  4.18330085e-06 
-7.00000000e-02  4.85750137e-06 
-8.00000000e-02  5.52512964e-06 
-9.00000000e-02  6.18618741e-06 
-1.00000000e-01  6.84067661e-06 
-1.10000000e-01  7.48859927e-06 
-1.20000000e-01  8.12995753e-06 
-1.30000000e-01  8.76475367e-06 
-1.40000000e-01  9.39299008e-06 
-1.50000000e-01  1.00146692e-05 
-1.60000000e-01  1.06297937e-05 
-1.70000000e-01  1.12383663e-05 
-1.80000000e-01  1.18403897e-05 
-1.90000000e-01  1.24358669e-05 
-2.00000000e-01  1.30248009e-05 
-2.10000000e-01  1.36071947e-05 
-2.20000000e-01  1.41830517e-05 
-2.30000000e-01  1.47523751e-05 
-2.40000000e-01  1.53151684e-05 
-2.50000000e-01  1.58714352e-05 
-2.60000000e-01  1.64211790e-05 
-2.70000000e-01  1.69644037e-05 
-2.80000000e-01  1.75011131e-05 
-2.90000000e-01  1.80313114e-05 
-3.00000000e-01  1.85550026e-05 
-3.10000000e-01  1.90721911e-05 
-3.20000000e-01  1.95828812e-05 
-3.30000000e-01  2.00870777e-05 
-3.40000000e-01  2.05847852e-05 
-3.50000000e-01  2.10760088e-05 
-3.60000000e-01  2.15607534e-05 
-3.70000000e-01  2.20390244e-05 
-3.80000000e-01  2.25108273e-05 
-3.90000000e-01  2.29761677e-05 
-4.00000000e-01  2.34350517e-05 
-4.10000000e-01  2.38874854e-05 
-4.20000000e-01  2.43334752e-05 
-4.30000000e-01  2.47730278e-05 
-4.40000000e-01  2.52061502e-05 
-4.50000000e-01  2.56328497e-05 
-4.60000000e-01  2.60531339e-05 
-4.70000000e-01  2.64670109e-05 
-4.80000000e-01  2.68744888e-05 
-4.90000000e-01  2.72755765e-05 
-5.00000000e-01  2.76702831e-05 
-5.10000000e-01  2.80586184e-05 
-5.20000000e-01  2.84405923e-05 
-5.30000000e-01  2.88162155e-05 
-5.40000000e-01  2.91854992e-05 
-5.50000000e-01  2.95484553e-05 
-5.60000000e-01  2.99050960e-05 
-5.70000000e-01  3.02554346e-05 
-5.80000000e-01  3.05994848e-05 
-5.90000000e-01  3.09372613e-05 
-6.00000000e-01  3.12687795e-05 
-6.10000000e-01  3.15940556e-05 
-6.20000000e-01  3.19131070e-05 
-6.30000000e-01  3.22259520e-05 
-6.40000000e-01  3.25326098e-05 
-6.50000000e-01  3.28331010e-05 
-6.60000000e-01  3.31274473e-05 
-6.70000000e-01  3.34156716e-05 
-6.80000000e-01  3.36977984e-05 
-6.90000000e-01  3.39738536e-05 
-7.00000000e-01  3.42438644e-05 
-7.10000000e-01  3.45078600e-05 
-7.20000000e-01  3.47658712e-05 
-7.30000000e-01  3.50179306e-05 
-7.40000000e-01  3.52640727e-05 
-7.50000000e-01  3.55043341e-05 
-7.60000000e-01  3.57387537e-05 
-7.70000000e-01  3.59673724e-05 
-7.80000000e-01  3.61902336e-05 
-7.90000000e-01  3.64073831e-05 
-8.00000000e-01  3.66188694e-05 
-8.10000000e-01  3.68247434e-05 
-8.20000000e-01  3.70250589e-05 
-8.30000000e-01  3.72198727e-05 
-8.40000000e-01  3.74092443e-05 
-8.50000000e-01  3.75932362e-05 
-8.60000000e-01  3.77719141e-05 
-8.70000000e-01  3.79453468e-05 
-8.80000000e-01  3.81136060e-05 
-8.90000000e-01  3.82767669e-05 
-9.00000000e-01  3.84349075e-05 
-9.10000000e-01  3.85881093e-05 
-9.20000000e-01  3.87364567e-05 
-9.30000000e-01  3.88800372e-05 
-9.40000000e-01  3.90189411e-05 
-9.50000000e-01  3.91532619e-05 
-9.60000000e-01  3.92830954e-05 
-9.70000000e-01  3.94085403e-05 
-9.80000000e-01  3.95296976e-05 
-9.90000000e-01  3.96466704e-05 
-1.00000000e+00  3.97595640e-05 
-1.01000000e+00  3.98684852e-05 
-1.02000000e+00  3.99735424e-05 
-1.03000000e+00  4.00748453e-05 
-1.04000000e+00  4.01725043e-05 
-1.05000000e+00  4.02666308e-05 
-1.06000000e+00  4.03573363e-05 
-1.07000000e+00  4.04447323e-05 
-1.08000000e+00  4.05289303e-05 
-1.09000000e+00  4.06100411e-05 
-1.10000000e+00  4.06881749e-05 
-1.11000000e+00  4.07634405e-05 
-1.12000000e+00  4.08359456e-05 
-1.13000000e+00  4.09057962e-05 
-1.14000000e+00  4.09730967e-05 
-1.15000000e+00  4.10379491e-05 
-1.16000000e+00  4.11004537e-05 
-1.17000000e+00  4.11607079e-05 
-1.18000000e+00  4.12188070e-05 
-1.19000000e+00  4.12748434e-05 
-1.20000000e+00  4.13289070e-05 
-1.21000000e+00  4.13810848e-05 
-1.22000000e+00  4.14314608e-05 
-1.23000000e+00  4.14801162e-05 
-1.24000000e+00  4.15271294e-05 
-1.25000000e+00  4.15725755e-05 
-1.26000000e+00  4.16165271e-05 
-1.27000000e+00  4.16590536e-05 
-1.28000000e+00  4.17002217e-05 
-1.29000000e+00  4.17400951e-05 
-1.30000000e+00  4.17787348e-05 
-1.31000000e+00  4.18161992e-05 
-1.32000000e+00  4.18525440e-05 
-1.33000000e+00  4.18878223e-05 
-1.34000000e+00  4.19220847e-05 
-1.35000000e+00  4.19553796e-05 
-1.36000000e+00  4.19877527e-05 
-1.37000000e+00  4.20192480e-05 
-1.38000000e+00  4.20499068e-05 
-1.39000000e+00  4.20797688e-05 
-1.40000000e+00  4.21088715e-05 
-1.41000000e+00  4.21372507e-05 
-1.42000000e+00  4.21649401e-05 
-1.43000000e+00  4.21919720e-05 
-1.44000000e+00  4.22183770e-05 
-1.45000000e+00  4.22441840e-05 
-1.46000000e+00  4.22694206e-05 
-1.47000000e+00  4.22941128e-05 
-1.48000000e+00  4.23182856e-05 
-1.49000000e+00  4.23419623e-05 
-1.50000000e+00  4.23651654e-05 
-1.51000000e+00  4.23879160e-05 
-1.52000000e+00  4.24102343e-05 
-1.53000000e+00  4.24321393e-05 
-1.54000000e+00  4.24536492e-05 
-1.55000000e+00  4.24747812e-05 
-1.56000000e+00  4.24955515e-05 
-1.57000000e+00  4.25159758e-05 
-1.58000000e+00  4.25360688e-05 
-1.59000000e+00  4.25558445e-05 
-1.60000000e+00  4.25753162e-05 
-1.61000000e+00  4.25944966e-05 
-1.62000000e+00  4.26133976e-05 
-1.63000000e+00  4.26320308e-05 
-1.64000000e+00  4.26504071e-05 
-1.65000000e+00  4.26685367e-05 
-1.66000000e+00  4.26864296e-05 
-1.67000000e+00  4.27040952e-05 
-1.68000000e+00  4.27215423e-05 
-1.69000000e+00  4.27387796e-05 
-1.70000000e+00  4.27558151e-05 
-1.71000000e+00  4.27726565e-05 
-1.72000000e+00  4.27893113e-05 
-1.73000000e+00  4.28057865e-05 
-1.74000000e+00  4.28220888e-05 
-1.75000000e+00  4.28382246e-05 
-1.76000000e+00  4.28542000e-05 
-1.77000000e+00  4.28700209e-05 
-1.78000000e+00  4.28856928e-05 
-1.79000000e+00  4.29012211e-05 
-1.80000000e+00  4.29166109e-05 
