 0.00000000e+00  0.00000000e+00 
 1.00000000e-02  5.03405750e-08 
 2.00000000e-02  9.01772776e-08 
 3.00000000e-02  1.20405286e-07 
 4.00000000e-02  1.42461356e-07 
 5.00000000e-02  1.58203644e-07 
 6.00000000e-02  1.69527070e-07 
 7.00000000e-02  1.77979986e-07 
 8.00000000e-02  1.84633413e-07 
 9.00000000e-02  1.90159976e-07 
 1.00000000e-01  1.94966750e-07 
 1.10000000e-01  1.99300550e-07 
 1.20000000e-01  2.03314421e-07 
 1.30000000e-01  2.07106280e-07 
 1.40000000e-01  2.10740921e-07 
 1.50000000e-01  2.14262654e-07 
 1.60000000e-01  2.17702723e-07 
 1.70000000e-01  2.21083792e-07 
 1.80000000e-01  2.24422721e-07 
 1.90000000e-01  2.27732344e-07 
 2.00000000e-01  2.31022641e-07 
 2.10000000e-01  2.34301513e-07 
 2.20000000e-01  2.37575329e-07 
 2.30000000e-01  2.40849302e-07 
 2.40000000e-01  2.44127759e-07 
 2.50000000e-01  2.47414343e-07 
 2.60000000e-01  2.50712159e-07 
 2.70000000e-01  2.54023880e-07 
 2.80000000e-01  2.57351838e-07 
 2.90000000e-01  2.60698082e-07 
 3.00000000e-01  2.64064433e-07 
 3.10000000e-01  2.67452524e-07 
 3.20000000e-01  2.70863830e-07 
 3.30000000e-01  2.74299695e-07 
 3.40000000e-01  2.77761350e-07 
 3.50000000e-01  2.81249934e-07 
 3.60000000e-01  2.84766508e-07 
 3.70000000e-01  2.88312061e-07 
 3.80000000e-01  2.91887527e-07 
 3.90000000e-01  2.95493787e-07 
 4.00000000e-01  2.99131679e-07 
 4.10000000e-01  3.02802006e-07 
 4.20000000e-01  3.06505535e-07 
 4.30000000e-01  3.10243007e-07 
 4.40000000e-01  3.14015137e-07 
 4.50000000e-01  3.17822619e-07 
 4.60000000e-01  3.21666129e-07 
 4.70000000e-01  3.25546324e-07 
 4.80000000e-01  3.29463852e-07 
 4.90000000e-01  3.33419343e-07 
 5.00000000e-01  3.37413420e-07 
 5.10000000e-01  3.41446695e-07 
 5.20000000e-01  3.45519775e-07 
 5.30000000e-01  3.49633256e-07 
 5.40000000e-01  3.53787733e-07 
 5.50000000e-01  3.57983791e-07 
 5.60000000e-01  3.62222016e-07 
 5.70000000e-01  3.66502988e-07 
 5.80000000e-01  3.70827286e-07 
 5.90000000e-01  3.75195486e-07 
 6.00000000e-01  3.79608162e-07 
 6.10000000e-01  3.84065890e-07 
 6.20000000e-01  3.88569243e-07 
 6.30000000e-01  3.93118795e-07 
 6.40000000e-01  3.97715122e-07 
 6.50000000e-01  4.02358799e-07 
 6.60000000e-01  4.07050402e-07 
 6.70000000e-01  4.11790510e-07 
 6.80000000e-01  4.16579703e-07 
 6.90000000e-01  4.21418563e-07 
 7.00000000e-01  4.26307675e-07 
 7.10000000e-01  4.31247627e-07 
 7.20000000e-01  4.36239007e-07 
 7.30000000e-01  4.41282409e-07 
 7.40000000e-01  4.46378430e-07 
 7.50000000e-01  4.51527669e-07 
 7.60000000e-01  4.56730729e-07 
 7.70000000e-01  4.61988218e-07 
 7.80000000e-01  4.67300745e-07 
 7.90000000e-01  4.72668928e-07 
 8.00000000e-01  4.78093384e-07 
 8.10000000e-01  4.83574737e-07 
 8.20000000e-01  4.89113616e-07 
 8.30000000e-01  4.94710652e-07 
 8.40000000e-01  5.00366485e-07 
 8.50000000e-01  5.06081756e-07 
 8.60000000e-01  5.11857112e-07 
 8.70000000e-01  5.17693206e-07 
 8.80000000e-01  5.23590696e-07 
 8.90000000e-01  5.29550245e-07 
 9.00000000e-01  5.35572521e-07 
 9.10000000e-01  5.41658198e-07 
 9.20000000e-01  5.47807957e-07 
 9.30000000e-01  5.54022482e-07 
 9.40000000e-01  5.60302466e-07 
 9.50000000e-01  5.66648604e-07 
 9.60000000e-01  5.73061601e-07 
 9.70000000e-01  5.79542166e-07 
 9.80000000e-01  5.86091014e-07 
 9.90000000e-01  5.92708868e-07 
 1.00000000e+00  5.99396456e-07 
 1.01000000e+00  6.06154512e-07 
 1.02000000e+00  6.12983779e-07 
 1.03000000e+00  6.19885003e-07 
 1.04000000e+00  6.26858941e-07 
 1.05000000e+00  6.33906354e-07 
 1.06000000e+00  6.41028011e-07 
 1.07000000e+00  6.48224687e-07 
 1.08000000e+00  6.55497165e-07 
 1.09000000e+00  6.62846235e-07 
 1.10000000e+00  6.70272694e-07 
 1.11000000e+00  6.77777348e-07 
 1.12000000e+00  6.85361008e-07 
 1.13000000e+00  6.93024493e-07 
 1.14000000e+00  7.00768632e-07 
 1.15000000e+00  7.08594259e-07 
 1.16000000e+00  7.16502216e-07 
 1.17000000e+00  7.24493356e-07 
 1.18000000e+00  7.32568536e-07 
 1.19000000e+00  7.40728622e-07 
 1.20000000e+00  7.48974491e-07 
 1.21000000e+00  7.57307024e-07 
 1.22000000e+00  7.65727115e-07 
 1.23000000e+00  7.74235661e-07 
 1.24000000e+00  7.82833572e-07 
 1.25000000e+00  7.91521764e-07 
 1.26000000e+00  8.00301164e-07 
 1.27000000e+00  8.09172706e-07 
 1.28000000e+00  8.18137332e-07 
 1.29000000e+00  8.27195995e-07 
 1.30000000e+00  8.36349657e-07 
 1.31000000e+00  8.45599287e-07 
 1.32000000e+00  8.54945865e-07 
 1.33000000e+00  8.64390381e-07 
 1.34000000e+00  8.73933832e-07 
 1.35000000e+00  8.83577227e-07 
 1.36000000e+00  8.93321582e-07 
 1.37000000e+00  9.03167926e-07 
 1.38000000e+00  9.13117294e-07 
 1.39000000e+00  9.23170734e-07 
 1.40000000e+00  9.33329303e-07 
 1.41000000e+00  9.43594068e-07 
 1.42000000e+00  9.53966105e-07 
 1.43000000e+00  9.64446502e-07 
 1.44000000e+00  9.75036356e-07 
 1.45000000e+00  9.85736777e-07 
 1.46000000e+00  9.96548883e-07 
 1.47000000e+00  1.00747380e-06 
 1.48000000e+00  1.01851268e-06 
 1.49000000e+00  1.02966666e-06 
 1.50000000e+00  1.04093691e-06 
 1.51000000e+00  1.05232460e-06 
 1.52000000e+00  1.06383092e-06 
 1.53000000e+00  1.07545706e-06 
 1.54000000e+00  1.08720423e-06 
 1.55000000e+00  1.09907365e-06 
 1.56000000e+00  1.11106655e-06 
 1.57000000e+00  1.12318416e-06 
 1.58000000e+00  1.13542776e-06 
 1.59000000e+00  1.14779860e-06 
 1.60000000e+00  1.16029795e-06 
 1.61000000e+00  1.17292712e-06 
 1.62000000e+00  1.18568740e-06 
 1.63000000e+00  1.19858011e-06 
 1.64000000e+00  1.21160658e-06 
 1.65000000e+00  1.22476815e-06 
 1.66000000e+00  1.23806616e-06 
 1.67000000e+00  1.25150200e-06 
 1.68000000e+00  1.26507703e-06 
 1.69000000e+00  1.27879265e-06 
 1.70000000e+00  1.29265026e-06 
 1.71000000e+00  1.30665129e-06 
 1.72000000e+00  1.32079717e-06 
 1.73000000e+00  1.33508934e-06 
 1.74000000e+00  1.34952926e-06 
 1.75000000e+00  1.36411842e-06 
 1.76000000e+00  1.37885829e-06 
 1.77000000e+00  1.39375038e-06 
 1.78000000e+00  1.40879621e-06 
 1.79000000e+00  1.42399731e-06 
 1.80000000e+00  1.43935522e-06 
 0.00000000e+00  0.00000000e+00 
 1.00000000e-02  3.51034521e-05 
 2.00000000e-02  6.88851775e-05 
 3.00000000e-02  1.01361597e-04 
 4.00000000e-02  1.32548397e-04 
 5.00000000e-02  1.62460439e-04 
 6.00000000e-02  1.91111659e-04 
 7.00000000e-02  2.18514934e-04 
 8.00000000e-02  2.44681935e-04 
 9.00000000e-02  2.69622957e-04 
 1.00000000e-01  2.93346748e-04 
 1.10000000e-01  3.15860360e-04 
 1.20000000e-01  3.37169088e-04 
 1.30000000e-01  3.57276566e-04 
 1.40000000e-01  3.76185183e-04 
 1.50000000e-01  3.93896998e-04 
 1.60000000e-01  4.10415372e-04 
 1.70000000e-01  4.25747477e-04 
 1.80000000e-01  4.39907663e-04 
 1.90000000e-01  4.52921245e-04 
 2.00000000e-01  4.64827881e-04 
 2.10000000e-01  4.75683401e-04 
 2.20000000e-01  4.85559179e-04 
 2.30000000e-01  4.94538924e-04 
 2.40000000e-01  5.02713623e-04 
 2.50000000e-01  5.10175966e-04 
 2.60000000e-01  5.17015469e-04 
 2.70000000e-01  5.23315001e-04 
 2.80000000e-01  5.29148849e-04 
 2.90000000e-01  5.34582059e-04 
 3.00000000e-01  5.39670666e-04 
 3.10000000e-01  5.44462430e-04 
 3.20000000e-01  5.48997807e-04 
 3.30000000e-01  5.53310960e-04 
 3.40000000e-01  5.57430726e-04 
 3.50000000e-01  5.61381472e-04 
 3.60000000e-01  5.65183837e-04 
 3.70000000e-01  5.68855359e-04 
 3.80000000e-01  5.72410995e-04 
 3.90000000e-01  5.75863556e-04 
 4.00000000e-01  5.79224057e-04 
 4.10000000e-01  5.82502014e-04 
 4.20000000e-01  5.85705679e-04 
 4.30000000e-01  5.88842244e-04 
 4.40000000e-01  5.91917997e-04 
 4.50000000e-01  5.94938462e-04 
 4.60000000e-01  5.97908508e-04 
 4.70000000e-01  6.00832447e-04 
 4.80000000e-01  6.03714104e-04 
 4.90000000e-01  6.06556892e-04 
 5.00000000e-01  6.09363862e-04 
 5.10000000e-01  6.12137747e-04 
 5.20000000e-01  6.14881010e-04 
 5.30000000e-01  6.17595872e-04 
 5.40000000e-01  6.20284340e-04 
 5.50000000e-01  6.22948238e-04 
 5.60000000e-01  6.25589223e-04 
 5.70000000e-01  6.28208804e-04 
 5.80000000e-01  6.30808361e-04 
 5.90000000e-01  6.33389157e-04 
 6.00000000e-01  6.35952353e-04 
 6.10000000e-01  6.38499013e-04 
 6.20000000e-01  6.41030118e-04 
 6.30000000e-01  6.43546574e-04 
 6.40000000e-01  6.46049218e-04 
 6.50000000e-01  6.48538825e-04 
 6.60000000e-01  6.51016115e-04 
 6.70000000e-01  6.53481754e-04 
 6.80000000e-01  6.55936364e-04 
 6.90000000e-01  6.58380523e-04 
 7.00000000e-01  6.60814771e-04 
 7.10000000e-01  6.63239611e-04 
 7.20000000e-01  6.65655517e-04 
 7.30000000e-01  6.68062928e-04 
 7.40000000e-01  6.70462259e-04 
 7.50000000e-01  6.72853898e-04 
 7.60000000e-01  6.75238210e-04 
 7.70000000e-01  6.77615539e-04 
 7.80000000e-01  6.79986207e-04 
 7.90000000e-01  6.82350519e-04 
 8.00000000e-01  6.84708763e-04 
 8.10000000e-01  6.87061210e-04 
 8.20000000e-01  6.89408116e-04 
 8.30000000e-01  6.91749724e-04 
 8.40000000e-01  6.94086262e-04 
 8.50000000e-01  6.96417950e-04 
 8.60000000e-01  6.98744993e-04 
 8.70000000e-01  7.01067586e-04 
 8.80000000e-01  7.03385916e-04 
 8.90000000e-01  7.05700159e-04 
 9.00000000e-01  7.08010482e-04 
 9.10000000e-01  7.10317046e-04 
 9.20000000e-01  7.12620003e-04 
 9.30000000e-01  7.14919497e-04 
 9.40000000e-01  7.17215667e-04 
 9.50000000e-01  7.19508643e-04 
 9.60000000e-01  7.21798553e-04 
 9.70000000e-01  7.24085516e-04 
 9.80000000e-01  7.26369646e-04 
 9.90000000e-01  7.28651054e-04 
 1.00000000e+00  7.30929843e-04 
 1.01000000e+00  7.33206115e-04 
 1.02000000e+00  7.35479966e-04 
 1.03000000e+00  7.37751487e-04 
 1.04000000e+00  7.40020766e-04 
 1.05000000e+00  7.42287889e-04 
 1.06000000e+00  7.44552935e-04 
 1.07000000e+00  7.46815984e-04 
 1.08000000e+00  7.49077109e-04 
 1.09000000e+00  7.51336382e-04 
 1.10000000e+00  7.53593871e-04 
 1.11000000e+00  7.55849644e-04 
 1.12000000e+00  7.58103764e-04 
 1.13000000e+00  7.60356291e-04 
 1.14000000e+00  7.62607285e-04 
 1.15000000e+00  7.64856802e-04 
 1.16000000e+00  7.67104897e-04 
 1.17000000e+00  7.69351622e-04 
 1.18000000e+00  7.71597028e-04 
 1.19000000e+00  7.73841163e-04 
 1.20000000e+00  7.76084074e-04 
 1.21000000e+00  7.78325807e-04 
 1.22000000e+00  7.80566405e-04 
 1.23000000e+00  7.82805911e-04 
 1.24000000e+00  7.85044364e-04 
 1.25000000e+00  7.87281805e-04 
 1.26000000e+00  7.89518270e-04 
 1.27000000e+00  7.91753797e-04 
 1.28000000e+00  7.93988421e-04 
 1.29000000e+00  7.96222177e-04 
 1.30000000e+00  7.98455095e-04 
 1.31000000e+00  8.00687210e-04 
 1.32000000e+00  8.02918552e-04 
 1.33000000e+00  8.05149150e-04 
 1.34000000e+00  8.07379033e-04 
 1.35000000e+00  8.09608229e-04 
 1.36000000e+00  8.11836766e-04 
 1.37000000e+00  8.14064668e-04 
 1.38000000e+00  8.16291963e-04 
 1.39000000e+00  8.18518673e-04 
 1.40000000e+00  8.20744823e-04 
 1.41000000e+00  8.22970436e-04 
 1.42000000e+00  8.25195534e-04 
 1.43000000e+00  8.27420138e-04 
 1.44000000e+00  8.29644269e-04 
 1.45000000e+00  8.31867949e-04 
 1.46000000e+00  8.34091195e-04 
 1.47000000e+00  8.36314029e-04 
 1.48000000e+00  8.38536466e-04 
 1.49000000e+00  8.40758527e-04 
 1.50000000e+00  8.42980228e-04 
 1.51000000e+00  8.45201586e-04 
 1.52000000e+00  8.47422617e-04 
 1.53000000e+00  8.49643338e-04 
 1.54000000e+00  8.51863764e-04 
 1.55000000e+00  8.54083909e-04 
 1.56000000e+00  8.56303789e-04 
 1.57000000e+00  8.58523417e-04 
 1.58000000e+00  8.60742808e-04 
 1.59000000e+00  8.62961974e-04 
 1.60000000e+00  8.65180929e-04 
 1.61000000e+00  8.67399685e-04 
 1.62000000e+00  8.69618256e-04 
 1.63000000e+00  8.71836651e-04 
 1.64000000e+00  8.74054885e-04 
 1.65000000e+00  8.76272967e-04 
 1.66000000e+00  8.78490908e-04 
 1.67000000e+00  8.80708721e-04 
 1.68000000e+00  8.82926414e-04 
 1.69000000e+00  8.85143999e-04 
 1.70000000e+00  8.87361485e-04 
 1.71000000e+00  8.89578883e-04 
 1.72000000e+00  8.91796201e-04 
 1.73000000e+00  8.94013449e-04 
 1.74000000e+00  8.96230637e-04 
 1.75000000e+00  8.98447773e-04 
 1.76000000e+00  9.00664865e-04 
 1.77000000e+00  9.02881924e-04 
 1.78000000e+00  9.05098956e-04 
 1.79000000e+00  9.07315970e-04 
 1.80000000e+00  9.09532975e-04 
 0.00000000e+00  0.00000000e+00 
 1.00000000e-02  9.79917633e-05 
 2.00000000e-02  1.93980192e-04 
 3.00000000e-02  2.87989363e-04 
 4.00000000e-02  3.80042407e-04 
 5.00000000e-02  4.70161438e-04 
 6.00000000e-02  5.58367456e-04 
 7.00000000e-02  6.44680236e-04 
 8.00000000e-02  7.29118190e-04 
 9.00000000e-02  8.11698192e-04 
 1.00000000e-01  8.92435378e-04 
 1.10000000e-01  9.71342889e-04 
 1.20000000e-01  1.04843157e-03 
 1.30000000e-01  1.12370960e-03 
 1.40000000e-01  1.19718204e-03 
 1.50000000e-01  1.26885033e-03 
 1.60000000e-01  1.33871163e-03 
 1.70000000e-01  1.40675810e-03 
 1.80000000e-01  1.47297605e-03 
 1.90000000e-01  1.53734498e-03 
 2.00000000e-01  1.59983658e-03 
 2.10000000e-01  1.66041366e-03 
 2.20000000e-01  1.71902924e-03 
 2.30000000e-01  1.77562585e-03 
 2.40000000e-01  1.83013544e-03 
 2.50000000e-01  1.88248014e-03 
 2.60000000e-01  1.93257440e-03 
 2.70000000e-01  1.98032885e-03 
 2.80000000e-01  2.02565625e-03 
 2.90000000e-01  2.06847938e-03 
 3.00000000e-01  2.10874021e-03 
 3.10000000e-01  2.14640914e-03 
 3.20000000e-01  2.18149252e-03 
 3.30000000e-01  2.21403675e-03 
 3.40000000e-01  2.24412803e-03 
 3.50000000e-01  2.27188762e-03 
 3.60000000e-01  2.29746394e-03 
 3.70000000e-01  2.32102294e-03 
 3.80000000e-01  2.34273862e-03 
 3.90000000e-01  2.36278488e-03 
 4.00000000e-01  2.38132923e-03 
 4.10000000e-01  2.39852868e-03 
 4.20000000e-01  2.41452735e-03 
 4.30000000e-01  2.42945549e-03 
 4.40000000e-01  2.44342954e-03 
 4.50000000e-01  2.45655274e-03 
 4.60000000e-01  2.46891622e-03 
 4.70000000e-01  2.48060008e-03 
 4.80000000e-01  2.49167469e-03 
 4.90000000e-01  2.50220177e-03 
 5.00000000e-01  2.51223555e-03 
 5.10000000e-01  2.52182368e-03 
 5.20000000e-01  2.53100809e-03 
 5.30000000e-01  2.53982579e-03 
 5.40000000e-01  2.54830951e-03 
 5.50000000e-01  2.55648822e-03 
 5.60000000e-01  2.56438768e-03 
 5.70000000e-01  2.57203084e-03 
 5.80000000e-01  2.57943817e-03 
 5.90000000e-01  2.58662802e-03 
 6.00000000e-01  2.59361685e-03 
 6.10000000e-01  2.60041946e-03 
 6.20000000e-01  2.60704923e-03 
 6.30000000e-01  2.61351824e-03 
 6.40000000e-01  2.61983743e-03 
 6.50000000e-01  2.62601676e-03 
 6.60000000e-01  2.63206528e-03 
 6.70000000e-01  2.63799126e-03 
 6.80000000e-01  2.64380226e-03 
 6.90000000e-01  2.64950520e-03 
 7.00000000e-01  2.65510643e-03 
 7.10000000e-01  2.66061181e-03 
 7.20000000e-01  2.66602672e-03 
 7.30000000e-01  2.67135613e-03 
 7.40000000e-01  2.67660463e-03 
 7.50000000e-01  2.68177649e-03 
 7.60000000e-01  2.68687564e-03 
 7.70000000e-01  2.69190576e-03 
 7.80000000e-01  2.69687025e-03 
 7.90000000e-01  2.70177230e-03 
 8.00000000e-01  2.70661487e-03 
 8.10000000e-01  2.71140073e-03 
 8.20000000e-01  2.71613247e-03 
 8.30000000e-01  2.72081251e-03 
 8.40000000e-01  2.72544312e-03 
 8.50000000e-01  2.73002646e-03 
 8.60000000e-01  2.73456451e-03 
 8.70000000e-01  2.73905916e-03 
 8.80000000e-01  2.74351221e-03 
 8.90000000e-01  2.74792531e-03 
 9.00000000e-01  2.75230005e-03 
 9.10000000e-01  2.75663793e-03 
 9.20000000e-01  2.76094036e-03 
 9.30000000e-01  2.76520867e-03 
 9.40000000e-01  2.76944412e-03 
 9.50000000e-01  2.77364793e-03 
 9.60000000e-01  2.77782123e-03 
 9.70000000e-01  2.78196509e-03 
 9.80000000e-01  2.78608054e-03 
 9.90000000e-01  2.79016857e-03 
 1.00000000e+00  2.79423010e-03 
 1.01000000e+00  2.79826601e-03 
 1.02000000e+00  2.80227716e-03 
 1.03000000e+00  2.80626433e-03 
 1.04000000e+00  2.81022831e-03 
 1.05000000e+00  2.81416982e-03 
 1.06000000e+00  2.81808957e-03 
 1.07000000e+00  2.82198821e-03 
 1.08000000e+00  2.82586641e-03 
 1.09000000e+00  2.82972476e-03 
 1.10000000e+00  2.83356385e-03 
 1.11000000e+00  2.83738425e-03 
 1.12000000e+00  2.84118650e-03 
 1.13000000e+00  2.84497110e-03 
 1.14000000e+00  2.84873858e-03 
 1.15000000e+00  2.85248938e-03 
 1.16000000e+00  2.85622399e-03 
 1.17000000e+00  2.85994283e-03 
 1.18000000e+00  2.86364632e-03 
 1.19000000e+00  2.86733489e-03 
 1.20000000e+00  2.87100891e-03 
 1.21000000e+00  2.87466877e-03 
 1.22000000e+00  2.87831484e-03 
 1.23000000e+00  2.88194745e-03 
 1.24000000e+00  2.88556695e-03 
 1.25000000e+00  2.88917367e-03 
 1.26000000e+00  2.89276792e-03 
 1.27000000e+00  2.89635000e-03 
 1.28000000e+00  2.89992020e-03 
 1.29000000e+00  2.90347882e-03 
 1.30000000e+00  2.90702612e-03 
 1.31000000e+00  2.91056237e-03 
 1.32000000e+00  2.91408782e-03 
 1.33000000e+00  2.91760273e-03 
 1.34000000e+00  2.92110732e-03 
 1.35000000e+00  2.92460184e-03 
 1.36000000e+00  2.92808651e-03 
 1.37000000e+00  2.93156154e-03 
 1.38000000e+00  2.93502715e-03 
 1.39000000e+00  2.93848354e-03 
 1.40000000e+00  2.94193090e-03 
 1.41000000e+00  2.94536944e-03 
 1.42000000e+00  2.94879933e-03 
 1.43000000e+00  2.95222075e-03 
 1.44000000e+00  2.95563389e-03 
 1.45000000e+00  2.95903892e-03 
 1.46000000e+00  2.96243599e-03 
 1.47000000e+00  2.96582526e-03 
 1.48000000e+00  2.96920690e-03 
 1.49000000e+00  2.97258106e-03 
 1.50000000e+00  2.97594788e-03 
 1.51000000e+00  2.97930751e-03 
 1.52000000e+00  2.98266008e-03 
 1.53000000e+00  2.98600574e-03 
 1.54000000e+00  2.98934461e-03 
 1.55000000e+00  2.99267682e-03 
 1.56000000e+00  2.99600250e-03 
 1.57000000e+00  2.99932176e-03 
 1.58000000e+00  3.00263474e-03 
 1.59000000e+00  3.00594153e-03 
 1.60000000e+00  3.00924227e-03 
 1.61000000e+00  3.01253705e-03 
 1.62000000e+00  3.01582598e-03 
 1.63000000e+00  3.01910916e-03 
 1.64000000e+00  3.02238671e-03 
 1.65000000e+00  3.02565871e-03 
 1.66000000e+00  3.02892527e-03 
 1.67000000e+00  3.03218648e-03 
 1.68000000e+00  3.03544242e-03 
 1.69000000e+00  3.03869320e-03 
 1.70000000e+00  3.04193890e-03 
 1.71000000e+00  3.04517961e-03 
 1.72000000e+00  3.04841540e-03 
 1.73000000e+00  3.05164637e-03 
 1.74000000e+00  3.05487259e-03 
 1.75000000e+00  3.05809413e-03 
 1.76000000e+00  3.06131109e-03 
 1.77000000e+00  3.06452353e-03 
 1.78000000e+00  3.06773153e-03 
 1.79000000e+00  3.07093515e-03 
 1.80000000e+00  3.07413448e-03 
 0.00000000e+00  0.00000000e+00 
 1.00000000e-02  1.42443005e-04 
 2.00000000e-02  2.82739733e-04 
 3.00000000e-02  4.20912912e-04 
 4.00000000e-02  5.56984574e-04 
 5.00000000e-02  6.90976017e-04 
 6.00000000e-02  8.22907753e-04 
 7.00000000e-02  9.52799451e-04 
 8.00000000e-02  1.08066986e-03 
 9.00000000e-02  1.20653674e-03 
 1.00000000e-01  1.33041675e-03 
 1.10000000e-01  1.45232531e-03 
 1.20000000e-01  1.57227651e-03 
 1.30000000e-01  1.69028289e-03 
 1.40000000e-01  1.80635525e-03 
 1.50000000e-01  1.92050244e-03 
 1.60000000e-01  2.03273103e-03 
 1.70000000e-01  2.14304499e-03 
 1.80000000e-01  2.25144530e-03 
 1.90000000e-01  2.35792945e-03 
 2.00000000e-01  2.46249089e-03 
 2.10000000e-01  2.56511835e-03 
 2.20000000e-01  2.66579510e-03 
 2.30000000e-01  2.76449804e-03 
 2.40000000e-01  2.86119666e-03 
 2.50000000e-01  2.95585196e-03 
 2.60000000e-01  3.04841514e-03 
 2.70000000e-01  3.13882640e-03 
 2.80000000e-01  3.22701358e-03 
 2.90000000e-01  3.31289112e-03 
 3.00000000e-01  3.39635932e-03 
 3.10000000e-01  3.47730419e-03 
 3.20000000e-01  3.55559847e-03 
 3.30000000e-01  3.63110389e-03 
 3.40000000e-01  3.70367541e-03 
 3.50000000e-01  3.77316754e-03 
 3.60000000e-01  3.83944272e-03 
 3.70000000e-01  3.90238145e-03 
 3.80000000e-01  3.96189297e-03 
 3.90000000e-01  4.01792517e-03 
 4.00000000e-01  4.07047194e-03 
 4.10000000e-01  4.11957674e-03 
 4.20000000e-01  4.16533154e-03 
 4.30000000e-01  4.20787152e-03 
 4.40000000e-01  4.24736654e-03 
 4.50000000e-01  4.28401095e-03 
 4.60000000e-01  4.31801320e-03 
 4.70000000e-01  4.34958654e-03 
 4.80000000e-01  4.37894140e-03 
 4.90000000e-01  4.40627980e-03 
 5.00000000e-01  4.43179161e-03 
 5.10000000e-01  4.45565244e-03 
 5.20000000e-01  4.47802268e-03 
 5.30000000e-01  4.49904756e-03 
 5.40000000e-01  4.51885769e-03 
 5.50000000e-01  4.53757000e-03 
 5.60000000e-01  4.55528885e-03 
 5.70000000e-01  4.57210722e-03 
 5.80000000e-01  4.58810789e-03 
 5.90000000e-01  4.60336456e-03 
 6.00000000e-01  4.61794286e-03 
 6.10000000e-01  4.63190128e-03 
 6.20000000e-01  4.64529208e-03 
 6.30000000e-01  4.65816194e-03 
 6.40000000e-01  4.67055270e-03 
 6.50000000e-01  4.68250188e-03 
 6.60000000e-01  4.69404322e-03 
 6.70000000e-01  4.70520714e-03 
 6.80000000e-01  4.71602108e-03 
 6.90000000e-01  4.72650986e-03 
 7.00000000e-01  4.73669599e-03 
 7.10000000e-01  4.74659991e-03 
 7.20000000e-01  4.75624024e-03 
 7.30000000e-01  4.76563394e-03 
 7.40000000e-01  4.77479651e-03 
 7.50000000e-01  4.78374216e-03 
 7.60000000e-01  4.79248390e-03 
 7.70000000e-01  4.80103369e-03 
 7.80000000e-01  4.80940255e-03 
 7.90000000e-01  4.81760062e-03 
 8.00000000e-01  4.82563728e-03 
 8.10000000e-01  4.83352119e-03 
 8.20000000e-01  4.84126040e-03 
 8.30000000e-01  4.84886235e-03 
 8.40000000e-01  4.85633397e-03 
 8.50000000e-01  4.86368170e-03 
 8.60000000e-01  4.87091155e-03 
 8.70000000e-01  4.87802911e-03 
 8.80000000e-01  4.88503962e-03 
 8.90000000e-01  4.89194797e-03 
 9.00000000e-01  4.89875875e-03 
 9.10000000e-01  4.90547624e-03 
 9.20000000e-01  4.91210449e-03 
 9.30000000e-01  4.91864729e-03 
 9.40000000e-01  4.92510819e-03 
 9.50000000e-01  4.93149056e-03 
 9.60000000e-01  4.93779757e-03 
 9.70000000e-01  4.94403218e-03 
 9.80000000e-01  4.95019723e-03 
 9.90000000e-01  4.95629538e-03 
 1.00000000e+00  4.96232916e-03 
 1.01000000e+00  4.96830094e-03 
 1.02000000e+00  4.97421299e-03 
 1.03000000e+00  4.98006747e-03 
 1.04000000e+00  4.98586640e-03 
 1.05000000e+00  4.99161172e-03 
 1.06000000e+00  4.99730528e-03 
 1.07000000e+00  5.00294882e-03 
 1.08000000e+00  5.00854401e-03 
 1.09000000e+00  5.01409244e-03 
 1.10000000e+00  5.01959562e-03 
 1.11000000e+00  5.02505501e-03 
 1.12000000e+00  5.03047197e-03 
 1.13000000e+00  5.03584783e-03 
 1.14000000e+00  5.04118384e-03 
 1.15000000e+00  5.04648121e-03 
 1.16000000e+00  5.05174110e-03 
 1.17000000e+00  5.05696460e-03 
 1.18000000e+00  5.06215278e-03 
 1.19000000e+00  5.06730665e-03 
 1.20000000e+00  5.07242718e-03 
 1.21000000e+00  5.07751530e-03 
 1.22000000e+00  5.08257191e-03 
 1.23000000e+00  5.08759787e-03 
 1.24000000e+00  5.09259401e-03 
 1.25000000e+00  5.09756111e-03 
 1.26000000e+00  5.10249996e-03 
 1.27000000e+00  5.10741128e-03 
 1.28000000e+00  5.11229578e-03 
 1.29000000e+00  5.11715414e-03 
 1.30000000e+00  5.12198702e-03 
 1.31000000e+00  5.12679506e-03 
 1.32000000e+00  5.13157886e-03 
 1.33000000e+00  5.13633902e-03 
 1.34000000e+00  5.14107610e-03 
 1.35000000e+00  5.14579066e-03 
 1.36000000e+00  5.15048322e-03 
 1.37000000e+00  5.15515430e-03 
 1.38000000e+00  5.15980439e-03 
 1.39000000e+00  5.16443398e-03 
 1.40000000e+00  5.16904352e-03 
 1.41000000e+00  5.17363347e-03 
 1.42000000e+00  5.17820426e-03 
 1.43000000e+00  5.18275630e-03 
 1.44000000e+00  5.18729001e-03 
 1.45000000e+00  5.19180578e-03 
 1.46000000e+00  5.19630399e-03 
 1.47000000e+00  5.20078502e-03 
 1.48000000e+00  5.20524922e-03 
 1.49000000e+00  5.20969694e-03 
 1.50000000e+00  5.21412851e-03 
 1.51000000e+00  5.21854428e-03 
 1.52000000e+00  5.22294454e-03 
 1.53000000e+00  5.22732962e-03 
 1.54000000e+00  5.23169982e-03 
 1.55000000e+00  5.23605542e-03 
 1.56000000e+00  5.24039671e-03 
 1.57000000e+00  5.24472397e-03 
 1.58000000e+00  5.24903746e-03 
 1.59000000e+00  5.25333744e-03 
 1.60000000e+00  5.25762417e-03 
 1.61000000e+00  5.26189790e-03 
 1.62000000e+00  5.26615886e-03 
 1.63000000e+00  5.27040728e-03 
 1.64000000e+00  5.27464341e-03 
 1.65000000e+00  5.27886745e-03 
 1.66000000e+00  5.28307962e-03 
 1.67000000e+00  5.28728013e-03 
 1.68000000e+00  5.29146920e-03 
 1.69000000e+00  5.29564701e-03 
 1.70000000e+00  5.29981377e-03 
 1.71000000e+00  5.30396966e-03 
 1.72000000e+00  5.30811487e-03 
 1.73000000e+00  5.31224958e-03 
 1.74000000e+00  5.31637396e-03 
 1.75000000e+00  5.32048820e-03 
 1.76000000e+00  5.32459245e-03 
 1.77000000e+00  5.32868688e-03 
 1.78000000e+00  5.33277166e-03 
 1.79000000e+00  5.33684694e-03 
 1.80000000e+00  5.34091287e-03 
