 0.00000000e+00  0.00000000e+00 
-1.00000000e-02  3.51413118e-08 
-2.00000000e-02  6.70219569e-08 
-3.00000000e-02  9.58101992e-08 
-4.00000000e-02  1.21689640e-07 
-5.00000000e-02  1.44856645e-07 
-6.00000000e-02  1.65517076e-07 
-7.00000000e-02  1.83882412e-07 
-8.00000000e-02  2.00165502e-07 
-9.00000000e-02  2.14576244e-07 
-1.00000000e-01  2.27317539e-07 
-1.10000000e-01  2.38581827e-07 
-1.20000000e-01  2.48548388e-07 
-1.30000000e-01  2.57381542e-07 
-1.40000000e-01  2.65229704e-07 
-1.50000000e-01  2.72225222e-07 
-1.60000000e-01  2.78484825e-07 
-1.70000000e-01  2.84110534e-07 
-1.80000000e-01  2.89190847e-07 
-1.90000000e-01  2.93802090e-07 
-2.00000000e-01  2.98009794e-07 
-2.10000000e-01  3.01870045e-07 
-2.20000000e-01  3.05430740e-07 
-2.30000000e-01  3.08732741e-07 
-2.40000000e-01  3.11810890e-07 
-2.50000000e-01  3.14694905e-07 
-2.60000000e-01  3.17410153e-07 
-2.70000000e-01  3.19978315e-07 
-2.80000000e-01  3.22417951e-07 
-2.90000000e-01  3.24744978e-07 
-3.00000000e-01  3.26973075e-07 
-3.10000000e-01  3.29114027e-07 
-3.20000000e-01  3.31178004e-07 
-3.30000000e-01  3.33173813e-07 
-3.40000000e-01  3.35109092e-07 
-3.50000000e-01  3.36990487e-07 
-3.60000000e-01  3.38823791e-07 
-3.70000000e-01  3.40614073e-07 
-3.80000000e-01  3.42365771e-07 
-3.90000000e-01  3.44082788e-07 
-4.00000000e-01  3.45768559e-07 
-4.10000000e-01  3.47426120e-07 
-4.20000000e-01  3.49058155e-07 
-4.30000000e-01  3.50667047e-07 
-4.40000000e-01  3.52254912e-07 
-4.50000000e-01  3.53823638e-07 
-4.60000000e-01  3.55374909e-07 
-4.70000000e-01  3.56910234e-07 
-4.80000000e-01  3.58430963e-07 
-4.90000000e-01  3.59938312e-07 
-5.00000000e-01  3.61433373e-07 
-5.10000000e-01  3.62917132e-07 
-5.20000000e-01  3.64390479e-07 
-5.30000000e-01  3.65854222e-07 
-5.40000000e-01  3.67309090e-07 
-5.50000000e-01  3.68755747e-07 
-5.60000000e-01  3.70194797e-07 
-5.70000000e-01  3.71626790e-07 
-5.80000000e-01  3.73052228e-07 
-5.90000000e-01  3.74471569e-07 
-6.00000000e-01  3.75885233e-07 
-6.10000000e-01  3.77293605e-07 
-6.20000000e-01  3.78697038e-07 
-6.30000000e-01  3.80095856e-07 
-6.40000000e-01  3.81490358e-07 
-6.50000000e-01  3.82880818e-07 
-6.60000000e-01  3.84267490e-07 
-6.70000000e-01  3.85650608e-07 
-6.80000000e-01  3.87030389e-07 
-6.90000000e-01  3.88407034e-07 
-7.00000000e-01  3.89780728e-07 
-7.10000000e-01  3.91151643e-07 
-7.20000000e-01  3.92519940e-07 
-7.30000000e-01  3.93885767e-07 
-7.40000000e-01  3.95249262e-07 
-7.50000000e-01  3.96610556e-07 
-7.60000000e-01  3.97969767e-07 
-7.70000000e-01  3.99327008e-07 
-7.80000000e-01  4.00682384e-07 
-7.90000000e-01  4.02035992e-07 
-8.00000000e-01  4.03387925e-07 
-8.10000000e-01  4.04738268e-07 
-8.20000000e-01  4.06087102e-07 
-8.30000000e-01  4.07434502e-07 
-8.40000000e-01  4.08780539e-07 
-8.50000000e-01  4.10125278e-07 
-8.60000000e-01  4.11468784e-07 
-8.70000000e-01  4.12811115e-07 
-8.80000000e-01  4.14152325e-07 
-8.90000000e-01  4.15492468e-07 
-9.00000000e-01  4.16831593e-07 
-9.10000000e-01  4.18169745e-07 
-9.20000000e-01  4.19506969e-07 
-9.30000000e-01  4.20843305e-07 
-9.40000000e-01  4.22178795e-07 
-9.50000000e-01  4.23513473e-07 
-9.60000000e-01  4.24847375e-07 
-9.70000000e-01  4.26180535e-07 
-9.80000000e-01  4.27512983e-07 
-9.90000000e-01  4.28844750e-07 
-1.00000000e+00  4.30175864e-07 
-1.01000000e+00  4.31506351e-07 
-1.02000000e+00  4.32836237e-07 
-1.03000000e+00  4.34165546e-07 
-1.04000000e+00  4.35494302e-07 
-1.05000000e+00  4.36822525e-07 
-1.06000000e+00  4.38150238e-07 
-1.07000000e+00  4.39477459e-07 
-1.08000000e+00  4.40804207e-07 
-1.09000000e+00  4.42130501e-07 
-1.10000000e+00  4.43456357e-07 
-1.11000000e+00  4.44781792e-07 
-1.12000000e+00  4.46106822e-07 
-1.13000000e+00  4.47431461e-07 
-1.14000000e+00  4.48755724e-07 
-1.15000000e+00  4.50079623e-07 
-1.16000000e+00  4.51403173e-07 
-1.17000000e+00  4.52726385e-07 
-1.18000000e+00  4.54049272e-07 
-1.19000000e+00  4.55371844e-07 
-1.20000000e+00  4.56694113e-07 
-1.21000000e+00  4.58016089e-07 
-1.22000000e+00  4.59337782e-07 
-1.23000000e+00  4.60659201e-07 
-1.24000000e+00  4.61980356e-07 
-1.25000000e+00  4.63301256e-07 
-1.26000000e+00  4.64621908e-07 
-1.27000000e+00  4.65942321e-07 
-1.28000000e+00  4.67262503e-07 
-1.29000000e+00  4.68582461e-07 
-1.30000000e+00  4.69902202e-07 
-1.31000000e+00  4.71221733e-07 
-1.32000000e+00  4.72541062e-07 
-1.33000000e+00  4.73860193e-07 
-1.34000000e+00  4.75179134e-07 
-1.35000000e+00  4.76497890e-07 
-1.36000000e+00  4.77816466e-07 
-1.37000000e+00  4.79134869e-07 
-1.38000000e+00  4.80453104e-07 
-1.39000000e+00  4.81771175e-07 
-1.40000000e+00  4.83089087e-07 
-1.41000000e+00  4.84406846e-07 
-1.42000000e+00  4.85724455e-07 
-1.43000000e+00  4.87041919e-07 
-1.44000000e+00  4.88359243e-07 
-1.45000000e+00  4.89676429e-07 
-1.46000000e+00  4.90993484e-07 
-1.47000000e+00  4.92310409e-07 
-1.48000000e+00  4.93627208e-07 
-1.49000000e+00  4.94943886e-07 
-1.50000000e+00  4.96260446e-07 
-1.51000000e+00  4.97576890e-07 
-1.52000000e+00  4.98893222e-07 
-1.53000000e+00  5.00209446e-07 
-1.54000000e+00  5.01525564e-07 
-1.55000000e+00  5.02841578e-07 
-1.56000000e+00  5.04157493e-07 
-1.57000000e+00  5.05473310e-07 
-1.58000000e+00  5.06789032e-07 
-1.59000000e+00  5.08104661e-07 
-1.60000000e+00  5.09420201e-07 
-1.61000000e+00  5.10735653e-07 
-1.62000000e+00  5.12051019e-07 
-1.63000000e+00  5.13366303e-07 
-1.64000000e+00  5.14681506e-07 
-1.65000000e+00  5.15996630e-07 
-1.66000000e+00  5.17311677e-07 
-1.67000000e+00  5.18626649e-07 
-1.68000000e+00  5.19941548e-07 
-1.69000000e+00  5.21256376e-07 
-1.70000000e+00  5.22571135e-07 
-1.71000000e+00  5.23885826e-07 
-1.72000000e+00  5.25200451e-07 
-1.73000000e+00  5.26515012e-07 
-1.74000000e+00  5.27829510e-07 
-1.75000000e+00  5.29143947e-07 
-1.76000000e+00  5.30458324e-07 
-1.77000000e+00  5.31772643e-07 
-1.78000000e+00  5.33086905e-07 
-1.79000000e+00  5.34401112e-07 
-1.80000000e+00  5.35715265e-07 
 0.00000000e+00  0.00000000e+00 
-1.00000000e-02  3.45238572e-07 
-2.00000000e-02  6.82306489e-07 
-3.00000000e-02  1.01121800e-06 
-4.00000000e-02  1.33199049e-06 
-5.00000000e-02  1.64464432e-06 
-6.00000000e-02  1.94920279e-06 
-7.00000000e-02  2.24569213e-06 
-8.00000000e-02  2.53414153e-06 
-9.00000000e-02  2.81458330e-06 
-1.00000000e-01  3.08705293e-06 
-1.10000000e-01  3.35158933e-06 
-1.20000000e-01  3.60823497e-06 
-1.30000000e-01  3.85703614e-06 
-1.40000000e-01  4.09804318e-06 
-1.50000000e-01  4.33131077e-06 
-1.60000000e-01  4.55689819e-06 
-1.70000000e-01  4.77486964e-06 
-1.80000000e-01  4.98529456e-06 
-1.90000000e-01  5.18824797e-06 
-2.00000000e-01  5.38381077e-06 
-2.10000000e-01  5.57207010e-06 
-2.20000000e-01  5.75311968e-06 
-2.30000000e-01  5.92706006e-06 
-2.40000000e-01  6.09399899e-06 
-2.50000000e-01  6.25405159e-06 
-2.60000000e-01  6.40734064e-06 
-2.70000000e-01  6.55399667e-06 
-2.80000000e-01  6.69415812e-06 
-2.90000000e-01  6.82797128e-06 
-3.00000000e-01  6.95559027e-06 
-3.10000000e-01  7.07717683e-06 
-3.20000000e-01  7.19290008e-06 
-3.30000000e-01  7.30293609e-06 
-3.40000000e-01  7.40746742e-06 
-3.50000000e-01  7.50668245e-06 
-3.60000000e-01  7.60077469e-06 
-3.70000000e-01  7.68994193e-06 
-3.80000000e-01  7.77438536e-06 
-3.90000000e-01  7.85430855e-06 
-4.00000000e-01  7.92991641e-06 
-4.10000000e-01  8.00141419e-06 
-4.20000000e-01  8.06900630e-06 
-4.30000000e-01  8.13289537e-06 
-4.40000000e-01  8.19328116e-06 
-4.50000000e-01  8.25035964e-06 
-4.60000000e-01  8.30432210e-06 
-4.70000000e-01  8.35535440e-06 
-4.80000000e-01  8.40363625e-06 
-4.90000000e-01  8.44934071e-06 
-5.00000000e-01  8.49263365e-06 
-5.10000000e-01  8.53367351e-06 
-5.20000000e-01  8.57261100e-06 
-5.30000000e-01  8.60958902e-06 
-5.40000000e-01  8.64474258e-06 
-5.50000000e-01  8.67819889e-06 
-5.60000000e-01  8.71007748e-06 
-5.70000000e-01  8.74049034e-06 
-5.80000000e-01  8.76954220e-06 
-5.90000000e-01  8.79733080e-06 
-6.00000000e-01  8.82394715e-06 
-6.10000000e-01  8.84947590e-06 
-6.20000000e-01  8.87399564e-06 
-6.30000000e-01  8.89757928e-06 
-6.40000000e-01  8.92029434e-06 
-6.50000000e-01  8.94220336e-06 
-6.60000000e-01  8.96336414e-06 
-6.70000000e-01  8.98383016e-06 
-6.80000000e-01  9.00365081e-06 
-6.90000000e-01  9.02287171e-06 
-7.00000000e-01  9.04153501e-06 
-7.10000000e-01  9.05967961e-06 
-7.20000000e-01  9.07734145e-06 
-7.30000000e-01  9.09455371e-06 
-7.40000000e-01  9.11134702e-06 
-7.50000000e-01  9.12774971e-06 
-7.60000000e-01  9.14378793e-06 
-7.70000000e-01  9.15948585e-06 
-7.80000000e-01  9.17486583e-06 
-7.90000000e-01  9.18994855e-06 
-8.00000000e-01  9.20475316e-06 
-8.10000000e-01  9.21929737e-06 
-8.20000000e-01  9.23359761e-06 
-8.30000000e-01  9.24766909e-06 
-8.40000000e-01  9.26152592e-06 
-8.50000000e-01  9.27518121e-06 
-8.60000000e-01  9.28864712e-06 
-8.70000000e-01  9.30193496e-06 
-8.80000000e-01  9.31505522e-06 
-8.90000000e-01  9.32801769e-06 
-9.00000000e-01  9.34083147e-06 
-9.10000000e-01  9.35350503e-06 
-9.20000000e-01  9.36604629e-06 
-9.30000000e-01  9.37846260e-06 
-9.40000000e-01  9.39076087e-06 
-9.50000000e-01  9.40294751e-06 
-9.60000000e-01  9.41502853e-06 
-9.70000000e-01  9.42700955e-06 
-9.80000000e-01  9.43889584e-06 
-9.90000000e-01  9.45069232e-06 
-1.00000000e+00  9.46240360e-06 
-1.01000000e+00  9.47403402e-06 
-1.02000000e+00  9.48558764e-06 
-1.03000000e+00  9.49706826e-06 
-1.04000000e+00  9.50847949e-06 
-1.05000000e+00  9.51982468e-06 
-1.06000000e+00  9.53110701e-06 
-1.07000000e+00  9.54232947e-06 
-1.08000000e+00  9.55349485e-06 
-1.09000000e+00  9.56460582e-06 
-1.10000000e+00  9.57566487e-06 
-1.11000000e+00  9.58667436e-06 
-1.12000000e+00  9.59763651e-06 
-1.13000000e+00  9.60855343e-06 
-1.14000000e+00  9.61942711e-06 
-1.15000000e+00  9.63025942e-06 
-1.16000000e+00  9.64105214e-06 
-1.17000000e+00  9.65180697e-06 
-1.18000000e+00  9.66252548e-06 
-1.19000000e+00  9.67320921e-06 
-1.20000000e+00  9.68385957e-06 
-1.21000000e+00  9.69447794e-06 
-1.22000000e+00  9.70506560e-06 
-1.23000000e+00  9.71562378e-06 
-1.24000000e+00  9.72615364e-06 
-1.25000000e+00  9.73665630e-06 
-1.26000000e+00  9.74713280e-06 
-1.27000000e+00  9.75758416e-06 
-1.28000000e+00  9.76801132e-06 
-1.29000000e+00  9.77841520e-06 
-1.30000000e+00  9.78879666e-06 
-1.31000000e+00  9.79915653e-06 
-1.32000000e+00  9.80949559e-06 
-1.33000000e+00  9.81981461e-06 
-1.34000000e+00  9.83011429e-06 
-1.35000000e+00  9.84039532e-06 
-1.36000000e+00  9.85065836e-06 
-1.37000000e+00  9.86090403e-06 
-1.38000000e+00  9.87113293e-06 
-1.39000000e+00  9.88134564e-06 
-1.40000000e+00  9.89154269e-06 
-1.41000000e+00  9.90172463e-06 
-1.42000000e+00  9.91189194e-06 
-1.43000000e+00  9.92204510e-06 
-1.44000000e+00  9.93218459e-06 
-1.45000000e+00  9.94231084e-06 
-1.46000000e+00  9.95242428e-06 
-1.47000000e+00  9.96252531e-06 
-1.48000000e+00  9.97261432e-06 
-1.49000000e+00  9.98269168e-06 
-1.50000000e+00  9.99275777e-06 
-1.51000000e+00  1.00028129e-05 
-1.52000000e+00  1.00128575e-05 
-1.53000000e+00  1.00228917e-05 
-1.54000000e+00  1.00329160e-05 
-1.55000000e+00  1.00429306e-05 
-1.56000000e+00  1.00529358e-05 
-1.57000000e+00  1.00629318e-05 
-1.58000000e+00  1.00729190e-05 
-1.59000000e+00  1.00828976e-05 
-1.60000000e+00  1.00928679e-05 
-1.61000000e+00  1.01028300e-05 
-1.62000000e+00  1.01127842e-05 
-1.63000000e+00  1.01227307e-05 
-1.64000000e+00  1.01326697e-05 
-1.65000000e+00  1.01426015e-05 
-1.66000000e+00  1.01525262e-05 
-1.67000000e+00  1.01624440e-05 
-1.68000000e+00  1.01723552e-05 
-1.69000000e+00  1.01822598e-05 
-1.70000000e+00  1.01921580e-05 
-1.71000000e+00  1.02020501e-05 
-1.72000000e+00  1.02119361e-05 
-1.73000000e+00  1.02218163e-05 
-1.74000000e+00  1.02316907e-05 
-1.75000000e+00  1.02415596e-05 
-1.76000000e+00  1.02514230e-05 
-1.77000000e+00  1.02612812e-05 
-1.78000000e+00  1.02711341e-05 
-1.79000000e+00  1.02809820e-05 
-1.80000000e+00  1.02908250e-05 
 0.00000000e+00  0.00000000e+00 
-1.00000000e-02  8.39592963e-07 
-2.00000000e-02  1.66827667e-06 
-3.00000000e-02  2.48604811e-06 
-4.00000000e-02  3.29290637e-06 
-5.00000000e-02  4.08885236e-06 
-6.00000000e-02  4.87388855e-06 
-7.00000000e-02  5.64801880e-06 
-8.00000000e-02  6.41124824e-06 
-9.00000000e-02  7.16358310e-06 
-1.00000000e-01  7.90503071e-06 
-1.10000000e-01  8.63559934e-06 
-1.20000000e-01  9.35529823e-06 
-1.30000000e-01  1.00641375e-05 
-1.40000000e-01  1.07621283e-05 
-1.50000000e-01  1.14492824e-05 
-1.60000000e-01  1.21256126e-05 
-1.70000000e-01  1.27911326e-05 
-1.80000000e-01  1.34458570e-05 
-1.90000000e-01  1.40898013e-05 
-2.00000000e-01  1.47229819e-05 
-2.10000000e-01  1.53454163e-05 
-2.20000000e-01  1.59571228e-05 
-2.30000000e-01  1.65581211e-05 
-2.40000000e-01  1.71484318e-05 
-2.50000000e-01  1.77280768e-05 
-2.60000000e-01  1.82970792e-05 
-2.70000000e-01  1.88554633e-05 
-2.80000000e-01  1.94032552e-05 
-2.90000000e-01  1.99404822e-05 
-3.00000000e-01  2.04671733e-05 
-3.10000000e-01  2.09833590e-05 
-3.20000000e-01  2.14890720e-05 
-3.30000000e-01  2.19843467e-05 
-3.40000000e-01  2.24692194e-05 
-3.50000000e-01  2.29437289e-05 
-3.60000000e-01  2.34079162e-05 
-3.70000000e-01  2.38618248e-05 
-3.80000000e-01  2.43055007e-05 
-3.90000000e-01  2.47389931e-05 
-4.00000000e-01  2.51623536e-05 
-4.10000000e-01  2.55756376e-05 
-4.20000000e-01  2.59789034e-05 
-4.30000000e-01  2.63722130e-05 
-4.40000000e-01  2.67556322e-05 
-4.50000000e-01  2.71292307e-05 
-4.60000000e-01  2.74930824e-05 
-4.70000000e-01  2.78472655e-05 
-4.80000000e-01  2.81918629e-05 
-4.90000000e-01  2.85269621e-05 
-5.00000000e-01  2.88526559e-05 
-5.10000000e-01  2.91690418e-05 
-5.20000000e-01  2.94762230e-05 
-5.30000000e-01  2.97743082e-05 
-5.40000000e-01  3.00634115e-05 
-5.50000000e-01  3.03436530e-05 
-5.60000000e-01  3.06151587e-05 
-5.70000000e-01  3.08780603e-05 
-5.80000000e-01  3.11324956e-05 
-5.90000000e-01  3.13786084e-05 
-6.00000000e-01  3.16165484e-05 
-6.10000000e-01  3.18464709e-05 
-6.20000000e-01  3.20685370e-05 
-6.30000000e-01  3.22829135e-05 
-6.40000000e-01  3.24897720e-05 
-6.50000000e-01  3.26892894e-05 
-6.60000000e-01  3.28816469e-05 
-6.70000000e-01  3.30670302e-05 
-6.80000000e-01  3.32456285e-05 
-6.90000000e-01  3.34176344e-05 
-7.00000000e-01  3.35832433e-05 
-7.10000000e-01  3.37426527e-05 
-7.20000000e-01  3.38960618e-05 
-7.30000000e-01  3.40436709e-05 
-7.40000000e-01  3.41856806e-05 
-7.50000000e-01  3.43222916e-05 
-7.60000000e-01  3.44537034e-05 
-7.70000000e-01  3.45801146e-05 
-7.80000000e-01  3.47017217e-05 
-7.90000000e-01  3.48187185e-05 
-8.00000000e-01  3.49312962e-05 
-8.10000000e-01  3.50396423e-05 
-8.20000000e-01  3.51439406e-05 
-8.30000000e-01  3.52443705e-05 
-8.40000000e-01  3.53411067e-05 
-8.50000000e-01  3.54343192e-05 
-8.60000000e-01  3.55241727e-05 
-8.70000000e-01  3.56108267e-05 
-8.80000000e-01  3.56944350e-05 
-8.90000000e-01  3.57751460e-05 
-9.00000000e-01  3.58531024e-05 
-9.10000000e-01  3.59284409e-05 
-9.20000000e-01  3.60012929e-05 
-9.30000000e-01  3.60717840e-05 
-9.40000000e-01  3.61400342e-05 
-9.50000000e-01  3.62061579e-05 
-9.60000000e-01  3.62702644e-05 
-9.70000000e-01  3.63324575e-05 
-9.80000000e-01  3.63928360e-05 
-9.90000000e-01  3.64514937e-05 
-1.00000000e+00  3.65085198e-05 
-1.01000000e+00  3.65639988e-05 
-1.02000000e+00  3.66180107e-05 
-1.03000000e+00  3.66706315e-05 
-1.04000000e+00  3.67219329e-05 
-1.05000000e+00  3.67719828e-05 
-1.06000000e+00  3.68208457e-05 
-1.07000000e+00  3.68685821e-05 
-1.08000000e+00  3.69152496e-05 
-1.09000000e+00  3.69609025e-05 
-1.10000000e+00  3.70055919e-05 
-1.11000000e+00  3.70493665e-05 
-1.12000000e+00  3.70922719e-05 
-1.13000000e+00  3.71343513e-05 
-1.14000000e+00  3.71756456e-05 
-1.15000000e+00  3.72161933e-05 
-1.16000000e+00  3.72560309e-05 
-1.17000000e+00  3.72951928e-05 
-1.18000000e+00  3.73337115e-05 
-1.19000000e+00  3.73716177e-05 
-1.20000000e+00  3.74089404e-05 
-1.21000000e+00  3.74457071e-05 
-1.22000000e+00  3.74819438e-05 
-1.23000000e+00  3.75176750e-05 
-1.24000000e+00  3.75529238e-05 
-1.25000000e+00  3.75877124e-05 
-1.26000000e+00  3.76220614e-05 
-1.27000000e+00  3.76559906e-05 
-1.28000000e+00  3.76895185e-05 
-1.29000000e+00  3.77226629e-05 
-1.30000000e+00  3.77554405e-05 
-1.31000000e+00  3.77878672e-05 
-1.32000000e+00  3.78199579e-05 
-1.33000000e+00  3.78517270e-05 
-1.34000000e+00  3.78831880e-05 
-1.35000000e+00  3.79143538e-05 
-1.36000000e+00  3.79452365e-05 
-1.37000000e+00  3.79758478e-05 
-1.38000000e+00  3.80061987e-05 
-1.39000000e+00  3.80362996e-05 
-1.40000000e+00  3.80661606e-05 
-1.41000000e+00  3.80957910e-05 
-1.42000000e+00  3.81252000e-05 
-1.43000000e+00  3.81543961e-05 
-1.44000000e+00  3.81833874e-05 
-1.45000000e+00  3.82121818e-05 
-1.46000000e+00  3.82407868e-05 
-1.47000000e+00  3.82692093e-05 
-1.48000000e+00  3.82974561e-05 
-1.49000000e+00  3.83255338e-05 
-1.50000000e+00  3.83534483e-05 
-1.51000000e+00  3.83812057e-05 
-1.52000000e+00  3.84088115e-05 
-1.53000000e+00  3.84362712e-05 
-1.54000000e+00  3.84635897e-05 
-1.55000000e+00  3.84907720e-05 
-1.56000000e+00  3.85178228e-05 
-1.57000000e+00  3.85447467e-05 
-1.58000000e+00  3.85715478e-05 
-1.59000000e+00  3.85982303e-05 
-1.60000000e+00  3.86247982e-05 
-1.61000000e+00  3.86512551e-05 
-1.62000000e+00  3.86776049e-05 
-1.63000000e+00  3.87038508e-05 
-1.64000000e+00  3.87299962e-05 
-1.65000000e+00  3.87560444e-05 
-1.66000000e+00  3.87819984e-05 
-1.67000000e+00  3.88078611e-05 
-1.68000000e+00  3.88336354e-05 
-1.69000000e+00  3.88593239e-05 
-1.70000000e+00  3.88849294e-05 
-1.71000000e+00  3.89104542e-05 
-1.72000000e+00  3.89359009e-05 
-1.73000000e+00  3.89612717e-05 
-1.74000000e+00  3.89865688e-05 
-1.75000000e+00  3.90117945e-05 
-1.76000000e+00  3.90369508e-05 
-1.77000000e+00  3.90620396e-05 
-1.78000000e+00  3.90870629e-05 
-1.79000000e+00  3.91120226e-05 
-1.80000000e+00  3.91369205e-05 
 0.00000000e+00  0.00000000e+00 
-1.00000000e-02  1.30439396e-06 
-2.00000000e-02  2.59716247e-06 
-3.00000000e-02  3.87830102e-06 
-4.00000000e-02  5.14780655e-06 
-5.00000000e-02  6.40567718e-06 
-6.00000000e-02  7.65191214e-06 
-7.00000000e-02  8.88651156e-06 
-8.00000000e-02  1.01094764e-05 
-9.00000000e-02  1.13208084e-05 
-1.00000000e-01  1.25205098e-05 
-1.10000000e-01  1.37085836e-05 
-1.20000000e-01  1.48850333e-05 
-1.30000000e-01  1.60498628e-05 
-1.40000000e-01  1.72030764e-05 
-1.50000000e-01  1.83446790e-05 
-1.60000000e-01  1.94746757e-05 
-1.70000000e-01  2.05930720e-05 
-1.80000000e-01  2.16998738e-05 
-1.90000000e-01  2.27950872e-05 
-2.00000000e-01  2.38787188e-05 
-2.10000000e-01  2.49507752e-05 
-2.20000000e-01  2.60112635e-05 
-2.30000000e-01  2.70601909e-05 
-2.40000000e-01  2.80975651e-05 
-2.50000000e-01  2.91233939e-05 
-2.60000000e-01  3.01376854e-05 
-2.70000000e-01  3.11404479e-05 
-2.80000000e-01  3.21316901e-05 
-2.90000000e-01  3.31114208e-05 
-3.00000000e-01  3.40796493e-05 
-3.10000000e-01  3.50363849e-05 
-3.20000000e-01  3.59816375e-05 
-3.30000000e-01  3.69154170e-05 
-3.40000000e-01  3.78377338e-05 
-3.50000000e-01  3.87485986e-05 
-3.60000000e-01  3.96480225e-05 
-3.70000000e-01  4.05360167e-05 
-3.80000000e-01  4.14125930e-05 
-3.90000000e-01  4.22777636e-05 
-4.00000000e-01  4.31315411e-05 
-4.10000000e-01  4.39739384e-05 
-4.20000000e-01  4.48049689e-05 
-4.30000000e-01  4.56246468e-05 
-4.40000000e-01  4.64329864e-05 
-4.50000000e-01  4.72300027e-05 
-4.60000000e-01  4.80157116e-05 
-4.70000000e-01  4.87901291e-05 
-4.80000000e-01  4.95532723e-05 
-4.90000000e-01  5.03051589e-05 
-5.00000000e-01  5.10458073e-05 
-5.10000000e-01  5.17752367e-05 
-5.20000000e-01  5.24934673e-05 
-5.30000000e-01  5.32005202e-05 
-5.40000000e-01  5.38964174e-05 
-5.50000000e-01  5.45811820e-05 
-5.60000000e-01  5.52548383e-05 
-5.70000000e-01  5.59174118e-05 
-5.80000000e-01  5.65689291e-05 
-5.90000000e-01  5.72094185e-05 
-6.00000000e-01  5.78389094e-05 
-6.10000000e-01  5.84574330e-05 
-6.20000000e-01  5.90650221e-05 
-6.30000000e-01  5.96617111e-05 
-6.40000000e-01  6.02475364e-05 
-6.50000000e-01  6.08225365e-05 
-6.60000000e-01  6.13867517e-05 
-6.70000000e-01  6.19402247e-05 
-6.80000000e-01  6.24830005e-05 
-6.90000000e-01  6.30151265e-05 
-7.00000000e-01  6.35366530e-05 
-7.10000000e-01  6.40476326e-05 
-7.20000000e-01  6.45481211e-05 
-7.30000000e-01  6.50381774e-05 
-7.40000000e-01  6.55178632e-05 
-7.50000000e-01  6.59872439e-05 
-7.60000000e-01  6.64463883e-05 
-7.70000000e-01  6.68953686e-05 
-7.80000000e-01  6.73342611e-05 
-7.90000000e-01  6.77631456e-05 
-8.00000000e-01  6.81821063e-05 
-8.10000000e-01  6.85912314e-05 
-8.20000000e-01  6.89906133e-05 
-8.30000000e-01  6.93803488e-05 
-8.40000000e-01  6.97605393e-05 
-8.50000000e-01  7.01312906e-05 
-8.60000000e-01  7.04927130e-05 
-8.70000000e-01  7.08449217e-05 
-8.80000000e-01  7.11880364e-05 
-8.90000000e-01  7.15221815e-05 
-9.00000000e-01  7.18474859e-05 
-9.10000000e-01  7.21640833e-05 
-9.20000000e-01  7.24721117e-05 
-9.30000000e-01  7.27717136e-05 
-9.40000000e-01  7.30630356e-05 
-9.50000000e-01  7.33462287e-05 
-9.60000000e-01  7.36214474e-05 
-9.70000000e-01  7.38888502e-05 
-9.80000000e-01  7.41485988e-05 
-9.90000000e-01  7.44008582e-05 
-1.00000000e+00  7.46457961e-05 
-1.01000000e+00  7.48835828e-05 
-1.02000000e+00  7.51143909e-05 
-1.03000000e+00  7.53383947e-05 
-1.04000000e+00  7.55557700e-05 
-1.05000000e+00  7.57666936e-05 
-1.06000000e+00  7.59713432e-05 
-1.07000000e+00  7.61698967e-05 
-1.08000000e+00  7.63625318e-05 
-1.09000000e+00  7.65494259e-05 
-1.10000000e+00  7.67307556e-05 
-1.11000000e+00  7.69066961e-05 
-1.12000000e+00  7.70774213e-05 
-1.13000000e+00  7.72431029e-05 
-1.14000000e+00  7.74039108e-05 
-1.15000000e+00  7.75600121e-05 
-1.16000000e+00  7.77115711e-05 
-1.17000000e+00  7.78587494e-05 
-1.18000000e+00  7.80017051e-05 
-1.19000000e+00  7.81405930e-05 
-1.20000000e+00  7.82755641e-05 
-1.21000000e+00  7.84067660e-05 
-1.22000000e+00  7.85343420e-05 
-1.23000000e+00  7.86584317e-05 
-1.24000000e+00  7.87791706e-05 
-1.25000000e+00  7.88966901e-05 
-1.26000000e+00  7.90111174e-05 
-1.27000000e+00  7.91225757e-05 
-1.28000000e+00  7.92311838e-05 
-1.29000000e+00  7.93370566e-05 
-1.30000000e+00  7.94403048e-05 
-1.31000000e+00  7.95410351e-05 
-1.32000000e+00  7.96393502e-05 
-1.33000000e+00  7.97353489e-05 
-1.34000000e+00  7.98291261e-05 
-1.35000000e+00  7.99207730e-05 
-1.36000000e+00  8.00103772e-05 
-1.37000000e+00  8.00980226e-05 
-1.38000000e+00  8.01837898e-05 
-1.39000000e+00  8.02677560e-05 
-1.40000000e+00  8.03499950e-05 
-1.41000000e+00  8.04305777e-05 
-1.42000000e+00  8.05095718e-05 
-1.43000000e+00  8.05870423e-05 
-1.44000000e+00  8.06630510e-05 
-1.45000000e+00  8.07376575e-05 
-1.46000000e+00  8.08109183e-05 
-1.47000000e+00  8.08828878e-05 
-1.48000000e+00  8.09536179e-05 
-1.49000000e+00  8.10231580e-05 
-1.50000000e+00  8.10915555e-05 
-1.51000000e+00  8.11588558e-05 
-1.52000000e+00  8.12251022e-05 
-1.53000000e+00  8.12903358e-05 
-1.54000000e+00  8.13545964e-05 
-1.55000000e+00  8.14179216e-05 
-1.56000000e+00  8.14803475e-05 
-1.57000000e+00  8.15419086e-05 
-1.58000000e+00  8.16026379e-05 
-1.59000000e+00  8.16625670e-05 
-1.60000000e+00  8.17217258e-05 
-1.61000000e+00  8.17801434e-05 
-1.62000000e+00  8.18378471e-05 
-1.63000000e+00  8.18948634e-05 
-1.64000000e+00  8.19512174e-05 
-1.65000000e+00  8.20069334e-05 
-1.66000000e+00  8.20620343e-05 
-1.67000000e+00  8.21165422e-05 
-1.68000000e+00  8.21704783e-05 
-1.69000000e+00  8.22238628e-05 
-1.70000000e+00  8.22767151e-05 
-1.71000000e+00  8.23290538e-05 
-1.72000000e+00  8.23808967e-05 
-1.73000000e+00  8.24322607e-05 
-1.74000000e+00  8.24831623e-05 
-1.75000000e+00  8.25336170e-05 
-1.76000000e+00  8.25836400e-05 
-1.77000000e+00  8.26332456e-05 
-1.78000000e+00  8.26824476e-05 
-1.79000000e+00  8.27312592e-05 
-1.80000000e+00  8.27796933e-05 
