 0.00000000e+00 -4.40457600e+04 
 1.00000000e-03 -4.49828583e+04 
 2.00000000e-03 -4.59399765e+04 
 3.00000000e-03 -4.69175451e+04 
 4.00000000e-03 -4.79160039e+04 
 5.00000000e-03 -4.89358024e+04 
 6.00000000e-03 -4.99773997e+04 
 7.00000000e-03 -5.10412649e+04 
 8.00000000e-03 -5.21278774e+04 
 9.00000000e-03 -5.32377269e+04 
 1.00000000e-02 -5.43713137e+04 
 1.10000000e-02 -5.55291491e+04 
 1.20000000e-02 -5.67117554e+04 
 1.30000000e-02 -5.79196663e+04 
 1.40000000e-02 -5.91534271e+04 
 1.50000000e-02 -6.04135951e+04 
 1.60000000e-02 -6.17007394e+04 
 1.70000000e-02 -6.30154417e+04 
 1.80000000e-02 -6.43582964e+04 
 1.90000000e-02 -6.57299107e+04 
 2.00000000e-02 -6.71309051e+04 
 2.10000000e-02 -6.85619137e+04 
 2.20000000e-02 -7.00235842e+04 
 2.30000000e-02 -7.15165786e+04 
 2.40000000e-02 -7.30415732e+04 
 2.50000000e-02 -7.45992591e+04 
 2.60000000e-02 -7.61903425e+04 
 2.70000000e-02 -7.78155450e+04 
 2.80000000e-02 -7.94756039e+04 
 2.90000000e-02 -8.11712726e+04 
 3.00000000e-02 -8.29033209e+04 
 3.10000000e-02 -8.46725354e+04 
 3.20000000e-02 -8.64797201e+04 
 3.30000000e-02 -8.83256963e+04 
 3.40000000e-02 -9.02113034e+04 
 3.50000000e-02 -9.21373989e+04 
 3.60000000e-02 -9.41048594e+04 
 3.70000000e-02 -9.61145804e+04 
 3.80000000e-02 -9.81674771e+04 
 3.90000000e-02 -1.00264485e+05 
 4.00000000e-02 -1.02406559e+05 
 4.10000000e-02 -1.04594676e+05 
 4.20000000e-02 -1.06829834e+05 
 4.30000000e-02 -1.09113053e+05 
 4.40000000e-02 -1.11445375e+05 
 4.50000000e-02 -1.13827865e+05 
 4.60000000e-02 -1.16261612e+05 
 4.70000000e-02 -1.18747726e+05 
 4.80000000e-02 -1.21287346e+05 
 4.90000000e-02 -1.23881631e+05 
 5.00000000e-02 -1.26531770e+05 
 5.10000000e-02 -1.29238976e+05 
 5.20000000e-02 -1.32004487e+05 
 5.30000000e-02 -1.34829571e+05 
 5.40000000e-02 -1.37715522e+05 
 5.50000000e-02 -1.40663663e+05 
 5.60000000e-02 -1.43675347e+05 
 5.70000000e-02 -1.46751955e+05 
 5.80000000e-02 -1.49894899e+05 
 5.90000000e-02 -1.53105623e+05 
 6.00000000e-02 -1.56385602e+05 
 6.10000000e-02 -1.59736343e+05 
 6.20000000e-02 -1.63159386e+05 
 6.30000000e-02 -1.66656306e+05 
 6.40000000e-02 -1.70228713e+05 
 6.50000000e-02 -1.73878251e+05 
 6.60000000e-02 -1.77606600e+05 
 6.70000000e-02 -1.81415479e+05 
 6.80000000e-02 -1.85306643e+05 
 6.90000000e-02 -1.89281887e+05 
 7.00000000e-02 -1.93343044e+05 
 7.10000000e-02 -1.97491989e+05 
 7.20000000e-02 -2.01730637e+05 
 7.30000000e-02 -2.06060947e+05 
 7.40000000e-02 -2.10484920e+05 
 7.50000000e-02 -2.15004600e+05 
 7.60000000e-02 -2.19622080e+05 
 7.70000000e-02 -2.24339494e+05 
 7.80000000e-02 -2.29159028e+05 
 7.90000000e-02 -2.34082914e+05 
 8.00000000e-02 -2.39113432e+05 
 8.10000000e-02 -2.44252915e+05 
 8.20000000e-02 -2.49503747e+05 
 8.30000000e-02 -2.54868363e+05 
 8.40000000e-02 -2.60349254e+05 
 8.50000000e-02 -2.65948964e+05 
 8.60000000e-02 -2.71670097e+05 
 8.70000000e-02 -2.77515309e+05 
 8.80000000e-02 -2.83487321e+05 
 8.90000000e-02 -2.89588910e+05 
 9.00000000e-02 -2.95822916e+05 
 9.10000000e-02 -3.02192241e+05 
 9.20000000e-02 -3.08699853e+05 
 9.30000000e-02 -3.15348785e+05 
 9.40000000e-02 -3.22142137e+05 
 9.50000000e-02 -3.29083078e+05 
 9.60000000e-02 -3.36174847e+05 
 9.70000000e-02 -3.43420755e+05 
 9.80000000e-02 -3.50824188e+05 
 9.90000000e-02 -3.58388605e+05 
 1.00000000e-01 -3.66117543e+05 
 1.01000000e-01 -3.74014617e+05 
 1.02000000e-01 -3.82083523e+05 
 1.03000000e-01 -3.90328039e+05 
 1.04000000e-01 -3.98752026e+05 
 1.05000000e-01 -4.07359433e+05 
 1.06000000e-01 -4.16154294e+05 
 1.07000000e-01 -4.25140736e+05 
 1.08000000e-01 -4.34322975e+05 
 1.09000000e-01 -4.43705322e+05 
 1.10000000e-01 -4.53292184e+05 
 1.11000000e-01 -4.63088067e+05 
 1.12000000e-01 -4.73097576e+05 
 1.13000000e-01 -4.83325420e+05 
 1.14000000e-01 -4.93776410e+05 
 1.15000000e-01 -5.04455468e+05 
 1.16000000e-01 -5.15367623e+05 
 1.17000000e-01 -5.26518019e+05 
 1.18000000e-01 -5.37911911e+05 
 1.19000000e-01 -5.49554675e+05 
 1.20000000e-01 -5.61451803e+05 
 1.21000000e-01 -5.73608914e+05 
 1.22000000e-01 -5.86031749e+05 
 1.23000000e-01 -5.98726179e+05 
 1.24000000e-01 -6.11698206e+05 
 1.25000000e-01 -6.24953964e+05 
 1.26000000e-01 -6.38499728e+05 
 1.27000000e-01 -6.52341909e+05 
 1.28000000e-01 -6.66487065e+05 
 1.29000000e-01 -6.80941897e+05 
 1.30000000e-01 -6.95713260e+05 
 1.31000000e-01 -7.10808159e+05 
 1.32000000e-01 -7.26233757e+05 
 1.33000000e-01 -7.41997377e+05 
 1.34000000e-01 -7.58106506e+05 
 1.35000000e-01 -7.74568799e+05 
 1.36000000e-01 -7.91392083e+05 
 1.37000000e-01 -8.08584357e+05 
 1.38000000e-01 -8.26153804e+05 
 1.39000000e-01 -8.44108787e+05 
 1.40000000e-01 -8.62457857e+05 
 1.41000000e-01 -8.81209757e+05 
 1.42000000e-01 -9.00373425e+05 
 1.43000000e-01 -9.19958002e+05 
 1.44000000e-01 -9.39972831e+05 
 1.45000000e-01 -9.60427467e+05 
 1.46000000e-01 -9.81331677e+05 
 1.47000000e-01 -1.00269545e+06 
 1.48000000e-01 -1.02452899e+06 
 1.49000000e-01 -1.04684275e+06 
 1.50000000e-01 -1.06964739e+06 
 1.51000000e-01 -1.09295384e+06 
 1.52000000e-01 -1.11677325e+06 
 1.53000000e-01 -1.14111703e+06 
 1.54000000e-01 -1.16599685e+06 
 1.55000000e-01 -1.19142464e+06 
 1.56000000e-01 -1.21741258e+06 
 1.57000000e-01 -1.24397317e+06 
 1.58000000e-01 -1.27111913e+06 
 1.59000000e-01 -1.29886351e+06 
 1.60000000e-01 -1.32721965e+06 
 1.61000000e-01 -1.35620117e+06 
 1.62000000e-01 -1.38582200e+06 
 1.63000000e-01 -1.41609640e+06 
 1.64000000e-01 -1.44703893e+06 
 1.65000000e-01 -1.47866450e+06 
 1.66000000e-01 -1.51098833e+06 
 1.67000000e-01 -1.54402600e+06 
 1.68000000e-01 -1.57779344e+06 
 1.69000000e-01 -1.61230692e+06 
 1.70000000e-01 -1.64758311e+06 
 1.71000000e-01 -1.68363902e+06 
 1.72000000e-01 -1.72049206e+06 
 1.73000000e-01 -1.75816003e+06 
 1.74000000e-01 -1.79666114e+06 
 1.75000000e-01 -1.83601398e+06 
 1.76000000e-01 -1.87623759e+06 
 1.77000000e-01 -1.91735143e+06 
 1.78000000e-01 -1.95937539e+06 
 1.79000000e-01 -2.00232981e+06 
 1.80000000e-01 -2.04623549e+06 
 1.81000000e-01 -2.09111370e+06 
 1.82000000e-01 -2.13698619e+06 
 1.83000000e-01 -2.18387520e+06 
 1.84000000e-01 -2.23180345e+06 
 1.85000000e-01 -2.28079421e+06 
 1.86000000e-01 -2.33087124e+06 
 1.87000000e-01 -2.38205885e+06 
 1.88000000e-01 -2.43438190e+06 
 1.89000000e-01 -2.48786580e+06 
 1.90000000e-01 -2.54253653e+06 
 1.91000000e-01 -2.59842067e+06 
 1.92000000e-01 -2.65554539e+06 
 1.93000000e-01 -2.71393846e+06 
 1.94000000e-01 -2.77362830e+06 
 1.95000000e-01 -2.83464395e+06 
 1.96000000e-01 -2.89701511e+06 
 1.97000000e-01 -2.96077214e+06 
 1.98000000e-01 -3.02594609e+06 
 1.99000000e-01 -3.09256872e+06 
 2.00000000e-01 -3.16067249e+06 
 2.01000000e-01 -3.23029058e+06 
 2.02000000e-01 -3.30145695e+06 
 2.03000000e-01 -3.37420629e+06 
 2.04000000e-01 -3.44857409e+06 
 2.05000000e-01 -3.52459663e+06 
 2.06000000e-01 -3.60231100e+06 
 2.07000000e-01 -3.68175514e+06 
 2.08000000e-01 -3.76296782e+06 
 2.09000000e-01 -3.84598871e+06 
 2.10000000e-01 -3.93085835e+06 
 2.11000000e-01 -4.01761819e+06 
 2.12000000e-01 -4.10631062e+06 
 2.13000000e-01 -4.19697898e+06 
 2.14000000e-01 -4.28966758e+06 
 2.15000000e-01 -4.38442173e+06 
 2.16000000e-01 -4.48128775e+06 
 2.17000000e-01 -4.58031301e+06 
 2.18000000e-01 -4.68154591e+06 
 2.19000000e-01 -4.78503598e+06 
 2.20000000e-01 -4.89083384e+06 
 2.21000000e-01 -4.99899124e+06 
 2.22000000e-01 -5.10956109e+06 
 2.23000000e-01 -5.22259749e+06 
 2.24000000e-01 -5.33815575e+06 
 2.25000000e-01 -5.45629242e+06 
 2.26000000e-01 -5.57706531e+06 
 2.27000000e-01 -5.70053353e+06 
 2.28000000e-01 -5.82675752e+06 
 2.29000000e-01 -5.95579904e+06 
 2.30000000e-01 -6.08772125e+06 
 2.31000000e-01 -6.22258874e+06 
 2.32000000e-01 -6.36046751e+06 
 2.33000000e-01 -6.50142504e+06 
 2.34000000e-01 -6.64553034e+06 
 2.35000000e-01 -6.79285392e+06 
 2.36000000e-01 -6.94346790e+06 
 2.37000000e-01 -7.09744598e+06 
 2.38000000e-01 -7.25486352e+06 
 2.39000000e-01 -7.41579754e+06 
 2.40000000e-01 -7.58032679e+06 
 2.41000000e-01 -7.74853176e+06 
 2.42000000e-01 -7.92049474e+06 
 2.43000000e-01 -8.09629984e+06 
 2.44000000e-01 -8.27603304e+06 
 2.45000000e-01 -8.45978223e+06 
 2.46000000e-01 -8.64763724e+06 
 2.47000000e-01 -8.83968991e+06 
 2.48000000e-01 -9.03603411e+06 
 2.49000000e-01 -9.23676577e+06 
 2.50000000e-01 -9.44198297e+06 
 2.51000000e-01 -9.65178595e+06 
 2.52000000e-01 -9.86627714e+06 
 2.53000000e-01 -1.00855613e+07 
 2.54000000e-01 -1.03097454e+07 
 2.55000000e-01 -1.05389389e+07 
 2.56000000e-01 -1.07732535e+07 
 2.57000000e-01 -1.10128035e+07 
 2.58000000e-01 -1.12577058e+07 
 2.59000000e-01 -1.15080796e+07 
 2.60000000e-01 -1.17640469e+07 
 2.61000000e-01 -1.20257324e+07 
 2.62000000e-01 -1.22932634e+07 
 2.63000000e-01 -1.25667702e+07 
 2.64000000e-01 -1.28463858e+07 
 2.65000000e-01 -1.31322461e+07 
 2.66000000e-01 -1.34244900e+07 
 2.67000000e-01 -1.37232595e+07 
 2.68000000e-01 -1.40286997e+07 
 2.69000000e-01 -1.43409588e+07 
 2.70000000e-01 -1.46601882e+07 
 2.71000000e-01 -1.49865427e+07 
 2.72000000e-01 -1.53201804e+07 
 2.73000000e-01 -1.56612629e+07 
 2.74000000e-01 -1.60099553e+07 
 2.75000000e-01 -1.63664261e+07 
 2.76000000e-01 -1.67308478e+07 
 2.77000000e-01 -1.71033962e+07 
 2.78000000e-01 -1.74842514e+07 
 2.79000000e-01 -1.78735970e+07 
 2.80000000e-01 -1.82716207e+07 
 2.81000000e-01 -1.86785142e+07 
 2.82000000e-01 -1.90944735e+07 
 2.83000000e-01 -1.95196986e+07 
 2.84000000e-01 -1.99543939e+07 
 2.85000000e-01 -2.03987683e+07 
 2.86000000e-01 -2.08530348e+07 
 2.87000000e-01 -2.13174115e+07 
 2.88000000e-01 -2.17921206e+07 
 2.89000000e-01 -2.22773896e+07 
 2.90000000e-01 -2.27734504e+07 
 2.91000000e-01 -2.32805401e+07 
 2.92000000e-01 -2.37989008e+07 
 2.93000000e-01 -2.43287796e+07 
 2.94000000e-01 -2.48704290e+07 
 2.95000000e-01 -2.54241069e+07 
 2.96000000e-01 -2.59900765e+07 
 2.97000000e-01 -2.65686066e+07 
 2.98000000e-01 -2.71599718e+07 
 2.99000000e-01 -2.77644523e+07 
 3.00000000e-01 -2.83823343e+07 
 3.01000000e-01 -2.90139101e+07 
 3.02000000e-01 -2.96594780e+07 
 3.03000000e-01 -3.03193426e+07 
 3.04000000e-01 -3.09938149e+07 
 3.05000000e-01 -3.16832122e+07 
 3.06000000e-01 -3.23878588e+07 
 3.07000000e-01 -3.31080854e+07 
 3.08000000e-01 -3.38442298e+07 
 3.09000000e-01 -3.45966366e+07 
 3.10000000e-01 -3.53656578e+07 
 3.11000000e-01 -3.61516524e+07 
 3.12000000e-01 -3.69549871e+07 
 3.13000000e-01 -3.77760360e+07 
 3.14000000e-01 -3.86151809e+07 
 3.15000000e-01 -3.94728115e+07 
 3.16000000e-01 -4.03493254e+07 
 3.17000000e-01 -4.12451284e+07 
 3.18000000e-01 -4.21606348e+07 
 3.19000000e-01 -4.30962669e+07 
 3.20000000e-01 -4.40524560e+07 
 3.21000000e-01 -4.50296420e+07 
 3.22000000e-01 -4.60282737e+07 
 3.23000000e-01 -4.70488091e+07 
 3.24000000e-01 -4.80917155e+07 
 3.25000000e-01 -4.91574693e+07 
 3.26000000e-01 -5.02465569e+07 
 3.27000000e-01 -5.13594742e+07 
 3.28000000e-01 -5.24967272e+07 
 3.29000000e-01 -5.36588319e+07 
 3.30000000e-01 -5.48463148e+07 
 3.31000000e-01 -5.60597127e+07 
 3.32000000e-01 -5.72995731e+07 
 3.33000000e-01 -5.85664546e+07 
 3.34000000e-01 -5.98609266e+07 
 3.35000000e-01 -6.11835699e+07 
 3.36000000e-01 -6.25349767e+07 
 3.37000000e-01 -6.39157509e+07 
 3.38000000e-01 -6.53265082e+07 
 3.39000000e-01 -6.67678765e+07 
 3.40000000e-01 -6.82404959e+07 
 3.41000000e-01 -6.97450190e+07 
 3.42000000e-01 -7.12821112e+07 
 3.43000000e-01 -7.28524506e+07 
 3.44000000e-01 -7.44567288e+07 
 3.45000000e-01 -7.60956505e+07 
 3.46000000e-01 -7.77699342e+07 
 3.47000000e-01 -7.94803120e+07 
 3.48000000e-01 -8.12275304e+07 
 3.49000000e-01 -8.30123500e+07 
 3.50000000e-01 -8.48355460e+07 
 3.51000000e-01 -8.66979085e+07 
 3.52000000e-01 -8.86002425e+07 
 3.53000000e-01 -9.05433683e+07 
 3.54000000e-01 -9.25281221e+07 
 3.55000000e-01 -9.45553554e+07 
 3.56000000e-01 -9.66259363e+07 
 3.57000000e-01 -9.87407489e+07 
 3.58000000e-01 -1.00900694e+08 
 3.59000000e-01 -1.03106689e+08 
 3.60000000e-01 -1.05359670e+08 
 3.61000000e-01 -1.07660588e+08 
 3.62000000e-01 -1.10010413e+08 
 3.63000000e-01 -1.12410135e+08 
 3.64000000e-01 -1.14860758e+08 
 3.65000000e-01 -1.17363309e+08 
 3.66000000e-01 -1.19918831e+08 
 3.67000000e-01 -1.22528388e+08 
 3.68000000e-01 -1.25193062e+08 
 3.69000000e-01 -1.27913955e+08 
 3.70000000e-01 -1.30692192e+08 
 3.71000000e-01 -1.33528914e+08 
 3.72000000e-01 -1.36425287e+08 
 3.73000000e-01 -1.39382495e+08 
 3.74000000e-01 -1.42401745e+08 
 3.75000000e-01 -1.45484266e+08 
 3.76000000e-01 -1.48631308e+08 
 3.77000000e-01 -1.51844145e+08 
 3.78000000e-01 -1.55124074e+08 
 3.79000000e-01 -1.58472413e+08 
 3.80000000e-01 -1.61890505e+08 
 3.81000000e-01 -1.65379719e+08 
 3.82000000e-01 -1.68941445e+08 
 3.83000000e-01 -1.72577099e+08 
 3.84000000e-01 -1.76288123e+08 
 3.85000000e-01 -1.80075984e+08 
 3.86000000e-01 -1.83942174e+08 
 3.87000000e-01 -1.87888213e+08 
 3.88000000e-01 -1.91915646e+08 
 3.89000000e-01 -1.96026048e+08 
 3.90000000e-01 -2.00221017e+08 
 3.91000000e-01 -2.04502184e+08 
 3.92000000e-01 -2.08871205e+08 
 3.93000000e-01 -2.13329766e+08 
 3.94000000e-01 -2.17879583e+08 
 3.95000000e-01 -2.22522401e+08 
 3.96000000e-01 -2.27259995e+08 
 3.97000000e-01 -2.32094172e+08 
 3.98000000e-01 -2.37026768e+08 
 3.99000000e-01 -2.42059654e+08 
 4.00000000e-01 -2.47194729e+08 
 4.01000000e-01 -2.52433928e+08 
 4.02000000e-01 -2.57779219e+08 
 4.03000000e-01 -2.63232601e+08 
 4.04000000e-01 -2.68796109e+08 
 4.05000000e-01 -2.74471814e+08 
 4.06000000e-01 -2.80261819e+08 
 4.07000000e-01 -2.86168265e+08 
 4.08000000e-01 -2.92193330e+08 
 4.09000000e-01 -2.98339226e+08 
 4.10000000e-01 -3.04608204e+08 
 4.11000000e-01 -3.11002555e+08 
 4.12000000e-01 -3.17524604e+08 
 4.13000000e-01 -3.24176719e+08 
 4.14000000e-01 -3.30961306e+08 
 4.15000000e-01 -3.37880811e+08 
 4.16000000e-01 -3.44937721e+08 
 4.17000000e-01 -3.52134566e+08 
 4.18000000e-01 -3.59473916e+08 
 4.19000000e-01 -3.66958383e+08 
 4.20000000e-01 -3.74590626e+08 
 4.21000000e-01 -3.82373343e+08 
 4.22000000e-01 -3.90309281e+08 
 4.23000000e-01 -3.98401229e+08 
 4.24000000e-01 -4.06652022e+08 
 4.25000000e-01 -4.15064542e+08 
 4.26000000e-01 -4.23641719e+08 
 4.27000000e-01 -4.32386530e+08 
 4.28000000e-01 -4.41301998e+08 
 4.29000000e-01 -4.50391197e+08 
 4.30000000e-01 -4.59657251e+08 
 4.31000000e-01 -4.69103332e+08 
 4.32000000e-01 -4.78732666e+08 
 4.33000000e-01 -4.88548526e+08 
 4.34000000e-01 -4.98554241e+08 
 4.35000000e-01 -5.08753190e+08 
 4.36000000e-01 -5.19148807e+08 
 4.37000000e-01 -5.29744579e+08 
 4.38000000e-01 -5.40544047e+08 
 4.39000000e-01 -5.51550808e+08 
 4.40000000e-01 -5.62768513e+08 
 4.41000000e-01 -5.74200873e+08 
 4.42000000e-01 -5.85851651e+08 
 4.43000000e-01 -5.97724670e+08 
 4.44000000e-01 -6.09823811e+08 
 4.45000000e-01 -6.22153013e+08 
 4.46000000e-01 -6.34716273e+08 
 4.47000000e-01 -6.47517647e+08 
 4.48000000e-01 -6.60561254e+08 
 4.49000000e-01 -6.73851270e+08 
 4.50000000e-01 -6.87391933e+08 
 4.51000000e-01 -7.01187542e+08 
 4.52000000e-01 -7.15242456e+08 
 4.53000000e-01 -7.29561100e+08 
 4.54000000e-01 -7.44147955e+08 
 4.55000000e-01 -7.59007570e+08 
 4.56000000e-01 -7.74144552e+08 
 4.57000000e-01 -7.89563575e+08 
 4.58000000e-01 -8.05269371e+08 
 4.59000000e-01 -8.21266741e+08 
 4.60000000e-01 -8.37560543e+08 
 4.61000000e-01 -8.54155702e+08 
 4.62000000e-01 -8.71057205e+08 
 4.63000000e-01 -8.88270101e+08 
 4.64000000e-01 -9.05799504e+08 
 4.65000000e-01 -9.23650589e+08 
 4.66000000e-01 -9.41828593e+08 
 4.67000000e-01 -9.60338816e+08 
 4.68000000e-01 -9.79186620e+08 
 4.69000000e-01 -9.98377426e+08 
 4.70000000e-01 -1.01791672e+09 
 4.71000000e-01 -1.03781004e+09 
 4.72000000e-01 -1.05806299e+09 
 4.73000000e-01 -1.07868123e+09 
 4.74000000e-01 -1.09967049e+09 
 4.75000000e-01 -1.12103653e+09 
 4.76000000e-01 -1.14278519e+09 
 4.77000000e-01 -1.16492235e+09 
 4.78000000e-01 -1.18745395e+09 
 4.79000000e-01 -1.21038599e+09 
 4.80000000e-01 -1.23372451e+09 
 4.81000000e-01 -1.25747559e+09 
 4.82000000e-01 -1.28164538e+09 
 4.83000000e-01 -1.30624007e+09 
 4.84000000e-01 -1.33126588e+09 
 4.85000000e-01 -1.35672908e+09 
 4.86000000e-01 -1.38263599e+09 
 4.87000000e-01 -1.40899295e+09 
 4.88000000e-01 -1.43580636e+09 
 4.89000000e-01 -1.46308263e+09 
 4.90000000e-01 -1.49082821e+09 
 4.91000000e-01 -1.51904958e+09 
 4.92000000e-01 -1.54775326e+09 
 4.93000000e-01 -1.57694575e+09 
 4.94000000e-01 -1.60663362e+09 
 4.95000000e-01 -1.63682342e+09 
 4.96000000e-01 -1.66752174e+09 
 4.97000000e-01 -1.69873516e+09 
 4.98000000e-01 -1.73047028e+09 
 4.99000000e-01 -1.76273369e+09 
 5.00000000e-01 -1.79553200e+09 
 5.01000000e-01 -1.82887180e+09 
 5.02000000e-01 -1.86275968e+09 
 5.03000000e-01 -1.89720221e+09 
 5.04000000e-01 -1.93220594e+09 
 5.05000000e-01 -1.96777742e+09 
 5.06000000e-01 -2.00392315e+09 
 5.07000000e-01 -2.04064963e+09 
 5.08000000e-01 -2.07796329e+09 
 5.09000000e-01 -2.11587056e+09 
 5.10000000e-01 -2.15437779e+09 
 5.11000000e-01 -2.19349131e+09 
 5.12000000e-01 -2.23321738e+09 
 5.13000000e-01 -2.27356221e+09 
 5.14000000e-01 -2.31453195e+09 
 5.15000000e-01 -2.35613266e+09 
 5.16000000e-01 -2.39837035e+09 
 5.17000000e-01 -2.44125095e+09 
 5.18000000e-01 -2.48478028e+09 
 5.19000000e-01 -2.52896411e+09 
 5.20000000e-01 -2.57380806e+09 
 5.21000000e-01 -2.61931771e+09 
 5.22000000e-01 -2.66549848e+09 
 5.23000000e-01 -2.71235571e+09 
 5.24000000e-01 -2.75989462e+09 
 5.25000000e-01 -2.80812028e+09 
 5.26000000e-01 -2.85703766e+09 
 5.27000000e-01 -2.90665157e+09 
 5.28000000e-01 -2.95696671e+09 
 5.29000000e-01 -3.00798760e+09 
 5.30000000e-01 -3.05971863e+09 
 5.31000000e-01 -3.11216401e+09 
 5.32000000e-01 -3.16532781e+09 
 5.33000000e-01 -3.21921393e+09 
 5.34000000e-01 -3.27382607e+09 
 5.35000000e-01 -3.32916776e+09 
 5.36000000e-01 -3.38524237e+09 
 5.37000000e-01 -3.44205304e+09 
 5.38000000e-01 -3.49960275e+09 
 5.39000000e-01 -3.55789424e+09 
 5.40000000e-01 -3.61693008e+09 
 5.41000000e-01 -3.67671261e+09 
 5.42000000e-01 -3.73724395e+09 
 5.43000000e-01 -3.79852601e+09 
 5.44000000e-01 -3.86056047e+09 
 5.45000000e-01 -3.92334879e+09 
 5.46000000e-01 -3.98689218e+09 
 5.47000000e-01 -4.05119162e+09 
 5.48000000e-01 -4.11624785e+09 
 5.49000000e-01 -4.18206136e+09 
 5.50000000e-01 -4.24863240e+09 
 5.51000000e-01 -4.31596095e+09 
 5.52000000e-01 -4.38404676e+09 
 5.53000000e-01 -4.45288931e+09 
 5.54000000e-01 -4.52248780e+09 
 5.55000000e-01 -4.59284119e+09 
 5.56000000e-01 -4.66394817e+09 
 5.57000000e-01 -4.73580716e+09 
 5.58000000e-01 -4.80841631e+09 
 5.59000000e-01 -4.88177350e+09 
 5.60000000e-01 -4.95587633e+09 
 5.61000000e-01 -5.03072214e+09 
 5.62000000e-01 -5.10630798e+09 
 5.63000000e-01 -5.18263064e+09 
 5.64000000e-01 -5.25968662e+09 
 5.65000000e-01 -5.33747215e+09 
 5.66000000e-01 -5.41598319e+09 
 5.67000000e-01 -5.49521542e+09 
 5.68000000e-01 -5.57516425e+09 
 5.69000000e-01 -5.65582481e+09 
 5.70000000e-01 -5.73719195e+09 
 5.71000000e-01 -5.81926027e+09 
 5.72000000e-01 -5.90202409e+09 
 5.73000000e-01 -5.98547746e+09 
 5.74000000e-01 -6.06961417e+09 
 5.75000000e-01 -6.15442775e+09 
 5.76000000e-01 -6.23991145e+09 
 5.77000000e-01 -6.32605829e+09 
 5.78000000e-01 -6.41286102e+09 
 5.79000000e-01 -6.50031214e+09 
 5.80000000e-01 -6.58840392e+09 
 5.81000000e-01 -6.67712837e+09 
 5.82000000e-01 -6.76647726e+09 
 5.83000000e-01 -6.85644214e+09 
 5.84000000e-01 -6.94701431e+09 
 5.85000000e-01 -7.03818487e+09 
 5.86000000e-01 -7.12994467e+09 
 5.87000000e-01 -7.22228438e+09 
 5.88000000e-01 -7.31519443e+09 
 5.89000000e-01 -7.40866507e+09 
 5.90000000e-01 -7.50268632e+09 
 5.91000000e-01 -7.59724804e+09 
 5.92000000e-01 -7.69233989e+09 
 5.93000000e-01 -7.78795135e+09 
 5.94000000e-01 -7.88407171e+09 
 5.95000000e-01 -7.98069013e+09 
 5.96000000e-01 -8.07779557e+09 
 5.97000000e-01 -8.17537687e+09 
 5.98000000e-01 -8.27342268e+09 
 5.99000000e-01 -8.37192155e+09 
 6.00000000e-01 -8.47086188e+09 
 6.01000000e-01 -8.57023193e+09 
 6.02000000e-01 -8.67001986e+09 
 6.03000000e-01 -8.77021372e+09 
 6.04000000e-01 -8.87080143e+09 
 6.05000000e-01 -8.97177083e+09 
 6.06000000e-01 -9.07310967e+09 
 6.07000000e-01 -9.17480562e+09 
 6.08000000e-01 -9.27684625e+09 
 6.09000000e-01 -9.37921908e+09 
 6.10000000e-01 -9.48191157e+09 
 6.11000000e-01 -9.58491113e+09 
 6.12000000e-01 -9.68820511e+09 
 6.13000000e-01 -9.79178082e+09 
 6.14000000e-01 -9.89562555e+09 
 6.15000000e-01 -9.99972656e+09 
 6.16000000e-01 -1.01040711e+10 
 6.17000000e-01 -1.02086464e+10 
 6.18000000e-01 -1.03134396e+10 
 6.19000000e-01 -1.04184381e+10 
 6.20000000e-01 -1.05236290e+10 
 6.21000000e-01 -1.06289996e+10 
 6.22000000e-01 -1.07345372e+10 
 6.23000000e-01 -1.08402292e+10 
 6.24000000e-01 -1.09460627e+10 
 6.25000000e-01 -1.10520254e+10 
 6.26000000e-01 -1.11581045e+10 
 6.27000000e-01 -1.12642876e+10 
 6.28000000e-01 -1.13705623e+10 
 6.29000000e-01 -1.14769161e+10 
 6.30000000e-01 -1.15833368e+10 
 6.31000000e-01 -1.16898123e+10 
 6.32000000e-01 -1.17963302e+10 
 6.33000000e-01 -1.19028787e+10 
 6.34000000e-01 -1.20094457e+10 
 6.35000000e-01 -1.21160195e+10 
 6.36000000e-01 -1.22225882e+10 
 6.37000000e-01 -1.23291403e+10 
 6.38000000e-01 -1.24356642e+10 
 6.39000000e-01 -1.25421486e+10 
 6.40000000e-01 -1.26485822e+10 
 6.41000000e-01 -1.27549538e+10 
 6.42000000e-01 -1.28612524e+10 
 6.43000000e-01 -1.29674673e+10 
 6.44000000e-01 -1.30735876e+10 
 6.45000000e-01 -1.31796027e+10 
 6.46000000e-01 -1.32855023e+10 
 6.47000000e-01 -1.33912760e+10 
 6.48000000e-01 -1.34969136e+10 
 6.49000000e-01 -1.36024053e+10 
 6.50000000e-01 -1.37077412e+10 
 6.51000000e-01 -1.38129115e+10 
 6.52000000e-01 -1.39179070e+10 
 6.53000000e-01 -1.40227180e+10 
 6.54000000e-01 -1.41273356e+10 
 6.55000000e-01 -1.42317508e+10 
 6.56000000e-01 -1.43359546e+10 
 6.57000000e-01 -1.44399384e+10 
 6.58000000e-01 -1.45436939e+10 
 6.59000000e-01 -1.46472125e+10 
 6.60000000e-01 -1.47504863e+10 
 6.61000000e-01 -1.48535072e+10 
 6.62000000e-01 -1.49562676e+10 
 6.63000000e-01 -1.50587597e+10 
 6.64000000e-01 -1.51609762e+10 
 6.65000000e-01 -1.52629098e+10 
 6.66000000e-01 -1.53645535e+10 
 6.67000000e-01 -1.54659004e+10 
 6.68000000e-01 -1.55669438e+10 
 6.69000000e-01 -1.56676772e+10 
 6.70000000e-01 -1.57680942e+10 
 6.71000000e-01 -1.58681887e+10 
 6.72000000e-01 -1.59679547e+10 
 6.73000000e-01 -1.60673863e+10 
 6.74000000e-01 -1.61664780e+10 
 6.75000000e-01 -1.62652243e+10 
 6.76000000e-01 -1.63636200e+10 
 6.77000000e-01 -1.64616599e+10 
 6.78000000e-01 -1.65593390e+10 
 6.79000000e-01 -1.66566527e+10 
 6.80000000e-01 -1.67535964e+10 
 6.81000000e-01 -1.68501656e+10 
 6.82000000e-01 -1.69463561e+10 
 6.83000000e-01 -1.70421638e+10 
 6.84000000e-01 -1.71375848e+10 
 6.85000000e-01 -1.72326153e+10 
 6.86000000e-01 -1.73272518e+10 
 6.87000000e-01 -1.74214908e+10 
 6.88000000e-01 -1.75153290e+10 
 6.89000000e-01 -1.76087634e+10 
 6.90000000e-01 -1.77017910e+10 
 6.91000000e-01 -1.77944089e+10 
 6.92000000e-01 -1.78866145e+10 
 6.93000000e-01 -1.79784053e+10 
 6.94000000e-01 -1.80697790e+10 
 6.95000000e-01 -1.81607332e+10 
 6.96000000e-01 -1.82512660e+10 
 6.97000000e-01 -1.83413753e+10 
 6.98000000e-01 -1.84310595e+10 
 6.99000000e-01 -1.85203167e+10 
 7.00000000e-01 -1.86091455e+10 
 7.01000000e-01 -1.86975445e+10 
 7.02000000e-01 -1.87855124e+10 
 7.03000000e-01 -1.88730480e+10 
 7.04000000e-01 -1.89601503e+10 
 7.05000000e-01 -1.90468185e+10 
 7.06000000e-01 -1.91330516e+10 
 7.07000000e-01 -1.92188491e+10 
 7.08000000e-01 -1.93042104e+10 
 7.09000000e-01 -1.93891351e+10 
 7.10000000e-01 -1.94736227e+10 
 7.11000000e-01 -1.95576731e+10 
 7.12000000e-01 -1.96412861e+10 
 7.13000000e-01 -1.97244617e+10 
 7.14000000e-01 -1.98072000e+10 
 7.15000000e-01 -1.98895011e+10 
 7.16000000e-01 -1.99713653e+10 
 7.17000000e-01 -2.00527930e+10 
 7.18000000e-01 -2.01337846e+10 
 7.19000000e-01 -2.02143406e+10 
 7.20000000e-01 -2.02944617e+10 
 7.21000000e-01 -2.03741485e+10 
 7.22000000e-01 -2.04534019e+10 
 7.23000000e-01 -2.05322226e+10 
 7.24000000e-01 -2.06106116e+10 
 7.25000000e-01 -2.06885699e+10 
 7.26000000e-01 -2.07660987e+10 
 7.27000000e-01 -2.08431990e+10 
 7.28000000e-01 -2.09198720e+10 
 7.29000000e-01 -2.09961191e+10 
 7.30000000e-01 -2.10719415e+10 
 7.31000000e-01 -2.11473407e+10 
 7.32000000e-01 -2.12223182e+10 
 7.33000000e-01 -2.12968754e+10 
 7.34000000e-01 -2.13710139e+10 
 7.35000000e-01 -2.14447354e+10 
 7.36000000e-01 -2.15180414e+10 
 7.37000000e-01 -2.15909338e+10 
 7.38000000e-01 -2.16634144e+10 
 7.39000000e-01 -2.17354848e+10 
 7.40000000e-01 -2.18071470e+10 
 7.41000000e-01 -2.18784029e+10 
 7.42000000e-01 -2.19492544e+10 
 7.43000000e-01 -2.20197035e+10 
 7.44000000e-01 -2.20897522e+10 
 7.45000000e-01 -2.21594025e+10 
 7.46000000e-01 -2.22286566e+10 
 7.47000000e-01 -2.22975164e+10 
 7.48000000e-01 -2.23659843e+10 
 7.49000000e-01 -2.24340623e+10 
 7.50000000e-01 -2.25017526e+10 
 7.51000000e-01 -2.25690575e+10 
 7.52000000e-01 -2.26359791e+10 
 7.53000000e-01 -2.27025198e+10 
 7.54000000e-01 -2.27686818e+10 
 7.55000000e-01 -2.28344675e+10 
 7.56000000e-01 -2.28998791e+10 
 7.57000000e-01 -2.29649190e+10 
 7.58000000e-01 -2.30295896e+10 
 7.59000000e-01 -2.30938931e+10 
 7.60000000e-01 -2.31578321e+10 
 7.61000000e-01 -2.32214089e+10 
 7.62000000e-01 -2.32846258e+10 
 7.63000000e-01 -2.33474853e+10 
 7.64000000e-01 -2.34099899e+10 
 7.65000000e-01 -2.34721419e+10 
 7.66000000e-01 -2.35339437e+10 
 7.67000000e-01 -2.35953979e+10 
 7.68000000e-01 -2.36565068e+10 
 7.69000000e-01 -2.37172730e+10 
 7.70000000e-01 -2.37776988e+10 
 7.71000000e-01 -2.38377867e+10 
 7.72000000e-01 -2.38975391e+10 
 7.73000000e-01 -2.39569586e+10 
 7.74000000e-01 -2.40160475e+10 
 7.75000000e-01 -2.40748083e+10 
 7.76000000e-01 -2.41332434e+10 
 7.77000000e-01 -2.41913553e+10 
 7.78000000e-01 -2.42491465e+10 
 7.79000000e-01 -2.43066193e+10 
 7.80000000e-01 -2.43637761e+10 
 7.81000000e-01 -2.44206195e+10 
 7.82000000e-01 -2.44771518e+10 
 7.83000000e-01 -2.45333754e+10 
 7.84000000e-01 -2.45892927e+10 
 7.85000000e-01 -2.46449061e+10 
 7.86000000e-01 -2.47002180e+10 
 7.87000000e-01 -2.47552308e+10 
 7.88000000e-01 -2.48099468e+10 
 7.89000000e-01 -2.48643684e+10 
 7.90000000e-01 -2.49184978e+10 
 7.91000000e-01 -2.49723376e+10 
 7.92000000e-01 -2.50258898e+10 
 7.93000000e-01 -2.50791570e+10 
 7.94000000e-01 -2.51321412e+10 
 7.95000000e-01 -2.51848450e+10 
 7.96000000e-01 -2.52372704e+10 
 7.97000000e-01 -2.52894197e+10 
 7.98000000e-01 -2.53412953e+10 
 7.99000000e-01 -2.53928992e+10 
 8.00000000e-01 -2.54442338e+10 
 8.01000000e-01 -2.54953011e+10 
 8.02000000e-01 -2.55461035e+10 
 8.03000000e-01 -2.55966430e+10 
 8.04000000e-01 -2.56469218e+10 
 8.05000000e-01 -2.56969420e+10 
 8.06000000e-01 -2.57467058e+10 
 8.07000000e-01 -2.57962152e+10 
 8.08000000e-01 -2.58454723e+10 
 8.09000000e-01 -2.58944792e+10 
 8.10000000e-01 -2.59432379e+10 
 8.11000000e-01 -2.59917506e+10 
 8.12000000e-01 -2.60400191e+10 
 8.13000000e-01 -2.60880454e+10 
 8.14000000e-01 -2.61358317e+10 
 8.15000000e-01 -2.61833797e+10 
 8.16000000e-01 -2.62306916e+10 
 8.17000000e-01 -2.62777691e+10 
 8.18000000e-01 -2.63246143e+10 
 8.19000000e-01 -2.63712289e+10 
 8.20000000e-01 -2.64176151e+10 
 8.21000000e-01 -2.64637745e+10 
 8.22000000e-01 -2.65097089e+10 
 8.23000000e-01 -2.65554203e+10 
 8.24000000e-01 -2.66009104e+10 
 8.25000000e-01 -2.66461809e+10 
 8.26000000e-01 -2.66912337e+10 
 8.27000000e-01 -2.67360705e+10 
 8.28000000e-01 -2.67806930e+10 
 8.29000000e-01 -2.68251030e+10 
 8.30000000e-01 -2.68693021e+10 
 8.31000000e-01 -2.69132921e+10 
 8.32000000e-01 -2.69570745e+10 
 8.33000000e-01 -2.70006510e+10 
 8.34000000e-01 -2.70440234e+10 
 8.35000000e-01 -2.70871930e+10 
 8.36000000e-01 -2.71301617e+10 
 8.37000000e-01 -2.71729308e+10 
 8.38000000e-01 -2.72155021e+10 
 8.39000000e-01 -2.72578769e+10 
 8.40000000e-01 -2.73000569e+10 
 8.41000000e-01 -2.73420436e+10 
 8.42000000e-01 -2.73838384e+10 
 8.43000000e-01 -2.74254428e+10 
 8.44000000e-01 -2.74668582e+10 
 8.45000000e-01 -2.75080861e+10 
 8.46000000e-01 -2.75491280e+10 
 8.47000000e-01 -2.75899851e+10 
 8.48000000e-01 -2.76306590e+10 
 8.49000000e-01 -2.76711509e+10 
 8.50000000e-01 -2.77114623e+10 
 8.51000000e-01 -2.77515944e+10 
 8.52000000e-01 -2.77915486e+10 
 8.53000000e-01 -2.78313262e+10 
 8.54000000e-01 -2.78709284e+10 
 8.55000000e-01 -2.79103567e+10 
 8.56000000e-01 -2.79496121e+10 
 8.57000000e-01 -2.79886959e+10 
 8.58000000e-01 -2.80276095e+10 
 8.59000000e-01 -2.80663539e+10 
 8.60000000e-01 -2.81049304e+10 
 8.61000000e-01 -2.81433402e+10 
 8.62000000e-01 -2.81815844e+10 
 8.63000000e-01 -2.82196642e+10 
 8.64000000e-01 -2.82575808e+10 
 8.65000000e-01 -2.82953351e+10 
 8.66000000e-01 -2.83329285e+10 
 8.67000000e-01 -2.83703618e+10 
 8.68000000e-01 -2.84076364e+10 
 8.69000000e-01 -2.84447531e+10 
 8.70000000e-01 -2.84817130e+10 
 8.71000000e-01 -2.85185173e+10 
 8.72000000e-01 -2.85551668e+10 
 8.73000000e-01 -2.85916627e+10 
 8.74000000e-01 -2.86280060e+10 
 8.75000000e-01 -2.86641975e+10 
 8.76000000e-01 -2.87002383e+10 
 8.77000000e-01 -2.87361294e+10 
 8.78000000e-01 -2.87718717e+10 
 8.79000000e-01 -2.88074661e+10 
 8.80000000e-01 -2.88429136e+10 
 8.81000000e-01 -2.88782150e+10 
 8.82000000e-01 -2.89133713e+10 
 8.83000000e-01 -2.89483833e+10 
 8.84000000e-01 -2.89832520e+10 
 8.85000000e-01 -2.90179782e+10 
 8.86000000e-01 -2.90525627e+10 
 8.87000000e-01 -2.90870064e+10 
 8.88000000e-01 -2.91213101e+10 
 8.89000000e-01 -2.91554747e+10 
 8.90000000e-01 -2.91895009e+10 
 8.91000000e-01 -2.92233895e+10 
 8.92000000e-01 -2.92571414e+10 
 8.93000000e-01 -2.92907572e+10 
 8.94000000e-01 -2.93242378e+10 
 8.95000000e-01 -2.93575840e+10 
 8.96000000e-01 -2.93907964e+10 
 8.97000000e-01 -2.94238758e+10 
 8.98000000e-01 -2.94568229e+10 
 8.99000000e-01 -2.94896384e+10 
 9.00000000e-01 -2.95223231e+10 
 9.01000000e-01 -2.95548777e+10 
 9.02000000e-01 -2.95873028e+10 
 9.03000000e-01 -2.96195990e+10 
 9.04000000e-01 -2.96517672e+10 
 9.05000000e-01 -2.96838079e+10 
 9.06000000e-01 -2.97157217e+10 
 9.07000000e-01 -2.97475094e+10 
 9.08000000e-01 -2.97791716e+10 
 9.09000000e-01 -2.98107088e+10 
 9.10000000e-01 -2.98421217e+10 
 9.11000000e-01 -2.98734109e+10 
 9.12000000e-01 -2.99045771e+10 
 9.13000000e-01 -2.99356207e+10 
 9.14000000e-01 -2.99665424e+10 
 9.15000000e-01 -2.99973428e+10 
 9.16000000e-01 -3.00280224e+10 
 9.17000000e-01 -3.00585818e+10 
 9.18000000e-01 -3.00890215e+10 
 9.19000000e-01 -3.01193421e+10 
 9.20000000e-01 -3.01495442e+10 
 9.21000000e-01 -3.01796282e+10 
 9.22000000e-01 -3.02095947e+10 
 9.23000000e-01 -3.02394442e+10 
 9.24000000e-01 -3.02691772e+10 
 9.25000000e-01 -3.02987942e+10 
 9.26000000e-01 -3.03282957e+10 
 9.27000000e-01 -3.03576823e+10 
 9.28000000e-01 -3.03869543e+10 
 9.29000000e-01 -3.04161123e+10 
 9.30000000e-01 -3.04451567e+10 
 9.31000000e-01 -3.04740881e+10 
 9.32000000e-01 -3.05029068e+10 
 9.33000000e-01 -3.05316134e+10 
 9.34000000e-01 -3.05602082e+10 
 9.35000000e-01 -3.05886918e+10 
 9.36000000e-01 -3.06170645e+10 
 9.37000000e-01 -3.06453268e+10 
 9.38000000e-01 -3.06734791e+10 
 9.39000000e-01 -3.07015219e+10 
 9.40000000e-01 -3.07294555e+10 
 9.41000000e-01 -3.07572804e+10 
 9.42000000e-01 -3.07849969e+10 
 9.43000000e-01 -3.08126055e+10 
 9.44000000e-01 -3.08401066e+10 
 9.45000000e-01 -3.08675005e+10 
 9.46000000e-01 -3.08947877e+10 
 9.47000000e-01 -3.09219685e+10 
 9.48000000e-01 -3.09490433e+10 
 9.49000000e-01 -3.09760125e+10 
 9.50000000e-01 -3.10028764e+10 
 9.51000000e-01 -3.10296355e+10 
 9.52000000e-01 -3.10562900e+10 
 9.53000000e-01 -3.10828403e+10 
 9.54000000e-01 -3.11092868e+10 
 9.55000000e-01 -3.11356299e+10 
 9.56000000e-01 -3.11618698e+10 
 9.57000000e-01 -3.11880069e+10 
 9.58000000e-01 -3.12140415e+10 
 9.59000000e-01 -3.12399740e+10 
 9.60000000e-01 -3.12658047e+10 
 9.61000000e-01 -3.12915340e+10 
 9.62000000e-01 -3.13171621e+10 
 9.63000000e-01 -3.13426893e+10 
 9.64000000e-01 -3.13681161e+10 
 9.65000000e-01 -3.13934426e+10 
 9.66000000e-01 -3.14186692e+10 
 9.67000000e-01 -3.14437962e+10 
 9.68000000e-01 -3.14688239e+10 
 9.69000000e-01 -3.14937526e+10 
 9.70000000e-01 -3.15185826e+10 
 9.71000000e-01 -3.15433142e+10 
 9.72000000e-01 -3.15679476e+10 
 9.73000000e-01 -3.15924832e+10 
 9.74000000e-01 -3.16169213e+10 
 9.75000000e-01 -3.16412621e+10 
 9.76000000e-01 -3.16655058e+10 
 9.77000000e-01 -3.16896528e+10 
 9.78000000e-01 -3.17137034e+10 
 9.79000000e-01 -3.17376578e+10 
 9.80000000e-01 -3.17615162e+10 
 9.81000000e-01 -3.17852790e+10 
 9.82000000e-01 -3.18089464e+10 
 9.83000000e-01 -3.18325187e+10 
 9.84000000e-01 -3.18559961e+10 
 9.85000000e-01 -3.18793788e+10 
 9.86000000e-01 -3.19026672e+10 
 9.87000000e-01 -3.19258615e+10 
 9.88000000e-01 -3.19489619e+10 
 9.89000000e-01 -3.19719686e+10 
 9.90000000e-01 -3.19948820e+10 
 9.91000000e-01 -3.20177022e+10 
 9.92000000e-01 -3.20404295e+10 
 9.93000000e-01 -3.20630641e+10 
 9.94000000e-01 -3.20856063e+10 
 9.95000000e-01 -3.21080563e+10 
 9.96000000e-01 -3.21304143e+10 
 9.97000000e-01 -3.21526806e+10 
 9.98000000e-01 -3.21748553e+10 
 9.99000000e-01 -3.21969388e+10 
 1.00000000e+00 -3.22189312e+10 
 1.00100000e+00 -3.22408328e+10 
 1.00200000e+00 -3.22626438e+10 
 1.00300000e+00 -3.22843644e+10 
 1.00400000e+00 -3.23059948e+10 
 1.00500000e+00 -3.23275352e+10 
 1.00600000e+00 -3.23489858e+10 
 1.00700000e+00 -3.23703470e+10 
 1.00800000e+00 -3.23916188e+10 
 1.00900000e+00 -3.24128015e+10 
 1.01000000e+00 -3.24338953e+10 
 1.01100000e+00 -3.24549004e+10 
 1.01200000e+00 -3.24758170e+10 
 1.01300000e+00 -3.24966454e+10 
 1.01400000e+00 -3.25173856e+10 
 1.01500000e+00 -3.25380380e+10 
 1.01600000e+00 -3.25586027e+10 
 1.01700000e+00 -3.25790799e+10 
 1.01800000e+00 -3.25994698e+10 
 1.01900000e+00 -3.26197727e+10 
 1.02000000e+00 -3.26399887e+10 
 1.02100000e+00 -3.26601180e+10 
 1.02200000e+00 -3.26801607e+10 
 1.02300000e+00 -3.27001172e+10 
 1.02400000e+00 -3.27199876e+10 
 1.02500000e+00 -3.27397721e+10 
 1.02600000e+00 -3.27594708e+10 
 1.02700000e+00 -3.27790840e+10 
 1.02800000e+00 -3.27986119e+10 
 1.02900000e+00 -3.28180546e+10 
 1.03000000e+00 -3.28374123e+10 
 1.03100000e+00 -3.28566853e+10 
 1.03200000e+00 -3.28758736e+10 
 1.03300000e+00 -3.28949775e+10 
 1.03400000e+00 -3.29139972e+10 
 1.03500000e+00 -3.29329328e+10 
 1.03600000e+00 -3.29517845e+10 
 1.03700000e+00 -3.29705526e+10 
 1.03800000e+00 -3.29892371e+10 
 1.03900000e+00 -3.30078383e+10 
 1.04000000e+00 -3.30263563e+10 
 1.04100000e+00 -3.30447914e+10 
 1.04200000e+00 -3.30631437e+10 
 1.04300000e+00 -3.30814133e+10 
 1.04400000e+00 -3.30996005e+10 
 1.04500000e+00 -3.31177054e+10 
 1.04600000e+00 -3.31357282e+10 
 1.04700000e+00 -3.31536691e+10 
 1.04800000e+00 -3.31715283e+10 
 1.04900000e+00 -3.31893058e+10 
 1.05000000e+00 -3.32070020e+10 
 1.05100000e+00 -3.32246169e+10 
 1.05200000e+00 -3.32421507e+10 
 1.05300000e+00 -3.32596037e+10 
 1.05400000e+00 -3.32769759e+10 
 1.05500000e+00 -3.32942676e+10 
 1.05600000e+00 -3.33114789e+10 
 1.05700000e+00 -3.33286099e+10 
 1.05800000e+00 -3.33456609e+10 
 1.05900000e+00 -3.33626320e+10 
 1.06000000e+00 -3.33795234e+10 
 1.06100000e+00 -3.33963353e+10 
 1.06200000e+00 -3.34130677e+10 
 1.06300000e+00 -3.34297210e+10 
 1.06400000e+00 -3.34462951e+10 
 1.06500000e+00 -3.34627904e+10 
 1.06600000e+00 -3.34792070e+10 
 1.06700000e+00 -3.34955450e+10 
 1.06800000e+00 -3.35118045e+10 
 1.06900000e+00 -3.35279859e+10 
 1.07000000e+00 -3.35440892e+10 
 1.07100000e+00 -3.35601145e+10 
 1.07200000e+00 -3.35760621e+10 
 1.07300000e+00 -3.35919321e+10 
 1.07400000e+00 -3.36077247e+10 
 1.07500000e+00 -3.36234400e+10 
 1.07600000e+00 -3.36390782e+10 
 1.07700000e+00 -3.36546395e+10 
 1.07800000e+00 -3.36701239e+10 
 1.07900000e+00 -3.36855318e+10 
 1.08000000e+00 -3.37008631e+10 
 1.08100000e+00 -3.37161182e+10 
 1.08200000e+00 -3.37312971e+10 
 1.08300000e+00 -3.37464000e+10 
 1.08400000e+00 -3.37614270e+10 
 1.08500000e+00 -3.37763784e+10 
 1.08600000e+00 -3.37912543e+10 
 1.08700000e+00 -3.38060548e+10 
 1.08800000e+00 -3.38207800e+10 
 1.08900000e+00 -3.38354303e+10 
 1.09000000e+00 -3.38500056e+10 
 1.09100000e+00 -3.38645062e+10 
 1.09200000e+00 -3.38789322e+10 
 1.09300000e+00 -3.38932838e+10 
 1.09400000e+00 -3.39075611e+10 
 1.09500000e+00 -3.39217643e+10 
 1.09600000e+00 -3.39358935e+10 
 1.09700000e+00 -3.39499489e+10 
 1.09800000e+00 -3.39639306e+10 
 1.09900000e+00 -3.39778389e+10 
 1.10000000e+00 -3.39916738e+10 
 1.10100000e+00 -3.40054355e+10 
 1.10200000e+00 -3.40191242e+10 
 1.10300000e+00 -3.40327400e+10 
 1.10400000e+00 -3.40462830e+10 
 1.10500000e+00 -3.40597535e+10 
 1.10600000e+00 -3.40731515e+10 
 1.10700000e+00 -3.40864773e+10 
 1.10800000e+00 -3.40997309e+10 
 1.10900000e+00 -3.41129126e+10 
 1.11000000e+00 -3.41260225e+10 
 1.11100000e+00 -3.41390606e+10 
 1.11200000e+00 -3.41520273e+10 
 1.11300000e+00 -3.41649226e+10 
 1.11400000e+00 -3.41777467e+10 
 1.11500000e+00 -3.41904997e+10 
 1.11600000e+00 -3.42031818e+10 
 1.11700000e+00 -3.42157932e+10 
 1.11800000e+00 -3.42283339e+10 
 1.11900000e+00 -3.42408042e+10 
 1.12000000e+00 -3.42532042e+10 
 1.12100000e+00 -3.42655340e+10 
 1.12200000e+00 -3.42777938e+10 
 1.12300000e+00 -3.42899837e+10 
 1.12400000e+00 -3.43021039e+10 
 1.12500000e+00 -3.43141546e+10 
 1.12600000e+00 -3.43261358e+10 
 1.12700000e+00 -3.43380478e+10 
 1.12800000e+00 -3.43498907e+10 
 1.12900000e+00 -3.43616646e+10 
 1.13000000e+00 -3.43733697e+10 
 1.13100000e+00 -3.43850061e+10 
 1.13200000e+00 -3.43965740e+10 
 1.13300000e+00 -3.44080735e+10 
 1.13400000e+00 -3.44195048e+10 
 1.13500000e+00 -3.44308680e+10 
 1.13600000e+00 -3.44421632e+10 
 1.13700000e+00 -3.44533907e+10 
 1.13800000e+00 -3.44645506e+10 
 1.13900000e+00 -3.44756429e+10 
 1.14000000e+00 -3.44866680e+10 
 1.14100000e+00 -3.44976258e+10 
 1.14200000e+00 -3.45085166e+10 
 1.14300000e+00 -3.45193404e+10 
 1.14400000e+00 -3.45300975e+10 
 1.14500000e+00 -3.45407880e+10 
 1.14600000e+00 -3.45514121e+10 
 1.14700000e+00 -3.45619698e+10 
 1.14800000e+00 -3.45724613e+10 
 1.14900000e+00 -3.45828868e+10 
 1.15000000e+00 -3.45932465e+10 
 1.15100000e+00 -3.46035404e+10 
 1.15200000e+00 -3.46137687e+10 
 1.15300000e+00 -3.46239315e+10 
 1.15400000e+00 -3.46340291e+10 
 1.15500000e+00 -3.46440615e+10 
 1.15600000e+00 -3.46540288e+10 
 1.15700000e+00 -3.46639313e+10 
 1.15800000e+00 -3.46737691e+10 
 1.15900000e+00 -3.46835423e+10 
 1.16000000e+00 -3.46932511e+10 
 1.16100000e+00 -3.47028955e+10 
 1.16200000e+00 -3.47124758e+10 
 1.16300000e+00 -3.47219921e+10 
 1.16400000e+00 -3.47314446e+10 
 1.16500000e+00 -3.47408333e+10 
 1.16600000e+00 -3.47501584e+10 
 1.16700000e+00 -3.47594201e+10 
 1.16800000e+00 -3.47686185e+10 
 1.16900000e+00 -3.47777537e+10 
 1.17000000e+00 -3.47868260e+10 
 1.17100000e+00 -3.47958353e+10 
 1.17200000e+00 -3.48047820e+10 
 1.17300000e+00 -3.48136660e+10 
 1.17400000e+00 -3.48224876e+10 
 1.17500000e+00 -3.48312470e+10 
 1.17600000e+00 -3.48399441e+10 
 1.17700000e+00 -3.48485792e+10 
 1.17800000e+00 -3.48571525e+10 
 1.17900000e+00 -3.48656640e+10 
 1.18000000e+00 -3.48741139e+10 
 1.18100000e+00 -3.48825024e+10 
 1.18200000e+00 -3.48908295e+10 
 1.18300000e+00 -3.48990954e+10 
 1.18400000e+00 -3.49073004e+10 
 1.18500000e+00 -3.49154444e+10 
 1.18600000e+00 -3.49235276e+10 
 1.18700000e+00 -3.49315503e+10 
 1.18800000e+00 -3.49395124e+10 
 1.18900000e+00 -3.49474143e+10 
 1.19000000e+00 -3.49552559e+10 
 1.19100000e+00 -3.49630374e+10 
 1.19200000e+00 -3.49707590e+10 
 1.19300000e+00 -3.49784209e+10 
 1.19400000e+00 -3.49860231e+10 
 1.19500000e+00 -3.49935657e+10 
 1.19600000e+00 -3.50010490e+10 
 1.19700000e+00 -3.50084731e+10 
 1.19800000e+00 -3.50158380e+10 
 1.19900000e+00 -3.50231440e+10 
 1.20000000e+00 -3.50303912e+10 
 1.20100000e+00 -3.50375796e+10 
 1.20200000e+00 -3.50447096e+10 
 1.20300000e+00 -3.50517811e+10 
 1.20400000e+00 -3.50587943e+10 
 1.20500000e+00 -3.50657493e+10 
 1.20600000e+00 -3.50726464e+10 
 1.20700000e+00 -3.50794856e+10 
 1.20800000e+00 -3.50862670e+10 
 1.20900000e+00 -3.50929909e+10 
 1.21000000e+00 -3.50996573e+10 
 1.21100000e+00 -3.51062663e+10 
 1.21200000e+00 -3.51128181e+10 
 1.21300000e+00 -3.51193129e+10 
 1.21400000e+00 -3.51257507e+10 
 1.21500000e+00 -3.51321318e+10 
 1.21600000e+00 -3.51384562e+10 
 1.21700000e+00 -3.51447240e+10 
 1.21800000e+00 -3.51509355e+10 
 1.21900000e+00 -3.51570906e+10 
 1.22000000e+00 -3.51631897e+10 
 1.22100000e+00 -3.51692327e+10 
 1.22200000e+00 -3.51752199e+10 
 1.22300000e+00 -3.51811514e+10 
 1.22400000e+00 -3.51870272e+10 
 1.22500000e+00 -3.51928476e+10 
 1.22600000e+00 -3.51986126e+10 
 1.22700000e+00 -3.52043225e+10 
 1.22800000e+00 -3.52099772e+10 
 1.22900000e+00 -3.52155770e+10 
 1.23000000e+00 -3.52211220e+10 
 1.23100000e+00 -3.52266123e+10 
 1.23200000e+00 -3.52320481e+10 
 1.23300000e+00 -3.52374294e+10 
 1.23400000e+00 -3.52427565e+10 
 1.23500000e+00 -3.52480293e+10 
 1.23600000e+00 -3.52532482e+10 
 1.23700000e+00 -3.52584131e+10 
 1.23800000e+00 -3.52635242e+10 
 1.23900000e+00 -3.52685817e+10 
 1.24000000e+00 -3.52735857e+10 
 1.24100000e+00 -3.52785363e+10 
 1.24200000e+00 -3.52834336e+10 
 1.24300000e+00 -3.52882778e+10 
 1.24400000e+00 -3.52930690e+10 
 1.24500000e+00 -3.52978073e+10 
 1.24600000e+00 -3.53024929e+10 
 1.24700000e+00 -3.53071258e+10 
 1.24800000e+00 -3.53117062e+10 
 1.24900000e+00 -3.53162343e+10 
 1.25000000e+00 -3.53207101e+10 
 1.25100000e+00 -3.53251337e+10 
 1.25200000e+00 -3.53295054e+10 
 1.25300000e+00 -3.53338252e+10 
 1.25400000e+00 -3.53380933e+10 
 1.25500000e+00 -3.53423097e+10 
 1.25600000e+00 -3.53464747e+10 
 1.25700000e+00 -3.53505883e+10 
 1.25800000e+00 -3.53546506e+10 
 1.25900000e+00 -3.53586618e+10 
 1.26000000e+00 -3.53626220e+10 
 1.26100000e+00 -3.53665314e+10 
 1.26200000e+00 -3.53703900e+10 
 1.26300000e+00 -3.53741979e+10 
 1.26400000e+00 -3.53779554e+10 
 1.26500000e+00 -3.53816624e+10 
 1.26600000e+00 -3.53853192e+10 
 1.26700000e+00 -3.53889259e+10 
 1.26800000e+00 -3.53924826e+10 
 1.26900000e+00 -3.53959893e+10 
 1.27000000e+00 -3.53994463e+10 
 1.27100000e+00 -3.54028536e+10 
 1.27200000e+00 -3.54062114e+10 
 1.27300000e+00 -3.54095198e+10 
 1.27400000e+00 -3.54127789e+10 
 1.27500000e+00 -3.54159888e+10 
 1.27600000e+00 -3.54191497e+10 
 1.27700000e+00 -3.54222617e+10 
 1.27800000e+00 -3.54253248e+10 
 1.27900000e+00 -3.54283392e+10 
 1.28000000e+00 -3.54313051e+10 
 1.28100000e+00 -3.54342225e+10 
 1.28200000e+00 -3.54370916e+10 
 1.28300000e+00 -3.54399124e+10 
 1.28400000e+00 -3.54426852e+10 
 1.28500000e+00 -3.54454100e+10 
 1.28600000e+00 -3.54480869e+10 
 1.28700000e+00 -3.54507160e+10 
 1.28800000e+00 -3.54532975e+10 
 1.28900000e+00 -3.54558316e+10 
 1.29000000e+00 -3.54583182e+10 
 1.29100000e+00 -3.54607575e+10 
 1.29200000e+00 -3.54631497e+10 
 1.29300000e+00 -3.54654948e+10 
 1.29400000e+00 -3.54677929e+10 
 1.29500000e+00 -3.54700443e+10 
 1.29600000e+00 -3.54722489e+10 
 1.29700000e+00 -3.54744070e+10 
 1.29800000e+00 -3.54765186e+10 
 1.29900000e+00 -3.54785838e+10 
 1.30000000e+00 -3.54806027e+10 
 1.30100000e+00 -3.54825755e+10 
 1.30200000e+00 -3.54845023e+10 
 1.30300000e+00 -3.54863832e+10 
 1.30400000e+00 -3.54882183e+10 
 1.30500000e+00 -3.54900077e+10 
 1.30600000e+00 -3.54917516e+10 
 1.30700000e+00 -3.54934499e+10 
 1.30800000e+00 -3.54951029e+10 
 1.30900000e+00 -3.54967107e+10 
 1.31000000e+00 -3.54982734e+10 
 1.31100000e+00 -3.54997910e+10 
 1.31200000e+00 -3.55012637e+10 
 1.31300000e+00 -3.55026917e+10 
 1.31400000e+00 -3.55040749e+10 
 1.31500000e+00 -3.55054136e+10 
 1.31600000e+00 -3.55067078e+10 
 1.31700000e+00 -3.55079576e+10 
 1.31800000e+00 -3.55091632e+10 
 1.31900000e+00 -3.55103247e+10 
 1.32000000e+00 -3.55114421e+10 
 1.32100000e+00 -3.55125156e+10 
 1.32200000e+00 -3.55135453e+10 
 1.32300000e+00 -3.55145312e+10 
 1.32400000e+00 -3.55154736e+10 
 1.32500000e+00 -3.55163725e+10 
 1.32600000e+00 -3.55172280e+10 
 1.32700000e+00 -3.55180402e+10 
 1.32800000e+00 -3.55188092e+10 
 1.32900000e+00 -3.55195352e+10 
 1.33000000e+00 -3.55202182e+10 
 1.33100000e+00 -3.55208583e+10 
 1.33200000e+00 -3.55214557e+10 
 1.33300000e+00 -3.55220104e+10 
 1.33400000e+00 -3.55225226e+10 
 1.33500000e+00 -3.55229924e+10 
 1.33600000e+00 -3.55234198e+10 
 1.33700000e+00 -3.55238050e+10 
 1.33800000e+00 -3.55241481e+10 
 1.33900000e+00 -3.55244491e+10 
 1.34000000e+00 -3.55247082e+10 
 1.34100000e+00 -3.55249255e+10 
 1.34200000e+00 -3.55251011e+10 
 1.34300000e+00 -3.55252351e+10 
 1.34400000e+00 -3.55253275e+10 
 1.34500000e+00 -3.55253786e+10 
 1.34600000e+00 -3.55253883e+10 
 1.34700000e+00 -3.55253568e+10 
 1.34800000e+00 -3.55252842e+10 
 1.34900000e+00 -3.55251706e+10 
 1.35000000e+00 -3.55250161e+10 
 1.35100000e+00 -3.55248208e+10 
 1.35200000e+00 -3.55245848e+10 
 1.35300000e+00 -3.55243082e+10 
 1.35400000e+00 -3.55239910e+10 
 1.35500000e+00 -3.55236335e+10 
 1.35600000e+00 -3.55232356e+10 
 1.35700000e+00 -3.55227976e+10 
 1.35800000e+00 -3.55223194e+10 
 1.35900000e+00 -3.55218012e+10 
 1.36000000e+00 -3.55212430e+10 
 1.36100000e+00 -3.55206451e+10 
 1.36200000e+00 -3.55200074e+10 
 1.36300000e+00 -3.55193301e+10 
 1.36400000e+00 -3.55186132e+10 
 1.36500000e+00 -3.55178570e+10 
 1.36600000e+00 -3.55170613e+10 
 1.36700000e+00 -3.55162264e+10 
 1.36800000e+00 -3.55153524e+10 
 1.36900000e+00 -3.55144393e+10 
 1.37000000e+00 -3.55134873e+10 
 1.37100000e+00 -3.55124964e+10 
 1.37200000e+00 -3.55114667e+10 
 1.37300000e+00 -3.55103983e+10 
 1.37400000e+00 -3.55092914e+10 
 1.37500000e+00 -3.55081459e+10 
 1.37600000e+00 -3.55069621e+10 
 1.37700000e+00 -3.55057399e+10 
 1.37800000e+00 -3.55044796e+10 
 1.37900000e+00 -3.55031811e+10 
 1.38000000e+00 -3.55018446e+10 
 1.38100000e+00 -3.55004701e+10 
 1.38200000e+00 -3.54990578e+10 
 1.38300000e+00 -3.54976077e+10 
 1.38400000e+00 -3.54961200e+10 
 1.38500000e+00 -3.54945947e+10 
 1.38600000e+00 -3.54930319e+10 
 1.38700000e+00 -3.54914317e+10 
 1.38800000e+00 -3.54897942e+10 
 1.38900000e+00 -3.54881195e+10 
 1.39000000e+00 -3.54864077e+10 
 1.39100000e+00 -3.54846588e+10 
 1.39200000e+00 -3.54828730e+10 
 1.39300000e+00 -3.54810503e+10 
 1.39400000e+00 -3.54791909e+10 
 1.39500000e+00 -3.54772948e+10 
 1.39600000e+00 -3.54753620e+10 
 1.39700000e+00 -3.54733928e+10 
 1.39800000e+00 -3.54713871e+10 
 1.39900000e+00 -3.54693451e+10 
 1.40000000e+00 -3.54672669e+10 
 1.40100000e+00 -3.54651524e+10 
 1.40200000e+00 -3.54630019e+10 
 1.40300000e+00 -3.54608155e+10 
 1.40400000e+00 -3.54585931e+10 
 1.40500000e+00 -3.54563348e+10 
 1.40600000e+00 -3.54540409e+10 
 1.40700000e+00 -3.54517113e+10 
 1.40800000e+00 -3.54493461e+10 
 1.40900000e+00 -3.54469454e+10 
 1.41000000e+00 -3.54445094e+10 
 1.41100000e+00 -3.54420380e+10 
 1.41200000e+00 -3.54395314e+10 
 1.41300000e+00 -3.54369896e+10 
 1.41400000e+00 -3.54344128e+10 
 1.41500000e+00 -3.54318010e+10 
 1.41600000e+00 -3.54291542e+10 
 1.41700000e+00 -3.54264727e+10 
 1.41800000e+00 -3.54237564e+10 
 1.41900000e+00 -3.54210055e+10 
 1.42000000e+00 -3.54182199e+10 
 1.42100000e+00 -3.54153999e+10 
 1.42200000e+00 -3.54125455e+10 
 1.42300000e+00 -3.54096567e+10 
 1.42400000e+00 -3.54067336e+10 
 1.42500000e+00 -3.54037764e+10 
 1.42600000e+00 -3.54007851e+10 
 1.42700000e+00 -3.53977598e+10 
 1.42800000e+00 -3.53947005e+10 
 1.42900000e+00 -3.53916073e+10 
 1.43000000e+00 -3.53884804e+10 
 1.43100000e+00 -3.53853198e+10 
 1.43200000e+00 -3.53821255e+10 
 1.43300000e+00 -3.53788977e+10 
 1.43400000e+00 -3.53756364e+10 
 1.43500000e+00 -3.53723417e+10 
 1.43600000e+00 -3.53690137e+10 
 1.43700000e+00 -3.53656525e+10 
 1.43800000e+00 -3.53622581e+10 
 1.43900000e+00 -3.53588306e+10 
 1.44000000e+00 -3.53553701e+10 
 1.44100000e+00 -3.53518766e+10 
 1.44200000e+00 -3.53483503e+10 
 1.44300000e+00 -3.53447912e+10 
 1.44400000e+00 -3.53411993e+10 
 1.44500000e+00 -3.53375748e+10 
 1.44600000e+00 -3.53339178e+10 
 1.44700000e+00 -3.53302283e+10 
 1.44800000e+00 -3.53265063e+10 
 1.44900000e+00 -3.53227520e+10 
 1.45000000e+00 -3.53189654e+10 
 1.45100000e+00 -3.53151466e+10 
 1.45200000e+00 -3.53112957e+10 
 1.45300000e+00 -3.53074127e+10 
 1.45400000e+00 -3.53034978e+10 
 1.45500000e+00 -3.52995509e+10 
 1.45600000e+00 -3.52955722e+10 
 1.45700000e+00 -3.52915617e+10 
 1.45800000e+00 -3.52875195e+10 
 1.45900000e+00 -3.52834457e+10 
 1.46000000e+00 -3.52793403e+10 
 1.46100000e+00 -3.52752035e+10 
 1.46200000e+00 -3.52710352e+10 
 1.46300000e+00 -3.52668356e+10 
 1.46400000e+00 -3.52626046e+10 
 1.46500000e+00 -3.52583425e+10 
 1.46600000e+00 -3.52540492e+10 
 1.46700000e+00 -3.52497249e+10 
 1.46800000e+00 -3.52453695e+10 
 1.46900000e+00 -3.52409832e+10 
 1.47000000e+00 -3.52365661e+10 
 1.47100000e+00 -3.52321181e+10 
 1.47200000e+00 -3.52276394e+10 
 1.47300000e+00 -3.52231300e+10 
 1.47400000e+00 -3.52185901e+10 
 1.47500000e+00 -3.52140196e+10 
 1.47600000e+00 -3.52094186e+10 
 1.47700000e+00 -3.52047872e+10 
 1.47800000e+00 -3.52001255e+10 
 1.47900000e+00 -3.51954335e+10 
 1.48000000e+00 -3.51907113e+10 
 1.48100000e+00 -3.51859589e+10 
 1.48200000e+00 -3.51811765e+10 
 1.48300000e+00 -3.51763640e+10 
 1.48400000e+00 -3.51715217e+10 
 1.48500000e+00 -3.51666494e+10 
 1.48600000e+00 -3.51617473e+10 
 1.48700000e+00 -3.51568154e+10 
 1.48800000e+00 -3.51518539e+10 
 1.48900000e+00 -3.51468627e+10 
 1.49000000e+00 -3.51418419e+10 
 1.49100000e+00 -3.51367916e+10 
 1.49200000e+00 -3.51317119e+10 
 1.49300000e+00 -3.51266028e+10 
 1.49400000e+00 -3.51214644e+10 
 1.49500000e+00 -3.51162967e+10 
 1.49600000e+00 -3.51110998e+10 
 1.49700000e+00 -3.51058738e+10 
 1.49800000e+00 -3.51006187e+10 
 1.49900000e+00 -3.50953346e+10 
 1.50000000e+00 -3.50900215e+10 
 1.50100000e+00 -3.50846795e+10 
 1.50200000e+00 -3.50793087e+10 
 1.50300000e+00 -3.50739091e+10 
 1.50400000e+00 -3.50684808e+10 
 1.50500000e+00 -3.50630238e+10 
 1.50600000e+00 -3.50575382e+10 
 1.50700000e+00 -3.50520241e+10 
 1.50800000e+00 -3.50464815e+10 
 1.50900000e+00 -3.50409104e+10 
 1.51000000e+00 -3.50353110e+10 
 1.51100000e+00 -3.50296833e+10 
 1.51200000e+00 -3.50240273e+10 
 1.51300000e+00 -3.50183431e+10 
 1.51400000e+00 -3.50126308e+10 
 1.51500000e+00 -3.50068904e+10 
 1.51600000e+00 -3.50011219e+10 
 1.51700000e+00 -3.49953255e+10 
 1.51800000e+00 -3.49895011e+10 
 1.51900000e+00 -3.49836489e+10 
 1.52000000e+00 -3.49777689e+10 
 1.52100000e+00 -3.49718611e+10 
 1.52200000e+00 -3.49659256e+10 
 1.52300000e+00 -3.49599625e+10 
 1.52400000e+00 -3.49539718e+10 
 1.52500000e+00 -3.49479536e+10 
 1.52600000e+00 -3.49419078e+10 
 1.52700000e+00 -3.49358347e+10 
 1.52800000e+00 -3.49297341e+10 
 1.52900000e+00 -3.49236063e+10 
 1.53000000e+00 -3.49174511e+10 
 1.53100000e+00 -3.49112688e+10 
 1.53200000e+00 -3.49050592e+10 
 1.53300000e+00 -3.48988226e+10 
 1.53400000e+00 -3.48925589e+10 
 1.53500000e+00 -3.48862682e+10 
 1.53600000e+00 -3.48799505e+10 
 1.53700000e+00 -3.48736059e+10 
 1.53800000e+00 -3.48672345e+10 
 1.53900000e+00 -3.48608362e+10 
 1.54000000e+00 -3.48544112e+10 
 1.54100000e+00 -3.48479595e+10 
 1.54200000e+00 -3.48414811e+10 
 1.54300000e+00 -3.48349762e+10 
 1.54400000e+00 -3.48284446e+10 
 1.54500000e+00 -3.48218866e+10 
 1.54600000e+00 -3.48153021e+10 
 1.54700000e+00 -3.48086912e+10 
 1.54800000e+00 -3.48020539e+10 
 1.54900000e+00 -3.47953903e+10 
 1.55000000e+00 -3.47887004e+10 
 1.55100000e+00 -3.47819843e+10 
 1.55200000e+00 -3.47752421e+10 
 1.55300000e+00 -3.47684737e+10 
 1.55400000e+00 -3.47616792e+10 
 1.55500000e+00 -3.47548587e+10 
 1.55600000e+00 -3.47480122e+10 
 1.55700000e+00 -3.47411398e+10 
 1.55800000e+00 -3.47342415e+10 
 1.55900000e+00 -3.47273174e+10 
 1.56000000e+00 -3.47203674e+10 
 1.56100000e+00 -3.47133917e+10 
 1.56200000e+00 -3.47063903e+10 
 1.56300000e+00 -3.46993632e+10 
 1.56400000e+00 -3.46923105e+10 
 1.56500000e+00 -3.46852322e+10 
 1.56600000e+00 -3.46781284e+10 
 1.56700000e+00 -3.46709991e+10 
 1.56800000e+00 -3.46638444e+10 
 1.56900000e+00 -3.46566642e+10 
 1.57000000e+00 -3.46494587e+10 
 1.57100000e+00 -3.46422279e+10 
 1.57200000e+00 -3.46349718e+10 
 1.57300000e+00 -3.46276905e+10 
 1.57400000e+00 -3.46203840e+10 
 1.57500000e+00 -3.46130524e+10 
 1.57600000e+00 -3.46056957e+10 
 1.57700000e+00 -3.45983139e+10 
 1.57800000e+00 -3.45909070e+10 
 1.57900000e+00 -3.45834752e+10 
 1.58000000e+00 -3.45760185e+10 
 1.58100000e+00 -3.45685369e+10 
 1.58200000e+00 -3.45610304e+10 
 1.58300000e+00 -3.45534991e+10 
 1.58400000e+00 -3.45459431e+10 
 1.58500000e+00 -3.45383623e+10 
 1.58600000e+00 -3.45307568e+10 
 1.58700000e+00 -3.45231266e+10 
 1.58800000e+00 -3.45154719e+10 
 1.58900000e+00 -3.45077926e+10 
 1.59000000e+00 -3.45000887e+10 
 1.59100000e+00 -3.44923603e+10 
 1.59200000e+00 -3.44846075e+10 
 1.59300000e+00 -3.44768303e+10 
 1.59400000e+00 -3.44690286e+10 
 1.59500000e+00 -3.44612027e+10 
 1.59600000e+00 -3.44533524e+10 
 1.59700000e+00 -3.44454779e+10 
 1.59800000e+00 -3.44375791e+10 
 1.59900000e+00 -3.44296561e+10 
 1.60000000e+00 -3.44217090e+10 
 1.60100000e+00 -3.44137377e+10 
 1.60200000e+00 -3.44057424e+10 
 1.60300000e+00 -3.43977230e+10 
 1.60400000e+00 -3.43896796e+10 
 1.60500000e+00 -3.43816122e+10 
 1.60600000e+00 -3.43735209e+10 
 1.60700000e+00 -3.43654057e+10 
 1.60800000e+00 -3.43572666e+10 
 1.60900000e+00 -3.43491037e+10 
 1.61000000e+00 -3.43409169e+10 
 1.61100000e+00 -3.43327064e+10 
 1.61200000e+00 -3.43244722e+10 
 1.61300000e+00 -3.43162142e+10 
 1.61400000e+00 -3.43079326e+10 
 1.61500000e+00 -3.42996274e+10 
 1.61600000e+00 -3.42912986e+10 
 1.61700000e+00 -3.42829462e+10 
 1.61800000e+00 -3.42745702e+10 
 1.61900000e+00 -3.42661708e+10 
 1.62000000e+00 -3.42577479e+10 
 1.62100000e+00 -3.42493016e+10 
 1.62200000e+00 -3.42408319e+10 
 1.62300000e+00 -3.42323388e+10 
 1.62400000e+00 -3.42238223e+10 
 1.62500000e+00 -3.42152826e+10 
 1.62600000e+00 -3.42067196e+10 
 1.62700000e+00 -3.41981333e+10 
 1.62800000e+00 -3.41895238e+10 
 1.62900000e+00 -3.41808912e+10 
 1.63000000e+00 -3.41722354e+10 
 1.63100000e+00 -3.41635564e+10 
 1.63200000e+00 -3.41548544e+10 
 1.63300000e+00 -3.41461293e+10 
 1.63400000e+00 -3.41373812e+10 
 1.63500000e+00 -3.41286101e+10 
 1.63600000e+00 -3.41198160e+10 
 1.63700000e+00 -3.41109990e+10 
 1.63800000e+00 -3.41021591e+10 
 1.63900000e+00 -3.40932962e+10 
 1.64000000e+00 -3.40844106e+10 
 1.64100000e+00 -3.40755021e+10 
 1.64200000e+00 -3.40665707e+10 
 1.64300000e+00 -3.40576167e+10 
 1.64400000e+00 -3.40486399e+10 
 1.64500000e+00 -3.40396403e+10 
 1.64600000e+00 -3.40306181e+10 
 1.64700000e+00 -3.40215732e+10 
 1.64800000e+00 -3.40125057e+10 
 1.64900000e+00 -3.40034156e+10 
 1.65000000e+00 -3.39943029e+10 
 1.65100000e+00 -3.39851676e+10 
 1.65200000e+00 -3.39760099e+10 
 1.65300000e+00 -3.39668296e+10 
 1.65400000e+00 -3.39576268e+10 
 1.65500000e+00 -3.39484016e+10 
 1.65600000e+00 -3.39391540e+10 
 1.65700000e+00 -3.39298840e+10 
 1.65800000e+00 -3.39205916e+10 
 1.65900000e+00 -3.39112769e+10 
 1.66000000e+00 -3.39019398e+10 
 1.66100000e+00 -3.38925805e+10 
 1.66200000e+00 -3.38831988e+10 
 1.66300000e+00 -3.38737950e+10 
 1.66400000e+00 -3.38643689e+10 
 1.66500000e+00 -3.38549206e+10 
 1.66600000e+00 -3.38454501e+10 
 1.66700000e+00 -3.38359575e+10 
 1.66800000e+00 -3.38264427e+10 
 1.66900000e+00 -3.38169059e+10 
 1.67000000e+00 -3.38073470e+10 
 1.67100000e+00 -3.37977660e+10 
 1.67200000e+00 -3.37881629e+10 
 1.67300000e+00 -3.37785379e+10 
 1.67400000e+00 -3.37688909e+10 
 1.67500000e+00 -3.37592219e+10 
 1.67600000e+00 -3.37495309e+10 
 1.67700000e+00 -3.37398181e+10 
 1.67800000e+00 -3.37300833e+10 
 1.67900000e+00 -3.37203267e+10 
 1.68000000e+00 -3.37105482e+10 
 1.68100000e+00 -3.37007478e+10 
 1.68200000e+00 -3.36909257e+10 
 1.68300000e+00 -3.36810817e+10 
 1.68400000e+00 -3.36712160e+10 
 1.68500000e+00 -3.36613285e+10 
 1.68600000e+00 -3.36514193e+10 
 1.68700000e+00 -3.36414884e+10 
 1.68800000e+00 -3.36315358e+10 
 1.68900000e+00 -3.36215615e+10 
 1.69000000e+00 -3.36115656e+10 
 1.69100000e+00 -3.36015480e+10 
 1.69200000e+00 -3.35915088e+10 
 1.69300000e+00 -3.35814481e+10 
 1.69400000e+00 -3.35713657e+10 
 1.69500000e+00 -3.35612618e+10 
 1.69600000e+00 -3.35511364e+10 
 1.69700000e+00 -3.35409895e+10 
 1.69800000e+00 -3.35308210e+10 
 1.69900000e+00 -3.35206311e+10 
 1.70000000e+00 -3.35104197e+10 
 1.70100000e+00 -3.35001869e+10 
 1.70200000e+00 -3.34899326e+10 
 1.70300000e+00 -3.34796570e+10 
 1.70400000e+00 -3.34693599e+10 
 1.70500000e+00 -3.34590415e+10 
 1.70600000e+00 -3.34487018e+10 
 1.70700000e+00 -3.34383407e+10 
 1.70800000e+00 -3.34279583e+10 
 1.70900000e+00 -3.34175545e+10 
 1.71000000e+00 -3.34071295e+10 
 1.71100000e+00 -3.33966833e+10 
 1.71200000e+00 -3.33862158e+10 
 1.71300000e+00 -3.33757270e+10 
 1.71400000e+00 -3.33652170e+10 
 1.71500000e+00 -3.33546859e+10 
 1.71600000e+00 -3.33441335e+10 
 1.71700000e+00 -3.33335600e+10 
 1.71800000e+00 -3.33229653e+10 
 1.71900000e+00 -3.33123495e+10 
 1.72000000e+00 -3.33017126e+10 
 1.72100000e+00 -3.32910546e+10 
 1.72200000e+00 -3.32803755e+10 
 1.72300000e+00 -3.32696753e+10 
 1.72400000e+00 -3.32589540e+10 
 1.72500000e+00 -3.32482117e+10 
 1.72600000e+00 -3.32374484e+10 
 1.72700000e+00 -3.32266640e+10 
 1.72800000e+00 -3.32158587e+10 
 1.72900000e+00 -3.32050324e+10 
 1.73000000e+00 -3.31941851e+10 
 1.73100000e+00 -3.31833168e+10 
 1.73200000e+00 -3.31724276e+10 
 1.73300000e+00 -3.31615175e+10 
 1.73400000e+00 -3.31505865e+10 
 1.73500000e+00 -3.31396346e+10 
 1.73600000e+00 -3.31286618e+10 
 1.73700000e+00 -3.31176681e+10 
 1.73800000e+00 -3.31066535e+10 
 1.73900000e+00 -3.30956181e+10 
 1.74000000e+00 -3.30845619e+10 
 1.74100000e+00 -3.30734849e+10 
 1.74200000e+00 -3.30623870e+10 
 1.74300000e+00 -3.30512684e+10 
 1.74400000e+00 -3.30401290e+10 
 1.74500000e+00 -3.30289688e+10 
 1.74600000e+00 -3.30177879e+10 
 1.74700000e+00 -3.30065862e+10 
 1.74800000e+00 -3.29953638e+10 
 1.74900000e+00 -3.29841207e+10 
 1.75000000e+00 -3.29728569e+10 
 1.75100000e+00 -3.29615724e+10 
 1.75200000e+00 -3.29502672e+10 
 1.75300000e+00 -3.29389414e+10 
 1.75400000e+00 -3.29275949e+10 
 1.75500000e+00 -3.29162277e+10 
 1.75600000e+00 -3.29048400e+10 
 1.75700000e+00 -3.28934316e+10 
 1.75800000e+00 -3.28820026e+10 
 1.75900000e+00 -3.28705530e+10 
 1.76000000e+00 -3.28590828e+10 
 1.76100000e+00 -3.28475921e+10 
 1.76200000e+00 -3.28360808e+10 
 1.76300000e+00 -3.28245490e+10 
 1.76400000e+00 -3.28129966e+10 
 1.76500000e+00 -3.28014237e+10 
 1.76600000e+00 -3.27898303e+10 
 1.76700000e+00 -3.27782163e+10 
 1.76800000e+00 -3.27665819e+10 
 1.76900000e+00 -3.27549270e+10 
 1.77000000e+00 -3.27432516e+10 
 1.77100000e+00 -3.27315558e+10 
 1.77200000e+00 -3.27198395e+10 
 1.77300000e+00 -3.27081028e+10 
 1.77400000e+00 -3.26963457e+10 
 1.77500000e+00 -3.26845681e+10 
 1.77600000e+00 -3.26727702e+10 
 1.77700000e+00 -3.26609518e+10 
 1.77800000e+00 -3.26491131e+10 
 1.77900000e+00 -3.26372539e+10 
 1.78000000e+00 -3.26253745e+10 
 1.78100000e+00 -3.26134746e+10 
 1.78200000e+00 -3.26015544e+10 
 1.78300000e+00 -3.25896139e+10 
 1.78400000e+00 -3.25776531e+10 
 1.78500000e+00 -3.25656719e+10 
 1.78600000e+00 -3.25536705e+10 
 1.78700000e+00 -3.25416487e+10 
 1.78800000e+00 -3.25296067e+10 
 1.78900000e+00 -3.25175444e+10 
 1.79000000e+00 -3.25054619e+10 
 1.79100000e+00 -3.24933590e+10 
 1.79200000e+00 -3.24812360e+10 
 1.79300000e+00 -3.24690927e+10 
 1.79400000e+00 -3.24569292e+10 
 1.79500000e+00 -3.24447455e+10 
 1.79600000e+00 -3.24325415e+10 
 1.79700000e+00 -3.24203174e+10 
 1.79800000e+00 -3.24080731e+10 
 1.79900000e+00 -3.23958086e+10 
 1.80000000e+00 -3.23835240e+10 
