 0.00000000e+00  1.20762306e-08 
 1.00000000e-03  1.23844066e-08 
 2.00000000e-03  1.27004328e-08 
 3.00000000e-03  1.30245084e-08 
 4.00000000e-03  1.33568380e-08 
 5.00000000e-03  1.36976312e-08 
 6.00000000e-03  1.40471029e-08 
 7.00000000e-03  1.44054736e-08 
 8.00000000e-03  1.47729691e-08 
 9.00000000e-03  1.51498211e-08 
 1.00000000e-02  1.55362672e-08 
 1.10000000e-02  1.59325507e-08 
 1.20000000e-02  1.63389215e-08 
 1.30000000e-02  1.67556353e-08 
 1.40000000e-02  1.71829548e-08 
 1.50000000e-02  1.76211489e-08 
 1.60000000e-02  1.80704935e-08 
 1.70000000e-02  1.85312715e-08 
 1.80000000e-02  1.90037727e-08 
 1.90000000e-02  1.94882944e-08 
 2.00000000e-02  1.99851415e-08 
 2.10000000e-02  2.04946263e-08 
 2.20000000e-02  2.10170693e-08 
 2.30000000e-02  2.15527988e-08 
 2.40000000e-02  2.21021515e-08 
 2.50000000e-02  2.26654727e-08 
 2.60000000e-02  2.32431162e-08 
 2.70000000e-02  2.38354448e-08 
 2.80000000e-02  2.44428304e-08 
 2.90000000e-02  2.50656544e-08 
 3.00000000e-02  2.57043077e-08 
 3.10000000e-02  2.63591910e-08 
 3.20000000e-02  2.70307151e-08 
 3.30000000e-02  2.77193013e-08 
 3.40000000e-02  2.84253814e-08 
 3.50000000e-02  2.91493978e-08 
 3.60000000e-02  2.98918045e-08 
 3.70000000e-02  3.06530666e-08 
 3.80000000e-02  3.14336609e-08 
 3.90000000e-02  3.22340763e-08 
 4.00000000e-02  3.30548140e-08 
 4.10000000e-02  3.38963876e-08 
 4.20000000e-02  3.47593238e-08 
 4.30000000e-02  3.56441624e-08 
 4.40000000e-02  3.65514569e-08 
 4.50000000e-02  3.74817744e-08 
 4.60000000e-02  3.84356966e-08 
 4.70000000e-02  3.94138195e-08 
 4.80000000e-02  4.04167542e-08 
 4.90000000e-02  4.14451270e-08 
 5.00000000e-02  4.24995800e-08 
 5.10000000e-02  4.35807713e-08 
 5.20000000e-02  4.46893756e-08 
 5.30000000e-02  4.58260845e-08 
 5.40000000e-02  4.69916067e-08 
 5.50000000e-02  4.81866688e-08 
 5.60000000e-02  4.94120156e-08 
 5.70000000e-02  5.06684106e-08 
 5.80000000e-02  5.19566361e-08 
 5.90000000e-02  5.32774943e-08 
 6.00000000e-02  5.46318071e-08 
 6.10000000e-02  5.60204174e-08 
 6.20000000e-02  5.74441886e-08 
 6.30000000e-02  5.89040061e-08 
 6.40000000e-02  6.04007773e-08 
 6.50000000e-02  6.19354320e-08 
 6.60000000e-02  6.35089234e-08 
 6.70000000e-02  6.51222286e-08 
 6.80000000e-02  6.67763489e-08 
 6.90000000e-02  6.84723104e-08 
 7.00000000e-02  7.02111650e-08 
 7.10000000e-02  7.19939907e-08 
 7.20000000e-02  7.38218925e-08 
 7.30000000e-02  7.56960026e-08 
 7.40000000e-02  7.76174815e-08 
 7.50000000e-02  7.95875188e-08 
 7.60000000e-02  8.16073333e-08 
 7.70000000e-02  8.36781743e-08 
 7.80000000e-02  8.58013221e-08 
 7.90000000e-02  8.79780888e-08 
 8.00000000e-02  9.02098191e-08 
 8.10000000e-02  9.24978909e-08 
 8.20000000e-02  9.48437166e-08 
 8.30000000e-02  9.72487433e-08 
 8.40000000e-02  9.97144543e-08 
 8.50000000e-02  1.02242369e-07 
 8.60000000e-02  1.04834046e-07 
 8.70000000e-02  1.07491080e-07 
 8.80000000e-02  1.10215107e-07 
 8.90000000e-02  1.13007803e-07 
 9.00000000e-02  1.15870886e-07 
 9.10000000e-02  1.18806116e-07 
 9.20000000e-02  1.21815296e-07 
 9.30000000e-02  1.24900273e-07 
 9.40000000e-02  1.28062942e-07 
 9.50000000e-02  1.31305243e-07 
 9.60000000e-02  1.34629164e-07 
 9.70000000e-02  1.38036742e-07 
 9.80000000e-02  1.41530064e-07 
 9.90000000e-02  1.45111269e-07 
 1.00000000e-01  1.48782549e-07 
 1.01000000e-01  1.52546148e-07 
 1.02000000e-01  1.56404368e-07 
 1.03000000e-01  1.60359566e-07 
 1.04000000e-01  1.64414156e-07 
 1.05000000e-01  1.68570613e-07 
 1.06000000e-01  1.72831472e-07 
 1.07000000e-01  1.77199330e-07 
 1.08000000e-01  1.81676848e-07 
 1.09000000e-01  1.86266753e-07 
 1.10000000e-01  1.90971837e-07 
 1.11000000e-01  1.95794962e-07 
 1.12000000e-01  2.00739059e-07 
 1.13000000e-01  2.05807132e-07 
 1.14000000e-01  2.11002256e-07 
 1.15000000e-01  2.16327583e-07 
 1.16000000e-01  2.21786343e-07 
 1.17000000e-01  2.27381842e-07 
 1.18000000e-01  2.33117468e-07 
 1.19000000e-01  2.38996693e-07 
 1.20000000e-01  2.45023071e-07 
 1.21000000e-01  2.51200244e-07 
 1.22000000e-01  2.57531944e-07 
 1.23000000e-01  2.64021990e-07 
 1.24000000e-01  2.70674297e-07 
 1.25000000e-01  2.77492875e-07 
 1.26000000e-01  2.84481829e-07 
 1.27000000e-01  2.91645365e-07 
 1.28000000e-01  2.98987793e-07 
 1.29000000e-01  3.06513524e-07 
 1.30000000e-01  3.14227078e-07 
 1.31000000e-01  3.22133084e-07 
 1.32000000e-01  3.30236281e-07 
 1.33000000e-01  3.38541526e-07 
 1.34000000e-01  3.47053792e-07 
 1.35000000e-01  3.55778169e-07 
 1.36000000e-01  3.64719875e-07 
 1.37000000e-01  3.73884250e-07 
 1.38000000e-01  3.83276765e-07 
 1.39000000e-01  3.92903020e-07 
 1.40000000e-01  4.02768751e-07 
 1.41000000e-01  4.12879834e-07 
 1.42000000e-01  4.23242284e-07 
 1.43000000e-01  4.33862259e-07 
 1.44000000e-01  4.44746068e-07 
 1.45000000e-01  4.55900169e-07 
 1.46000000e-01  4.67331175e-07 
 1.47000000e-01  4.79045859e-07 
 1.48000000e-01  4.91051154e-07 
 1.49000000e-01  5.03354159e-07 
 1.50000000e-01  5.15962143e-07 
 1.51000000e-01  5.28882548e-07 
 1.52000000e-01  5.42122995e-07 
 1.53000000e-01  5.55691284e-07 
 1.54000000e-01  5.69595403e-07 
 1.55000000e-01  5.83843529e-07 
 1.56000000e-01  5.98444034e-07 
 1.57000000e-01  6.13405487e-07 
 1.58000000e-01  6.28736663e-07 
 1.59000000e-01  6.44446544e-07 
 1.60000000e-01  6.60544323e-07 
 1.61000000e-01  6.77039414e-07 
 1.62000000e-01  6.93941450e-07 
 1.63000000e-01  7.11260296e-07 
 1.64000000e-01  7.29006046e-07 
 1.65000000e-01  7.47189034e-07 
 1.66000000e-01  7.65819838e-07 
 1.67000000e-01  7.84909284e-07 
 1.68000000e-01  8.04468453e-07 
 1.69000000e-01  8.24508687e-07 
 1.70000000e-01  8.45041595e-07 
 1.71000000e-01  8.66079056e-07 
 1.72000000e-01  8.87633232e-07 
 1.73000000e-01  9.09716564e-07 
 1.74000000e-01  9.32341790e-07 
 1.75000000e-01  9.55521943e-07 
 1.76000000e-01  9.79270359e-07 
 1.77000000e-01  1.00360069e-06 
 1.78000000e-01  1.02852690e-06 
 1.79000000e-01  1.05406329e-06 
 1.80000000e-01  1.08022447e-06 
 1.81000000e-01  1.10702542e-06 
 1.82000000e-01  1.13448145e-06 
 1.83000000e-01  1.16260823e-06 
 1.84000000e-01  1.19142179e-06 
 1.85000000e-01  1.22093853e-06 
 1.86000000e-01  1.25117524e-06 
 1.87000000e-01  1.28214909e-06 
 1.88000000e-01  1.31387765e-06 
 1.89000000e-01  1.34637889e-06 
 1.90000000e-01  1.37967120e-06 
 1.91000000e-01  1.41377339e-06 
 1.92000000e-01  1.44870470e-06 
 1.93000000e-01  1.48448483e-06 
 1.94000000e-01  1.52113390e-06 
 1.95000000e-01  1.55867253e-06 
 1.96000000e-01  1.59712178e-06 
 1.97000000e-01  1.63650322e-06 
 1.98000000e-01  1.67683888e-06 
 1.99000000e-01  1.71815132e-06 
 2.00000000e-01  1.76046361e-06 
 2.01000000e-01  1.80379934e-06 
 2.02000000e-01  1.84818264e-06 
 2.03000000e-01  1.89363819e-06 
 2.04000000e-01  1.94019123e-06 
 2.05000000e-01  1.98786758e-06 
 2.06000000e-01  2.03669363e-06 
 2.07000000e-01  2.08669638e-06 
 2.08000000e-01  2.13790345e-06 
 2.09000000e-01  2.19034305e-06 
 2.10000000e-01  2.24404408e-06 
 2.11000000e-01  2.29903604e-06 
 2.12000000e-01  2.35534912e-06 
 2.13000000e-01  2.41301421e-06 
 2.14000000e-01  2.47206285e-06 
 2.15000000e-01  2.53252732e-06 
 2.16000000e-01  2.59444062e-06 
 2.17000000e-01  2.65783649e-06 
 2.18000000e-01  2.72274942e-06 
 2.19000000e-01  2.78921468e-06 
 2.20000000e-01  2.85726832e-06 
 2.21000000e-01  2.92694720e-06 
 2.22000000e-01  2.99828902e-06 
 2.23000000e-01  3.07133228e-06 
 2.24000000e-01  3.14611638e-06 
 2.25000000e-01  3.22268158e-06 
 2.26000000e-01  3.30106902e-06 
 2.27000000e-01  3.38132079e-06 
 2.28000000e-01  3.46347987e-06 
 2.29000000e-01  3.54759023e-06 
 2.30000000e-01  3.63369680e-06 
 2.31000000e-01  3.72184550e-06 
 2.32000000e-01  3.81208327e-06 
 2.33000000e-01  3.90445809e-06 
 2.34000000e-01  3.99901900e-06 
 2.35000000e-01  4.09581611e-06 
 2.36000000e-01  4.19490065e-06 
 2.37000000e-01  4.29632496e-06 
 2.38000000e-01  4.40014256e-06 
 2.39000000e-01  4.50640811e-06 
 2.40000000e-01  4.61517749e-06 
 2.41000000e-01  4.72650781e-06 
 2.42000000e-01  4.84045743e-06 
 2.43000000e-01  4.95708599e-06 
 2.44000000e-01  5.07645441e-06 
 2.45000000e-01  5.19862499e-06 
 2.46000000e-01  5.32366135e-06 
 2.47000000e-01  5.45162852e-06 
 2.48000000e-01  5.58259294e-06 
 2.49000000e-01  5.71662252e-06 
 2.50000000e-01  5.85378662e-06 
 2.51000000e-01  5.99415614e-06 
 2.52000000e-01  6.13780350e-06 
 2.53000000e-01  6.28480272e-06 
 2.54000000e-01  6.43522940e-06 
 2.55000000e-01  6.58916081e-06 
 2.56000000e-01  6.74667589e-06 
 2.57000000e-01  6.90785528e-06 
 2.58000000e-01  7.07278140e-06 
 2.59000000e-01  7.24153843e-06 
 2.60000000e-01  7.41421239e-06 
 2.61000000e-01  7.59089115e-06 
 2.62000000e-01  7.77166451e-06 
 2.63000000e-01  7.95662419e-06 
 2.64000000e-01  8.14586389e-06 
 2.65000000e-01  8.33947938e-06 
 2.66000000e-01  8.53756845e-06 
 2.67000000e-01  8.74023104e-06 
 2.68000000e-01  8.94756923e-06 
 2.69000000e-01  9.15968733e-06 
 2.70000000e-01  9.37669187e-06 
 2.71000000e-01  9.59869172e-06 
 2.72000000e-01  9.82579808e-06 
 2.73000000e-01  1.00581246e-05 
 2.74000000e-01  1.02957872e-05 
 2.75000000e-01  1.05389046e-05 
 2.76000000e-01  1.07875978e-05 
 2.77000000e-01  1.10419907e-05 
 2.78000000e-01  1.13022096e-05 
 2.79000000e-01  1.15683836e-05 
 2.80000000e-01  1.18406447e-05 
 2.81000000e-01  1.21191278e-05 
 2.82000000e-01  1.24039703e-05 
 2.83000000e-01  1.26953132e-05 
 2.84000000e-01  1.29932999e-05 
 2.85000000e-01  1.32980775e-05 
 2.86000000e-01  1.36097957e-05 
 2.87000000e-01  1.39286079e-05 
 2.88000000e-01  1.42546706e-05 
 2.89000000e-01  1.45881437e-05 
 2.90000000e-01  1.49291906e-05 
 2.91000000e-01  1.52779782e-05 
 2.92000000e-01  1.56346770e-05 
 2.93000000e-01  1.59994612e-05 
 2.94000000e-01  1.63725089e-05 
 2.95000000e-01  1.67540018e-05 
 2.96000000e-01  1.71441257e-05 
 2.97000000e-01  1.75430704e-05 
 2.98000000e-01  1.79510299e-05 
 2.99000000e-01  1.83682023e-05 
 3.00000000e-01  1.87947899e-05 
 3.01000000e-01  1.92309997e-05 
 3.02000000e-01  1.96770428e-05 
 3.03000000e-01  2.01331352e-05 
 3.04000000e-01  2.05994974e-05 
 3.05000000e-01  2.10763549e-05 
 3.06000000e-01  2.15639378e-05 
 3.07000000e-01  2.20624815e-05 
 3.08000000e-01  2.25722263e-05 
 3.09000000e-01  2.30934179e-05 
 3.10000000e-01  2.36263072e-05 
 3.11000000e-01  2.41711507e-05 
 3.12000000e-01  2.47282103e-05 
 3.13000000e-01  2.52977538e-05 
 3.14000000e-01  2.58800547e-05 
 3.15000000e-01  2.64753925e-05 
 3.16000000e-01  2.70840529e-05 
 3.17000000e-01  2.77063275e-05 
 3.18000000e-01  2.83425147e-05 
 3.19000000e-01  2.89929191e-05 
 3.20000000e-01  2.96578521e-05 
 3.21000000e-01  3.03376316e-05 
 3.22000000e-01  3.10325828e-05 
 3.23000000e-01  3.17430378e-05 
 3.24000000e-01  3.24693360e-05 
 3.25000000e-01  3.32118241e-05 
 3.26000000e-01  3.39708563e-05 
 3.27000000e-01  3.47467948e-05 
 3.28000000e-01  3.55400095e-05 
 3.29000000e-01  3.63508782e-05 
 3.30000000e-01  3.71797871e-05 
 3.31000000e-01  3.80271307e-05 
 3.32000000e-01  3.88933123e-05 
 3.33000000e-01  3.97787436e-05 
 3.34000000e-01  4.06838455e-05 
 3.35000000e-01  4.16090478e-05 
 3.36000000e-01  4.25547897e-05 
 3.37000000e-01  4.35215200e-05 
 3.38000000e-01  4.45096970e-05 
 3.39000000e-01  4.55197889e-05 
 3.40000000e-01  4.65522742e-05 
 3.41000000e-01  4.76076414e-05 
 3.42000000e-01  4.86863897e-05 
 3.43000000e-01  4.97890288e-05 
 3.44000000e-01  5.09160794e-05 
 3.45000000e-01  5.20680734e-05 
 3.46000000e-01  5.32455538e-05 
 3.47000000e-01  5.44490753e-05 
 3.48000000e-01  5.56792043e-05 
 3.49000000e-01  5.69365193e-05 
 3.50000000e-01  5.82216107e-05 
 3.51000000e-01  5.95350816e-05 
 3.52000000e-01  6.08775476e-05 
 3.53000000e-01  6.22496373e-05 
 3.54000000e-01  6.36519921e-05 
 3.55000000e-01  6.50852670e-05 
 3.56000000e-01  6.65501303e-05 
 3.57000000e-01  6.80472643e-05 
 3.58000000e-01  6.95773652e-05 
 3.59000000e-01  7.11411432e-05 
 3.60000000e-01  7.27393234e-05 
 3.61000000e-01  7.43726451e-05 
 3.62000000e-01  7.60418629e-05 
 3.63000000e-01  7.77477461e-05 
 3.64000000e-01  7.94910797e-05 
 3.65000000e-01  8.12726640e-05 
 3.66000000e-01  8.30933153e-05 
 3.67000000e-01  8.49538657e-05 
 3.68000000e-01  8.68551636e-05 
 3.69000000e-01  8.87980739e-05 
 3.70000000e-01  9.07834778e-05 
 3.71000000e-01  9.28122738e-05 
 3.72000000e-01  9.48853769e-05 
 3.73000000e-01  9.70037196e-05 
 3.74000000e-01  9.91682519e-05 
 3.75000000e-01  1.01379941e-04 
 3.76000000e-01  1.03639772e-04 
 3.77000000e-01  1.05948748e-04 
 3.78000000e-01  1.08307891e-04 
 3.79000000e-01  1.10718239e-04 
 3.80000000e-01  1.13180850e-04 
 3.81000000e-01  1.15696800e-04 
 3.82000000e-01  1.18267185e-04 
 3.83000000e-01  1.20893118e-04 
 3.84000000e-01  1.23575731e-04 
 3.85000000e-01  1.26316175e-04 
 3.86000000e-01  1.29115620e-04 
 3.87000000e-01  1.31975257e-04 
 3.88000000e-01  1.34896293e-04 
 3.89000000e-01  1.37879956e-04 
 3.90000000e-01  1.40927493e-04 
 3.91000000e-01  1.44040170e-04 
 3.92000000e-01  1.47219271e-04 
 3.93000000e-01  1.50466101e-04 
 3.94000000e-01  1.53781984e-04 
 3.95000000e-01  1.57168261e-04 
 3.96000000e-01  1.60626294e-04 
 3.97000000e-01  1.64157464e-04 
 3.98000000e-01  1.67763168e-04 
 3.99000000e-01  1.71444825e-04 
 4.00000000e-01  1.75203870e-04 
 4.01000000e-01  1.79041758e-04 
 4.02000000e-01  1.82959960e-04 
 4.03000000e-01  1.86959967e-04 
 4.04000000e-01  1.91043285e-04 
 4.05000000e-01  1.95211440e-04 
 4.06000000e-01  1.99465973e-04 
 4.07000000e-01  2.03808442e-04 
 4.08000000e-01  2.08240421e-04 
 4.09000000e-01  2.12763502e-04 
 4.10000000e-01  2.17379288e-04 
 4.11000000e-01  2.22089402e-04 
 4.12000000e-01  2.26895477e-04 
 4.13000000e-01  2.31799163e-04 
 4.14000000e-01  2.36802121e-04 
 4.15000000e-01  2.41906028e-04 
 4.16000000e-01  2.47112571e-04 
 4.17000000e-01  2.52423448e-04 
 4.18000000e-01  2.57840369e-04 
 4.19000000e-01  2.63365055e-04 
 4.20000000e-01  2.68999235e-04 
 4.21000000e-01  2.74744646e-04 
 4.22000000e-01  2.80603037e-04 
 4.23000000e-01  2.86576159e-04 
 4.24000000e-01  2.92665771e-04 
 4.25000000e-01  2.98873640e-04 
 4.26000000e-01  3.05201532e-04 
 4.27000000e-01  3.11651222e-04 
 4.28000000e-01  3.18224482e-04 
 4.29000000e-01  3.24923090e-04 
 4.30000000e-01  3.31748822e-04 
 4.31000000e-01  3.38703452e-04 
 4.32000000e-01  3.45788753e-04 
 4.33000000e-01  3.53006496e-04 
 4.34000000e-01  3.60358447e-04 
 4.35000000e-01  3.67846364e-04 
 4.36000000e-01  3.75472001e-04 
 4.37000000e-01  3.83237103e-04 
 4.38000000e-01  3.91143404e-04 
 4.39000000e-01  3.99192628e-04 
 4.40000000e-01  4.07386487e-04 
 4.41000000e-01  4.15726678e-04 
 4.42000000e-01  4.24214885e-04 
 4.43000000e-01  4.32852774e-04 
 4.44000000e-01  4.41641991e-04 
 4.45000000e-01  4.50584164e-04 
 4.46000000e-01  4.59680902e-04 
 4.47000000e-01  4.68933786e-04 
 4.48000000e-01  4.78344377e-04 
 4.49000000e-01  4.87914208e-04 
 4.50000000e-01  4.97644784e-04 
 4.51000000e-01  5.07537583e-04 
 4.52000000e-01  5.17594049e-04 
 4.53000000e-01  5.27815596e-04 
 4.54000000e-01  5.38203602e-04 
 4.55000000e-01  5.48759410e-04 
 4.56000000e-01  5.59484325e-04 
 4.57000000e-01  5.70379613e-04 
 4.58000000e-01  5.81446499e-04 
 4.59000000e-01  5.92686166e-04 
 4.60000000e-01  6.04099751e-04 
 4.61000000e-01  6.15688347e-04 
 4.62000000e-01  6.27452999e-04 
 4.63000000e-01  6.39394700e-04 
 4.64000000e-01  6.51514396e-04 
 4.65000000e-01  6.63812978e-04 
 4.66000000e-01  6.76291285e-04 
 4.67000000e-01  6.88950096e-04 
 4.68000000e-01  7.01790138e-04 
 4.69000000e-01  7.14812076e-04 
 4.70000000e-01  7.28016514e-04 
 4.71000000e-01  7.41403997e-04 
 4.72000000e-01  7.54975004e-04 
 4.73000000e-01  7.68729951e-04 
 4.74000000e-01  7.82669186e-04 
 4.75000000e-01  7.96792993e-04 
 4.76000000e-01  8.11101583e-04 
 4.77000000e-01  8.25595100e-04 
 4.78000000e-01  8.40273615e-04 
 4.79000000e-01  8.55137127e-04 
 4.80000000e-01  8.70185564e-04 
 4.81000000e-01  8.85418775e-04 
 4.82000000e-01  9.00836536e-04 
 4.83000000e-01  9.16438546e-04 
 4.84000000e-01  9.32224428e-04 
 4.85000000e-01  9.48193725e-04 
 4.86000000e-01  9.64345900e-04 
 4.87000000e-01  9.80680340e-04 
 4.88000000e-01  9.97196348e-04 
 4.89000000e-01  1.01389315e-03 
 4.90000000e-01  1.03076988e-03 
 4.91000000e-01  1.04782561e-03 
 4.92000000e-01  1.06505931e-03 
 4.93000000e-01  1.08246988e-03 
 4.94000000e-01  1.10005613e-03 
 4.95000000e-01  1.11781679e-03 
 4.96000000e-01  1.13575052e-03 
 4.97000000e-01  1.15385586e-03 
 4.98000000e-01  1.17213132e-03 
 4.99000000e-01  1.19057528e-03 
 5.00000000e-01  1.20918606e-03 
 5.01000000e-01  1.22796191e-03 
 5.02000000e-01  1.24690096e-03 
 5.03000000e-01  1.26600131e-03 
 5.04000000e-01  1.28526094e-03 
 5.05000000e-01  1.30467776e-03 
 5.06000000e-01  1.32424961e-03 
 5.07000000e-01  1.34397425e-03 
 5.08000000e-01  1.36384936e-03 
 5.09000000e-01  1.38387253e-03 
 5.10000000e-01  1.40404131e-03 
 5.11000000e-01  1.42435313e-03 
 5.12000000e-01  1.44480540e-03 
 5.13000000e-01  1.46539540e-03 
 5.14000000e-01  1.48612040e-03 
 5.15000000e-01  1.50697756e-03 
 5.16000000e-01  1.52796398e-03 
 5.17000000e-01  1.54907670e-03 
 5.18000000e-01  1.57031270e-03 
 5.19000000e-01  1.59166890e-03 
 5.20000000e-01  1.61314214e-03 
 5.21000000e-01  1.63472923e-03 
 5.22000000e-01  1.65642689e-03 
 5.23000000e-01  1.67823182e-03 
 5.24000000e-01  1.70014065e-03 
 5.25000000e-01  1.72214995e-03 
 5.26000000e-01  1.74425625e-03 
 5.27000000e-01  1.76645605e-03 
 5.28000000e-01  1.78874578e-03 
 5.29000000e-01  1.81112185e-03 
 5.30000000e-01  1.83358060e-03 
 5.31000000e-01  1.85611837e-03 
 5.32000000e-01  1.87873144e-03 
 5.33000000e-01  1.90141606e-03 
 5.34000000e-01  1.92416847e-03 
 5.35000000e-01  1.94698484e-03 
 5.36000000e-01  1.96986136e-03 
 5.37000000e-01  1.99279418e-03 
 5.38000000e-01  2.01577941e-03 
 5.39000000e-01  2.03881317e-03 
 5.40000000e-01  2.06189154e-03 
 5.41000000e-01  2.08501062e-03 
 5.42000000e-01  2.10816646e-03 
 5.43000000e-01  2.13135512e-03 
 5.44000000e-01  2.15457267e-03 
 5.45000000e-01  2.17781515e-03 
 5.46000000e-01  2.20107862e-03 
 5.47000000e-01  2.22435911e-03 
 5.48000000e-01  2.24765270e-03 
 5.49000000e-01  2.27095543e-03 
 5.50000000e-01  2.29426339e-03 
 5.51000000e-01  2.31757265e-03 
 5.52000000e-01  2.34087931e-03 
 5.53000000e-01  2.36417948e-03 
 5.54000000e-01  2.38746928e-03 
 5.55000000e-01  2.41074487e-03 
 5.56000000e-01  2.43400242e-03 
 5.57000000e-01  2.45723812e-03 
 5.58000000e-01  2.48044820e-03 
 5.59000000e-01  2.50362891e-03 
 5.60000000e-01  2.52677652e-03 
 5.61000000e-01  2.54988735e-03 
 5.62000000e-01  2.57295776e-03 
 5.63000000e-01  2.59598413e-03 
 5.64000000e-01  2.61896288e-03 
 5.65000000e-01  2.64189048e-03 
 5.66000000e-01  2.66476344e-03 
 5.67000000e-01  2.68757830e-03 
 5.68000000e-01  2.71033166e-03 
 5.69000000e-01  2.73302016e-03 
 5.70000000e-01  2.75564050e-03 
 5.71000000e-01  2.77818941e-03 
 5.72000000e-01  2.80066368e-03 
 5.73000000e-01  2.82306016e-03 
 5.74000000e-01  2.84537575e-03 
 5.75000000e-01  2.86760740e-03 
 5.76000000e-01  2.88975212e-03 
 5.77000000e-01  2.91180697e-03 
 5.78000000e-01  2.93376908e-03 
 5.79000000e-01  2.95563562e-03 
 5.80000000e-01  2.97740385e-03 
 5.81000000e-01  2.99907107e-03 
 5.82000000e-01  3.02063464e-03 
 5.83000000e-01  3.04209199e-03 
 5.84000000e-01  3.06344062e-03 
 5.85000000e-01  3.08467806e-03 
 5.86000000e-01  3.10580196e-03 
 5.87000000e-01  3.12680997e-03 
 5.88000000e-01  3.14769987e-03 
 5.89000000e-01  3.16846945e-03 
 5.90000000e-01  3.18911660e-03 
 5.91000000e-01  3.20963926e-03 
 5.92000000e-01  3.23003544e-03 
 5.93000000e-01  3.25030322e-03 
 5.94000000e-01  3.27044074e-03 
 5.95000000e-01  3.29044622e-03 
 5.96000000e-01  3.31031792e-03 
 5.97000000e-01  3.33005419e-03 
 5.98000000e-01  3.34965344e-03 
 5.99000000e-01  3.36911413e-03 
 6.00000000e-01  3.38843481e-03 
 6.01000000e-01  3.40761409e-03 
 6.02000000e-01  3.42665063e-03 
 6.03000000e-01  3.44554317e-03 
 6.04000000e-01  3.46429049e-03 
 6.05000000e-01  3.48289148e-03 
 6.06000000e-01  3.50134505e-03 
 6.07000000e-01  3.51965018e-03 
 6.08000000e-01  3.53780594e-03 
 6.09000000e-01  3.55581143e-03 
 6.10000000e-01  3.57366583e-03 
 6.11000000e-01  3.59136836e-03 
 6.12000000e-01  3.60891833e-03 
 6.13000000e-01  3.62631508e-03 
 6.14000000e-01  3.64355803e-03 
 6.15000000e-01  3.66064665e-03 
 6.16000000e-01  3.67758045e-03 
 6.17000000e-01  3.69435902e-03 
 6.18000000e-01  3.71098199e-03 
 6.19000000e-01  3.72744906e-03 
 6.20000000e-01  3.74375998e-03 
 6.21000000e-01  3.75991452e-03 
 6.22000000e-01  3.77591255e-03 
 6.23000000e-01  3.79175396e-03 
 6.24000000e-01  3.80743869e-03 
 6.25000000e-01  3.82296676e-03 
 6.26000000e-01  3.83833819e-03 
 6.27000000e-01  3.85355308e-03 
 6.28000000e-01  3.86861157e-03 
 6.29000000e-01  3.88351384e-03 
 6.30000000e-01  3.89826011e-03 
 6.31000000e-01  3.91285066e-03 
 6.32000000e-01  3.92728579e-03 
 6.33000000e-01  3.94156586e-03 
 6.34000000e-01  3.95569126e-03 
 6.35000000e-01  3.96966241e-03 
 6.36000000e-01  3.98347978e-03 
 6.37000000e-01  3.99714389e-03 
 6.38000000e-01  4.01065526e-03 
 6.39000000e-01  4.02401448e-03 
 6.40000000e-01  4.03722215e-03 
 6.41000000e-01  4.05027891e-03 
 6.42000000e-01  4.06318545e-03 
 6.43000000e-01  4.07594245e-03 
 6.44000000e-01  4.08855065e-03 
 6.45000000e-01  4.10101083e-03 
 6.46000000e-01  4.11332376e-03 
 6.47000000e-01  4.12549027e-03 
 6.48000000e-01  4.13751119e-03 
 6.49000000e-01  4.14938740e-03 
 6.50000000e-01  4.16111978e-03 
 6.51000000e-01  4.17270926e-03 
 6.52000000e-01  4.18415676e-03 
 6.53000000e-01  4.19546325e-03 
 6.54000000e-01  4.20662970e-03 
 6.55000000e-01  4.21765712e-03 
 6.56000000e-01  4.22854651e-03 
 6.57000000e-01  4.23929891e-03 
 6.58000000e-01  4.24991538e-03 
 6.59000000e-01  4.26039697e-03 
 6.60000000e-01  4.27074477e-03 
 6.61000000e-01  4.28095988e-03 
 6.62000000e-01  4.29104341e-03 
 6.63000000e-01  4.30099647e-03 
 6.64000000e-01  4.31082020e-03 
 6.65000000e-01  4.32051575e-03 
 6.66000000e-01  4.33008428e-03 
 6.67000000e-01  4.33952694e-03 
 6.68000000e-01  4.34884491e-03 
 6.69000000e-01  4.35803937e-03 
 6.70000000e-01  4.36711152e-03 
 6.71000000e-01  4.37606255e-03 
 6.72000000e-01  4.38489367e-03 
 6.73000000e-01  4.39360608e-03 
 6.74000000e-01  4.40220100e-03 
 6.75000000e-01  4.41067965e-03 
 6.76000000e-01  4.41904325e-03 
 6.77000000e-01  4.42729302e-03 
 6.78000000e-01  4.43543019e-03 
 6.79000000e-01  4.44345600e-03 
 6.80000000e-01  4.45137167e-03 
 6.81000000e-01  4.45917844e-03 
 6.82000000e-01  4.46687754e-03 
 6.83000000e-01  4.47447021e-03 
 6.84000000e-01  4.48195767e-03 
 6.85000000e-01  4.48934116e-03 
 6.86000000e-01  4.49662192e-03 
 6.87000000e-01  4.50380116e-03 
 6.88000000e-01  4.51088012e-03 
 6.89000000e-01  4.51786002e-03 
 6.90000000e-01  4.52474208e-03 
 6.91000000e-01  4.53152751e-03 
 6.92000000e-01  4.53821754e-03 
 6.93000000e-01  4.54481337e-03 
 6.94000000e-01  4.55131621e-03 
 6.95000000e-01  4.55772726e-03 
 6.96000000e-01  4.56404770e-03 
 6.97000000e-01  4.57027874e-03 
 6.98000000e-01  4.57642155e-03 
 6.99000000e-01  4.58247732e-03 
 7.00000000e-01  4.58844720e-03 
 7.01000000e-01  4.59433238e-03 
 7.02000000e-01  4.60013401e-03 
 7.03000000e-01  4.60585323e-03 
 7.04000000e-01  4.61149119e-03 
 7.05000000e-01  4.61704903e-03 
 7.06000000e-01  4.62252787e-03 
 7.07000000e-01  4.62792884e-03 
 7.08000000e-01  4.63325305e-03 
 7.09000000e-01  4.63850159e-03 
 7.10000000e-01  4.64367557e-03 
 7.11000000e-01  4.64877608e-03 
 7.12000000e-01  4.65380418e-03 
 7.13000000e-01  4.65876096e-03 
 7.14000000e-01  4.66364746e-03 
 7.15000000e-01  4.66846474e-03 
 7.16000000e-01  4.67321384e-03 
 7.17000000e-01  4.67789579e-03 
 7.18000000e-01  4.68251161e-03 
 7.19000000e-01  4.68706232e-03 
 7.20000000e-01  4.69154892e-03 
 7.21000000e-01  4.69597240e-03 
 7.22000000e-01  4.70033374e-03 
 7.23000000e-01  4.70463392e-03 
 7.24000000e-01  4.70887390e-03 
 7.25000000e-01  4.71305463e-03 
 7.26000000e-01  4.71717706e-03 
 7.27000000e-01  4.72124211e-03 
 7.28000000e-01  4.72525071e-03 
 7.29000000e-01  4.72920377e-03 
 7.30000000e-01  4.73310219e-03 
 7.31000000e-01  4.73694687e-03 
 7.32000000e-01  4.74073869e-03 
 7.33000000e-01  4.74447850e-03 
 7.34000000e-01  4.74816719e-03 
 7.35000000e-01  4.75180559e-03 
 7.36000000e-01  4.75539455e-03 
 7.37000000e-01  4.75893489e-03 
 7.38000000e-01  4.76242743e-03 
 7.39000000e-01  4.76587299e-03 
 7.40000000e-01  4.76927236e-03 
 7.41000000e-01  4.77262633e-03 
 7.42000000e-01  4.77593567e-03 
 7.43000000e-01  4.77920117e-03 
 7.44000000e-01  4.78242356e-03 
 7.45000000e-01  4.78560361e-03 
 7.46000000e-01  4.78874204e-03 
 7.47000000e-01  4.79183959e-03 
 7.48000000e-01  4.79489698e-03 
 7.49000000e-01  4.79791490e-03 
 7.50000000e-01  4.80089406e-03 
 7.51000000e-01  4.80383515e-03 
 7.52000000e-01  4.80673884e-03 
 7.53000000e-01  4.80960581e-03 
 7.54000000e-01  4.81243671e-03 
 7.55000000e-01  4.81523218e-03 
 7.56000000e-01  4.81799288e-03 
 7.57000000e-01  4.82071943e-03 
 7.58000000e-01  4.82341245e-03 
 7.59000000e-01  4.82607255e-03 
 7.60000000e-01  4.82870033e-03 
 7.61000000e-01  4.83129640e-03 
 7.62000000e-01  4.83386132e-03 
 7.63000000e-01  4.83639568e-03 
 7.64000000e-01  4.83890005e-03 
 7.65000000e-01  4.84137497e-03 
 7.66000000e-01  4.84382100e-03 
 7.67000000e-01  4.84623868e-03 
 7.68000000e-01  4.84862854e-03 
 7.69000000e-01  4.85099109e-03 
 7.70000000e-01  4.85332687e-03 
 7.71000000e-01  4.85563636e-03 
 7.72000000e-01  4.85792007e-03 
 7.73000000e-01  4.86017848e-03 
 7.74000000e-01  4.86241209e-03 
 7.75000000e-01  4.86462135e-03 
 7.76000000e-01  4.86680674e-03 
 7.77000000e-01  4.86896872e-03 
 7.78000000e-01  4.87110772e-03 
 7.79000000e-01  4.87322420e-03 
 7.80000000e-01  4.87531859e-03 
 7.81000000e-01  4.87739131e-03 
 7.82000000e-01  4.87944278e-03 
 7.83000000e-01  4.88147342e-03 
 7.84000000e-01  4.88348363e-03 
 7.85000000e-01  4.88547380e-03 
 7.86000000e-01  4.88744434e-03 
 7.87000000e-01  4.88939561e-03 
 7.88000000e-01  4.89132800e-03 
 7.89000000e-01  4.89324188e-03 
 7.90000000e-01  4.89513761e-03 
 7.91000000e-01  4.89701554e-03 
 7.92000000e-01  4.89887602e-03 
 7.93000000e-01  4.90071941e-03 
 7.94000000e-01  4.90254603e-03 
 7.95000000e-01  4.90435622e-03 
 7.96000000e-01  4.90615029e-03 
 7.97000000e-01  4.90792857e-03 
 7.98000000e-01  4.90969138e-03 
 7.99000000e-01  4.91143901e-03 
 8.00000000e-01  4.91317176e-03 
 8.01000000e-01  4.91488994e-03 
 8.02000000e-01  4.91659383e-03 
 8.03000000e-01  4.91828371e-03 
 8.04000000e-01  4.91995986e-03 
 8.05000000e-01  4.92162255e-03 
 8.06000000e-01  4.92327205e-03 
 8.07000000e-01  4.92490863e-03 
 8.08000000e-01  4.92653253e-03 
 8.09000000e-01  4.92814400e-03 
 8.10000000e-01  4.92974330e-03 
 8.11000000e-01  4.93133067e-03 
 8.12000000e-01  4.93290633e-03 
 8.13000000e-01  4.93447053e-03 
 8.14000000e-01  4.93602348e-03 
 8.15000000e-01  4.93756542e-03 
 8.16000000e-01  4.93909655e-03 
 8.17000000e-01  4.94061709e-03 
 8.18000000e-01  4.94212725e-03 
 8.19000000e-01  4.94362720e-03 
 8.20000000e-01  4.94511699e-03 
 8.21000000e-01  4.94659699e-03 
 8.22000000e-01  4.94806740e-03 
 8.23000000e-01  4.94952840e-03 
 8.24000000e-01  4.95098018e-03 
 8.25000000e-01  4.95242290e-03 
 8.26000000e-01  4.95385676e-03 
 8.27000000e-01  4.95528192e-03 
 8.28000000e-01  4.95669854e-03 
 8.29000000e-01  4.95810680e-03 
 8.30000000e-01  4.95950684e-03 
 8.31000000e-01  4.96089883e-03 
 8.32000000e-01  4.96228291e-03 
 8.33000000e-01  4.96365925e-03 
 8.34000000e-01  4.96502797e-03 
 8.35000000e-01  4.96638923e-03 
 8.36000000e-01  4.96774316e-03 
 8.37000000e-01  4.96908990e-03 
 8.38000000e-01  4.97042959e-03 
 8.39000000e-01  4.97176234e-03 
 8.40000000e-01  4.97308829e-03 
 8.41000000e-01  4.97440757e-03 
 8.42000000e-01  4.97572028e-03 
 8.43000000e-01  4.97702655e-03 
 8.44000000e-01  4.97832649e-03 
 8.45000000e-01  4.97962022e-03 
 8.46000000e-01  4.98090784e-03 
 8.47000000e-01  4.98218946e-03 
 8.48000000e-01  4.98346518e-03 
 8.49000000e-01  4.98473511e-03 
 8.50000000e-01  4.98599934e-03 
 8.51000000e-01  4.98725796e-03 
 8.52000000e-01  4.98851108e-03 
 8.53000000e-01  4.98975878e-03 
 8.54000000e-01  4.99100115e-03 
 8.55000000e-01  4.99223828e-03 
 8.56000000e-01  4.99347025e-03 
 8.57000000e-01  4.99469714e-03 
 8.58000000e-01  4.99591904e-03 
 8.59000000e-01  4.99713602e-03 
 8.60000000e-01  4.99834815e-03 
 8.61000000e-01  4.99955551e-03 
 8.62000000e-01  5.00075817e-03 
 8.63000000e-01  5.00195621e-03 
 8.64000000e-01  5.00314968e-03 
 8.65000000e-01  5.00433865e-03 
 8.66000000e-01  5.00552319e-03 
 8.67000000e-01  5.00670335e-03 
 8.68000000e-01  5.00787921e-03 
 8.69000000e-01  5.00905081e-03 
 8.70000000e-01  5.01021821e-03 
 8.71000000e-01  5.01138147e-03 
 8.72000000e-01  5.01254064e-03 
 8.73000000e-01  5.01369578e-03 
 8.74000000e-01  5.01484693e-03 
 8.75000000e-01  5.01599413e-03 
 8.76000000e-01  5.01713745e-03 
 8.77000000e-01  5.01827692e-03 
 8.78000000e-01  5.01941259e-03 
 8.79000000e-01  5.02054450e-03 
 8.80000000e-01  5.02167269e-03 
 8.81000000e-01  5.02279720e-03 
 8.82000000e-01  5.02391807e-03 
 8.83000000e-01  5.02503534e-03 
 8.84000000e-01  5.02614904e-03 
 8.85000000e-01  5.02725921e-03 
 8.86000000e-01  5.02836589e-03 
 8.87000000e-01  5.02946909e-03 
 8.88000000e-01  5.03056887e-03 
 8.89000000e-01  5.03166524e-03 
 8.90000000e-01  5.03275823e-03 
 8.91000000e-01  5.03384788e-03 
 8.92000000e-01  5.03493420e-03 
 8.93000000e-01  5.03601723e-03 
 8.94000000e-01  5.03709700e-03 
 8.95000000e-01  5.03817351e-03 
 8.96000000e-01  5.03924681e-03 
 8.97000000e-01  5.04031690e-03 
 8.98000000e-01  5.04138382e-03 
 8.99000000e-01  5.04244757e-03 
 9.00000000e-01  5.04350819e-03 
 9.01000000e-01  5.04456568e-03 
 9.02000000e-01  5.04562008e-03 
 9.03000000e-01  5.04667138e-03 
 9.04000000e-01  5.04771962e-03 
 9.05000000e-01  5.04876480e-03 
 9.06000000e-01  5.04980693e-03 
 9.07000000e-01  5.05084605e-03 
 9.08000000e-01  5.05188215e-03 
 9.09000000e-01  5.05291525e-03 
 9.10000000e-01  5.05394535e-03 
 9.11000000e-01  5.05497249e-03 
 9.12000000e-01  5.05599665e-03 
 9.13000000e-01  5.05701786e-03 
 9.14000000e-01  5.05803612e-03 
 9.15000000e-01  5.05905144e-03 
 9.16000000e-01  5.06006383e-03 
 9.17000000e-01  5.06107330e-03 
 9.18000000e-01  5.06207985e-03 
 9.19000000e-01  5.06308349e-03 
 9.20000000e-01  5.06408422e-03 
 9.21000000e-01  5.06508206e-03 
 9.22000000e-01  5.06607701e-03 
 9.23000000e-01  5.06706907e-03 
 9.24000000e-01  5.06805824e-03 
 9.25000000e-01  5.06904454e-03 
 9.26000000e-01  5.07002795e-03 
 9.27000000e-01  5.07100850e-03 
 9.28000000e-01  5.07198617e-03 
 9.29000000e-01  5.07296097e-03 
 9.30000000e-01  5.07393291e-03 
 9.31000000e-01  5.07490198e-03 
 9.32000000e-01  5.07586818e-03 
 9.33000000e-01  5.07683152e-03 
 9.34000000e-01  5.07779200e-03 
 9.35000000e-01  5.07874961e-03 
 9.36000000e-01  5.07970436e-03 
 9.37000000e-01  5.08065624e-03 
 9.38000000e-01  5.08160526e-03 
 9.39000000e-01  5.08255142e-03 
 9.40000000e-01  5.08349470e-03 
 9.41000000e-01  5.08443512e-03 
 9.42000000e-01  5.08537266e-03 
 9.43000000e-01  5.08630733e-03 
 9.44000000e-01  5.08723913e-03 
 9.45000000e-01  5.08816805e-03 
 9.46000000e-01  5.08909409e-03 
 9.47000000e-01  5.09001724e-03 
 9.48000000e-01  5.09093751e-03 
 9.49000000e-01  5.09185488e-03 
 9.50000000e-01  5.09276937e-03 
 9.51000000e-01  5.09368095e-03 
 9.52000000e-01  5.09458964e-03 
 9.53000000e-01  5.09549542e-03 
 9.54000000e-01  5.09639829e-03 
 9.55000000e-01  5.09729825e-03 
 9.56000000e-01  5.09819529e-03 
 9.57000000e-01  5.09908940e-03 
 9.58000000e-01  5.09998059e-03 
 9.59000000e-01  5.10086885e-03 
 9.60000000e-01  5.10175418e-03 
 9.61000000e-01  5.10263656e-03 
 9.62000000e-01  5.10351599e-03 
 9.63000000e-01  5.10439247e-03 
 9.64000000e-01  5.10526599e-03 
 9.65000000e-01  5.10613656e-03 
 9.66000000e-01  5.10700415e-03 
 9.67000000e-01  5.10786877e-03 
 9.68000000e-01  5.10873041e-03 
 9.69000000e-01  5.10958907e-03 
 9.70000000e-01  5.11044474e-03 
 9.71000000e-01  5.11129741e-03 
 9.72000000e-01  5.11214708e-03 
 9.73000000e-01  5.11299374e-03 
 9.74000000e-01  5.11383739e-03 
 9.75000000e-01  5.11467802e-03 
 9.76000000e-01  5.11551563e-03 
 9.77000000e-01  5.11635020e-03 
 9.78000000e-01  5.11718174e-03 
 9.79000000e-01  5.11801024e-03 
 9.80000000e-01  5.11883568e-03 
 9.81000000e-01  5.11965808e-03 
 9.82000000e-01  5.12047741e-03 
 9.83000000e-01  5.12129367e-03 
 9.84000000e-01  5.12210687e-03 
 9.85000000e-01  5.12291698e-03 
 9.86000000e-01  5.12372401e-03 
 9.87000000e-01  5.12452795e-03 
 9.88000000e-01  5.12532880e-03 
 9.89000000e-01  5.12612654e-03 
 9.90000000e-01  5.12692117e-03 
 9.91000000e-01  5.12771269e-03 
 9.92000000e-01  5.12850109e-03 
 9.93000000e-01  5.12928637e-03 
 9.94000000e-01  5.13006851e-03 
 9.95000000e-01  5.13084752e-03 
 9.96000000e-01  5.13162339e-03 
 9.97000000e-01  5.13239610e-03 
 9.98000000e-01  5.13316567e-03 
 9.99000000e-01  5.13393207e-03 
 1.00000000e+00  5.13469531e-03 
 1.00100000e+00  5.13545537e-03 
 1.00200000e+00  5.13621227e-03 
 1.00300000e+00  5.13696598e-03 
 1.00400000e+00  5.13771650e-03 
 1.00500000e+00  5.13846383e-03 
 1.00600000e+00  5.13920796e-03 
 1.00700000e+00  5.13994890e-03 
 1.00800000e+00  5.14068662e-03 
 1.00900000e+00  5.14142113e-03 
 1.01000000e+00  5.14215243e-03 
 1.01100000e+00  5.14288050e-03 
 1.01200000e+00  5.14360534e-03 
 1.01300000e+00  5.14432695e-03 
 1.01400000e+00  5.14504533e-03 
 1.01500000e+00  5.14576046e-03 
 1.01600000e+00  5.14647235e-03 
 1.01700000e+00  5.14718098e-03 
 1.01800000e+00  5.14788636e-03 
 1.01900000e+00  5.14858849e-03 
 1.02000000e+00  5.14928734e-03 
 1.02100000e+00  5.14998293e-03 
 1.02200000e+00  5.15067525e-03 
 1.02300000e+00  5.15136429e-03 
 1.02400000e+00  5.15205005e-03 
 1.02500000e+00  5.15273252e-03 
 1.02600000e+00  5.15341171e-03 
 1.02700000e+00  5.15408760e-03 
 1.02800000e+00  5.15476020e-03 
 1.02900000e+00  5.15542950e-03 
 1.03000000e+00  5.15609550e-03 
 1.03100000e+00  5.15675819e-03 
 1.03200000e+00  5.15741757e-03 
 1.03300000e+00  5.15807363e-03 
 1.03400000e+00  5.15872638e-03 
 1.03500000e+00  5.15937582e-03 
 1.03600000e+00  5.16002192e-03 
 1.03700000e+00  5.16066471e-03 
 1.03800000e+00  5.16130416e-03 
 1.03900000e+00  5.16194028e-03 
 1.04000000e+00  5.16257307e-03 
 1.04100000e+00  5.16320252e-03 
 1.04200000e+00  5.16382863e-03 
 1.04300000e+00  5.16445140e-03 
 1.04400000e+00  5.16507083e-03 
 1.04500000e+00  5.16568691e-03 
 1.04600000e+00  5.16629964e-03 
 1.04700000e+00  5.16690902e-03 
 1.04800000e+00  5.16751505e-03 
 1.04900000e+00  5.16811772e-03 
 1.05000000e+00  5.16871704e-03 
 1.05100000e+00  5.16931299e-03 
 1.05200000e+00  5.16990559e-03 
 1.05300000e+00  5.17049482e-03 
 1.05400000e+00  5.17108070e-03 
 1.05500000e+00  5.17166320e-03 
 1.05600000e+00  5.17224234e-03 
 1.05700000e+00  5.17281811e-03 
 1.05800000e+00  5.17339052e-03 
 1.05900000e+00  5.17395955e-03 
 1.06000000e+00  5.17452521e-03 
 1.06100000e+00  5.17508750e-03 
 1.06200000e+00  5.17564642e-03 
 1.06300000e+00  5.17620196e-03 
 1.06400000e+00  5.17675413e-03 
 1.06500000e+00  5.17730292e-03 
 1.06600000e+00  5.17784834e-03 
 1.06700000e+00  5.17839038e-03 
 1.06800000e+00  5.17892905e-03 
 1.06900000e+00  5.17946434e-03 
 1.07000000e+00  5.17999625e-03 
 1.07100000e+00  5.18052478e-03 
 1.07200000e+00  5.18104994e-03 
 1.07300000e+00  5.18157172e-03 
 1.07400000e+00  5.18209012e-03 
 1.07500000e+00  5.18260514e-03 
 1.07600000e+00  5.18311679e-03 
 1.07700000e+00  5.18362506e-03 
 1.07800000e+00  5.18412996e-03 
 1.07900000e+00  5.18463148e-03 
 1.08000000e+00  5.18512962e-03 
 1.08100000e+00  5.18562439e-03 
 1.08200000e+00  5.18611579e-03 
 1.08300000e+00  5.18660381e-03 
 1.08400000e+00  5.18708846e-03 
 1.08500000e+00  5.18756974e-03 
 1.08600000e+00  5.18804765e-03 
 1.08700000e+00  5.18852220e-03 
 1.08800000e+00  5.18899337e-03 
 1.08900000e+00  5.18946118e-03 
 1.09000000e+00  5.18992562e-03 
 1.09100000e+00  5.19038669e-03 
 1.09200000e+00  5.19084441e-03 
 1.09300000e+00  5.19129876e-03 
 1.09400000e+00  5.19174975e-03 
 1.09500000e+00  5.19219739e-03 
 1.09600000e+00  5.19264167e-03 
 1.09700000e+00  5.19308260e-03 
 1.09800000e+00  5.19352017e-03 
 1.09900000e+00  5.19395439e-03 
 1.10000000e+00  5.19438527e-03 
 1.10100000e+00  5.19481279e-03 
 1.10200000e+00  5.19523698e-03 
 1.10300000e+00  5.19565782e-03 
 1.10400000e+00  5.19607532e-03 
 1.10500000e+00  5.19648948e-03 
 1.10600000e+00  5.19690031e-03 
 1.10700000e+00  5.19730780e-03 
 1.10800000e+00  5.19771197e-03 
 1.10900000e+00  5.19811281e-03 
 1.11000000e+00  5.19851032e-03 
 1.11100000e+00  5.19890451e-03 
 1.11200000e+00  5.19929538e-03 
 1.11300000e+00  5.19968293e-03 
 1.11400000e+00  5.20006717e-03 
 1.11500000e+00  5.20044810e-03 
 1.11600000e+00  5.20082572e-03 
 1.11700000e+00  5.20120004e-03 
 1.11800000e+00  5.20157105e-03 
 1.11900000e+00  5.20193877e-03 
 1.12000000e+00  5.20230319e-03 
 1.12100000e+00  5.20266431e-03 
 1.12200000e+00  5.20302215e-03 
 1.12300000e+00  5.20337671e-03 
 1.12400000e+00  5.20372798e-03 
 1.12500000e+00  5.20407597e-03 
 1.12600000e+00  5.20442069e-03 
 1.12700000e+00  5.20476213e-03 
 1.12800000e+00  5.20510031e-03 
 1.12900000e+00  5.20543523e-03 
 1.13000000e+00  5.20576688e-03 
 1.13100000e+00  5.20609528e-03 
 1.13200000e+00  5.20642043e-03 
 1.13300000e+00  5.20674232e-03 
 1.13400000e+00  5.20706097e-03 
 1.13500000e+00  5.20737639e-03 
 1.13600000e+00  5.20768856e-03 
 1.13700000e+00  5.20799750e-03 
 1.13800000e+00  5.20830321e-03 
 1.13900000e+00  5.20860570e-03 
 1.14000000e+00  5.20890497e-03 
 1.14100000e+00  5.20920103e-03 
 1.14200000e+00  5.20949387e-03 
 1.14300000e+00  5.20978350e-03 
 1.14400000e+00  5.21006993e-03 
 1.14500000e+00  5.21035317e-03 
 1.14600000e+00  5.21063320e-03 
 1.14700000e+00  5.21091005e-03 
 1.14800000e+00  5.21118372e-03 
 1.14900000e+00  5.21145420e-03 
 1.15000000e+00  5.21172151e-03 
 1.15100000e+00  5.21198565e-03 
 1.15200000e+00  5.21224663e-03 
 1.15300000e+00  5.21250444e-03 
 1.15400000e+00  5.21275909e-03 
 1.15500000e+00  5.21301060e-03 
 1.15600000e+00  5.21325895e-03 
 1.15700000e+00  5.21350417e-03 
 1.15800000e+00  5.21374624e-03 
 1.15900000e+00  5.21398519e-03 
 1.16000000e+00  5.21422101e-03 
 1.16100000e+00  5.21445370e-03 
 1.16200000e+00  5.21468328e-03 
 1.16300000e+00  5.21490975e-03 
 1.16400000e+00  5.21513311e-03 
 1.16500000e+00  5.21535337e-03 
 1.16600000e+00  5.21557054e-03 
 1.16700000e+00  5.21578461e-03 
 1.16800000e+00  5.21599560e-03 
 1.16900000e+00  5.21620350e-03 
 1.17000000e+00  5.21640834e-03 
 1.17100000e+00  5.21661010e-03 
 1.17200000e+00  5.21680880e-03 
 1.17300000e+00  5.21700444e-03 
 1.17400000e+00  5.21719702e-03 
 1.17500000e+00  5.21738656e-03 
 1.17600000e+00  5.21757305e-03 
 1.17700000e+00  5.21775651e-03 
 1.17800000e+00  5.21793694e-03 
 1.17900000e+00  5.21811434e-03 
 1.18000000e+00  5.21828872e-03 
 1.18100000e+00  5.21846009e-03 
 1.18200000e+00  5.21862845e-03 
 1.18300000e+00  5.21879380e-03 
 1.18400000e+00  5.21895616e-03 
 1.18500000e+00  5.21911552e-03 
 1.18600000e+00  5.21927190e-03 
 1.18700000e+00  5.21942530e-03 
 1.18800000e+00  5.21957573e-03 
 1.18900000e+00  5.21972318e-03 
 1.19000000e+00  5.21986768e-03 
 1.19100000e+00  5.22000921e-03 
 1.19200000e+00  5.22014780e-03 
 1.19300000e+00  5.22028344e-03 
 1.19400000e+00  5.22041614e-03 
 1.19500000e+00  5.22054590e-03 
 1.19600000e+00  5.22067274e-03 
 1.19700000e+00  5.22079666e-03 
 1.19800000e+00  5.22091767e-03 
 1.19900000e+00  5.22103576e-03 
 1.20000000e+00  5.22115095e-03 
 1.20100000e+00  5.22126324e-03 
 1.20200000e+00  5.22137264e-03 
 1.20300000e+00  5.22147916e-03 
 1.20400000e+00  5.22158280e-03 
 1.20500000e+00  5.22168356e-03 
 1.20600000e+00  5.22178146e-03 
 1.20700000e+00  5.22187649e-03 
 1.20800000e+00  5.22196867e-03 
 1.20900000e+00  5.22205801e-03 
 1.21000000e+00  5.22214450e-03 
 1.21100000e+00  5.22222815e-03 
 1.21200000e+00  5.22230897e-03 
 1.21300000e+00  5.22238697e-03 
 1.21400000e+00  5.22246216e-03 
 1.21500000e+00  5.22253453e-03 
 1.21600000e+00  5.22260409e-03 
 1.21700000e+00  5.22267086e-03 
 1.21800000e+00  5.22273484e-03 
 1.21900000e+00  5.22279603e-03 
 1.22000000e+00  5.22285443e-03 
 1.22100000e+00  5.22291007e-03 
 1.22200000e+00  5.22296294e-03 
 1.22300000e+00  5.22301304e-03 
 1.22400000e+00  5.22306039e-03 
 1.22500000e+00  5.22310500e-03 
 1.22600000e+00  5.22314686e-03 
 1.22700000e+00  5.22318598e-03 
 1.22800000e+00  5.22322238e-03 
 1.22900000e+00  5.22325605e-03 
 1.23000000e+00  5.22328701e-03 
 1.23100000e+00  5.22331525e-03 
 1.23200000e+00  5.22334080e-03 
 1.23300000e+00  5.22336364e-03 
 1.23400000e+00  5.22338379e-03 
 1.23500000e+00  5.22340126e-03 
 1.23600000e+00  5.22341605e-03 
 1.23700000e+00  5.22342817e-03 
 1.23800000e+00  5.22343762e-03 
 1.23900000e+00  5.22344442e-03 
 1.24000000e+00  5.22344856e-03 
 1.24100000e+00  5.22345005e-03 
 1.24200000e+00  5.22344891e-03 
 1.24300000e+00  5.22344513e-03 
 1.24400000e+00  5.22343872e-03 
 1.24500000e+00  5.22342970e-03 
 1.24600000e+00  5.22341806e-03 
 1.24700000e+00  5.22340381e-03 
 1.24800000e+00  5.22338696e-03 
 1.24900000e+00  5.22336752e-03 
 1.25000000e+00  5.22334549e-03 
 1.25100000e+00  5.22332087e-03 
 1.25200000e+00  5.22329369e-03 
 1.25300000e+00  5.22326393e-03 
 1.25400000e+00  5.22323161e-03 
 1.25500000e+00  5.22319673e-03 
 1.25600000e+00  5.22315931e-03 
 1.25700000e+00  5.22311934e-03 
 1.25800000e+00  5.22307683e-03 
 1.25900000e+00  5.22303180e-03 
 1.26000000e+00  5.22298424e-03 
 1.26100000e+00  5.22293416e-03 
 1.26200000e+00  5.22288158e-03 
 1.26300000e+00  5.22282649e-03 
 1.26400000e+00  5.22276890e-03 
 1.26500000e+00  5.22270882e-03 
 1.26600000e+00  5.22264625e-03 
 1.26700000e+00  5.22258121e-03 
 1.26800000e+00  5.22251369e-03 
 1.26900000e+00  5.22244371e-03 
 1.27000000e+00  5.22237127e-03 
 1.27100000e+00  5.22229638e-03 
 1.27200000e+00  5.22221904e-03 
 1.27300000e+00  5.22213926e-03 
 1.27400000e+00  5.22205705e-03 
 1.27500000e+00  5.22197241e-03 
 1.27600000e+00  5.22188535e-03 
 1.27700000e+00  5.22179588e-03 
 1.27800000e+00  5.22170400e-03 
 1.27900000e+00  5.22160971e-03 
 1.28000000e+00  5.22151304e-03 
 1.28100000e+00  5.22141397e-03 
 1.28200000e+00  5.22131252e-03 
 1.28300000e+00  5.22120870e-03 
 1.28400000e+00  5.22110251e-03 
 1.28500000e+00  5.22099395e-03 
 1.28600000e+00  5.22088304e-03 
 1.28700000e+00  5.22076978e-03 
 1.28800000e+00  5.22065417e-03 
 1.28900000e+00  5.22053623e-03 
 1.29000000e+00  5.22041596e-03 
 1.29100000e+00  5.22029336e-03 
 1.29200000e+00  5.22016844e-03 
 1.29300000e+00  5.22004121e-03 
 1.29400000e+00  5.21991168e-03 
 1.29500000e+00  5.21977984e-03 
 1.29600000e+00  5.21964572e-03 
 1.29700000e+00  5.21950930e-03 
 1.29800000e+00  5.21937061e-03 
 1.29900000e+00  5.21922964e-03 
 1.30000000e+00  5.21908641e-03 
 1.30100000e+00  5.21894091e-03 
 1.30200000e+00  5.21879316e-03 
 1.30300000e+00  5.21864316e-03 
 1.30400000e+00  5.21849092e-03 
 1.30500000e+00  5.21833644e-03 
 1.30600000e+00  5.21817973e-03 
 1.30700000e+00  5.21802080e-03 
 1.30800000e+00  5.21785965e-03 
 1.30900000e+00  5.21769629e-03 
 1.31000000e+00  5.21753072e-03 
 1.31100000e+00  5.21736296e-03 
 1.31200000e+00  5.21719300e-03 
 1.31300000e+00  5.21702085e-03 
 1.31400000e+00  5.21684653e-03 
 1.31500000e+00  5.21667003e-03 
 1.31600000e+00  5.21649136e-03 
 1.31700000e+00  5.21631054e-03 
 1.31800000e+00  5.21612755e-03 
 1.31900000e+00  5.21594242e-03 
 1.32000000e+00  5.21575514e-03 
 1.32100000e+00  5.21556573e-03 
 1.32200000e+00  5.21537419e-03 
 1.32300000e+00  5.21518052e-03 
 1.32400000e+00  5.21498473e-03 
 1.32500000e+00  5.21478683e-03 
 1.32600000e+00  5.21458682e-03 
 1.32700000e+00  5.21438471e-03 
 1.32800000e+00  5.21418051e-03 
 1.32900000e+00  5.21397422e-03 
 1.33000000e+00  5.21376584e-03 
 1.33100000e+00  5.21355539e-03 
 1.33200000e+00  5.21334287e-03 
 1.33300000e+00  5.21312829e-03 
 1.33400000e+00  5.21291165e-03 
 1.33500000e+00  5.21269295e-03 
 1.33600000e+00  5.21247221e-03 
 1.33700000e+00  5.21224943e-03 
 1.33800000e+00  5.21202461e-03 
 1.33900000e+00  5.21179777e-03 
 1.34000000e+00  5.21156890e-03 
 1.34100000e+00  5.21133802e-03 
 1.34200000e+00  5.21110512e-03 
 1.34300000e+00  5.21087022e-03 
 1.34400000e+00  5.21063332e-03 
 1.34500000e+00  5.21039443e-03 
 1.34600000e+00  5.21015355e-03 
 1.34700000e+00  5.20991069e-03 
 1.34800000e+00  5.20966586e-03 
 1.34900000e+00  5.20941906e-03 
 1.35000000e+00  5.20917029e-03 
 1.35100000e+00  5.20891956e-03 
 1.35200000e+00  5.20866688e-03 
 1.35300000e+00  5.20841226e-03 
 1.35400000e+00  5.20815569e-03 
 1.35500000e+00  5.20789719e-03 
 1.35600000e+00  5.20763677e-03 
 1.35700000e+00  5.20737441e-03 
 1.35800000e+00  5.20711014e-03 
 1.35900000e+00  5.20684396e-03 
 1.36000000e+00  5.20657588e-03 
 1.36100000e+00  5.20630589e-03 
 1.36200000e+00  5.20603401e-03 
 1.36300000e+00  5.20576024e-03 
 1.36400000e+00  5.20548458e-03 
 1.36500000e+00  5.20520705e-03 
 1.36600000e+00  5.20492765e-03 
 1.36700000e+00  5.20464637e-03 
 1.36800000e+00  5.20436324e-03 
 1.36900000e+00  5.20407826e-03 
 1.37000000e+00  5.20379142e-03 
 1.37100000e+00  5.20350274e-03 
 1.37200000e+00  5.20321222e-03 
 1.37300000e+00  5.20291987e-03 
 1.37400000e+00  5.20262570e-03 
 1.37500000e+00  5.20232970e-03 
 1.37600000e+00  5.20203188e-03 
 1.37700000e+00  5.20173225e-03 
 1.37800000e+00  5.20143082e-03 
 1.37900000e+00  5.20112759e-03 
 1.38000000e+00  5.20082256e-03 
 1.38100000e+00  5.20051575e-03 
 1.38200000e+00  5.20020715e-03 
 1.38300000e+00  5.19989677e-03 
 1.38400000e+00  5.19958463e-03 
 1.38500000e+00  5.19927071e-03 
 1.38600000e+00  5.19895503e-03 
 1.38700000e+00  5.19863760e-03 
 1.38800000e+00  5.19831842e-03 
 1.38900000e+00  5.19799749e-03 
 1.39000000e+00  5.19767482e-03 
 1.39100000e+00  5.19735041e-03 
 1.39200000e+00  5.19702428e-03 
 1.39300000e+00  5.19669642e-03 
 1.39400000e+00  5.19636684e-03 
 1.39500000e+00  5.19603555e-03 
 1.39600000e+00  5.19570255e-03 
 1.39700000e+00  5.19536785e-03 
 1.39800000e+00  5.19503145e-03 
 1.39900000e+00  5.19469335e-03 
 1.40000000e+00  5.19435357e-03 
 1.40100000e+00  5.19401211e-03 
 1.40200000e+00  5.19366897e-03 
 1.40300000e+00  5.19332416e-03 
 1.40400000e+00  5.19297768e-03 
 1.40500000e+00  5.19262954e-03 
 1.40600000e+00  5.19227974e-03 
 1.40700000e+00  5.19192830e-03 
 1.40800000e+00  5.19157520e-03 
 1.40900000e+00  5.19122047e-03 
 1.41000000e+00  5.19086410e-03 
 1.41100000e+00  5.19050610e-03 
 1.41200000e+00  5.19014647e-03 
 1.41300000e+00  5.18978522e-03 
 1.41400000e+00  5.18942236e-03 
 1.41500000e+00  5.18905788e-03 
 1.41600000e+00  5.18869180e-03 
 1.41700000e+00  5.18832412e-03 
 1.41800000e+00  5.18795485e-03 
 1.41900000e+00  5.18758398e-03 
 1.42000000e+00  5.18721153e-03 
 1.42100000e+00  5.18683750e-03 
 1.42200000e+00  5.18646189e-03 
 1.42300000e+00  5.18608471e-03 
 1.42400000e+00  5.18570596e-03 
 1.42500000e+00  5.18532566e-03 
 1.42600000e+00  5.18494379e-03 
 1.42700000e+00  5.18456038e-03 
 1.42800000e+00  5.18417542e-03 
 1.42900000e+00  5.18378892e-03 
 1.43000000e+00  5.18340088e-03 
 1.43100000e+00  5.18301131e-03 
 1.43200000e+00  5.18262021e-03 
 1.43300000e+00  5.18222759e-03 
 1.43400000e+00  5.18183345e-03 
 1.43500000e+00  5.18143780e-03 
 1.43600000e+00  5.18104064e-03 
 1.43700000e+00  5.18064198e-03 
 1.43800000e+00  5.18024182e-03 
 1.43900000e+00  5.17984017e-03 
 1.44000000e+00  5.17943702e-03 
 1.44100000e+00  5.17903239e-03 
 1.44200000e+00  5.17862629e-03 
 1.44300000e+00  5.17821870e-03 
 1.44400000e+00  5.17780965e-03 
 1.44500000e+00  5.17739913e-03 
 1.44600000e+00  5.17698715e-03 
 1.44700000e+00  5.17657372e-03 
 1.44800000e+00  5.17615883e-03 
 1.44900000e+00  5.17574249e-03 
 1.45000000e+00  5.17532471e-03 
 1.45100000e+00  5.17490550e-03 
 1.45200000e+00  5.17448485e-03 
 1.45300000e+00  5.17406277e-03 
 1.45400000e+00  5.17363926e-03 
 1.45500000e+00  5.17321434e-03 
 1.45600000e+00  5.17278800e-03 
 1.45700000e+00  5.17236025e-03 
 1.45800000e+00  5.17193109e-03 
 1.45900000e+00  5.17150053e-03 
 1.46000000e+00  5.17106857e-03 
 1.46100000e+00  5.17063522e-03 
 1.46200000e+00  5.17020048e-03 
 1.46300000e+00  5.16976436e-03 
 1.46400000e+00  5.16932686e-03 
 1.46500000e+00  5.16888798e-03 
 1.46600000e+00  5.16844772e-03 
 1.46700000e+00  5.16800611e-03 
 1.46800000e+00  5.16756313e-03 
 1.46900000e+00  5.16711879e-03 
 1.47000000e+00  5.16667310e-03 
 1.47100000e+00  5.16622605e-03 
 1.47200000e+00  5.16577767e-03 
 1.47300000e+00  5.16532794e-03 
 1.47400000e+00  5.16487687e-03 
 1.47500000e+00  5.16442448e-03 
 1.47600000e+00  5.16397075e-03 
 1.47700000e+00  5.16351570e-03 
 1.47800000e+00  5.16305933e-03 
 1.47900000e+00  5.16260165e-03 
 1.48000000e+00  5.16214265e-03 
 1.48100000e+00  5.16168235e-03 
 1.48200000e+00  5.16122074e-03 
 1.48300000e+00  5.16075784e-03 
 1.48400000e+00  5.16029364e-03 
 1.48500000e+00  5.15982815e-03 
 1.48600000e+00  5.15936137e-03 
 1.48700000e+00  5.15889331e-03 
 1.48800000e+00  5.15842398e-03 
 1.48900000e+00  5.15795337e-03 
 1.49000000e+00  5.15748149e-03 
 1.49100000e+00  5.15700834e-03 
 1.49200000e+00  5.15653393e-03 
 1.49300000e+00  5.15605826e-03 
 1.49400000e+00  5.15558134e-03 
 1.49500000e+00  5.15510317e-03 
 1.49600000e+00  5.15462376e-03 
 1.49700000e+00  5.15414310e-03 
 1.49800000e+00  5.15366121e-03 
 1.49900000e+00  5.15317808e-03 
 1.50000000e+00  5.15269372e-03 
 1.50100000e+00  5.15220813e-03 
 1.50200000e+00  5.15172133e-03 
 1.50300000e+00  5.15123330e-03 
 1.50400000e+00  5.15074406e-03 
 1.50500000e+00  5.15025361e-03 
 1.50600000e+00  5.14976196e-03 
 1.50700000e+00  5.14926910e-03 
 1.50800000e+00  5.14877504e-03 
 1.50900000e+00  5.14827979e-03 
 1.51000000e+00  5.14778335e-03 
 1.51100000e+00  5.14728572e-03 
 1.51200000e+00  5.14678691e-03 
 1.51300000e+00  5.14628691e-03 
 1.51400000e+00  5.14578574e-03 
 1.51500000e+00  5.14528340e-03 
 1.51600000e+00  5.14477990e-03 
 1.51700000e+00  5.14427522e-03 
 1.51800000e+00  5.14376939e-03 
 1.51900000e+00  5.14326240e-03 
 1.52000000e+00  5.14275426e-03 
 1.52100000e+00  5.14224497e-03 
 1.52200000e+00  5.14173453e-03 
 1.52300000e+00  5.14122295e-03 
 1.52400000e+00  5.14071023e-03 
 1.52500000e+00  5.14019637e-03 
 1.52600000e+00  5.13968139e-03 
 1.52700000e+00  5.13916528e-03 
 1.52800000e+00  5.13864804e-03 
 1.52900000e+00  5.13812969e-03 
 1.53000000e+00  5.13761021e-03 
 1.53100000e+00  5.13708963e-03 
 1.53200000e+00  5.13656793e-03 
 1.53300000e+00  5.13604513e-03 
 1.53400000e+00  5.13552123e-03 
 1.53500000e+00  5.13499623e-03 
 1.53600000e+00  5.13447013e-03 
 1.53700000e+00  5.13394294e-03 
 1.53800000e+00  5.13341467e-03 
 1.53900000e+00  5.13288530e-03 
 1.54000000e+00  5.13235486e-03 
 1.54100000e+00  5.13182334e-03 
 1.54200000e+00  5.13129075e-03 
 1.54300000e+00  5.13075709e-03 
 1.54400000e+00  5.13022235e-03 
 1.54500000e+00  5.12968656e-03 
 1.54600000e+00  5.12914970e-03 
 1.54700000e+00  5.12861179e-03 
 1.54800000e+00  5.12807282e-03 
 1.54900000e+00  5.12753281e-03 
 1.55000000e+00  5.12699175e-03 
 1.55100000e+00  5.12644964e-03 
 1.55200000e+00  5.12590649e-03 
 1.55300000e+00  5.12536231e-03 
 1.55400000e+00  5.12481710e-03 
 1.55500000e+00  5.12427085e-03 
 1.55600000e+00  5.12372358e-03 
 1.55700000e+00  5.12317528e-03 
 1.55800000e+00  5.12262597e-03 
 1.55900000e+00  5.12207564e-03 
 1.56000000e+00  5.12152429e-03 
 1.56100000e+00  5.12097194e-03 
 1.56200000e+00  5.12041857e-03 
 1.56300000e+00  5.11986421e-03 
 1.56400000e+00  5.11930884e-03 
 1.56500000e+00  5.11875248e-03 
 1.56600000e+00  5.11819512e-03 
 1.56700000e+00  5.11763677e-03 
 1.56800000e+00  5.11707744e-03 
 1.56900000e+00  5.11651712e-03 
 1.57000000e+00  5.11595582e-03 
 1.57100000e+00  5.11539354e-03 
 1.57200000e+00  5.11483029e-03 
 1.57300000e+00  5.11426606e-03 
 1.57400000e+00  5.11370087e-03 
 1.57500000e+00  5.11313471e-03 
 1.57600000e+00  5.11256759e-03 
 1.57700000e+00  5.11199951e-03 
 1.57800000e+00  5.11143048e-03 
 1.57900000e+00  5.11086049e-03 
 1.58000000e+00  5.11028955e-03 
 1.58100000e+00  5.10971766e-03 
 1.58200000e+00  5.10914483e-03 
 1.58300000e+00  5.10857106e-03 
 1.58400000e+00  5.10799636e-03 
 1.58500000e+00  5.10742072e-03 
 1.58600000e+00  5.10684414e-03 
 1.58700000e+00  5.10626664e-03 
 1.58800000e+00  5.10568821e-03 
 1.58900000e+00  5.10510886e-03 
 1.59000000e+00  5.10452859e-03 
 1.59100000e+00  5.10394741e-03 
 1.59200000e+00  5.10336531e-03 
 1.59300000e+00  5.10278230e-03 
 1.59400000e+00  5.10219838e-03 
 1.59500000e+00  5.10161356e-03 
 1.59600000e+00  5.10102783e-03 
 1.59700000e+00  5.10044121e-03 
 1.59800000e+00  5.09985369e-03 
 1.59900000e+00  5.09926527e-03 
 1.60000000e+00  5.09867597e-03 
 1.60100000e+00  5.09808578e-03 
 1.60200000e+00  5.09749470e-03 
 1.60300000e+00  5.09690275e-03 
 1.60400000e+00  5.09630991e-03 
 1.60500000e+00  5.09571620e-03 
 1.60600000e+00  5.09512161e-03 
 1.60700000e+00  5.09452616e-03 
 1.60800000e+00  5.09392983e-03 
 1.60900000e+00  5.09333265e-03 
 1.61000000e+00  5.09273460e-03 
 1.61100000e+00  5.09213569e-03 
 1.61200000e+00  5.09153592e-03 
 1.61300000e+00  5.09093530e-03 
 1.61400000e+00  5.09033383e-03 
 1.61500000e+00  5.08973152e-03 
 1.61600000e+00  5.08912835e-03 
 1.61700000e+00  5.08852435e-03 
 1.61800000e+00  5.08791950e-03 
 1.61900000e+00  5.08731382e-03 
 1.62000000e+00  5.08670730e-03 
 1.62100000e+00  5.08609995e-03 
 1.62200000e+00  5.08549177e-03 
 1.62300000e+00  5.08488277e-03 
 1.62400000e+00  5.08427294e-03 
 1.62500000e+00  5.08366229e-03 
 1.62600000e+00  5.08305082e-03 
 1.62700000e+00  5.08243853e-03 
 1.62800000e+00  5.08182544e-03 
 1.62900000e+00  5.08121153e-03 
 1.63000000e+00  5.08059681e-03 
 1.63100000e+00  5.07998129e-03 
 1.63200000e+00  5.07936496e-03 
 1.63300000e+00  5.07874784e-03 
 1.63400000e+00  5.07812992e-03 
 1.63500000e+00  5.07751120e-03 
 1.63600000e+00  5.07689169e-03 
 1.63700000e+00  5.07627139e-03 
 1.63800000e+00  5.07565030e-03 
 1.63900000e+00  5.07502843e-03 
 1.64000000e+00  5.07440577e-03 
 1.64100000e+00  5.07378234e-03 
 1.64200000e+00  5.07315813e-03 
 1.64300000e+00  5.07253314e-03 
 1.64400000e+00  5.07190738e-03 
 1.64500000e+00  5.07128085e-03 
 1.64600000e+00  5.07065356e-03 
 1.64700000e+00  5.07002550e-03 
 1.64800000e+00  5.06939667e-03 
 1.64900000e+00  5.06876709e-03 
 1.65000000e+00  5.06813675e-03 
 1.65100000e+00  5.06750565e-03 
 1.65200000e+00  5.06687380e-03 
 1.65300000e+00  5.06624120e-03 
 1.65400000e+00  5.06560786e-03 
 1.65500000e+00  5.06497376e-03 
 1.65600000e+00  5.06433893e-03 
 1.65700000e+00  5.06370335e-03 
 1.65800000e+00  5.06306704e-03 
 1.65900000e+00  5.06242999e-03 
 1.66000000e+00  5.06179220e-03 
 1.66100000e+00  5.06115369e-03 
 1.66200000e+00  5.06051444e-03 
 1.66300000e+00  5.05987447e-03 
 1.66400000e+00  5.05923378e-03 
 1.66500000e+00  5.05859236e-03 
 1.66600000e+00  5.05795023e-03 
 1.66700000e+00  5.05730737e-03 
 1.66800000e+00  5.05666380e-03 
 1.66900000e+00  5.05601952e-03 
 1.67000000e+00  5.05537453e-03 
 1.67100000e+00  5.05472883e-03 
 1.67200000e+00  5.05408243e-03 
 1.67300000e+00  5.05343532e-03 
 1.67400000e+00  5.05278751e-03 
 1.67500000e+00  5.05213900e-03 
 1.67600000e+00  5.05148979e-03 
 1.67700000e+00  5.05083989e-03 
 1.67800000e+00  5.05018930e-03 
 1.67900000e+00  5.04953802e-03 
 1.68000000e+00  5.04888605e-03 
 1.68100000e+00  5.04823339e-03 
 1.68200000e+00  5.04758005e-03 
 1.68300000e+00  5.04692603e-03 
 1.68400000e+00  5.04627133e-03 
 1.68500000e+00  5.04561595e-03 
 1.68600000e+00  5.04495989e-03 
 1.68700000e+00  5.04430317e-03 
 1.68800000e+00  5.04364577e-03 
 1.68900000e+00  5.04298771e-03 
 1.69000000e+00  5.04232898e-03 
 1.69100000e+00  5.04166958e-03 
 1.69200000e+00  5.04100953e-03 
 1.69300000e+00  5.04034881e-03 
 1.69400000e+00  5.03968743e-03 
 1.69500000e+00  5.03902540e-03 
 1.69600000e+00  5.03836272e-03 
 1.69700000e+00  5.03769938e-03 
 1.69800000e+00  5.03703540e-03 
 1.69900000e+00  5.03637077e-03 
 1.70000000e+00  5.03570549e-03 
 1.70100000e+00  5.03503957e-03 
 1.70200000e+00  5.03437300e-03 
 1.70300000e+00  5.03370580e-03 
 1.70400000e+00  5.03303796e-03 
 1.70500000e+00  5.03236949e-03 
 1.70600000e+00  5.03170038e-03 
 1.70700000e+00  5.03103065e-03 
 1.70800000e+00  5.03036028e-03 
 1.70900000e+00  5.02968928e-03 
 1.71000000e+00  5.02901766e-03 
 1.71100000e+00  5.02834542e-03 
 1.71200000e+00  5.02767256e-03 
 1.71300000e+00  5.02699907e-03 
 1.71400000e+00  5.02632497e-03 
 1.71500000e+00  5.02565026e-03 
 1.71600000e+00  5.02497493e-03 
 1.71700000e+00  5.02429899e-03 
 1.71800000e+00  5.02362244e-03 
 1.71900000e+00  5.02294528e-03 
 1.72000000e+00  5.02226752e-03 
 1.72100000e+00  5.02158915e-03 
 1.72200000e+00  5.02091019e-03 
 1.72300000e+00  5.02023062e-03 
 1.72400000e+00  5.01955045e-03 
 1.72500000e+00  5.01886969e-03 
 1.72600000e+00  5.01818833e-03 
 1.72700000e+00  5.01750639e-03 
 1.72800000e+00  5.01682385e-03 
 1.72900000e+00  5.01614072e-03 
 1.73000000e+00  5.01545701e-03 
 1.73100000e+00  5.01477271e-03 
 1.73200000e+00  5.01408783e-03 
 1.73300000e+00  5.01340236e-03 
 1.73400000e+00  5.01271632e-03 
 1.73500000e+00  5.01202970e-03 
 1.73600000e+00  5.01134251e-03 
 1.73700000e+00  5.01065474e-03 
 1.73800000e+00  5.00996639e-03 
 1.73900000e+00  5.00927748e-03 
 1.74000000e+00  5.00858800e-03 
 1.74100000e+00  5.00789796e-03 
 1.74200000e+00  5.00720734e-03 
 1.74300000e+00  5.00651617e-03 
 1.74400000e+00  5.00582443e-03 
 1.74500000e+00  5.00513214e-03 
 1.74600000e+00  5.00443928e-03 
 1.74700000e+00  5.00374587e-03 
 1.74800000e+00  5.00305191e-03 
 1.74900000e+00  5.00235739e-03 
 1.75000000e+00  5.00166233e-03 
 1.75100000e+00  5.00096671e-03 
 1.75200000e+00  5.00027055e-03 
 1.75300000e+00  4.99957384e-03 
 1.75400000e+00  4.99887658e-03 
 1.75500000e+00  4.99817879e-03 
 1.75600000e+00  4.99748045e-03 
 1.75700000e+00  4.99678157e-03 
 1.75800000e+00  4.99608216e-03 
 1.75900000e+00  4.99538221e-03 
 1.76000000e+00  4.99468173e-03 
 1.76100000e+00  4.99398072e-03 
 1.76200000e+00  4.99327917e-03 
 1.76300000e+00  4.99257710e-03 
 1.76400000e+00  4.99187450e-03 
 1.76500000e+00  4.99117137e-03 
 1.76600000e+00  4.99046772e-03 
 1.76700000e+00  4.98976355e-03 
 1.76800000e+00  4.98905886e-03 
 1.76900000e+00  4.98835364e-03 
 1.77000000e+00  4.98764791e-03 
 1.77100000e+00  4.98694167e-03 
 1.77200000e+00  4.98623491e-03 
 1.77300000e+00  4.98552764e-03 
 1.77400000e+00  4.98481985e-03 
 1.77500000e+00  4.98411156e-03 
 1.77600000e+00  4.98340276e-03 
 1.77700000e+00  4.98269345e-03 
 1.77800000e+00  4.98198364e-03 
 1.77900000e+00  4.98127332e-03 
 1.78000000e+00  4.98056251e-03 
 1.78100000e+00  4.97985119e-03 
 1.78200000e+00  4.97913938e-03 
 1.78300000e+00  4.97842706e-03 
 1.78400000e+00  4.97771426e-03 
 1.78500000e+00  4.97700096e-03 
 1.78600000e+00  4.97628716e-03 
 1.78700000e+00  4.97557288e-03 
 1.78800000e+00  4.97485810e-03 
 1.78900000e+00  4.97414284e-03 
 1.79000000e+00  4.97342710e-03 
 1.79100000e+00  4.97271086e-03 
 1.79200000e+00  4.97199415e-03 
 1.79300000e+00  4.97127695e-03 
 1.79400000e+00  4.97055927e-03 
 1.79500000e+00  4.96984111e-03 
 1.79600000e+00  4.96912248e-03 
 1.79700000e+00  4.96840337e-03 
 1.79800000e+00  4.96768378e-03 
 1.79900000e+00  4.96696373e-03 
 1.80000000e+00  4.96624320e-03 
