 0.00000000e+00  5.16637536e-10 
 1.00000000e-03  5.29200587e-10 
 2.00000000e-03  5.42068996e-10 
 3.00000000e-03  5.55250181e-10 
 4.00000000e-03  5.68751740e-10 
 5.00000000e-03  5.82581453e-10 
 6.00000000e-03  5.96747292e-10 
 7.00000000e-03  6.11257418e-10 
 8.00000000e-03  6.26120195e-10 
 9.00000000e-03  6.41344187e-10 
 1.00000000e-02  6.56938165e-10 
 1.10000000e-02  6.72911116e-10 
 1.20000000e-02  6.89272242e-10 
 1.30000000e-02  7.06030969e-10 
 1.40000000e-02  7.23196953e-10 
 1.50000000e-02  7.40780082e-10 
 1.60000000e-02  7.58790486e-10 
 1.70000000e-02  7.77238539e-10 
 1.80000000e-02  7.96134868e-10 
 1.90000000e-02  8.15490356e-10 
 2.00000000e-02  8.35316151e-10 
 2.10000000e-02  8.55623672e-10 
 2.20000000e-02  8.76424613e-10 
 2.30000000e-02  8.97730953e-10 
 2.40000000e-02  9.19554962e-10 
 2.50000000e-02  9.41909205e-10 
 2.60000000e-02  9.64806555e-10 
 2.70000000e-02  9.88260193e-10 
 2.80000000e-02  1.01228362e-09 
 2.90000000e-02  1.03689068e-09 
 3.00000000e-02  1.06209551e-09 
 3.10000000e-02  1.08791265e-09 
 3.20000000e-02  1.11435694e-09 
 3.30000000e-02  1.14144361e-09 
 3.40000000e-02  1.16918824e-09 
 3.50000000e-02  1.19760681e-09 
 3.60000000e-02  1.22671566e-09 
 3.70000000e-02  1.25653155e-09 
 3.80000000e-02  1.28707163e-09 
 3.90000000e-02  1.31835348e-09 
 4.00000000e-02  1.35039509e-09 
 4.10000000e-02  1.38321489e-09 
 4.20000000e-02  1.41683177e-09 
 4.30000000e-02  1.45126506e-09 
 4.40000000e-02  1.48653457e-09 
 4.50000000e-02  1.52266058e-09 
 4.60000000e-02  1.55966387e-09 
 4.70000000e-02  1.59756572e-09 
 4.80000000e-02  1.63638793e-09 
 4.90000000e-02  1.67615281e-09 
 5.00000000e-02  1.71688322e-09 
 5.10000000e-02  1.75860260e-09 
 5.20000000e-02  1.80133491e-09 
 5.30000000e-02  1.84510473e-09 
 5.40000000e-02  1.88993721e-09 
 5.50000000e-02  1.93585811e-09 
 5.60000000e-02  1.98289384e-09 
 5.70000000e-02  2.03107142e-09 
 5.80000000e-02  2.08041853e-09 
 5.90000000e-02  2.13096353e-09 
 6.00000000e-02  2.18273546e-09 
 6.10000000e-02  2.23576406e-09 
 6.20000000e-02  2.29007979e-09 
 6.30000000e-02  2.34571386e-09 
 6.40000000e-02  2.40269821e-09 
 6.50000000e-02  2.46106557e-09 
 6.60000000e-02  2.52084946e-09 
 6.70000000e-02  2.58208421e-09 
 6.80000000e-02  2.64480498e-09 
 6.90000000e-02  2.70904777e-09 
 7.00000000e-02  2.77484947e-09 
 7.10000000e-02  2.84224784e-09 
 7.20000000e-02  2.91128158e-09 
 7.30000000e-02  2.98199030e-09 
 7.40000000e-02  3.05441457e-09 
 7.50000000e-02  3.12859595e-09 
 7.60000000e-02  3.20457702e-09 
 7.70000000e-02  3.28240135e-09 
 7.80000000e-02  3.36211358e-09 
 7.90000000e-02  3.44375946e-09 
 8.00000000e-02  3.52738578e-09 
 8.10000000e-02  3.61304053e-09 
 8.20000000e-02  3.70077281e-09 
 8.30000000e-02  3.79063292e-09 
 8.40000000e-02  3.88267238e-09 
 8.50000000e-02  3.97694396e-09 
 8.60000000e-02  4.07350169e-09 
 8.70000000e-02  4.17240090e-09 
 8.80000000e-02  4.27369827e-09 
 8.90000000e-02  4.37745185e-09 
 9.00000000e-02  4.48372109e-09 
 9.10000000e-02  4.59256685e-09 
 9.20000000e-02  4.70405148e-09 
 9.30000000e-02  4.81823885e-09 
 9.40000000e-02  4.93519434e-09 
 9.50000000e-02  5.05498492e-09 
 9.60000000e-02  5.17767917e-09 
 9.70000000e-02  5.30334735e-09 
 9.80000000e-02  5.43206137e-09 
 9.90000000e-02  5.56389491e-09 
 1.00000000e-01  5.69892342e-09 
 1.01000000e-01  5.83722414e-09 
 1.02000000e-01  5.97887622e-09 
 1.03000000e-01  6.12396068e-09 
 1.04000000e-01  6.27256051e-09 
 1.05000000e-01  6.42476069e-09 
 1.06000000e-01  6.58064825e-09 
 1.07000000e-01  6.74031232e-09 
 1.08000000e-01  6.90384418e-09 
 1.09000000e-01  7.07133731e-09 
 1.10000000e-01  7.24288741e-09 
 1.11000000e-01  7.41859254e-09 
 1.12000000e-01  7.59855307e-09 
 1.13000000e-01  7.78287181e-09 
 1.14000000e-01  7.97165405e-09 
 1.15000000e-01  8.16500759e-09 
 1.16000000e-01  8.36304284e-09 
 1.17000000e-01  8.56587288e-09 
 1.18000000e-01  8.77361349e-09 
 1.19000000e-01  8.98638322e-09 
 1.20000000e-01  9.20430352e-09 
 1.21000000e-01  9.42749872e-09 
 1.22000000e-01  9.65609614e-09 
 1.23000000e-01  9.89022618e-09 
 1.24000000e-01  1.01300224e-08 
 1.25000000e-01  1.03756214e-08 
 1.26000000e-01  1.06271634e-08 
 1.27000000e-01  1.08847917e-08 
 1.28000000e-01  1.11486530e-08 
 1.29000000e-01  1.14188979e-08 
 1.30000000e-01  1.16956801e-08 
 1.31000000e-01  1.19791575e-08 
 1.32000000e-01  1.22694914e-08 
 1.33000000e-01  1.25668471e-08 
 1.34000000e-01  1.28713940e-08 
 1.35000000e-01  1.31833054e-08 
 1.36000000e-01  1.35027588e-08 
 1.37000000e-01  1.38299360e-08 
 1.38000000e-01  1.41650231e-08 
 1.39000000e-01  1.45082106e-08 
 1.40000000e-01  1.48596939e-08 
 1.41000000e-01  1.52196726e-08 
 1.42000000e-01  1.55883514e-08 
 1.43000000e-01  1.59659398e-08 
 1.44000000e-01  1.63526524e-08 
 1.45000000e-01  1.67487089e-08 
 1.46000000e-01  1.71543342e-08 
 1.47000000e-01  1.75697587e-08 
 1.48000000e-01  1.79952181e-08 
 1.49000000e-01  1.84309540e-08 
 1.50000000e-01  1.88772137e-08 
 1.51000000e-01  1.93342503e-08 
 1.52000000e-01  1.98023231e-08 
 1.53000000e-01  2.02816975e-08 
 1.54000000e-01  2.07726453e-08 
 1.55000000e-01  2.12754448e-08 
 1.56000000e-01  2.17903809e-08 
 1.57000000e-01  2.23177453e-08 
 1.58000000e-01  2.28578368e-08 
 1.59000000e-01  2.34109613e-08 
 1.60000000e-01  2.39774318e-08 
 1.61000000e-01  2.45575690e-08 
 1.62000000e-01  2.51517011e-08 
 1.63000000e-01  2.57601643e-08 
 1.64000000e-01  2.63833027e-08 
 1.65000000e-01  2.70214687e-08 
 1.66000000e-01  2.76750229e-08 
 1.67000000e-01  2.83443347e-08 
 1.68000000e-01  2.90297823e-08 
 1.69000000e-01  2.97317527e-08 
 1.70000000e-01  3.04506425e-08 
 1.71000000e-01  3.11868573e-08 
 1.72000000e-01  3.19408127e-08 
 1.73000000e-01  3.27129340e-08 
 1.74000000e-01  3.35036567e-08 
 1.75000000e-01  3.43134267e-08 
 1.76000000e-01  3.51427004e-08 
 1.77000000e-01  3.59919451e-08 
 1.78000000e-01  3.68616393e-08 
 1.79000000e-01  3.77522727e-08 
 1.80000000e-01  3.86643467e-08 
 1.81000000e-01  3.95983747e-08 
 1.82000000e-01  4.05548823e-08 
 1.83000000e-01  4.15344073e-08 
 1.84000000e-01  4.25375006e-08 
 1.85000000e-01  4.35647261e-08 
 1.86000000e-01  4.46166608e-08 
 1.87000000e-01  4.56938958e-08 
 1.88000000e-01  4.67970359e-08 
 1.89000000e-01  4.79267004e-08 
 1.90000000e-01  4.90835232e-08 
 1.91000000e-01  5.02681531e-08 
 1.92000000e-01  5.14812545e-08 
 1.93000000e-01  5.27235074e-08 
 1.94000000e-01  5.39956079e-08 
 1.95000000e-01  5.52982685e-08 
 1.96000000e-01  5.66322187e-08 
 1.97000000e-01  5.79982050e-08 
 1.98000000e-01  5.93969918e-08 
 1.99000000e-01  6.08293615e-08 
 2.00000000e-01  6.22961148e-08 
 2.01000000e-01  6.37980715e-08 
 2.02000000e-01  6.53360705e-08 
 2.03000000e-01  6.69109709e-08 
 2.04000000e-01  6.85236517e-08 
 2.05000000e-01  7.01750127e-08 
 2.06000000e-01  7.18659750e-08 
 2.07000000e-01  7.35974812e-08 
 2.08000000e-01  7.53704964e-08 
 2.09000000e-01  7.71860080e-08 
 2.10000000e-01  7.90450271e-08 
 2.11000000e-01  8.09485882e-08 
 2.12000000e-01  8.28977504e-08 
 2.13000000e-01  8.48935974e-08 
 2.14000000e-01  8.69372386e-08 
 2.15000000e-01  8.90298093e-08 
 2.16000000e-01  9.11724716e-08 
 2.17000000e-01  9.33664147e-08 
 2.18000000e-01  9.56128558e-08 
 2.19000000e-01  9.79130405e-08 
 2.20000000e-01  1.00268244e-07 
 2.21000000e-01  1.02679771e-07 
 2.22000000e-01  1.05148956e-07 
 2.23000000e-01  1.07677166e-07 
 2.24000000e-01  1.10265800e-07 
 2.25000000e-01  1.12916289e-07 
 2.26000000e-01  1.15630098e-07 
 2.27000000e-01  1.18408725e-07 
 2.28000000e-01  1.21253704e-07 
 2.29000000e-01  1.24166606e-07 
 2.30000000e-01  1.27149035e-07 
 2.31000000e-01  1.30202637e-07 
 2.32000000e-01  1.33329092e-07 
 2.33000000e-01  1.36530123e-07 
 2.34000000e-01  1.39807491e-07 
 2.35000000e-01  1.43162997e-07 
 2.36000000e-01  1.46598487e-07 
 2.37000000e-01  1.50115847e-07 
 2.38000000e-01  1.53717009e-07 
 2.39000000e-01  1.57403947e-07 
 2.40000000e-01  1.61178684e-07 
 2.41000000e-01  1.65043289e-07 
 2.42000000e-01  1.68999877e-07 
 2.43000000e-01  1.73050615e-07 
 2.44000000e-01  1.77197718e-07 
 2.45000000e-01  1.81443453e-07 
 2.46000000e-01  1.85790140e-07 
 2.47000000e-01  1.90240153e-07 
 2.48000000e-01  1.94795918e-07 
 2.49000000e-01  1.99459921e-07 
 2.50000000e-01  2.04234702e-07 
 2.51000000e-01  2.09122862e-07 
 2.52000000e-01  2.14127061e-07 
 2.53000000e-01  2.19250020e-07 
 2.54000000e-01  2.24494524e-07 
 2.55000000e-01  2.29863420e-07 
 2.56000000e-01  2.35359622e-07 
 2.57000000e-01  2.40986112e-07 
 2.58000000e-01  2.46745937e-07 
 2.59000000e-01  2.52642218e-07 
 2.60000000e-01  2.58678145e-07 
 2.61000000e-01  2.64856983e-07 
 2.62000000e-01  2.71182069e-07 
 2.63000000e-01  2.77656820e-07 
 2.64000000e-01  2.84284729e-07 
 2.65000000e-01  2.91069369e-07 
 2.66000000e-01  2.98014395e-07 
 2.67000000e-01  3.05123547e-07 
 2.68000000e-01  3.12400648e-07 
 2.69000000e-01  3.19849609e-07 
 2.70000000e-01  3.27474431e-07 
 2.71000000e-01  3.35279205e-07 
 2.72000000e-01  3.43268117e-07 
 2.73000000e-01  3.51445447e-07 
 2.74000000e-01  3.59815571e-07 
 2.75000000e-01  3.68382967e-07 
 2.76000000e-01  3.77152213e-07 
 2.77000000e-01  3.86127991e-07 
 2.78000000e-01  3.95315091e-07 
 2.79000000e-01  4.04718410e-07 
 2.80000000e-01  4.14342954e-07 
 2.81000000e-01  4.24193846e-07 
 2.82000000e-01  4.34276324e-07 
 2.83000000e-01  4.44595741e-07 
 2.84000000e-01  4.55157575e-07 
 2.85000000e-01  4.65967426e-07 
 2.86000000e-01  4.77031019e-07 
 2.87000000e-01  4.88354211e-07 
 2.88000000e-01  4.99942987e-07 
 2.89000000e-01  5.11803469e-07 
 2.90000000e-01  5.23941918e-07 
 2.91000000e-01  5.36364732e-07 
 2.92000000e-01  5.49078454e-07 
 2.93000000e-01  5.62089775e-07 
 2.94000000e-01  5.75405535e-07 
 2.95000000e-01  5.89032727e-07 
 2.96000000e-01  6.02978500e-07 
 2.97000000e-01  6.17250163e-07 
 2.98000000e-01  6.31855189e-07 
 2.99000000e-01  6.46801217e-07 
 3.00000000e-01  6.62096057e-07 
 3.01000000e-01  6.77747691e-07 
 3.02000000e-01  6.93764282e-07 
 3.03000000e-01  7.10154171e-07 
 3.04000000e-01  7.26925887e-07 
 3.05000000e-01  7.44088147e-07 
 3.06000000e-01  7.61649862e-07 
 3.07000000e-01  7.79620140e-07 
 3.08000000e-01  7.98008290e-07 
 3.09000000e-01  8.16823829e-07 
 3.10000000e-01  8.36076483e-07 
 3.11000000e-01  8.55776193e-07 
 3.12000000e-01  8.75933118e-07 
 3.13000000e-01  8.96557645e-07 
 3.14000000e-01  9.17660385e-07 
 3.15000000e-01  9.39252185e-07 
 3.16000000e-01  9.61344131e-07 
 3.17000000e-01  9.83947551e-07 
 3.18000000e-01  1.00707402e-06 
 3.19000000e-01  1.03073538e-06 
 3.20000000e-01  1.05494371e-06 
 3.21000000e-01  1.07971137e-06 
 3.22000000e-01  1.10505098e-06 
 3.23000000e-01  1.13097545e-06 
 3.24000000e-01  1.15749796e-06 
 3.25000000e-01  1.18463198e-06 
 3.26000000e-01  1.21239127e-06 
 3.27000000e-01  1.24078991e-06 
 3.28000000e-01  1.26984225e-06 
 3.29000000e-01  1.29956298e-06 
 3.30000000e-01  1.32996710e-06 
 3.31000000e-01  1.36106994e-06 
 3.32000000e-01  1.39288716e-06 
 3.33000000e-01  1.42543475e-06 
 3.34000000e-01  1.45872906e-06 
 3.35000000e-01  1.49278679e-06 
 3.36000000e-01  1.52762500e-06 
 3.37000000e-01  1.56326110e-06 
 3.38000000e-01  1.59971290e-06 
 3.39000000e-01  1.63699860e-06 
 3.40000000e-01  1.67513675e-06 
 3.41000000e-01  1.71414635e-06 
 3.42000000e-01  1.75404677e-06 
 3.43000000e-01  1.79485781e-06 
 3.44000000e-01  1.83659971e-06 
 3.45000000e-01  1.87929310e-06 
 3.46000000e-01  1.92295911e-06 
 3.47000000e-01  1.96761927e-06 
 3.48000000e-01  2.01329559e-06 
 3.49000000e-01  2.06001057e-06 
 3.50000000e-01  2.10778716e-06 
 3.51000000e-01  2.15664882e-06 
 3.52000000e-01  2.20661948e-06 
 3.53000000e-01  2.25772362e-06 
 3.54000000e-01  2.30998622e-06 
 3.55000000e-01  2.36343277e-06 
 3.56000000e-01  2.41808935e-06 
 3.57000000e-01  2.47398255e-06 
 3.58000000e-01  2.53113954e-06 
 3.59000000e-01  2.58958806e-06 
 3.60000000e-01  2.64935646e-06 
 3.61000000e-01  2.71047365e-06 
 3.62000000e-01  2.77296918e-06 
 3.63000000e-01  2.83687323e-06 
 3.64000000e-01  2.90221658e-06 
 3.65000000e-01  2.96903069e-06 
 3.66000000e-01  3.03734768e-06 
 3.67000000e-01  3.10720034e-06 
 3.68000000e-01  3.17862215e-06 
 3.69000000e-01  3.25164729e-06 
 3.70000000e-01  3.32631067e-06 
 3.71000000e-01  3.40264793e-06 
 3.72000000e-01  3.48069544e-06 
 3.73000000e-01  3.56049036e-06 
 3.74000000e-01  3.64207061e-06 
 3.75000000e-01  3.72547492e-06 
 3.76000000e-01  3.81074281e-06 
 3.77000000e-01  3.89791465e-06 
 3.78000000e-01  3.98703164e-06 
 3.79000000e-01  4.07813584e-06 
 3.80000000e-01  4.17127020e-06 
 3.81000000e-01  4.26647856e-06 
 3.82000000e-01  4.36380567e-06 
 3.83000000e-01  4.46329723e-06 
 3.84000000e-01  4.56499989e-06 
 3.85000000e-01  4.66896124e-06 
 3.86000000e-01  4.77522992e-06 
 3.87000000e-01  4.88385553e-06 
 3.88000000e-01  4.99488874e-06 
 3.89000000e-01  5.10838125e-06 
 3.90000000e-01  5.22438585e-06 
 3.91000000e-01  5.34295644e-06 
 3.92000000e-01  5.46414800e-06 
 3.93000000e-01  5.58801671e-06 
 3.94000000e-01  5.71461987e-06 
 3.95000000e-01  5.84401601e-06 
 3.96000000e-01  5.97626485e-06 
 3.97000000e-01  6.11142735e-06 
 3.98000000e-01  6.24956577e-06 
 3.99000000e-01  6.39074363e-06 
 4.00000000e-01  6.53502579e-06 
 4.01000000e-01  6.68247845e-06 
 4.02000000e-01  6.83316919e-06 
 4.03000000e-01  6.98716699e-06 
 4.04000000e-01  7.14454227e-06 
 4.05000000e-01  7.30536692e-06 
 4.06000000e-01  7.46971430e-06 
 4.07000000e-01  7.63765932e-06 
 4.08000000e-01  7.80927845e-06 
 4.09000000e-01  7.98464973e-06 
 4.10000000e-01  8.16385285e-06 
 4.11000000e-01  8.34696912e-06 
 4.12000000e-01  8.53408160e-06 
 4.13000000e-01  8.72527502e-06 
 4.14000000e-01  8.92063591e-06 
 4.15000000e-01  9.12025261e-06 
 4.16000000e-01  9.32421526e-06 
 4.17000000e-01  9.53261593e-06 
 4.18000000e-01  9.74554858e-06 
 4.19000000e-01  9.96310913e-06 
 4.20000000e-01  1.01853955e-05 
 4.21000000e-01  1.04125077e-05 
 4.22000000e-01  1.06445478e-05 
 4.23000000e-01  1.08816199e-05 
 4.24000000e-01  1.11238305e-05 
 4.25000000e-01  1.13712881e-05 
 4.26000000e-01  1.16241037e-05 
 4.27000000e-01  1.18823904e-05 
 4.28000000e-01  1.21462638e-05 
 4.29000000e-01  1.24158419e-05 
 4.30000000e-01  1.26912451e-05 
 4.31000000e-01  1.29725966e-05 
 4.32000000e-01  1.32600217e-05 
 4.33000000e-01  1.35536489e-05 
 4.34000000e-01  1.38536089e-05 
 4.35000000e-01  1.41600355e-05 
 4.36000000e-01  1.44730651e-05 
 4.37000000e-01  1.47928372e-05 
 4.38000000e-01  1.51194939e-05 
 4.39000000e-01  1.54531807e-05 
 4.40000000e-01  1.57940459e-05 
 4.41000000e-01  1.61422409e-05 
 4.42000000e-01  1.64979206e-05 
 4.43000000e-01  1.68612428e-05 
 4.44000000e-01  1.72323688e-05 
 4.45000000e-01  1.76114635e-05 
 4.46000000e-01  1.79986949e-05 
 4.47000000e-01  1.83942350e-05 
 4.48000000e-01  1.87982590e-05 
 4.49000000e-01  1.92109462e-05 
 4.50000000e-01  1.96324794e-05 
 4.51000000e-01  2.00630455e-05 
 4.52000000e-01  2.05028352e-05 
 4.53000000e-01  2.09520435e-05 
 4.54000000e-01  2.14108692e-05 
 4.55000000e-01  2.18795156e-05 
 4.56000000e-01  2.23581901e-05 
 4.57000000e-01  2.28471047e-05 
 4.58000000e-01  2.33464758e-05 
 4.59000000e-01  2.38565245e-05 
 4.60000000e-01  2.43774764e-05 
 4.61000000e-01  2.49095622e-05 
 4.62000000e-01  2.54530171e-05 
 4.63000000e-01  2.60080817e-05 
 4.64000000e-01  2.65750015e-05 
 4.65000000e-01  2.71540272e-05 
 4.66000000e-01  2.77454150e-05 
 4.67000000e-01  2.83494263e-05 
 4.68000000e-01  2.89663282e-05 
 4.69000000e-01  2.95963934e-05 
 4.70000000e-01  3.02399005e-05 
 4.71000000e-01  3.08971339e-05 
 4.72000000e-01  3.15683840e-05 
 4.73000000e-01  3.22539474e-05 
 4.74000000e-01  3.29541269e-05 
 4.75000000e-01  3.36692318e-05 
 4.76000000e-01  3.43995779e-05 
 4.77000000e-01  3.51454875e-05 
 4.78000000e-01  3.59072899e-05 
 4.79000000e-01  3.66853212e-05 
 4.80000000e-01  3.74799245e-05 
 4.81000000e-01  3.82914502e-05 
 4.82000000e-01  3.91202560e-05 
 4.83000000e-01  3.99667070e-05 
 4.84000000e-01  4.08311760e-05 
 4.85000000e-01  4.17140434e-05 
 4.86000000e-01  4.26156977e-05 
 4.87000000e-01  4.35365353e-05 
 4.88000000e-01  4.44769607e-05 
 4.89000000e-01  4.54373870e-05 
 4.90000000e-01  4.64182355e-05 
 4.91000000e-01  4.74199363e-05 
 4.92000000e-01  4.84429283e-05 
 4.93000000e-01  4.94876592e-05 
 4.94000000e-01  5.05545858e-05 
 4.95000000e-01  5.16441742e-05 
 4.96000000e-01  5.27568999e-05 
 4.97000000e-01  5.38932479e-05 
 4.98000000e-01  5.50537129e-05 
 4.99000000e-01  5.62387995e-05 
 5.00000000e-01  5.74490221e-05 
 5.01000000e-01  5.86849056e-05 
 5.02000000e-01  5.99469849e-05 
 5.03000000e-01  6.12358055e-05 
 5.04000000e-01  6.25519234e-05 
 5.05000000e-01  6.38959055e-05 
 5.06000000e-01  6.52683296e-05 
 5.07000000e-01  6.66697843e-05 
 5.08000000e-01  6.81008699e-05 
 5.09000000e-01  6.95621974e-05 
 5.10000000e-01  7.10543899e-05 
 5.11000000e-01  7.25780816e-05 
 5.12000000e-01  7.41339189e-05 
 5.13000000e-01  7.57225598e-05 
 5.14000000e-01  7.73446745e-05 
 5.15000000e-01  7.90009452e-05 
 5.16000000e-01  8.06920665e-05 
 5.17000000e-01  8.24187454e-05 
 5.18000000e-01  8.41817012e-05 
 5.19000000e-01  8.59816662e-05 
 5.20000000e-01  8.78193850e-05 
 5.21000000e-01  8.96956155e-05 
 5.22000000e-01  9.16111280e-05 
 5.23000000e-01  9.35667063e-05 
 5.24000000e-01  9.55631471e-05 
 5.25000000e-01  9.76012601e-05 
 5.26000000e-01  9.96818686e-05 
 5.27000000e-01  1.01805809e-04 
 5.28000000e-01  1.03973931e-04 
 5.29000000e-01  1.06187098e-04 
 5.30000000e-01  1.08446186e-04 
 5.31000000e-01  1.10752086e-04 
 5.32000000e-01  1.13105702e-04 
 5.33000000e-01  1.15507950e-04 
 5.34000000e-01  1.17959761e-04 
 5.35000000e-01  1.20462080e-04 
 5.36000000e-01  1.23015863e-04 
 5.37000000e-01  1.25622083e-04 
 5.38000000e-01  1.28281724e-04 
 5.39000000e-01  1.30995784e-04 
 5.40000000e-01  1.33765274e-04 
 5.41000000e-01  1.36591218e-04 
 5.42000000e-01  1.39474654e-04 
 5.43000000e-01  1.42416633e-04 
 5.44000000e-01  1.45418218e-04 
 5.45000000e-01  1.48480486e-04 
 5.46000000e-01  1.51604525e-04 
 5.47000000e-01  1.54791437e-04 
 5.48000000e-01  1.58042336e-04 
 5.49000000e-01  1.61358346e-04 
 5.50000000e-01  1.64740607e-04 
 5.51000000e-01  1.68190266e-04 
 5.52000000e-01  1.71708485e-04 
 5.53000000e-01  1.75296436e-04 
 5.54000000e-01  1.78955300e-04 
 5.55000000e-01  1.82686272e-04 
 5.56000000e-01  1.86490554e-04 
 5.57000000e-01  1.90369360e-04 
 5.58000000e-01  1.94323913e-04 
 5.59000000e-01  1.98355444e-04 
 5.60000000e-01  2.02465195e-04 
 5.61000000e-01  2.06654415e-04 
 5.62000000e-01  2.10924361e-04 
 5.63000000e-01  2.15276297e-04 
 5.64000000e-01  2.19711495e-04 
 5.65000000e-01  2.24231233e-04 
 5.66000000e-01  2.28836796e-04 
 5.67000000e-01  2.33529472e-04 
 5.68000000e-01  2.38310556e-04 
 5.69000000e-01  2.43181348e-04 
 5.70000000e-01  2.48143149e-04 
 5.71000000e-01  2.53197265e-04 
 5.72000000e-01  2.58345004e-04 
 5.73000000e-01  2.63587677e-04 
 5.74000000e-01  2.68926595e-04 
 5.75000000e-01  2.74363068e-04 
 5.76000000e-01  2.79898409e-04 
 5.77000000e-01  2.85533927e-04 
 5.78000000e-01  2.91270931e-04 
 5.79000000e-01  2.97110727e-04 
 5.80000000e-01  3.03054617e-04 
 5.81000000e-01  3.09103901e-04 
 5.82000000e-01  3.15259871e-04 
 5.83000000e-01  3.21523815e-04 
 5.84000000e-01  3.27897013e-04 
 5.85000000e-01  3.34380740e-04 
 5.86000000e-01  3.40976259e-04 
 5.87000000e-01  3.47684826e-04 
 5.88000000e-01  3.54507686e-04 
 5.89000000e-01  3.61446072e-04 
 5.90000000e-01  3.68501206e-04 
 5.91000000e-01  3.75674295e-04 
 5.92000000e-01  3.82966534e-04 
 5.93000000e-01  3.90379101e-04 
 5.94000000e-01  3.97913158e-04 
 5.95000000e-01  4.05569850e-04 
 5.96000000e-01  4.13350304e-04 
 5.97000000e-01  4.21255626e-04 
 5.98000000e-01  4.29286905e-04 
 5.99000000e-01  4.37445204e-04 
 6.00000000e-01  4.45731568e-04 
 6.01000000e-01  4.54147014e-04 
 6.02000000e-01  4.62692539e-04 
 6.03000000e-01  4.71369110e-04 
 6.04000000e-01  4.80177669e-04 
 6.05000000e-01  4.89119132e-04 
 6.06000000e-01  4.98194383e-04 
 6.07000000e-01  5.07404277e-04 
 6.08000000e-01  5.16749640e-04 
 6.09000000e-01  5.26231262e-04 
 6.10000000e-01  5.35849903e-04 
 6.11000000e-01  5.45606288e-04 
 6.12000000e-01  5.55501106e-04 
 6.13000000e-01  5.65535011e-04 
 6.14000000e-01  5.75708619e-04 
 6.15000000e-01  5.86022508e-04 
 6.16000000e-01  5.96477216e-04 
 6.17000000e-01  6.07073242e-04 
 6.18000000e-01  6.17811043e-04 
 6.19000000e-01  6.28691034e-04 
 6.20000000e-01  6.39713589e-04 
 6.21000000e-01  6.50879034e-04 
 6.22000000e-01  6.62187655e-04 
 6.23000000e-01  6.73639689e-04 
 6.24000000e-01  6.85235328e-04 
 6.25000000e-01  6.96974717e-04 
 6.26000000e-01  7.08857952e-04 
 6.27000000e-01  7.20885082e-04 
 6.28000000e-01  7.33056106e-04 
 6.29000000e-01  7.45370973e-04 
 6.30000000e-01  7.57829580e-04 
 6.31000000e-01  7.70431775e-04 
 6.32000000e-01  7.83177352e-04 
 6.33000000e-01  7.96066056e-04 
 6.34000000e-01  8.09097575e-04 
 6.35000000e-01  8.22271546e-04 
 6.36000000e-01  8.35587553e-04 
 6.37000000e-01  8.49045124e-04 
 6.38000000e-01  8.62643735e-04 
 6.39000000e-01  8.76382805e-04 
 6.40000000e-01  8.90261698e-04 
 6.41000000e-01  9.04279726e-04 
 6.42000000e-01  9.18436143e-04 
 6.43000000e-01  9.32730147e-04 
 6.44000000e-01  9.47160882e-04 
 6.45000000e-01  9.61727437e-04 
 6.46000000e-01  9.76428845e-04 
 6.47000000e-01  9.91264081e-04 
 6.48000000e-01  1.00623207e-03 
 6.49000000e-01  1.02133168e-03 
 6.50000000e-01  1.03656171e-03 
 6.51000000e-01  1.05192094e-03 
 6.52000000e-01  1.06740805e-03 
 6.53000000e-01  1.08302170e-03 
 6.54000000e-01  1.09876049e-03 
 6.55000000e-01  1.11462295e-03 
 6.56000000e-01  1.13060757e-03 
 6.57000000e-01  1.14671280e-03 
 6.58000000e-01  1.16293701e-03 
 6.59000000e-01  1.17927854e-03 
 6.60000000e-01  1.19573568e-03 
 6.61000000e-01  1.21230666e-03 
 6.62000000e-01  1.22898966e-03 
 6.63000000e-01  1.24578282e-03 
 6.64000000e-01  1.26268424e-03 
 6.65000000e-01  1.27969195e-03 
 6.66000000e-01  1.29680396e-03 
 6.67000000e-01  1.31401821e-03 
 6.68000000e-01  1.33133262e-03 
 6.69000000e-01  1.34874506e-03 
 6.70000000e-01  1.36625335e-03 
 6.71000000e-01  1.38385528e-03 
 6.72000000e-01  1.40154861e-03 
 6.73000000e-01  1.41933102e-03 
 6.74000000e-01  1.43720021e-03 
 6.75000000e-01  1.45515381e-03 
 6.76000000e-01  1.47318941e-03 
 6.77000000e-01  1.49130460e-03 
 6.78000000e-01  1.50949691e-03 
 6.79000000e-01  1.52776384e-03 
 6.80000000e-01  1.54610289e-03 
 6.81000000e-01  1.56451149e-03 
 6.82000000e-01  1.58298709e-03 
 6.83000000e-01  1.60152707e-03 
 6.84000000e-01  1.62012882e-03 
 6.85000000e-01  1.63878969e-03 
 6.86000000e-01  1.65750703e-03 
 6.87000000e-01  1.67627814e-03 
 6.88000000e-01  1.69510033e-03 
 6.89000000e-01  1.71397089e-03 
 6.90000000e-01  1.73288708e-03 
 6.91000000e-01  1.75184617e-03 
 6.92000000e-01  1.77084539e-03 
 6.93000000e-01  1.78988199e-03 
 6.94000000e-01  1.80895320e-03 
 6.95000000e-01  1.82805623e-03 
 6.96000000e-01  1.84718831e-03 
 6.97000000e-01  1.86634665e-03 
 6.98000000e-01  1.88552846e-03 
 6.99000000e-01  1.90473095e-03 
 7.00000000e-01  1.92395134e-03 
 7.01000000e-01  1.94318684e-03 
 7.02000000e-01  1.96243466e-03 
 7.03000000e-01  1.98169204e-03 
 7.04000000e-01  2.00095620e-03 
 7.05000000e-01  2.02022437e-03 
 7.06000000e-01  2.03949382e-03 
 7.07000000e-01  2.05876181e-03 
 7.08000000e-01  2.07802559e-03 
 7.09000000e-01  2.09728246e-03 
 7.10000000e-01  2.11652972e-03 
 7.11000000e-01  2.13576469e-03 
 7.12000000e-01  2.15498470e-03 
 7.13000000e-01  2.17418711e-03 
 7.14000000e-01  2.19336929e-03 
 7.15000000e-01  2.21252864e-03 
 7.16000000e-01  2.23166258e-03 
 7.17000000e-01  2.25076855e-03 
 7.18000000e-01  2.26984402e-03 
 7.19000000e-01  2.28888648e-03 
 7.20000000e-01  2.30789345e-03 
 7.21000000e-01  2.32686248e-03 
 7.22000000e-01  2.34579115e-03 
 7.23000000e-01  2.36467707e-03 
 7.24000000e-01  2.38351788e-03 
 7.25000000e-01  2.40231124e-03 
 7.26000000e-01  2.42105486e-03 
 7.27000000e-01  2.43974648e-03 
 7.28000000e-01  2.45838388e-03 
 7.29000000e-01  2.47696485e-03 
 7.30000000e-01  2.49548724e-03 
 7.31000000e-01  2.51394893e-03 
 7.32000000e-01  2.53234783e-03 
 7.33000000e-01  2.55068191e-03 
 7.34000000e-01  2.56894915e-03 
 7.35000000e-01  2.58714758e-03 
 7.36000000e-01  2.60527528e-03 
 7.37000000e-01  2.62333036e-03 
 7.38000000e-01  2.64131098e-03 
 7.39000000e-01  2.65921531e-03 
 7.40000000e-01  2.67704160e-03 
 7.41000000e-01  2.69478813e-03 
 7.42000000e-01  2.71245320e-03 
 7.43000000e-01  2.73003518e-03 
 7.44000000e-01  2.74753248e-03 
 7.45000000e-01  2.76494353e-03 
 7.46000000e-01  2.78226682e-03 
 7.47000000e-01  2.79950089e-03 
 7.48000000e-01  2.81664431e-03 
 7.49000000e-01  2.83369568e-03 
 7.50000000e-01  2.85065368e-03 
 7.51000000e-01  2.86751701e-03 
 7.52000000e-01  2.88428440e-03 
 7.53000000e-01  2.90095466e-03 
 7.54000000e-01  2.91752660e-03 
 7.55000000e-01  2.93399911e-03 
 7.56000000e-01  2.95037111e-03 
 7.57000000e-01  2.96664155e-03 
 7.58000000e-01  2.98280943e-03 
 7.59000000e-01  2.99887381e-03 
 7.60000000e-01  3.01483377e-03 
 7.61000000e-01  3.03068844e-03 
 7.62000000e-01  3.04643698e-03 
 7.63000000e-01  3.06207862e-03 
 7.64000000e-01  3.07761260e-03 
 7.65000000e-01  3.09303821e-03 
 7.66000000e-01  3.10835480e-03 
 7.67000000e-01  3.12356174e-03 
 7.68000000e-01  3.13865843e-03 
 7.69000000e-01  3.15364433e-03 
 7.70000000e-01  3.16851894e-03 
 7.71000000e-01  3.18328177e-03 
 7.72000000e-01  3.19793241e-03 
 7.73000000e-01  3.21247045e-03 
 7.74000000e-01  3.22689553e-03 
 7.75000000e-01  3.24120734e-03 
 7.76000000e-01  3.25540558e-03 
 7.77000000e-01  3.26949001e-03 
 7.78000000e-01  3.28346041e-03 
 7.79000000e-01  3.29731660e-03 
 7.80000000e-01  3.31105842e-03 
 7.81000000e-01  3.32468577e-03 
 7.82000000e-01  3.33819856e-03 
 7.83000000e-01  3.35159675e-03 
 7.84000000e-01  3.36488031e-03 
 7.85000000e-01  3.37804925e-03 
 7.86000000e-01  3.39110362e-03 
 7.87000000e-01  3.40404349e-03 
 7.88000000e-01  3.41686896e-03 
 7.89000000e-01  3.42958016e-03 
 7.90000000e-01  3.44217725e-03 
 7.91000000e-01  3.45466041e-03 
 7.92000000e-01  3.46702985e-03 
 7.93000000e-01  3.47928582e-03 
 7.94000000e-01  3.49142856e-03 
 7.95000000e-01  3.50345838e-03 
 7.96000000e-01  3.51537559e-03 
 7.97000000e-01  3.52718051e-03 
 7.98000000e-01  3.53887351e-03 
 7.99000000e-01  3.55045496e-03 
 8.00000000e-01  3.56192528e-03 
 8.01000000e-01  3.57328488e-03 
 8.02000000e-01  3.58453420e-03 
 8.03000000e-01  3.59567372e-03 
 8.04000000e-01  3.60670391e-03 
 8.05000000e-01  3.61762528e-03 
 8.06000000e-01  3.62843835e-03 
 8.07000000e-01  3.63914364e-03 
 8.08000000e-01  3.64974173e-03 
 8.09000000e-01  3.66023318e-03 
 8.10000000e-01  3.67061858e-03 
 8.11000000e-01  3.68089852e-03 
 8.12000000e-01  3.69107363e-03 
 8.13000000e-01  3.70114453e-03 
 8.14000000e-01  3.71111188e-03 
 8.15000000e-01  3.72097632e-03 
 8.16000000e-01  3.73073853e-03 
 8.17000000e-01  3.74039919e-03 
 8.18000000e-01  3.74995900e-03 
 8.19000000e-01  3.75941863e-03 
 8.20000000e-01  3.76877870e-03 
 8.21000000e-01  3.77804006e-03 
 8.22000000e-01  3.78720344e-03 
 8.23000000e-01  3.79626958e-03 
 8.24000000e-01  3.80523923e-03 
 8.25000000e-01  3.81411316e-03 
 8.26000000e-01  3.82289213e-03 
 8.27000000e-01  3.83157691e-03 
 8.28000000e-01  3.84016829e-03 
 8.29000000e-01  3.84866705e-03 
 8.30000000e-01  3.85707399e-03 
 8.31000000e-01  3.86538989e-03 
 8.32000000e-01  3.87361557e-03 
 8.33000000e-01  3.88175184e-03 
 8.34000000e-01  3.88979950e-03 
 8.35000000e-01  3.89775936e-03 
 8.36000000e-01  3.90563226e-03 
 8.37000000e-01  3.91341901e-03 
 8.38000000e-01  3.92112043e-03 
 8.39000000e-01  3.92873735e-03 
 8.40000000e-01  3.93627060e-03 
 8.41000000e-01  3.94372101e-03 
 8.42000000e-01  3.95108941e-03 
 8.43000000e-01  3.95837663e-03 
 8.44000000e-01  3.96558351e-03 
 8.45000000e-01  3.97271087e-03 
 8.46000000e-01  3.97975956e-03 
 8.47000000e-01  3.98673041e-03 
 8.48000000e-01  3.99362424e-03 
 8.49000000e-01  4.00044189e-03 
 8.50000000e-01  4.00718419e-03 
 8.51000000e-01  4.01385198e-03 
 8.52000000e-01  4.02044607e-03 
 8.53000000e-01  4.02696729e-03 
 8.54000000e-01  4.03341647e-03 
 8.55000000e-01  4.03979443e-03 
 8.56000000e-01  4.04610198e-03 
 8.57000000e-01  4.05233995e-03 
 8.58000000e-01  4.05850915e-03 
 8.59000000e-01  4.06461038e-03 
 8.60000000e-01  4.07064446e-03 
 8.61000000e-01  4.07661219e-03 
 8.62000000e-01  4.08251437e-03 
 8.63000000e-01  4.08835179e-03 
 8.64000000e-01  4.09412525e-03 
 8.65000000e-01  4.09983553e-03 
 8.66000000e-01  4.10548342e-03 
 8.67000000e-01  4.11106969e-03 
 8.68000000e-01  4.11659513e-03 
 8.69000000e-01  4.12206050e-03 
 8.70000000e-01  4.12746656e-03 
 8.71000000e-01  4.13281408e-03 
 8.72000000e-01  4.13810380e-03 
 8.73000000e-01  4.14333649e-03 
 8.74000000e-01  4.14851288e-03 
 8.75000000e-01  4.15363372e-03 
 8.76000000e-01  4.15869972e-03 
 8.77000000e-01  4.16371164e-03 
 8.78000000e-01  4.16867017e-03 
 8.79000000e-01  4.17357605e-03 
 8.80000000e-01  4.17842998e-03 
 8.81000000e-01  4.18323266e-03 
 8.82000000e-01  4.18798480e-03 
 8.83000000e-01  4.19268708e-03 
 8.84000000e-01  4.19734020e-03 
 8.85000000e-01  4.20194482e-03 
 8.86000000e-01  4.20650164e-03 
 8.87000000e-01  4.21101130e-03 
 8.88000000e-01  4.21547448e-03 
 8.89000000e-01  4.21989183e-03 
 8.90000000e-01  4.22426399e-03 
 8.91000000e-01  4.22859161e-03 
 8.92000000e-01  4.23287533e-03 
 8.93000000e-01  4.23711577e-03 
 8.94000000e-01  4.24131356e-03 
 8.95000000e-01  4.24546930e-03 
 8.96000000e-01  4.24958362e-03 
 8.97000000e-01  4.25365711e-03 
 8.98000000e-01  4.25769037e-03 
 8.99000000e-01  4.26168399e-03 
 9.00000000e-01  4.26563855e-03 
 9.01000000e-01  4.26955464e-03 
 9.02000000e-01  4.27343281e-03 
 9.03000000e-01  4.27727363e-03 
 9.04000000e-01  4.28107766e-03 
 9.05000000e-01  4.28484545e-03 
 9.06000000e-01  4.28857755e-03 
 9.07000000e-01  4.29227449e-03 
 9.08000000e-01  4.29593679e-03 
 9.09000000e-01  4.29956500e-03 
 9.10000000e-01  4.30315961e-03 
 9.11000000e-01  4.30672115e-03 
 9.12000000e-01  4.31025012e-03 
 9.13000000e-01  4.31374702e-03 
 9.14000000e-01  4.31721234e-03 
 9.15000000e-01  4.32064656e-03 
 9.16000000e-01  4.32405017e-03 
 9.17000000e-01  4.32742363e-03 
 9.18000000e-01  4.33076743e-03 
 9.19000000e-01  4.33408200e-03 
 9.20000000e-01  4.33736782e-03 
 9.21000000e-01  4.34062532e-03 
 9.22000000e-01  4.34385496e-03 
 9.23000000e-01  4.34705716e-03 
 9.24000000e-01  4.35023235e-03 
 9.25000000e-01  4.35338097e-03 
 9.26000000e-01  4.35650342e-03 
 9.27000000e-01  4.35960013e-03 
 9.28000000e-01  4.36267149e-03 
 9.29000000e-01  4.36571791e-03 
 9.30000000e-01  4.36873978e-03 
 9.31000000e-01  4.37173749e-03 
 9.32000000e-01  4.37471142e-03 
 9.33000000e-01  4.37766195e-03 
 9.34000000e-01  4.38058946e-03 
 9.35000000e-01  4.38349430e-03 
 9.36000000e-01  4.38637685e-03 
 9.37000000e-01  4.38923745e-03 
 9.38000000e-01  4.39207645e-03 
 9.39000000e-01  4.39489421e-03 
 9.40000000e-01  4.39769105e-03 
 9.41000000e-01  4.40046732e-03 
 9.42000000e-01  4.40322334e-03 
 9.43000000e-01  4.40595943e-03 
 9.44000000e-01  4.40867592e-03 
 9.45000000e-01  4.41137312e-03 
 9.46000000e-01  4.41405133e-03 
 9.47000000e-01  4.41671087e-03 
 9.48000000e-01  4.41935202e-03 
 9.49000000e-01  4.42197508e-03 
 9.50000000e-01  4.42458034e-03 
 9.51000000e-01  4.42716809e-03 
 9.52000000e-01  4.42973861e-03 
 9.53000000e-01  4.43229217e-03 
 9.54000000e-01  4.43482903e-03 
 9.55000000e-01  4.43734947e-03 
 9.56000000e-01  4.43985375e-03 
 9.57000000e-01  4.44234213e-03 
 9.58000000e-01  4.44481485e-03 
 9.59000000e-01  4.44727217e-03 
 9.60000000e-01  4.44971433e-03 
 9.61000000e-01  4.45214156e-03 
 9.62000000e-01  4.45455412e-03 
 9.63000000e-01  4.45695221e-03 
 9.64000000e-01  4.45933609e-03 
 9.65000000e-01  4.46170596e-03 
 9.66000000e-01  4.46406204e-03 
 9.67000000e-01  4.46640456e-03 
 9.68000000e-01  4.46873373e-03 
 9.69000000e-01  4.47104974e-03 
 9.70000000e-01  4.47335282e-03 
 9.71000000e-01  4.47564314e-03 
 9.72000000e-01  4.47792093e-03 
 9.73000000e-01  4.48018636e-03 
 9.74000000e-01  4.48243962e-03 
 9.75000000e-01  4.48468091e-03 
 9.76000000e-01  4.48691040e-03 
 9.77000000e-01  4.48912828e-03 
 9.78000000e-01  4.49133472e-03 
 9.79000000e-01  4.49352989e-03 
 9.80000000e-01  4.49571396e-03 
 9.81000000e-01  4.49788710e-03 
 9.82000000e-01  4.50004947e-03 
 9.83000000e-01  4.50220123e-03 
 9.84000000e-01  4.50434254e-03 
 9.85000000e-01  4.50647355e-03 
 9.86000000e-01  4.50859442e-03 
 9.87000000e-01  4.51070528e-03 
 9.88000000e-01  4.51280628e-03 
 9.89000000e-01  4.51489758e-03 
 9.90000000e-01  4.51697929e-03 
 9.91000000e-01  4.51905157e-03 
 9.92000000e-01  4.52111454e-03 
 9.93000000e-01  4.52316834e-03 
 9.94000000e-01  4.52521309e-03 
 9.95000000e-01  4.52724892e-03 
 9.96000000e-01  4.52927596e-03 
 9.97000000e-01  4.53129432e-03 
 9.98000000e-01  4.53330411e-03 
 9.99000000e-01  4.53530547e-03 
 1.00000000e+00  4.53729849e-03 
 1.00100000e+00  4.53928330e-03 
 1.00200000e+00  4.54125999e-03 
 1.00300000e+00  4.54322868e-03 
 1.00400000e+00  4.54518947e-03 
 1.00500000e+00  4.54714245e-03 
 1.00600000e+00  4.54908774e-03 
 1.00700000e+00  4.55102542e-03 
 1.00800000e+00  4.55295560e-03 
 1.00900000e+00  4.55487836e-03 
 1.01000000e+00  4.55679380e-03 
 1.01100000e+00  4.55870201e-03 
 1.01200000e+00  4.56060306e-03 
 1.01300000e+00  4.56249706e-03 
 1.01400000e+00  4.56438407e-03 
 1.01500000e+00  4.56626419e-03 
 1.01600000e+00  4.56813749e-03 
 1.01700000e+00  4.57000405e-03 
 1.01800000e+00  4.57186394e-03 
 1.01900000e+00  4.57371725e-03 
 1.02000000e+00  4.57556403e-03 
 1.02100000e+00  4.57740437e-03 
 1.02200000e+00  4.57923833e-03 
 1.02300000e+00  4.58106598e-03 
 1.02400000e+00  4.58288738e-03 
 1.02500000e+00  4.58470261e-03 
 1.02600000e+00  4.58651171e-03 
 1.02700000e+00  4.58831476e-03 
 1.02800000e+00  4.59011182e-03 
 1.02900000e+00  4.59190293e-03 
 1.03000000e+00  4.59368816e-03 
 1.03100000e+00  4.59546757e-03 
 1.03200000e+00  4.59724120e-03 
 1.03300000e+00  4.59900912e-03 
 1.03400000e+00  4.60077137e-03 
 1.03500000e+00  4.60252800e-03 
 1.03600000e+00  4.60427906e-03 
 1.03700000e+00  4.60602460e-03 
 1.03800000e+00  4.60776466e-03 
 1.03900000e+00  4.60949929e-03 
 1.04000000e+00  4.61122854e-03 
 1.04100000e+00  4.61295245e-03 
 1.04200000e+00  4.61467105e-03 
 1.04300000e+00  4.61638439e-03 
 1.04400000e+00  4.61809251e-03 
 1.04500000e+00  4.61979545e-03 
 1.04600000e+00  4.62149325e-03 
 1.04700000e+00  4.62318593e-03 
 1.04800000e+00  4.62487354e-03 
 1.04900000e+00  4.62655611e-03 
 1.05000000e+00  4.62823367e-03 
 1.05100000e+00  4.62990626e-03 
 1.05200000e+00  4.63157391e-03 
 1.05300000e+00  4.63323665e-03 
 1.05400000e+00  4.63489450e-03 
 1.05500000e+00  4.63654750e-03 
 1.05600000e+00  4.63819568e-03 
 1.05700000e+00  4.63983906e-03 
 1.05800000e+00  4.64147766e-03 
 1.05900000e+00  4.64311152e-03 
 1.06000000e+00  4.64474066e-03 
 1.06100000e+00  4.64636511e-03 
 1.06200000e+00  4.64798487e-03 
 1.06300000e+00  4.64959999e-03 
 1.06400000e+00  4.65121048e-03 
 1.06500000e+00  4.65281636e-03 
 1.06600000e+00  4.65441765e-03 
 1.06700000e+00  4.65601437e-03 
 1.06800000e+00  4.65760655e-03 
 1.06900000e+00  4.65919419e-03 
 1.07000000e+00  4.66077732e-03 
 1.07100000e+00  4.66235596e-03 
 1.07200000e+00  4.66393011e-03 
 1.07300000e+00  4.66549981e-03 
 1.07400000e+00  4.66706505e-03 
 1.07500000e+00  4.66862587e-03 
 1.07600000e+00  4.67018226e-03 
 1.07700000e+00  4.67173426e-03 
 1.07800000e+00  4.67328186e-03 
 1.07900000e+00  4.67482509e-03 
 1.08000000e+00  4.67636395e-03 
 1.08100000e+00  4.67789845e-03 
 1.08200000e+00  4.67942862e-03 
 1.08300000e+00  4.68095445e-03 
 1.08400000e+00  4.68247597e-03 
 1.08500000e+00  4.68399317e-03 
 1.08600000e+00  4.68550608e-03 
 1.08700000e+00  4.68701469e-03 
 1.08800000e+00  4.68851902e-03 
 1.08900000e+00  4.69001908e-03 
 1.09000000e+00  4.69151487e-03 
 1.09100000e+00  4.69300641e-03 
 1.09200000e+00  4.69449369e-03 
 1.09300000e+00  4.69597674e-03 
 1.09400000e+00  4.69745554e-03 
 1.09500000e+00  4.69893012e-03 
 1.09600000e+00  4.70040047e-03 
 1.09700000e+00  4.70186660e-03 
 1.09800000e+00  4.70332852e-03 
 1.09900000e+00  4.70478624e-03 
 1.10000000e+00  4.70623975e-03 
 1.10100000e+00  4.70768906e-03 
 1.10200000e+00  4.70913418e-03 
 1.10300000e+00  4.71057511e-03 
 1.10400000e+00  4.71201186e-03 
 1.10500000e+00  4.71344442e-03 
 1.10600000e+00  4.71487280e-03 
 1.10700000e+00  4.71629701e-03 
 1.10800000e+00  4.71771704e-03 
 1.10900000e+00  4.71913291e-03 
 1.11000000e+00  4.72054461e-03 
 1.11100000e+00  4.72195214e-03 
 1.11200000e+00  4.72335551e-03 
 1.11300000e+00  4.72475472e-03 
 1.11400000e+00  4.72614977e-03 
 1.11500000e+00  4.72754066e-03 
 1.11600000e+00  4.72892739e-03 
 1.11700000e+00  4.73030997e-03 
 1.11800000e+00  4.73168840e-03 
 1.11900000e+00  4.73306267e-03 
 1.12000000e+00  4.73443278e-03 
 1.12100000e+00  4.73579875e-03 
 1.12200000e+00  4.73716057e-03 
 1.12300000e+00  4.73851823e-03 
 1.12400000e+00  4.73987174e-03 
 1.12500000e+00  4.74122110e-03 
 1.12600000e+00  4.74256631e-03 
 1.12700000e+00  4.74390737e-03 
 1.12800000e+00  4.74524428e-03 
 1.12900000e+00  4.74657703e-03 
 1.13000000e+00  4.74790564e-03 
 1.13100000e+00  4.74923009e-03 
 1.13200000e+00  4.75055039e-03 
 1.13300000e+00  4.75186653e-03 
 1.13400000e+00  4.75317852e-03 
 1.13500000e+00  4.75448636e-03 
 1.13600000e+00  4.75579003e-03 
 1.13700000e+00  4.75708955e-03 
 1.13800000e+00  4.75838492e-03 
 1.13900000e+00  4.75967612e-03 
 1.14000000e+00  4.76096316e-03 
 1.14100000e+00  4.76224604e-03 
 1.14200000e+00  4.76352476e-03 
 1.14300000e+00  4.76479931e-03 
 1.14400000e+00  4.76606970e-03 
 1.14500000e+00  4.76733592e-03 
 1.14600000e+00  4.76859797e-03 
 1.14700000e+00  4.76985586e-03 
 1.14800000e+00  4.77110957e-03 
 1.14900000e+00  4.77235911e-03 
 1.15000000e+00  4.77360447e-03 
 1.15100000e+00  4.77484566e-03 
 1.15200000e+00  4.77608267e-03 
 1.15300000e+00  4.77731550e-03 
 1.15400000e+00  4.77854416e-03 
 1.15500000e+00  4.77976863e-03 
 1.15600000e+00  4.78098891e-03 
 1.15700000e+00  4.78220502e-03 
 1.15800000e+00  4.78341693e-03 
 1.15900000e+00  4.78462466e-03 
 1.16000000e+00  4.78582820e-03 
 1.16100000e+00  4.78702754e-03 
 1.16200000e+00  4.78822270e-03 
 1.16300000e+00  4.78941365e-03 
 1.16400000e+00  4.79060042e-03 
 1.16500000e+00  4.79178298e-03 
 1.16600000e+00  4.79296135e-03 
 1.16700000e+00  4.79413551e-03 
 1.16800000e+00  4.79530548e-03 
 1.16900000e+00  4.79647124e-03 
 1.17000000e+00  4.79763279e-03 
 1.17100000e+00  4.79879014e-03 
 1.17200000e+00  4.79994328e-03 
 1.17300000e+00  4.80109221e-03 
 1.17400000e+00  4.80223693e-03 
 1.17500000e+00  4.80337744e-03 
 1.17600000e+00  4.80451374e-03 
 1.17700000e+00  4.80564582e-03 
 1.17800000e+00  4.80677368e-03 
 1.17900000e+00  4.80789733e-03 
 1.18000000e+00  4.80901676e-03 
 1.18100000e+00  4.81013198e-03 
 1.18200000e+00  4.81124297e-03 
 1.18300000e+00  4.81234974e-03 
 1.18400000e+00  4.81345229e-03 
 1.18500000e+00  4.81455062e-03 
 1.18600000e+00  4.81564472e-03 
 1.18700000e+00  4.81673460e-03 
 1.18800000e+00  4.81782025e-03 
 1.18900000e+00  4.81890168e-03 
 1.19000000e+00  4.81997888e-03 
 1.19100000e+00  4.82105185e-03 
 1.19200000e+00  4.82212059e-03 
 1.19300000e+00  4.82318511e-03 
 1.19400000e+00  4.82424539e-03 
 1.19500000e+00  4.82530145e-03 
 1.19600000e+00  4.82635327e-03 
 1.19700000e+00  4.82740086e-03 
 1.19800000e+00  4.82844423e-03 
 1.19900000e+00  4.82948336e-03 
 1.20000000e+00  4.83051826e-03 
 1.20100000e+00  4.83154893e-03 
 1.20200000e+00  4.83257536e-03 
 1.20300000e+00  4.83359757e-03 
 1.20400000e+00  4.83461554e-03 
 1.20500000e+00  4.83562928e-03 
 1.20600000e+00  4.83663879e-03 
 1.20700000e+00  4.83764407e-03 
 1.20800000e+00  4.83864512e-03 
 1.20900000e+00  4.83964193e-03 
 1.21000000e+00  4.84063452e-03 
 1.21100000e+00  4.84162287e-03 
 1.21200000e+00  4.84260700e-03 
 1.21300000e+00  4.84358690e-03 
 1.21400000e+00  4.84456256e-03 
 1.21500000e+00  4.84553400e-03 
 1.21600000e+00  4.84650121e-03 
 1.21700000e+00  4.84746420e-03 
 1.21800000e+00  4.84842296e-03 
 1.21900000e+00  4.84937749e-03 
 1.22000000e+00  4.85032780e-03 
 1.22100000e+00  4.85127389e-03 
 1.22200000e+00  4.85221575e-03 
 1.22300000e+00  4.85315339e-03 
 1.22400000e+00  4.85408682e-03 
 1.22500000e+00  4.85501602e-03 
 1.22600000e+00  4.85594101e-03 
 1.22700000e+00  4.85686178e-03 
 1.22800000e+00  4.85777834e-03 
 1.22900000e+00  4.85869068e-03 
 1.23000000e+00  4.85959882e-03 
 1.23100000e+00  4.86050274e-03 
 1.23200000e+00  4.86140245e-03 
 1.23300000e+00  4.86229796e-03 
 1.23400000e+00  4.86318926e-03 
 1.23500000e+00  4.86407636e-03 
 1.23600000e+00  4.86495926e-03 
 1.23700000e+00  4.86583796e-03 
 1.23800000e+00  4.86671246e-03 
 1.23900000e+00  4.86758276e-03 
 1.24000000e+00  4.86844888e-03 
 1.24100000e+00  4.86931080e-03 
 1.24200000e+00  4.87016853e-03 
 1.24300000e+00  4.87102208e-03 
 1.24400000e+00  4.87187144e-03 
 1.24500000e+00  4.87271662e-03 
 1.24600000e+00  4.87355762e-03 
 1.24700000e+00  4.87439444e-03 
 1.24800000e+00  4.87522709e-03 
 1.24900000e+00  4.87605557e-03 
 1.25000000e+00  4.87687988e-03 
 1.25100000e+00  4.87770002e-03 
 1.25200000e+00  4.87851600e-03 
 1.25300000e+00  4.87932781e-03 
 1.25400000e+00  4.88013547e-03 
 1.25500000e+00  4.88093898e-03 
 1.25600000e+00  4.88173833e-03 
 1.25700000e+00  4.88253354e-03 
 1.25800000e+00  4.88332460e-03 
 1.25900000e+00  4.88411151e-03 
 1.26000000e+00  4.88489429e-03 
 1.26100000e+00  4.88567293e-03 
 1.26200000e+00  4.88644744e-03 
 1.26300000e+00  4.88721782e-03 
 1.26400000e+00  4.88798407e-03 
 1.26500000e+00  4.88874621e-03 
 1.26600000e+00  4.88950422e-03 
 1.26700000e+00  4.89025812e-03 
 1.26800000e+00  4.89100790e-03 
 1.26900000e+00  4.89175358e-03 
 1.27000000e+00  4.89249515e-03 
 1.27100000e+00  4.89323263e-03 
 1.27200000e+00  4.89396601e-03 
 1.27300000e+00  4.89469529e-03 
 1.27400000e+00  4.89542049e-03 
 1.27500000e+00  4.89614160e-03 
 1.27600000e+00  4.89685863e-03 
 1.27700000e+00  4.89757158e-03 
 1.27800000e+00  4.89828047e-03 
 1.27900000e+00  4.89898528e-03 
 1.28000000e+00  4.89968603e-03 
 1.28100000e+00  4.90038272e-03 
 1.28200000e+00  4.90107535e-03 
 1.28300000e+00  4.90176394e-03 
 1.28400000e+00  4.90244848e-03 
 1.28500000e+00  4.90312897e-03 
 1.28600000e+00  4.90380543e-03 
 1.28700000e+00  4.90447785e-03 
 1.28800000e+00  4.90514625e-03 
 1.28900000e+00  4.90581062e-03 
 1.29000000e+00  4.90647097e-03 
 1.29100000e+00  4.90712731e-03 
 1.29200000e+00  4.90777964e-03 
 1.29300000e+00  4.90842796e-03 
 1.29400000e+00  4.90907228e-03 
 1.29500000e+00  4.90971261e-03 
 1.29600000e+00  4.91034895e-03 
 1.29700000e+00  4.91098130e-03 
 1.29800000e+00  4.91160967e-03 
 1.29900000e+00  4.91223407e-03 
 1.30000000e+00  4.91285450e-03 
 1.30100000e+00  4.91347096e-03 
 1.30200000e+00  4.91408346e-03 
 1.30300000e+00  4.91469200e-03 
 1.30400000e+00  4.91529660e-03 
 1.30500000e+00  4.91589725e-03 
 1.30600000e+00  4.91649397e-03 
 1.30700000e+00  4.91708675e-03 
 1.30800000e+00  4.91767560e-03 
 1.30900000e+00  4.91826053e-03 
 1.31000000e+00  4.91884154e-03 
 1.31100000e+00  4.91941864e-03 
 1.31200000e+00  4.91999183e-03 
 1.31300000e+00  4.92056112e-03 
 1.31400000e+00  4.92112651e-03 
 1.31500000e+00  4.92168802e-03 
 1.31600000e+00  4.92224564e-03 
 1.31700000e+00  4.92279939e-03 
 1.31800000e+00  4.92334926e-03 
 1.31900000e+00  4.92389526e-03 
 1.32000000e+00  4.92443740e-03 
 1.32100000e+00  4.92497569e-03 
 1.32200000e+00  4.92551013e-03 
 1.32300000e+00  4.92604072e-03 
 1.32400000e+00  4.92656748e-03 
 1.32500000e+00  4.92709040e-03 
 1.32600000e+00  4.92760950e-03 
 1.32700000e+00  4.92812478e-03 
 1.32800000e+00  4.92863624e-03 
 1.32900000e+00  4.92914389e-03 
 1.33000000e+00  4.92964775e-03 
 1.33100000e+00  4.93014781e-03 
 1.33200000e+00  4.93064407e-03 
 1.33300000e+00  4.93113656e-03 
 1.33400000e+00  4.93162526e-03 
 1.33500000e+00  4.93211020e-03 
 1.33600000e+00  4.93259137e-03 
 1.33700000e+00  4.93306878e-03 
 1.33800000e+00  4.93354244e-03 
 1.33900000e+00  4.93401235e-03 
 1.34000000e+00  4.93447852e-03 
 1.34100000e+00  4.93494096e-03 
 1.34200000e+00  4.93539967e-03 
 1.34300000e+00  4.93585466e-03 
 1.34400000e+00  4.93630593e-03 
 1.34500000e+00  4.93675350e-03 
 1.34600000e+00  4.93719736e-03 
 1.34700000e+00  4.93763753e-03 
 1.34800000e+00  4.93807401e-03 
 1.34900000e+00  4.93850681e-03 
 1.35000000e+00  4.93893593e-03 
 1.35100000e+00  4.93936138e-03 
 1.35200000e+00  4.93978317e-03 
 1.35300000e+00  4.94020130e-03 
 1.35400000e+00  4.94061578e-03 
 1.35500000e+00  4.94102662e-03 
 1.35600000e+00  4.94143383e-03 
 1.35700000e+00  4.94183740e-03 
 1.35800000e+00  4.94223735e-03 
 1.35900000e+00  4.94263368e-03 
 1.36000000e+00  4.94302641e-03 
 1.36100000e+00  4.94341553e-03 
 1.36200000e+00  4.94380105e-03 
 1.36300000e+00  4.94418298e-03 
 1.36400000e+00  4.94456134e-03 
 1.36500000e+00  4.94493611e-03 
 1.36600000e+00  4.94530732e-03 
 1.36700000e+00  4.94567496e-03 
 1.36800000e+00  4.94603904e-03 
 1.36900000e+00  4.94639958e-03 
 1.37000000e+00  4.94675658e-03 
 1.37100000e+00  4.94711004e-03 
 1.37200000e+00  4.94745997e-03 
 1.37300000e+00  4.94780638e-03 
 1.37400000e+00  4.94814927e-03 
 1.37500000e+00  4.94848866e-03 
 1.37600000e+00  4.94882455e-03 
 1.37700000e+00  4.94915694e-03 
 1.37800000e+00  4.94948584e-03 
 1.37900000e+00  4.94981127e-03 
 1.38000000e+00  4.95013322e-03 
 1.38100000e+00  4.95045170e-03 
 1.38200000e+00  4.95076673e-03 
 1.38300000e+00  4.95107830e-03 
 1.38400000e+00  4.95138643e-03 
 1.38500000e+00  4.95169112e-03 
 1.38600000e+00  4.95199238e-03 
 1.38700000e+00  4.95229021e-03 
 1.38800000e+00  4.95258463e-03 
 1.38900000e+00  4.95287563e-03 
 1.39000000e+00  4.95316323e-03 
 1.39100000e+00  4.95344744e-03 
 1.39200000e+00  4.95372825e-03 
 1.39300000e+00  4.95400569e-03 
 1.39400000e+00  4.95427975e-03 
 1.39500000e+00  4.95455044e-03 
 1.39600000e+00  4.95481777e-03 
 1.39700000e+00  4.95508174e-03 
 1.39800000e+00  4.95534237e-03 
 1.39900000e+00  4.95559966e-03 
 1.40000000e+00  4.95585362e-03 
 1.40100000e+00  4.95610425e-03 
 1.40200000e+00  4.95635156e-03 
 1.40300000e+00  4.95659556e-03 
 1.40400000e+00  4.95683625e-03 
 1.40500000e+00  4.95707365e-03 
 1.40600000e+00  4.95730776e-03 
 1.40700000e+00  4.95753859e-03 
 1.40800000e+00  4.95776614e-03 
 1.40900000e+00  4.95799042e-03 
 1.41000000e+00  4.95821144e-03 
 1.41100000e+00  4.95842920e-03 
 1.41200000e+00  4.95864372e-03 
 1.41300000e+00  4.95885499e-03 
 1.41400000e+00  4.95906304e-03 
 1.41500000e+00  4.95926786e-03 
 1.41600000e+00  4.95946945e-03 
 1.41700000e+00  4.95966784e-03 
 1.41800000e+00  4.95986302e-03 
 1.41900000e+00  4.96005501e-03 
 1.42000000e+00  4.96024380e-03 
 1.42100000e+00  4.96042941e-03 
 1.42200000e+00  4.96061185e-03 
 1.42300000e+00  4.96079112e-03 
 1.42400000e+00  4.96096722e-03 
 1.42500000e+00  4.96114017e-03 
 1.42600000e+00  4.96130997e-03 
 1.42700000e+00  4.96147663e-03 
 1.42800000e+00  4.96164016e-03 
 1.42900000e+00  4.96180056e-03 
 1.43000000e+00  4.96195785e-03 
 1.43100000e+00  4.96211202e-03 
 1.43200000e+00  4.96226309e-03 
 1.43300000e+00  4.96241106e-03 
 1.43400000e+00  4.96255593e-03 
 1.43500000e+00  4.96269773e-03 
 1.43600000e+00  4.96283645e-03 
 1.43700000e+00  4.96297210e-03 
 1.43800000e+00  4.96310469e-03 
 1.43900000e+00  4.96323422e-03 
 1.44000000e+00  4.96336071e-03 
 1.44100000e+00  4.96348415e-03 
 1.44200000e+00  4.96360456e-03 
 1.44300000e+00  4.96372195e-03 
 1.44400000e+00  4.96383631e-03 
 1.44500000e+00  4.96394766e-03 
 1.44600000e+00  4.96405601e-03 
 1.44700000e+00  4.96416136e-03 
 1.44800000e+00  4.96426372e-03 
 1.44900000e+00  4.96436309e-03 
 1.45000000e+00  4.96445949e-03 
 1.45100000e+00  4.96455292e-03 
 1.45200000e+00  4.96464339e-03 
 1.45300000e+00  4.96473089e-03 
 1.45400000e+00  4.96481546e-03 
 1.45500000e+00  4.96489707e-03 
 1.45600000e+00  4.96497576e-03 
 1.45700000e+00  4.96505152e-03 
 1.45800000e+00  4.96512435e-03 
 1.45900000e+00  4.96519427e-03 
 1.46000000e+00  4.96526129e-03 
 1.46100000e+00  4.96532541e-03 
 1.46200000e+00  4.96538663e-03 
 1.46300000e+00  4.96544497e-03 
 1.46400000e+00  4.96550043e-03 
 1.46500000e+00  4.96555302e-03 
 1.46600000e+00  4.96560274e-03 
 1.46700000e+00  4.96564961e-03 
 1.46800000e+00  4.96569363e-03 
 1.46900000e+00  4.96573480e-03 
 1.47000000e+00  4.96577313e-03 
 1.47100000e+00  4.96580864e-03 
 1.47200000e+00  4.96584132e-03 
 1.47300000e+00  4.96587119e-03 
 1.47400000e+00  4.96589825e-03 
 1.47500000e+00  4.96592250e-03 
 1.47600000e+00  4.96594396e-03 
 1.47700000e+00  4.96596264e-03 
 1.47800000e+00  4.96597853e-03 
 1.47900000e+00  4.96599164e-03 
 1.48000000e+00  4.96600199e-03 
 1.48100000e+00  4.96600958e-03 
 1.48200000e+00  4.96601441e-03 
 1.48300000e+00  4.96601650e-03 
 1.48400000e+00  4.96601585e-03 
 1.48500000e+00  4.96601246e-03 
 1.48600000e+00  4.96600635e-03 
 1.48700000e+00  4.96599751e-03 
 1.48800000e+00  4.96598597e-03 
 1.48900000e+00  4.96597172e-03 
 1.49000000e+00  4.96595476e-03 
 1.49100000e+00  4.96593512e-03 
 1.49200000e+00  4.96591279e-03 
 1.49300000e+00  4.96588778e-03 
 1.49400000e+00  4.96586010e-03 
 1.49500000e+00  4.96582975e-03 
 1.49600000e+00  4.96579674e-03 
 1.49700000e+00  4.96576109e-03 
 1.49800000e+00  4.96572278e-03 
 1.49900000e+00  4.96568184e-03 
 1.50000000e+00  4.96563826e-03 
 1.50100000e+00  4.96559206e-03 
 1.50200000e+00  4.96554325e-03 
 1.50300000e+00  4.96549181e-03 
 1.50400000e+00  4.96543778e-03 
 1.50500000e+00  4.96538114e-03 
 1.50600000e+00  4.96532191e-03 
 1.50700000e+00  4.96526010e-03 
 1.50800000e+00  4.96519571e-03 
 1.50900000e+00  4.96512874e-03 
 1.51000000e+00  4.96505921e-03 
 1.51100000e+00  4.96498712e-03 
 1.51200000e+00  4.96491248e-03 
 1.51300000e+00  4.96483529e-03 
 1.51400000e+00  4.96475557e-03 
 1.51500000e+00  4.96467330e-03 
 1.51600000e+00  4.96458852e-03 
 1.51700000e+00  4.96450121e-03 
 1.51800000e+00  4.96441139e-03 
 1.51900000e+00  4.96431906e-03 
 1.52000000e+00  4.96422423e-03 
 1.52100000e+00  4.96412691e-03 
 1.52200000e+00  4.96402710e-03 
 1.52300000e+00  4.96392481e-03 
 1.52400000e+00  4.96382004e-03 
 1.52500000e+00  4.96371281e-03 
 1.52600000e+00  4.96360311e-03 
 1.52700000e+00  4.96349096e-03 
 1.52800000e+00  4.96337636e-03 
 1.52900000e+00  4.96325931e-03 
 1.53000000e+00  4.96313983e-03 
 1.53100000e+00  4.96301792e-03 
 1.53200000e+00  4.96289359e-03 
 1.53300000e+00  4.96276683e-03 
 1.53400000e+00  4.96263767e-03 
 1.53500000e+00  4.96250610e-03 
 1.53600000e+00  4.96237214e-03 
 1.53700000e+00  4.96223578e-03 
 1.53800000e+00  4.96209704e-03 
 1.53900000e+00  4.96195591e-03 
 1.54000000e+00  4.96181241e-03 
 1.54100000e+00  4.96166655e-03 
 1.54200000e+00  4.96151832e-03 
 1.54300000e+00  4.96136774e-03 
 1.54400000e+00  4.96121481e-03 
 1.54500000e+00  4.96105954e-03 
 1.54600000e+00  4.96090193e-03 
 1.54700000e+00  4.96074199e-03 
 1.54800000e+00  4.96057973e-03 
 1.54900000e+00  4.96041515e-03 
 1.55000000e+00  4.96024826e-03 
 1.55100000e+00  4.96007906e-03 
 1.55200000e+00  4.95990757e-03 
 1.55300000e+00  4.95973378e-03 
 1.55400000e+00  4.95955770e-03 
 1.55500000e+00  4.95937934e-03 
 1.55600000e+00  4.95919870e-03 
 1.55700000e+00  4.95901580e-03 
 1.55800000e+00  4.95883063e-03 
 1.55900000e+00  4.95864321e-03 
 1.56000000e+00  4.95845353e-03 
 1.56100000e+00  4.95826161e-03 
 1.56200000e+00  4.95806745e-03 
 1.56300000e+00  4.95787106e-03 
 1.56400000e+00  4.95767244e-03 
 1.56500000e+00  4.95747160e-03 
 1.56600000e+00  4.95726854e-03 
 1.56700000e+00  4.95706327e-03 
 1.56800000e+00  4.95685580e-03 
 1.56900000e+00  4.95664613e-03 
 1.57000000e+00  4.95643427e-03 
 1.57100000e+00  4.95622022e-03 
 1.57200000e+00  4.95600400e-03 
 1.57300000e+00  4.95578559e-03 
 1.57400000e+00  4.95556502e-03 
 1.57500000e+00  4.95534229e-03 
 1.57600000e+00  4.95511740e-03 
 1.57700000e+00  4.95489036e-03 
 1.57800000e+00  4.95466117e-03 
 1.57900000e+00  4.95442984e-03 
 1.58000000e+00  4.95419638e-03 
 1.58100000e+00  4.95396079e-03 
 1.58200000e+00  4.95372308e-03 
 1.58300000e+00  4.95348325e-03 
 1.58400000e+00  4.95324131e-03 
 1.58500000e+00  4.95299727e-03 
 1.58600000e+00  4.95275112e-03 
 1.58700000e+00  4.95250288e-03 
 1.58800000e+00  4.95225255e-03 
 1.58900000e+00  4.95200014e-03 
 1.59000000e+00  4.95174565e-03 
 1.59100000e+00  4.95148909e-03 
 1.59200000e+00  4.95123047e-03 
 1.59300000e+00  4.95096978e-03 
 1.59400000e+00  4.95070704e-03 
 1.59500000e+00  4.95044224e-03 
 1.59600000e+00  4.95017541e-03 
 1.59700000e+00  4.94990653e-03 
 1.59800000e+00  4.94963563e-03 
 1.59900000e+00  4.94936269e-03 
 1.60000000e+00  4.94908774e-03 
 1.60100000e+00  4.94881076e-03 
 1.60200000e+00  4.94853178e-03 
 1.60300000e+00  4.94825079e-03 
 1.60400000e+00  4.94796780e-03 
 1.60500000e+00  4.94768281e-03 
 1.60600000e+00  4.94739584e-03 
 1.60700000e+00  4.94710688e-03 
 1.60800000e+00  4.94681594e-03 
 1.60900000e+00  4.94652303e-03 
 1.61000000e+00  4.94622815e-03 
 1.61100000e+00  4.94593131e-03 
 1.61200000e+00  4.94563251e-03 
 1.61300000e+00  4.94533176e-03 
 1.61400000e+00  4.94502907e-03 
 1.61500000e+00  4.94472443e-03 
 1.61600000e+00  4.94441785e-03 
 1.61700000e+00  4.94410935e-03 
 1.61800000e+00  4.94379892e-03 
 1.61900000e+00  4.94348657e-03 
 1.62000000e+00  4.94317230e-03 
 1.62100000e+00  4.94285612e-03 
 1.62200000e+00  4.94253804e-03 
 1.62300000e+00  4.94221806e-03 
 1.62400000e+00  4.94189619e-03 
 1.62500000e+00  4.94157242e-03 
 1.62600000e+00  4.94124677e-03 
 1.62700000e+00  4.94091925e-03 
 1.62800000e+00  4.94058985e-03 
 1.62900000e+00  4.94025858e-03 
 1.63000000e+00  4.93992544e-03 
 1.63100000e+00  4.93959045e-03 
 1.63200000e+00  4.93925360e-03 
 1.63300000e+00  4.93891491e-03 
 1.63400000e+00  4.93857437e-03 
 1.63500000e+00  4.93823200e-03 
 1.63600000e+00  4.93788779e-03 
 1.63700000e+00  4.93754175e-03 
 1.63800000e+00  4.93719389e-03 
 1.63900000e+00  4.93684421e-03 
 1.64000000e+00  4.93649271e-03 
 1.64100000e+00  4.93613941e-03 
 1.64200000e+00  4.93578431e-03 
 1.64300000e+00  4.93542740e-03 
 1.64400000e+00  4.93506871e-03 
 1.64500000e+00  4.93470822e-03 
 1.64600000e+00  4.93434595e-03 
 1.64700000e+00  4.93398190e-03 
 1.64800000e+00  4.93361607e-03 
 1.64900000e+00  4.93324848e-03 
 1.65000000e+00  4.93287912e-03 
 1.65100000e+00  4.93250801e-03 
 1.65200000e+00  4.93213513e-03 
 1.65300000e+00  4.93176051e-03 
 1.65400000e+00  4.93138414e-03 
 1.65500000e+00  4.93100604e-03 
 1.65600000e+00  4.93062619e-03 
 1.65700000e+00  4.93024462e-03 
 1.65800000e+00  4.92986131e-03 
 1.65900000e+00  4.92947629e-03 
 1.66000000e+00  4.92908955e-03 
 1.66100000e+00  4.92870110e-03 
 1.66200000e+00  4.92831094e-03 
 1.66300000e+00  4.92791908e-03 
 1.66400000e+00  4.92752552e-03 
 1.66500000e+00  4.92713026e-03 
 1.66600000e+00  4.92673332e-03 
 1.66700000e+00  4.92633469e-03 
 1.66800000e+00  4.92593439e-03 
 1.66900000e+00  4.92553240e-03 
 1.67000000e+00  4.92512875e-03 
 1.67100000e+00  4.92472343e-03 
 1.67200000e+00  4.92431645e-03 
 1.67300000e+00  4.92390782e-03 
 1.67400000e+00  4.92349753e-03 
 1.67500000e+00  4.92308559e-03 
 1.67600000e+00  4.92267201e-03 
 1.67700000e+00  4.92225680e-03 
 1.67800000e+00  4.92183994e-03 
 1.67900000e+00  4.92142146e-03 
 1.68000000e+00  4.92100136e-03 
 1.68100000e+00  4.92057963e-03 
 1.68200000e+00  4.92015628e-03 
 1.68300000e+00  4.91973133e-03 
 1.68400000e+00  4.91930477e-03 
 1.68500000e+00  4.91887660e-03 
 1.68600000e+00  4.91844683e-03 
 1.68700000e+00  4.91801547e-03 
 1.68800000e+00  4.91758253e-03 
 1.68900000e+00  4.91714799e-03 
 1.69000000e+00  4.91671187e-03 
 1.69100000e+00  4.91627418e-03 
 1.69200000e+00  4.91583492e-03 
 1.69300000e+00  4.91539408e-03 
 1.69400000e+00  4.91495168e-03 
 1.69500000e+00  4.91450773e-03 
 1.69600000e+00  4.91406222e-03 
 1.69700000e+00  4.91361515e-03 
 1.69800000e+00  4.91316654e-03 
 1.69900000e+00  4.91271639e-03 
 1.70000000e+00  4.91226470e-03 
 1.70100000e+00  4.91181147e-03 
 1.70200000e+00  4.91135671e-03 
 1.70300000e+00  4.91090043e-03 
 1.70400000e+00  4.91044263e-03 
 1.70500000e+00  4.90998331e-03 
 1.70600000e+00  4.90952248e-03 
 1.70700000e+00  4.90906013e-03 
 1.70800000e+00  4.90859628e-03 
 1.70900000e+00  4.90813094e-03 
 1.71000000e+00  4.90766409e-03 
 1.71100000e+00  4.90719575e-03 
 1.71200000e+00  4.90672593e-03 
 1.71300000e+00  4.90625461e-03 
 1.71400000e+00  4.90578182e-03 
 1.71500000e+00  4.90530756e-03 
 1.71600000e+00  4.90483182e-03 
 1.71700000e+00  4.90435461e-03 
 1.71800000e+00  4.90387594e-03 
 1.71900000e+00  4.90339580e-03 
 1.72000000e+00  4.90291421e-03 
 1.72100000e+00  4.90243117e-03 
 1.72200000e+00  4.90194668e-03 
 1.72300000e+00  4.90146075e-03 
 1.72400000e+00  4.90097338e-03 
 1.72500000e+00  4.90048457e-03 
 1.72600000e+00  4.89999432e-03 
 1.72700000e+00  4.89950265e-03 
 1.72800000e+00  4.89900956e-03 
 1.72900000e+00  4.89851504e-03 
 1.73000000e+00  4.89801911e-03 
 1.73100000e+00  4.89752176e-03 
 1.73200000e+00  4.89702301e-03 
 1.73300000e+00  4.89652285e-03 
 1.73400000e+00  4.89602129e-03 
 1.73500000e+00  4.89551833e-03 
 1.73600000e+00  4.89501397e-03 
 1.73700000e+00  4.89450823e-03 
 1.73800000e+00  4.89400110e-03 
 1.73900000e+00  4.89349259e-03 
 1.74000000e+00  4.89298270e-03 
 1.74100000e+00  4.89247144e-03 
 1.74200000e+00  4.89195880e-03 
 1.74300000e+00  4.89144480e-03 
 1.74400000e+00  4.89092944e-03 
 1.74500000e+00  4.89041271e-03 
 1.74600000e+00  4.88989463e-03 
 1.74700000e+00  4.88937520e-03 
 1.74800000e+00  4.88885442e-03 
 1.74900000e+00  4.88833229e-03 
 1.75000000e+00  4.88780882e-03 
 1.75100000e+00  4.88728401e-03 
 1.75200000e+00  4.88675788e-03 
 1.75300000e+00  4.88623041e-03 
 1.75400000e+00  4.88570161e-03 
 1.75500000e+00  4.88517149e-03 
 1.75600000e+00  4.88464005e-03 
 1.75700000e+00  4.88410730e-03 
 1.75800000e+00  4.88357323e-03 
 1.75900000e+00  4.88303785e-03 
 1.76000000e+00  4.88250117e-03 
 1.76100000e+00  4.88196319e-03 
 1.76200000e+00  4.88142391e-03 
 1.76300000e+00  4.88088334e-03 
 1.76400000e+00  4.88034147e-03 
 1.76500000e+00  4.87979832e-03 
 1.76600000e+00  4.87925389e-03 
 1.76700000e+00  4.87870817e-03 
 1.76800000e+00  4.87816118e-03 
 1.76900000e+00  4.87761291e-03 
 1.77000000e+00  4.87706338e-03 
 1.77100000e+00  4.87651257e-03 
 1.77200000e+00  4.87596051e-03 
 1.77300000e+00  4.87540718e-03 
 1.77400000e+00  4.87485260e-03 
 1.77500000e+00  4.87429677e-03 
 1.77600000e+00  4.87373969e-03 
 1.77700000e+00  4.87318136e-03 
 1.77800000e+00  4.87262179e-03 
 1.77900000e+00  4.87206098e-03 
 1.78000000e+00  4.87149893e-03 
 1.78100000e+00  4.87093566e-03 
 1.78200000e+00  4.87037115e-03 
 1.78300000e+00  4.86980542e-03 
 1.78400000e+00  4.86923846e-03 
 1.78500000e+00  4.86867029e-03 
 1.78600000e+00  4.86810090e-03 
 1.78700000e+00  4.86753030e-03 
 1.78800000e+00  4.86695849e-03 
 1.78900000e+00  4.86638547e-03 
 1.79000000e+00  4.86581126e-03 
 1.79100000e+00  4.86523584e-03 
 1.79200000e+00  4.86465923e-03 
 1.79300000e+00  4.86408142e-03 
 1.79400000e+00  4.86350243e-03 
 1.79500000e+00  4.86292224e-03 
 1.79600000e+00  4.86234088e-03 
 1.79700000e+00  4.86175834e-03 
 1.79800000e+00  4.86117462e-03 
 1.79900000e+00  4.86058972e-03 
 1.80000000e+00  4.86000366e-03 
