 0.00000000e+00  1.90094974e-09 
 1.00000000e-03  1.94838326e-09 
 2.00000000e-03  1.99699944e-09 
 3.00000000e-03  2.04682773e-09 
 4.00000000e-03  2.09789832e-09 
 5.00000000e-03  2.15024215e-09 
 6.00000000e-03  2.20389091e-09 
 7.00000000e-03  2.25887710e-09 
 8.00000000e-03  2.31523402e-09 
 9.00000000e-03  2.37299580e-09 
 1.00000000e-02  2.43219740e-09 
 1.10000000e-02  2.49287469e-09 
 1.20000000e-02  2.55506438e-09 
 1.30000000e-02  2.61880412e-09 
 1.40000000e-02  2.68413251e-09 
 1.50000000e-02  2.75108908e-09 
 1.60000000e-02  2.81971435e-09 
 1.70000000e-02  2.89004986e-09 
 1.80000000e-02  2.96213815e-09 
 1.90000000e-02  3.03602286e-09 
 2.00000000e-02  3.11174869e-09 
 2.10000000e-02  3.18936143e-09 
 2.20000000e-02  3.26890805e-09 
 2.30000000e-02  3.35043666e-09 
 2.40000000e-02  3.43399655e-09 
 2.50000000e-02  3.51963828e-09 
 2.60000000e-02  3.60741361e-09 
 2.70000000e-02  3.69737563e-09 
 2.80000000e-02  3.78957871e-09 
 2.90000000e-02  3.88407861e-09 
 3.00000000e-02  3.98093244e-09 
 3.10000000e-02  4.08019873e-09 
 3.20000000e-02  4.18193748e-09 
 3.30000000e-02  4.28621016e-09 
 3.40000000e-02  4.39307977e-09 
 3.50000000e-02  4.50261089e-09 
 3.60000000e-02  4.61486968e-09 
 3.70000000e-02  4.72992394e-09 
 3.80000000e-02  4.84784315e-09 
 3.90000000e-02  4.96869854e-09 
 4.00000000e-02  5.09256307e-09 
 4.10000000e-02  5.21951154e-09 
 4.20000000e-02  5.34962056e-09 
 4.30000000e-02  5.48296869e-09 
 4.40000000e-02  5.61963640e-09 
 4.50000000e-02  5.75970617e-09 
 4.60000000e-02  5.90326252e-09 
 4.70000000e-02  6.05039205e-09 
 4.80000000e-02  6.20118354e-09 
 4.90000000e-02  6.35572792e-09 
 5.00000000e-02  6.51411842e-09 
 5.10000000e-02  6.67645054e-09 
 5.20000000e-02  6.84282216e-09 
 5.30000000e-02  7.01333359e-09 
 5.40000000e-02  7.18808760e-09 
 5.50000000e-02  7.36718954e-09 
 5.60000000e-02  7.55074733e-09 
 5.70000000e-02  7.73887157e-09 
 5.80000000e-02  7.93167561e-09 
 5.90000000e-02  8.12927560e-09 
 6.00000000e-02  8.33179054e-09 
 6.10000000e-02  8.53934240e-09 
 6.20000000e-02  8.75205615e-09 
 6.30000000e-02  8.97005986e-09 
 6.40000000e-02  9.19348475e-09 
 6.50000000e-02  9.42246531e-09 
 6.60000000e-02  9.65713932e-09 
 6.70000000e-02  9.89764799e-09 
 6.80000000e-02  1.01441360e-08 
 6.90000000e-02  1.03967516e-08 
 7.00000000e-02  1.06556468e-08 
 7.10000000e-02  1.09209772e-08 
 7.20000000e-02  1.11929023e-08 
 7.30000000e-02  1.14715856e-08 
 7.40000000e-02  1.17571946e-08 
 7.50000000e-02  1.20499009e-08 
 7.60000000e-02  1.23498803e-08 
 7.70000000e-02  1.26573132e-08 
 7.80000000e-02  1.29723841e-08 
 7.90000000e-02  1.32952822e-08 
 8.00000000e-02  1.36262014e-08 
 8.10000000e-02  1.39653403e-08 
 8.20000000e-02  1.43129025e-08 
 8.30000000e-02  1.46690965e-08 
 8.40000000e-02  1.50341361e-08 
 8.50000000e-02  1.54082402e-08 
 8.60000000e-02  1.57916332e-08 
 8.70000000e-02  1.61845449e-08 
 8.80000000e-02  1.65872109e-08 
 8.90000000e-02  1.69998726e-08 
 9.00000000e-02  1.74227772e-08 
 9.10000000e-02  1.78561781e-08 
 9.20000000e-02  1.83003350e-08 
 9.30000000e-02  1.87555138e-08 
 9.40000000e-02  1.92219871e-08 
 9.50000000e-02  1.97000340e-08 
 9.60000000e-02  2.01899409e-08 
 9.70000000e-02  2.06920006e-08 
 9.80000000e-02  2.12065138e-08 
 9.90000000e-02  2.17337880e-08 
 1.00000000e-01  2.22741385e-08 
 1.01000000e-01  2.28278885e-08 
 1.02000000e-01  2.33953688e-08 
 1.03000000e-01  2.39769187e-08 
 1.04000000e-01  2.45728854e-08 
 1.05000000e-01  2.51836251e-08 
 1.06000000e-01  2.58095023e-08 
 1.07000000e-01  2.64508907e-08 
 1.08000000e-01  2.71081731e-08 
 1.09000000e-01  2.77817417e-08 
 1.10000000e-01  2.84719983e-08 
 1.11000000e-01  2.91793546e-08 
 1.12000000e-01  2.99042323e-08 
 1.13000000e-01  3.06470636e-08 
 1.14000000e-01  3.14082909e-08 
 1.15000000e-01  3.21883680e-08 
 1.16000000e-01  3.29877593e-08 
 1.17000000e-01  3.38069409e-08 
 1.18000000e-01  3.46464003e-08 
 1.19000000e-01  3.55066372e-08 
 1.20000000e-01  3.63881633e-08 
 1.21000000e-01  3.72915030e-08 
 1.22000000e-01  3.82171932e-08 
 1.23000000e-01  3.91657843e-08 
 1.24000000e-01  4.01378399e-08 
 1.25000000e-01  4.11339375e-08 
 1.26000000e-01  4.21546686e-08 
 1.27000000e-01  4.32006393e-08 
 1.28000000e-01  4.42724702e-08 
 1.29000000e-01  4.53707974e-08 
 1.30000000e-01  4.64962722e-08 
 1.31000000e-01  4.76495621e-08 
 1.32000000e-01  4.88313505e-08 
 1.33000000e-01  5.00423378e-08 
 1.34000000e-01  5.12832412e-08 
 1.35000000e-01  5.25547956e-08 
 1.36000000e-01  5.38577536e-08 
 1.37000000e-01  5.51928862e-08 
 1.38000000e-01  5.65609832e-08 
 1.39000000e-01  5.79628535e-08 
 1.40000000e-01  5.93993259e-08 
 1.41000000e-01  6.08712491e-08 
 1.42000000e-01  6.23794925e-08 
 1.43000000e-01  6.39249466e-08 
 1.44000000e-01  6.55085237e-08 
 1.45000000e-01  6.71311580e-08 
 1.46000000e-01  6.87938066e-08 
 1.47000000e-01  7.04974496e-08 
 1.48000000e-01  7.22430911e-08 
 1.49000000e-01  7.40317594e-08 
 1.50000000e-01  7.58645076e-08 
 1.51000000e-01  7.77424147e-08 
 1.52000000e-01  7.96665854e-08 
 1.53000000e-01  8.16381515e-08 
 1.54000000e-01  8.36582719e-08 
 1.55000000e-01  8.57281338e-08 
 1.56000000e-01  8.78489529e-08 
 1.57000000e-01  9.00219743e-08 
 1.58000000e-01  9.22484734e-08 
 1.59000000e-01  9.45297561e-08 
 1.60000000e-01  9.68671601e-08 
 1.61000000e-01  9.92620552e-08 
 1.62000000e-01  1.01715844e-07 
 1.63000000e-01  1.04229964e-07 
 1.64000000e-01  1.06805887e-07 
 1.65000000e-01  1.09445118e-07 
 1.66000000e-01  1.12149201e-07 
 1.67000000e-01  1.14919717e-07 
 1.68000000e-01  1.17758284e-07 
 1.69000000e-01  1.20666558e-07 
 1.70000000e-01  1.23646238e-07 
 1.71000000e-01  1.26699061e-07 
 1.72000000e-01  1.29826806e-07 
 1.73000000e-01  1.33031296e-07 
 1.74000000e-01  1.36314397e-07 
 1.75000000e-01  1.39678020e-07 
 1.76000000e-01  1.43124121e-07 
 1.77000000e-01  1.46654705e-07 
 1.78000000e-01  1.50271822e-07 
 1.79000000e-01  1.53977573e-07 
 1.80000000e-01  1.57774109e-07 
 1.81000000e-01  1.61663633e-07 
 1.82000000e-01  1.65648399e-07 
 1.83000000e-01  1.69730717e-07 
 1.84000000e-01  1.73912950e-07 
 1.85000000e-01  1.78197520e-07 
 1.86000000e-01  1.82586903e-07 
 1.87000000e-01  1.87083639e-07 
 1.88000000e-01  1.91690323e-07 
 1.89000000e-01  1.96409617e-07 
 1.90000000e-01  2.01244242e-07 
 1.91000000e-01  2.06196988e-07 
 1.92000000e-01  2.11270707e-07 
 1.93000000e-01  2.16468322e-07 
 1.94000000e-01  2.21792825e-07 
 1.95000000e-01  2.27247276e-07 
 1.96000000e-01  2.32834813e-07 
 1.97000000e-01  2.38558643e-07 
 1.98000000e-01  2.44422052e-07 
 1.99000000e-01  2.50428404e-07 
 2.00000000e-01  2.56581141e-07 
 2.01000000e-01  2.62883788e-07 
 2.02000000e-01  2.69339951e-07 
 2.03000000e-01  2.75953325e-07 
 2.04000000e-01  2.82727688e-07 
 2.05000000e-01  2.89666911e-07 
 2.06000000e-01  2.96774954e-07 
 2.07000000e-01  3.04055869e-07 
 2.08000000e-01  3.11513808e-07 
 2.09000000e-01  3.19153017e-07 
 2.10000000e-01  3.26977842e-07 
 2.11000000e-01  3.34992733e-07 
 2.12000000e-01  3.43202243e-07 
 2.13000000e-01  3.51611033e-07 
 2.14000000e-01  3.60223872e-07 
 2.15000000e-01  3.69045643e-07 
 2.16000000e-01  3.78081340e-07 
 2.17000000e-01  3.87336078e-07 
 2.18000000e-01  3.96815088e-07 
 2.19000000e-01  4.06523726e-07 
 2.20000000e-01  4.16467472e-07 
 2.21000000e-01  4.26651932e-07 
 2.22000000e-01  4.37082847e-07 
 2.23000000e-01  4.47766089e-07 
 2.24000000e-01  4.58707667e-07 
 2.25000000e-01  4.69913730e-07 
 2.26000000e-01  4.81390570e-07 
 2.27000000e-01  4.93144626e-07 
 2.28000000e-01  5.05182486e-07 
 2.29000000e-01  5.17510891e-07 
 2.30000000e-01  5.30136737e-07 
 2.31000000e-01  5.43067082e-07 
 2.32000000e-01  5.56309147e-07 
 2.33000000e-01  5.69870317e-07 
 2.34000000e-01  5.83758153e-07 
 2.35000000e-01  5.97980385e-07 
 2.36000000e-01  6.12544927e-07 
 2.37000000e-01  6.27459870e-07 
 2.38000000e-01  6.42733495e-07 
 2.39000000e-01  6.58374273e-07 
 2.40000000e-01  6.74390869e-07 
 2.41000000e-01  6.90792148e-07 
 2.42000000e-01  7.07587179e-07 
 2.43000000e-01  7.24785237e-07 
 2.44000000e-01  7.42395811e-07 
 2.45000000e-01  7.60428608e-07 
 2.46000000e-01  7.78893557e-07 
 2.47000000e-01  7.97800812e-07 
 2.48000000e-01  8.17160762e-07 
 2.49000000e-01  8.36984030e-07 
 2.50000000e-01  8.57281484e-07 
 2.51000000e-01  8.78064239e-07 
 2.52000000e-01  8.99343661e-07 
 2.53000000e-01  9.21131376e-07 
 2.54000000e-01  9.43439276e-07 
 2.55000000e-01  9.66279520e-07 
 2.56000000e-01  9.89664545e-07 
 2.57000000e-01  1.01360707e-06 
 2.58000000e-01  1.03812010e-06 
 2.59000000e-01  1.06321693e-06 
 2.60000000e-01  1.08891116e-06 
 2.61000000e-01  1.11521671e-06 
 2.62000000e-01  1.14214779e-06 
 2.63000000e-01  1.16971895e-06 
 2.64000000e-01  1.19794506e-06 
 2.65000000e-01  1.22684131e-06 
 2.66000000e-01  1.25642326e-06 
 2.67000000e-01  1.28670680e-06 
 2.68000000e-01  1.31770818e-06 
 2.69000000e-01  1.34944402e-06 
 2.70000000e-01  1.38193130e-06 
 2.71000000e-01  1.41518739e-06 
 2.72000000e-01  1.44923005e-06 
 2.73000000e-01  1.48407743e-06 
 2.74000000e-01  1.51974808e-06 
 2.75000000e-01  1.55626098e-06 
 2.76000000e-01  1.59363551e-06 
 2.77000000e-01  1.63189151e-06 
 2.78000000e-01  1.67104923e-06 
 2.79000000e-01  1.71112940e-06 
 2.80000000e-01  1.75215317e-06 
 2.81000000e-01  1.79414220e-06 
 2.82000000e-01  1.83711861e-06 
 2.83000000e-01  1.88110501e-06 
 2.84000000e-01  1.92612450e-06 
 2.85000000e-01  1.97220071e-06 
 2.86000000e-01  2.01935778e-06 
 2.87000000e-01  2.06762039e-06 
 2.88000000e-01  2.11701374e-06 
 2.89000000e-01  2.16756360e-06 
 2.90000000e-01  2.21929632e-06 
 2.91000000e-01  2.27223881e-06 
 2.92000000e-01  2.32641856e-06 
 2.93000000e-01  2.38186370e-06 
 2.94000000e-01  2.43860293e-06 
 2.95000000e-01  2.49666562e-06 
 2.96000000e-01  2.55608174e-06 
 2.97000000e-01  2.61688195e-06 
 2.98000000e-01  2.67909755e-06 
 2.99000000e-01  2.74276055e-06 
 3.00000000e-01  2.80790363e-06 
 3.01000000e-01  2.87456021e-06 
 3.02000000e-01  2.94276440e-06 
 3.03000000e-01  3.01255107e-06 
 3.04000000e-01  3.08395586e-06 
 3.05000000e-01  3.15701516e-06 
 3.06000000e-01  3.23176615e-06 
 3.07000000e-01  3.30824683e-06 
 3.08000000e-01  3.38649601e-06 
 3.09000000e-01  3.46655333e-06 
 3.10000000e-01  3.54845931e-06 
 3.11000000e-01  3.63225533e-06 
 3.12000000e-01  3.71798365e-06 
 3.13000000e-01  3.80568745e-06 
 3.14000000e-01  3.89541086e-06 
 3.15000000e-01  3.98719892e-06 
 3.16000000e-01  4.08109766e-06 
 3.17000000e-01  4.17715410e-06 
 3.18000000e-01  4.27541626e-06 
 3.19000000e-01  4.37593321e-06 
 3.20000000e-01  4.47875503e-06 
 3.21000000e-01  4.58393292e-06 
 3.22000000e-01  4.69151914e-06 
 3.23000000e-01  4.80156708e-06 
 3.24000000e-01  4.91413129e-06 
 3.25000000e-01  5.02926745e-06 
 3.26000000e-01  5.14703245e-06 
 3.27000000e-01  5.26748440e-06 
 3.28000000e-01  5.39068264e-06 
 3.29000000e-01  5.51668776e-06 
 3.30000000e-01  5.64556168e-06 
 3.31000000e-01  5.77736760e-06 
 3.32000000e-01  5.91217008e-06 
 3.33000000e-01  6.05003506e-06 
 3.34000000e-01  6.19102989e-06 
 3.35000000e-01  6.33522332e-06 
 3.36000000e-01  6.48268560e-06 
 3.37000000e-01  6.63348844e-06 
 3.38000000e-01  6.78770510e-06 
 3.39000000e-01  6.94541039e-06 
 3.40000000e-01  7.10668068e-06 
 3.41000000e-01  7.27159401e-06 
 3.42000000e-01  7.44023003e-06 
 3.43000000e-01  7.61267013e-06 
 3.44000000e-01  7.78899737e-06 
 3.45000000e-01  7.96929662e-06 
 3.46000000e-01  8.15365452e-06 
 3.47000000e-01  8.34215958e-06 
 3.48000000e-01  8.53490214e-06 
 3.49000000e-01  8.73197451e-06 
 3.50000000e-01  8.93347091e-06 
 3.51000000e-01  9.13948760e-06 
 3.52000000e-01  9.35012286e-06 
 3.53000000e-01  9.56547704e-06 
 3.54000000e-01  9.78565266e-06 
 3.55000000e-01  1.00107544e-05 
 3.56000000e-01  1.02408891e-05 
 3.57000000e-01  1.04761660e-05 
 3.58000000e-01  1.07166965e-05 
 3.59000000e-01  1.09625945e-05 
 3.60000000e-01  1.12139763e-05 
 3.61000000e-01  1.14709605e-05 
 3.62000000e-01  1.17336685e-05 
 3.63000000e-01  1.20022241e-05 
 3.64000000e-01  1.22767538e-05 
 3.65000000e-01  1.25573867e-05 
 3.66000000e-01  1.28442547e-05 
 3.67000000e-01  1.31374925e-05 
 3.68000000e-01  1.34372378e-05 
 3.69000000e-01  1.37436310e-05 
 3.70000000e-01  1.40568157e-05 
 3.71000000e-01  1.43769384e-05 
 3.72000000e-01  1.47041489e-05 
 3.73000000e-01  1.50385999e-05 
 3.74000000e-01  1.53804478e-05 
 3.75000000e-01  1.57298519e-05 
 3.76000000e-01  1.60869751e-05 
 3.77000000e-01  1.64519839e-05 
 3.78000000e-01  1.68250482e-05 
 3.79000000e-01  1.72063416e-05 
 3.80000000e-01  1.75960413e-05 
 3.81000000e-01  1.79943284e-05 
 3.82000000e-01  1.84013880e-05 
 3.83000000e-01  1.88174089e-05 
 3.84000000e-01  1.92425841e-05 
 3.85000000e-01  1.96771108e-05 
 3.86000000e-01  2.01211903e-05 
 3.87000000e-01  2.05750283e-05 
 3.88000000e-01  2.10388348e-05 
 3.89000000e-01  2.15128247e-05 
 3.90000000e-01  2.19972169e-05 
 3.91000000e-01  2.24922355e-05 
 3.92000000e-01  2.29981093e-05 
 3.93000000e-01  2.35150720e-05 
 3.94000000e-01  2.40433622e-05 
 3.95000000e-01  2.45832238e-05 
 3.96000000e-01  2.51349060e-05 
 3.97000000e-01  2.56986631e-05 
 3.98000000e-01  2.62747552e-05 
 3.99000000e-01  2.68634478e-05 
 4.00000000e-01  2.74650122e-05 
 4.01000000e-01  2.80797254e-05 
 4.02000000e-01  2.87078707e-05 
 4.03000000e-01  2.93497371e-05 
 4.04000000e-01  3.00056201e-05 
 4.05000000e-01  3.06758215e-05 
 4.06000000e-01  3.13606494e-05 
 4.07000000e-01  3.20604189e-05 
 4.08000000e-01  3.27754516e-05 
 4.09000000e-01  3.35060761e-05 
 4.10000000e-01  3.42526280e-05 
 4.11000000e-01  3.50154501e-05 
 4.12000000e-01  3.57948928e-05 
 4.13000000e-01  3.65913136e-05 
 4.14000000e-01  3.74050779e-05 
 4.15000000e-01  3.82365591e-05 
 4.16000000e-01  3.90861381e-05 
 4.17000000e-01  3.99542044e-05 
 4.18000000e-01  4.08411554e-05 
 4.19000000e-01  4.17473974e-05 
 4.20000000e-01  4.26733450e-05 
 4.21000000e-01  4.36194216e-05 
 4.22000000e-01  4.45860598e-05 
 4.23000000e-01  4.55737012e-05 
 4.24000000e-01  4.65827967e-05 
 4.25000000e-01  4.76138067e-05 
 4.26000000e-01  4.86672015e-05 
 4.27000000e-01  4.97434609e-05 
 4.28000000e-01  5.08430750e-05 
 4.29000000e-01  5.19665440e-05 
 4.30000000e-01  5.31143786e-05 
 4.31000000e-01  5.42871000e-05 
 4.32000000e-01  5.54852402e-05 
 4.33000000e-01  5.67093422e-05 
 4.34000000e-01  5.79599603e-05 
 4.35000000e-01  5.92376597e-05 
 4.36000000e-01  6.05430177e-05 
 4.37000000e-01  6.18766229e-05 
 4.38000000e-01  6.32390760e-05 
 4.39000000e-01  6.46309898e-05 
 4.40000000e-01  6.60529893e-05 
 4.41000000e-01  6.75057121e-05 
 4.42000000e-01  6.89898085e-05 
 4.43000000e-01  7.05059415e-05 
 4.44000000e-01  7.20547871e-05 
 4.45000000e-01  7.36370349e-05 
 4.46000000e-01  7.52533874e-05 
 4.47000000e-01  7.69045612e-05 
 4.48000000e-01  7.85912862e-05 
 4.49000000e-01  8.03143066e-05 
 4.50000000e-01  8.20743806e-05 
 4.51000000e-01  8.38722806e-05 
 4.52000000e-01  8.57087935e-05 
 4.53000000e-01  8.75847210e-05 
 4.54000000e-01  8.95008791e-05 
 4.55000000e-01  9.14580994e-05 
 4.56000000e-01  9.34572279e-05 
 4.57000000e-01  9.54991262e-05 
 4.58000000e-01  9.75846712e-05 
 4.59000000e-01  9.97147553e-05 
 4.60000000e-01  1.01890286e-04 
 4.61000000e-01  1.04112188e-04 
 4.62000000e-01  1.06381400e-04 
 4.63000000e-01  1.08698877e-04 
 4.64000000e-01  1.11065591e-04 
 4.65000000e-01  1.13482529e-04 
 4.66000000e-01  1.15950696e-04 
 4.67000000e-01  1.18471111e-04 
 4.68000000e-01  1.21044810e-04 
 4.69000000e-01  1.23672846e-04 
 4.70000000e-01  1.26356287e-04 
 4.71000000e-01  1.29096220e-04 
 4.72000000e-01  1.31893745e-04 
 4.73000000e-01  1.34749981e-04 
 4.74000000e-01  1.37666062e-04 
 4.75000000e-01  1.40643138e-04 
 4.76000000e-01  1.43682377e-04 
 4.77000000e-01  1.46784962e-04 
 4.78000000e-01  1.49952092e-04 
 4.79000000e-01  1.53184983e-04 
 4.80000000e-01  1.56484864e-04 
 4.81000000e-01  1.59852985e-04 
 4.82000000e-01  1.63290606e-04 
 4.83000000e-01  1.66799006e-04 
 4.84000000e-01  1.70379479e-04 
 4.85000000e-01  1.74033332e-04 
 4.86000000e-01  1.77761888e-04 
 4.87000000e-01  1.81566486e-04 
 4.88000000e-01  1.85448477e-04 
 4.89000000e-01  1.89409228e-04 
 4.90000000e-01  1.93450117e-04 
 4.91000000e-01  1.97572538e-04 
 4.92000000e-01  2.01777897e-04 
 4.93000000e-01  2.06067613e-04 
 4.94000000e-01  2.10443116e-04 
 4.95000000e-01  2.14905849e-04 
 4.96000000e-01  2.19457265e-04 
 4.97000000e-01  2.24098830e-04 
 4.98000000e-01  2.28832018e-04 
 4.99000000e-01  2.33658314e-04 
 5.00000000e-01  2.38579212e-04 
 5.01000000e-01  2.43596215e-04 
 5.02000000e-01  2.48710834e-04 
 5.03000000e-01  2.53924585e-04 
 5.04000000e-01  2.59238994e-04 
 5.05000000e-01  2.64655592e-04 
 5.06000000e-01  2.70175914e-04 
 5.07000000e-01  2.75801502e-04 
 5.08000000e-01  2.81533899e-04 
 5.09000000e-01  2.87374652e-04 
 5.10000000e-01  2.93325312e-04 
 5.11000000e-01  2.99387428e-04 
 5.12000000e-01  3.05562552e-04 
 5.13000000e-01  3.11852234e-04 
 5.14000000e-01  3.18258023e-04 
 5.15000000e-01  3.24781466e-04 
 5.16000000e-01  3.31424107e-04 
 5.17000000e-01  3.38187483e-04 
 5.18000000e-01  3.45073129e-04 
 5.19000000e-01  3.52082571e-04 
 5.20000000e-01  3.59217328e-04 
 5.21000000e-01  3.66478912e-04 
 5.22000000e-01  3.73868822e-04 
 5.23000000e-01  3.81388548e-04 
 5.24000000e-01  3.89039568e-04 
 5.25000000e-01  3.96823345e-04 
 5.26000000e-01  4.04741331e-04 
 5.27000000e-01  4.12794957e-04 
 5.28000000e-01  4.20985641e-04 
 5.29000000e-01  4.29314781e-04 
 5.30000000e-01  4.37783756e-04 
 5.31000000e-01  4.46393924e-04 
 5.32000000e-01  4.55146619e-04 
 5.33000000e-01  4.64043155e-04 
 5.34000000e-01  4.73084818e-04 
 5.35000000e-01  4.82272869e-04 
 5.36000000e-01  4.91608542e-04 
 5.37000000e-01  5.01093041e-04 
 5.38000000e-01  5.10727540e-04 
 5.39000000e-01  5.20513181e-04 
 5.40000000e-01  5.30451076e-04 
 5.41000000e-01  5.40542298e-04 
 5.42000000e-01  5.50787887e-04 
 5.43000000e-01  5.61188845e-04 
 5.44000000e-01  5.71746137e-04 
 5.45000000e-01  5.82460687e-04 
 5.46000000e-01  5.93333377e-04 
 5.47000000e-01  6.04365049e-04 
 5.48000000e-01  6.15556499e-04 
 5.49000000e-01  6.26908480e-04 
 5.50000000e-01  6.38421695e-04 
 5.51000000e-01  6.50096805e-04 
 5.52000000e-01  6.61934416e-04 
 5.53000000e-01  6.73935089e-04 
 5.54000000e-01  6.86099331e-04 
 5.55000000e-01  6.98427596e-04 
 5.56000000e-01  7.10920287e-04 
 5.57000000e-01  7.23577749e-04 
 5.58000000e-01  7.36400275e-04 
 5.59000000e-01  7.49388097e-04 
 5.60000000e-01  7.62541391e-04 
 5.61000000e-01  7.75860275e-04 
 5.62000000e-01  7.89344805e-04 
 5.63000000e-01  8.02994978e-04 
 5.64000000e-01  8.16810728e-04 
 5.65000000e-01  8.30791927e-04 
 5.66000000e-01  8.44938384e-04 
 5.67000000e-01  8.59249844e-04 
 5.68000000e-01  8.73725987e-04 
 5.69000000e-01  8.88366426e-04 
 5.70000000e-01  9.03170711e-04 
 5.71000000e-01  9.18138323e-04 
 5.72000000e-01  9.33268678e-04 
 5.73000000e-01  9.48561123e-04 
 5.74000000e-01  9.64014936e-04 
 5.75000000e-01  9.79629331e-04 
 5.76000000e-01  9.95403450e-04 
 5.77000000e-01  1.01133637e-03 
 5.78000000e-01  1.02742709e-03 
 5.79000000e-01  1.04367455e-03 
 5.80000000e-01  1.06007762e-03 
 5.81000000e-01  1.07663509e-03 
 5.82000000e-01  1.09334571e-03 
 5.83000000e-01  1.11020812e-03 
 5.84000000e-01  1.12722092e-03 
 5.85000000e-01  1.14438264e-03 
 5.86000000e-01  1.16169173e-03 
 5.87000000e-01  1.17914658e-03 
 5.88000000e-01  1.19674552e-03 
 5.89000000e-01  1.21448680e-03 
 5.90000000e-01  1.23236861e-03 
 5.91000000e-01  1.25038908e-03 
 5.92000000e-01  1.26854626e-03 
 5.93000000e-01  1.28683816e-03 
 5.94000000e-01  1.30526271e-03 
 5.95000000e-01  1.32381777e-03 
 5.96000000e-01  1.34250117e-03 
 5.97000000e-01  1.36131065e-03 
 5.98000000e-01  1.38024390e-03 
 5.99000000e-01  1.39929857e-03 
 6.00000000e-01  1.41847222e-03 
 6.01000000e-01  1.43776238e-03 
 6.02000000e-01  1.45716651e-03 
 6.03000000e-01  1.47668204e-03 
 6.04000000e-01  1.49630633e-03 
 6.05000000e-01  1.51603668e-03 
 6.06000000e-01  1.53587038e-03 
 6.07000000e-01  1.55580462e-03 
 6.08000000e-01  1.57583660e-03 
 6.09000000e-01  1.59596343e-03 
 6.10000000e-01  1.61618221e-03 
 6.11000000e-01  1.63648998e-03 
 6.12000000e-01  1.65688375e-03 
 6.13000000e-01  1.67736049e-03 
 6.14000000e-01  1.69791714e-03 
 6.15000000e-01  1.71855059e-03 
 6.16000000e-01  1.73925773e-03 
 6.17000000e-01  1.76003538e-03 
 6.18000000e-01  1.78088037e-03 
 6.19000000e-01  1.80178948e-03 
 6.20000000e-01  1.82275947e-03 
 6.21000000e-01  1.84378708e-03 
 6.22000000e-01  1.86486904e-03 
 6.23000000e-01  1.88600205e-03 
 6.24000000e-01  1.90718279e-03 
 6.25000000e-01  1.92840794e-03 
 6.26000000e-01  1.94967416e-03 
 6.27000000e-01  1.97097809e-03 
 6.28000000e-01  1.99231637e-03 
 6.29000000e-01  2.01368565e-03 
 6.30000000e-01  2.03508255e-03 
 6.31000000e-01  2.05650369e-03 
 6.32000000e-01  2.07794572e-03 
 6.33000000e-01  2.09940525e-03 
 6.34000000e-01  2.12087891e-03 
 6.35000000e-01  2.14236335e-03 
 6.36000000e-01  2.16385521e-03 
 6.37000000e-01  2.18535115e-03 
 6.38000000e-01  2.20684782e-03 
 6.39000000e-01  2.22834190e-03 
 6.40000000e-01  2.24983010e-03 
 6.41000000e-01  2.27130911e-03 
 6.42000000e-01  2.29277566e-03 
 6.43000000e-01  2.31422649e-03 
 6.44000000e-01  2.33565839e-03 
 6.45000000e-01  2.35706813e-03 
 6.46000000e-01  2.37845254e-03 
 6.47000000e-01  2.39980844e-03 
 6.48000000e-01  2.42113273e-03 
 6.49000000e-01  2.44242229e-03 
 6.50000000e-01  2.46367405e-03 
 6.51000000e-01  2.48488498e-03 
 6.52000000e-01  2.50605207e-03 
 6.53000000e-01  2.52717236e-03 
 6.54000000e-01  2.54824291e-03 
 6.55000000e-01  2.56926084e-03 
 6.56000000e-01  2.59022328e-03 
 6.57000000e-01  2.61112741e-03 
 6.58000000e-01  2.63197048e-03 
 6.59000000e-01  2.65274973e-03 
 6.60000000e-01  2.67346250e-03 
 6.61000000e-01  2.69410612e-03 
 6.62000000e-01  2.71467801e-03 
 6.63000000e-01  2.73517561e-03 
 6.64000000e-01  2.75559641e-03 
 6.65000000e-01  2.77593796e-03 
 6.66000000e-01  2.79619785e-03 
 6.67000000e-01  2.81637372e-03 
 6.68000000e-01  2.83646326e-03 
 6.69000000e-01  2.85646421e-03 
 6.70000000e-01  2.87637436e-03 
 6.71000000e-01  2.89619156e-03 
 6.72000000e-01  2.91591369e-03 
 6.73000000e-01  2.93553872e-03 
 6.74000000e-01  2.95506464e-03 
 6.75000000e-01  2.97448950e-03 
 6.76000000e-01  2.99381142e-03 
 6.77000000e-01  3.01302855e-03 
 6.78000000e-01  3.03213911e-03 
 6.79000000e-01  3.05114137e-03 
 6.80000000e-01  3.07003365e-03 
 6.81000000e-01  3.08881434e-03 
 6.82000000e-01  3.10748186e-03 
 6.83000000e-01  3.12603471e-03 
 6.84000000e-01  3.14447142e-03 
 6.85000000e-01  3.16279059e-03 
 6.86000000e-01  3.18099087e-03 
 6.87000000e-01  3.19907096e-03 
 6.88000000e-01  3.21702963e-03 
 6.89000000e-01  3.23486567e-03 
 6.90000000e-01  3.25257797e-03 
 6.91000000e-01  3.27016542e-03 
 6.92000000e-01  3.28762702e-03 
 6.93000000e-01  3.30496176e-03 
 6.94000000e-01  3.32216874e-03 
 6.95000000e-01  3.33924707e-03 
 6.96000000e-01  3.35619594e-03 
 6.97000000e-01  3.37301457e-03 
 6.98000000e-01  3.38970223e-03 
 6.99000000e-01  3.40625826e-03 
 7.00000000e-01  3.42268204e-03 
 7.01000000e-01  3.43897297e-03 
 7.02000000e-01  3.45513055e-03 
 7.03000000e-01  3.47115429e-03 
 7.04000000e-01  3.48704375e-03 
 7.05000000e-01  3.50279855e-03 
 7.06000000e-01  3.51841834e-03 
 7.07000000e-01  3.53390284e-03 
 7.08000000e-01  3.54925178e-03 
 7.09000000e-01  3.56446496e-03 
 7.10000000e-01  3.57954220e-03 
 7.11000000e-01  3.59448339e-03 
 7.12000000e-01  3.60928844e-03 
 7.13000000e-01  3.62395731e-03 
 7.14000000e-01  3.63848999e-03 
 7.15000000e-01  3.65288651e-03 
 7.16000000e-01  3.66714696e-03 
 7.17000000e-01  3.68127143e-03 
 7.18000000e-01  3.69526009e-03 
 7.19000000e-01  3.70911310e-03 
 7.20000000e-01  3.72283069e-03 
 7.21000000e-01  3.73641311e-03 
 7.22000000e-01  3.74986064e-03 
 7.23000000e-01  3.76317360e-03 
 7.24000000e-01  3.77635235e-03 
 7.25000000e-01  3.78939726e-03 
 7.26000000e-01  3.80230874e-03 
 7.27000000e-01  3.81508723e-03 
 7.28000000e-01  3.82773321e-03 
 7.29000000e-01  3.84024716e-03 
 7.30000000e-01  3.85262961e-03 
 7.31000000e-01  3.86488111e-03 
 7.32000000e-01  3.87700223e-03 
 7.33000000e-01  3.88899358e-03 
 7.34000000e-01  3.90085578e-03 
 7.35000000e-01  3.91258947e-03 
 7.36000000e-01  3.92419532e-03 
 7.37000000e-01  3.93567402e-03 
 7.38000000e-01  3.94702628e-03 
 7.39000000e-01  3.95825283e-03 
 7.40000000e-01  3.96935443e-03 
 7.41000000e-01  3.98033183e-03 
 7.42000000e-01  3.99118584e-03 
 7.43000000e-01  4.00191724e-03 
 7.44000000e-01  4.01252686e-03 
 7.45000000e-01  4.02301553e-03 
 7.46000000e-01  4.03338411e-03 
 7.47000000e-01  4.04363346e-03 
 7.48000000e-01  4.05376445e-03 
 7.49000000e-01  4.06377798e-03 
 7.50000000e-01  4.07367495e-03 
 7.51000000e-01  4.08345628e-03 
 7.52000000e-01  4.09312288e-03 
 7.53000000e-01  4.10267571e-03 
 7.54000000e-01  4.11211570e-03 
 7.55000000e-01  4.12144380e-03 
 7.56000000e-01  4.13066099e-03 
 7.57000000e-01  4.13976823e-03 
 7.58000000e-01  4.14876651e-03 
 7.59000000e-01  4.15765680e-03 
 7.60000000e-01  4.16644011e-03 
 7.61000000e-01  4.17511742e-03 
 7.62000000e-01  4.18368975e-03 
 7.63000000e-01  4.19215810e-03 
 7.64000000e-01  4.20052349e-03 
 7.65000000e-01  4.20878693e-03 
 7.66000000e-01  4.21694943e-03 
 7.67000000e-01  4.22501204e-03 
 7.68000000e-01  4.23297576e-03 
 7.69000000e-01  4.24084162e-03 
 7.70000000e-01  4.24861066e-03 
 7.71000000e-01  4.25628391e-03 
 7.72000000e-01  4.26386238e-03 
 7.73000000e-01  4.27134713e-03 
 7.74000000e-01  4.27873917e-03 
 7.75000000e-01  4.28603953e-03 
 7.76000000e-01  4.29324925e-03 
 7.77000000e-01  4.30036935e-03 
 7.78000000e-01  4.30740087e-03 
 7.79000000e-01  4.31434481e-03 
 7.80000000e-01  4.32120222e-03 
 7.81000000e-01  4.32797410e-03 
 7.82000000e-01  4.33466148e-03 
 7.83000000e-01  4.34126537e-03 
 7.84000000e-01  4.34778677e-03 
 7.85000000e-01  4.35422671e-03 
 7.86000000e-01  4.36058617e-03 
 7.87000000e-01  4.36686617e-03 
 7.88000000e-01  4.37306769e-03 
 7.89000000e-01  4.37919172e-03 
 7.90000000e-01  4.38523925e-03 
 7.91000000e-01  4.39121127e-03 
 7.92000000e-01  4.39710874e-03 
 7.93000000e-01  4.40293264e-03 
 7.94000000e-01  4.40868392e-03 
 7.95000000e-01  4.41436355e-03 
 7.96000000e-01  4.41997248e-03 
 7.97000000e-01  4.42551165e-03 
 7.98000000e-01  4.43098201e-03 
 7.99000000e-01  4.43638448e-03 
 8.00000000e-01  4.44171999e-03 
 8.01000000e-01  4.44698947e-03 
 8.02000000e-01  4.45219381e-03 
 8.03000000e-01  4.45733394e-03 
 8.04000000e-01  4.46241074e-03 
 8.05000000e-01  4.46742510e-03 
 8.06000000e-01  4.47237792e-03 
 8.07000000e-01  4.47727006e-03 
 8.08000000e-01  4.48210240e-03 
 8.09000000e-01  4.48687579e-03 
 8.10000000e-01  4.49159109e-03 
 8.11000000e-01  4.49624914e-03 
 8.12000000e-01  4.50085077e-03 
 8.13000000e-01  4.50539683e-03 
 8.14000000e-01  4.50988812e-03 
 8.15000000e-01  4.51432546e-03 
 8.16000000e-01  4.51870966e-03 
 8.17000000e-01  4.52304151e-03 
 8.18000000e-01  4.52732180e-03 
 8.19000000e-01  4.53155128e-03 
 8.20000000e-01  4.53573060e-03 
 8.21000000e-01  4.53986067e-03 
 8.22000000e-01  4.54394226e-03 
 8.23000000e-01  4.54797609e-03 
 8.24000000e-01  4.55196293e-03 
 8.25000000e-01  4.55590348e-03 
 8.26000000e-01  4.55979849e-03 
 8.27000000e-01  4.56364865e-03 
 8.28000000e-01  4.56745467e-03 
 8.29000000e-01  4.57121726e-03 
 8.30000000e-01  4.57493710e-03 
 8.31000000e-01  4.57861486e-03 
 8.32000000e-01  4.58225122e-03 
 8.33000000e-01  4.58584684e-03 
 8.34000000e-01  4.58940239e-03 
 8.35000000e-01  4.59291849e-03 
 8.36000000e-01  4.59639580e-03 
 8.37000000e-01  4.59983494e-03 
 8.38000000e-01  4.60323653e-03 
 8.39000000e-01  4.60660119e-03 
 8.40000000e-01  4.60992953e-03 
 8.41000000e-01  4.61322213e-03 
 8.42000000e-01  4.61647960e-03 
 8.43000000e-01  4.61970251e-03 
 8.44000000e-01  4.62289143e-03 
 8.45000000e-01  4.62604693e-03 
 8.46000000e-01  4.62916957e-03 
 8.47000000e-01  4.63225990e-03 
 8.48000000e-01  4.63531846e-03 
 8.49000000e-01  4.63834578e-03 
 8.50000000e-01  4.64134240e-03 
 8.51000000e-01  4.64430882e-03 
 8.52000000e-01  4.64724557e-03 
 8.53000000e-01  4.65015314e-03 
 8.54000000e-01  4.65303204e-03 
 8.55000000e-01  4.65588274e-03 
 8.56000000e-01  4.65870574e-03 
 8.57000000e-01  4.66150151e-03 
 8.58000000e-01  4.66427052e-03 
 8.59000000e-01  4.66701322e-03 
 8.60000000e-01  4.66973007e-03 
 8.61000000e-01  4.67242151e-03 
 8.62000000e-01  4.67508799e-03 
 8.63000000e-01  4.67772994e-03 
 8.64000000e-01  4.68034778e-03 
 8.65000000e-01  4.68294193e-03 
 8.66000000e-01  4.68551280e-03 
 8.67000000e-01  4.68806080e-03 
 8.68000000e-01  4.69058633e-03 
 8.69000000e-01  4.69308978e-03 
 8.70000000e-01  4.69557153e-03 
 8.71000000e-01  4.69803198e-03 
 8.72000000e-01  4.70047148e-03 
 8.73000000e-01  4.70289040e-03 
 8.74000000e-01  4.70528912e-03 
 8.75000000e-01  4.70766797e-03 
 8.76000000e-01  4.71002732e-03 
 8.77000000e-01  4.71236750e-03 
 8.78000000e-01  4.71468885e-03 
 8.79000000e-01  4.71699171e-03 
 8.80000000e-01  4.71927639e-03 
 8.81000000e-01  4.72154323e-03 
 8.82000000e-01  4.72379252e-03 
 8.83000000e-01  4.72602459e-03 
 8.84000000e-01  4.72823973e-03 
 8.85000000e-01  4.73043825e-03 
 8.86000000e-01  4.73262043e-03 
 8.87000000e-01  4.73478657e-03 
 8.88000000e-01  4.73693694e-03 
 8.89000000e-01  4.73907182e-03 
 8.90000000e-01  4.74119149e-03 
 8.91000000e-01  4.74329621e-03 
 8.92000000e-01  4.74538624e-03 
 8.93000000e-01  4.74746185e-03 
 8.94000000e-01  4.74952328e-03 
 8.95000000e-01  4.75157078e-03 
 8.96000000e-01  4.75360460e-03 
 8.97000000e-01  4.75562497e-03 
 8.98000000e-01  4.75763213e-03 
 8.99000000e-01  4.75962631e-03 
 9.00000000e-01  4.76160773e-03 
 9.01000000e-01  4.76357661e-03 
 9.02000000e-01  4.76553318e-03 
 9.03000000e-01  4.76747763e-03 
 9.04000000e-01  4.76941019e-03 
 9.05000000e-01  4.77133106e-03 
 9.06000000e-01  4.77324043e-03 
 9.07000000e-01  4.77513850e-03 
 9.08000000e-01  4.77702546e-03 
 9.09000000e-01  4.77890151e-03 
 9.10000000e-01  4.78076683e-03 
 9.11000000e-01  4.78262159e-03 
 9.12000000e-01  4.78446598e-03 
 9.13000000e-01  4.78630017e-03 
 9.14000000e-01  4.78812432e-03 
 9.15000000e-01  4.78993861e-03 
 9.16000000e-01  4.79174321e-03 
 9.17000000e-01  4.79353825e-03 
 9.18000000e-01  4.79532392e-03 
 9.19000000e-01  4.79710035e-03 
 9.20000000e-01  4.79886770e-03 
 9.21000000e-01  4.80062612e-03 
 9.22000000e-01  4.80237574e-03 
 9.23000000e-01  4.80411671e-03 
 9.24000000e-01  4.80584916e-03 
 9.25000000e-01  4.80757324e-03 
 9.26000000e-01  4.80928907e-03 
 9.27000000e-01  4.81099678e-03 
 9.28000000e-01  4.81269649e-03 
 9.29000000e-01  4.81438833e-03 
 9.30000000e-01  4.81607243e-03 
 9.31000000e-01  4.81774889e-03 
 9.32000000e-01  4.81941783e-03 
 9.33000000e-01  4.82107937e-03 
 9.34000000e-01  4.82273361e-03 
 9.35000000e-01  4.82438066e-03 
 9.36000000e-01  4.82602062e-03 
 9.37000000e-01  4.82765361e-03 
 9.38000000e-01  4.82927971e-03 
 9.39000000e-01  4.83089903e-03 
 9.40000000e-01  4.83251166e-03 
 9.41000000e-01  4.83411770e-03 
 9.42000000e-01  4.83571723e-03 
 9.43000000e-01  4.83731035e-03 
 9.44000000e-01  4.83889713e-03 
 9.45000000e-01  4.84047767e-03 
 9.46000000e-01  4.84205205e-03 
 9.47000000e-01  4.84362035e-03 
 9.48000000e-01  4.84518264e-03 
 9.49000000e-01  4.84673901e-03 
 9.50000000e-01  4.84828952e-03 
 9.51000000e-01  4.84983426e-03 
 9.52000000e-01  4.85137328e-03 
 9.53000000e-01  4.85290667e-03 
 9.54000000e-01  4.85443448e-03 
 9.55000000e-01  4.85595678e-03 
 9.56000000e-01  4.85747365e-03 
 9.57000000e-01  4.85898513e-03 
 9.58000000e-01  4.86049129e-03 
 9.59000000e-01  4.86199219e-03 
 9.60000000e-01  4.86348788e-03 
 9.61000000e-01  4.86497843e-03 
 9.62000000e-01  4.86646388e-03 
 9.63000000e-01  4.86794430e-03 
 9.64000000e-01  4.86941972e-03 
 9.65000000e-01  4.87089020e-03 
 9.66000000e-01  4.87235579e-03 
 9.67000000e-01  4.87381654e-03 
 9.68000000e-01  4.87527249e-03 
 9.69000000e-01  4.87672369e-03 
 9.70000000e-01  4.87817018e-03 
 9.71000000e-01  4.87961200e-03 
 9.72000000e-01  4.88104919e-03 
 9.73000000e-01  4.88248179e-03 
 9.74000000e-01  4.88390985e-03 
 9.75000000e-01  4.88533339e-03 
 9.76000000e-01  4.88675246e-03 
 9.77000000e-01  4.88816708e-03 
 9.78000000e-01  4.88957731e-03 
 9.79000000e-01  4.89098315e-03 
 9.80000000e-01  4.89238466e-03 
 9.81000000e-01  4.89378185e-03 
 9.82000000e-01  4.89517477e-03 
 9.83000000e-01  4.89656343e-03 
 9.84000000e-01  4.89794786e-03 
 9.85000000e-01  4.89932810e-03 
 9.86000000e-01  4.90070417e-03 
 9.87000000e-01  4.90207610e-03 
 9.88000000e-01  4.90344390e-03 
 9.89000000e-01  4.90480760e-03 
 9.90000000e-01  4.90616723e-03 
 9.91000000e-01  4.90752281e-03 
 9.92000000e-01  4.90887435e-03 
 9.93000000e-01  4.91022189e-03 
 9.94000000e-01  4.91156543e-03 
 9.95000000e-01  4.91290500e-03 
 9.96000000e-01  4.91424061e-03 
 9.97000000e-01  4.91557229e-03 
 9.98000000e-01  4.91690005e-03 
 9.99000000e-01  4.91822390e-03 
 1.00000000e+00  4.91954386e-03 
 1.00100000e+00  4.92085995e-03 
 1.00200000e+00  4.92217218e-03 
 1.00300000e+00  4.92348057e-03 
 1.00400000e+00  4.92478512e-03 
 1.00500000e+00  4.92608585e-03 
 1.00600000e+00  4.92738277e-03 
 1.00700000e+00  4.92867589e-03 
 1.00800000e+00  4.92996523e-03 
 1.00900000e+00  4.93125080e-03 
 1.01000000e+00  4.93253259e-03 
 1.01100000e+00  4.93381063e-03 
 1.01200000e+00  4.93508493e-03 
 1.01300000e+00  4.93635548e-03 
 1.01400000e+00  4.93762230e-03 
 1.01500000e+00  4.93888540e-03 
 1.01600000e+00  4.94014479e-03 
 1.01700000e+00  4.94140046e-03 
 1.01800000e+00  4.94265243e-03 
 1.01900000e+00  4.94390070e-03 
 1.02000000e+00  4.94514528e-03 
 1.02100000e+00  4.94638618e-03 
 1.02200000e+00  4.94762339e-03 
 1.02300000e+00  4.94885692e-03 
 1.02400000e+00  4.95008678e-03 
 1.02500000e+00  4.95131297e-03 
 1.02600000e+00  4.95253550e-03 
 1.02700000e+00  4.95375436e-03 
 1.02800000e+00  4.95496957e-03 
 1.02900000e+00  4.95618111e-03 
 1.03000000e+00  4.95738900e-03 
 1.03100000e+00  4.95859324e-03 
 1.03200000e+00  4.95979383e-03 
 1.03300000e+00  4.96099077e-03 
 1.03400000e+00  4.96218406e-03 
 1.03500000e+00  4.96337370e-03 
 1.03600000e+00  4.96455970e-03 
 1.03700000e+00  4.96574206e-03 
 1.03800000e+00  4.96692076e-03 
 1.03900000e+00  4.96809583e-03 
 1.04000000e+00  4.96926725e-03 
 1.04100000e+00  4.97043502e-03 
 1.04200000e+00  4.97159915e-03 
 1.04300000e+00  4.97275964e-03 
 1.04400000e+00  4.97391648e-03 
 1.04500000e+00  4.97506967e-03 
 1.04600000e+00  4.97621921e-03 
 1.04700000e+00  4.97736510e-03 
 1.04800000e+00  4.97850735e-03 
 1.04900000e+00  4.97964594e-03 
 1.05000000e+00  4.98078088e-03 
 1.05100000e+00  4.98191217e-03 
 1.05200000e+00  4.98303979e-03 
 1.05300000e+00  4.98416376e-03 
 1.05400000e+00  4.98528407e-03 
 1.05500000e+00  4.98640072e-03 
 1.05600000e+00  4.98751370e-03 
 1.05700000e+00  4.98862302e-03 
 1.05800000e+00  4.98972866e-03 
 1.05900000e+00  4.99083064e-03 
 1.06000000e+00  4.99192894e-03 
 1.06100000e+00  4.99302356e-03 
 1.06200000e+00  4.99411450e-03 
 1.06300000e+00  4.99520176e-03 
 1.06400000e+00  4.99628534e-03 
 1.06500000e+00  4.99736523e-03 
 1.06600000e+00  4.99844143e-03 
 1.06700000e+00  4.99951393e-03 
 1.06800000e+00  5.00058274e-03 
 1.06900000e+00  5.00164784e-03 
 1.07000000e+00  5.00270925e-03 
 1.07100000e+00  5.00376695e-03 
 1.07200000e+00  5.00482094e-03 
 1.07300000e+00  5.00587122e-03 
 1.07400000e+00  5.00691778e-03 
 1.07500000e+00  5.00796063e-03 
 1.07600000e+00  5.00899975e-03 
 1.07700000e+00  5.01003515e-03 
 1.07800000e+00  5.01106682e-03 
 1.07900000e+00  5.01209476e-03 
 1.08000000e+00  5.01311896e-03 
 1.08100000e+00  5.01413943e-03 
 1.08200000e+00  5.01515616e-03 
 1.08300000e+00  5.01616914e-03 
 1.08400000e+00  5.01717838e-03 
 1.08500000e+00  5.01818387e-03 
 1.08600000e+00  5.01918560e-03 
 1.08700000e+00  5.02018357e-03 
 1.08800000e+00  5.02117779e-03 
 1.08900000e+00  5.02216824e-03 
 1.09000000e+00  5.02315493e-03 
 1.09100000e+00  5.02413785e-03 
 1.09200000e+00  5.02511700e-03 
 1.09300000e+00  5.02609237e-03 
 1.09400000e+00  5.02706396e-03 
 1.09500000e+00  5.02803177e-03 
 1.09600000e+00  5.02899580e-03 
 1.09700000e+00  5.02995604e-03 
 1.09800000e+00  5.03091249e-03 
 1.09900000e+00  5.03186515e-03 
 1.10000000e+00  5.03281401e-03 
 1.10100000e+00  5.03375908e-03 
 1.10200000e+00  5.03470034e-03 
 1.10300000e+00  5.03563781e-03 
 1.10400000e+00  5.03657146e-03 
 1.10500000e+00  5.03750131e-03 
 1.10600000e+00  5.03842734e-03 
 1.10700000e+00  5.03934957e-03 
 1.10800000e+00  5.04026797e-03 
 1.10900000e+00  5.04118256e-03 
 1.11000000e+00  5.04209333e-03 
 1.11100000e+00  5.04300027e-03 
 1.11200000e+00  5.04390339e-03 
 1.11300000e+00  5.04480268e-03 
 1.11400000e+00  5.04569815e-03 
 1.11500000e+00  5.04658978e-03 
 1.11600000e+00  5.04747758e-03 
 1.11700000e+00  5.04836154e-03 
 1.11800000e+00  5.04924167e-03 
 1.11900000e+00  5.05011795e-03 
 1.12000000e+00  5.05099040e-03 
 1.12100000e+00  5.05185901e-03 
 1.12200000e+00  5.05272377e-03 
 1.12300000e+00  5.05358468e-03 
 1.12400000e+00  5.05444175e-03 
 1.12500000e+00  5.05529497e-03 
 1.12600000e+00  5.05614434e-03 
 1.12700000e+00  5.05698986e-03 
 1.12800000e+00  5.05783153e-03 
 1.12900000e+00  5.05866935e-03 
 1.13000000e+00  5.05950331e-03 
 1.13100000e+00  5.06033341e-03 
 1.13200000e+00  5.06115966e-03 
 1.13300000e+00  5.06198206e-03 
 1.13400000e+00  5.06280059e-03 
 1.13500000e+00  5.06361527e-03 
 1.13600000e+00  5.06442608e-03 
 1.13700000e+00  5.06523304e-03 
 1.13800000e+00  5.06603613e-03 
 1.13900000e+00  5.06683537e-03 
 1.14000000e+00  5.06763074e-03 
 1.14100000e+00  5.06842226e-03 
 1.14200000e+00  5.06920990e-03 
 1.14300000e+00  5.06999369e-03 
 1.14400000e+00  5.07077362e-03 
 1.14500000e+00  5.07154968e-03 
 1.14600000e+00  5.07232188e-03 
 1.14700000e+00  5.07309022e-03 
 1.14800000e+00  5.07385470e-03 
 1.14900000e+00  5.07461531e-03 
 1.15000000e+00  5.07537207e-03 
 1.15100000e+00  5.07612496e-03 
 1.15200000e+00  5.07687399e-03 
 1.15300000e+00  5.07761916e-03 
 1.15400000e+00  5.07836047e-03 
 1.15500000e+00  5.07909793e-03 
 1.15600000e+00  5.07983152e-03 
 1.15700000e+00  5.08056126e-03 
 1.15800000e+00  5.08128714e-03 
 1.15900000e+00  5.08200916e-03 
 1.16000000e+00  5.08272733e-03 
 1.16100000e+00  5.08344165e-03 
 1.16200000e+00  5.08415211e-03 
 1.16300000e+00  5.08485873e-03 
 1.16400000e+00  5.08556149e-03 
 1.16500000e+00  5.08626040e-03 
 1.16600000e+00  5.08695547e-03 
 1.16700000e+00  5.08764669e-03 
 1.16800000e+00  5.08833407e-03 
 1.16900000e+00  5.08901760e-03 
 1.17000000e+00  5.08969729e-03 
 1.17100000e+00  5.09037314e-03 
 1.17200000e+00  5.09104516e-03 
 1.17300000e+00  5.09171334e-03 
 1.17400000e+00  5.09237769e-03 
 1.17500000e+00  5.09303820e-03 
 1.17600000e+00  5.09369489e-03 
 1.17700000e+00  5.09434774e-03 
 1.17800000e+00  5.09499677e-03 
 1.17900000e+00  5.09564198e-03 
 1.18000000e+00  5.09628337e-03 
 1.18100000e+00  5.09692094e-03 
 1.18200000e+00  5.09755469e-03 
 1.18300000e+00  5.09818463e-03 
 1.18400000e+00  5.09881076e-03 
 1.18500000e+00  5.09943308e-03 
 1.18600000e+00  5.10005159e-03 
 1.18700000e+00  5.10066631e-03 
 1.18800000e+00  5.10127722e-03 
 1.18900000e+00  5.10188433e-03 
 1.19000000e+00  5.10248765e-03 
 1.19100000e+00  5.10308718e-03 
 1.19200000e+00  5.10368292e-03 
 1.19300000e+00  5.10427487e-03 
 1.19400000e+00  5.10486305e-03 
 1.19500000e+00  5.10544744e-03 
 1.19600000e+00  5.10602806e-03 
 1.19700000e+00  5.10660490e-03 
 1.19800000e+00  5.10717798e-03 
 1.19900000e+00  5.10774729e-03 
 1.20000000e+00  5.10831284e-03 
 1.20100000e+00  5.10887463e-03 
 1.20200000e+00  5.10943267e-03 
 1.20300000e+00  5.10998695e-03 
 1.20400000e+00  5.11053749e-03 
 1.20500000e+00  5.11108428e-03 
 1.20600000e+00  5.11162733e-03 
 1.20700000e+00  5.11216665e-03 
 1.20800000e+00  5.11270223e-03 
 1.20900000e+00  5.11323409e-03 
 1.21000000e+00  5.11376222e-03 
 1.21100000e+00  5.11428663e-03 
 1.21200000e+00  5.11480733e-03 
 1.21300000e+00  5.11532431e-03 
 1.21400000e+00  5.11583759e-03 
 1.21500000e+00  5.11634716e-03 
 1.21600000e+00  5.11685303e-03 
 1.21700000e+00  5.11735521e-03 
 1.21800000e+00  5.11785370e-03 
 1.21900000e+00  5.11834850e-03 
 1.22000000e+00  5.11883962e-03 
 1.22100000e+00  5.11932706e-03 
 1.22200000e+00  5.11981083e-03 
 1.22300000e+00  5.12029093e-03 
 1.22400000e+00  5.12076737e-03 
 1.22500000e+00  5.12124015e-03 
 1.22600000e+00  5.12170928e-03 
 1.22700000e+00  5.12217475e-03 
 1.22800000e+00  5.12263659e-03 
 1.22900000e+00  5.12309478e-03 
 1.23000000e+00  5.12354934e-03 
 1.23100000e+00  5.12400027e-03 
 1.23200000e+00  5.12444757e-03 
 1.23300000e+00  5.12489126e-03 
 1.23400000e+00  5.12533133e-03 
 1.23500000e+00  5.12576779e-03 
 1.23600000e+00  5.12620065e-03 
 1.23700000e+00  5.12662991e-03 
 1.23800000e+00  5.12705558e-03 
 1.23900000e+00  5.12747765e-03 
 1.24000000e+00  5.12789615e-03 
 1.24100000e+00  5.12831106e-03 
 1.24200000e+00  5.12872240e-03 
 1.24300000e+00  5.12913018e-03 
 1.24400000e+00  5.12953439e-03 
 1.24500000e+00  5.12993505e-03 
 1.24600000e+00  5.13033216e-03 
 1.24700000e+00  5.13072572e-03 
 1.24800000e+00  5.13111574e-03 
 1.24900000e+00  5.13150223e-03 
 1.25000000e+00  5.13188519e-03 
 1.25100000e+00  5.13226463e-03 
 1.25200000e+00  5.13264055e-03 
 1.25300000e+00  5.13301295e-03 
 1.25400000e+00  5.13338186e-03 
 1.25500000e+00  5.13374726e-03 
 1.25600000e+00  5.13410917e-03 
 1.25700000e+00  5.13446759e-03 
 1.25800000e+00  5.13482252e-03 
 1.25900000e+00  5.13517398e-03 
 1.26000000e+00  5.13552197e-03 
 1.26100000e+00  5.13586650e-03 
 1.26200000e+00  5.13620757e-03 
 1.26300000e+00  5.13654518e-03 
 1.26400000e+00  5.13687935e-03 
 1.26500000e+00  5.13721007e-03 
 1.26600000e+00  5.13753736e-03 
 1.26700000e+00  5.13786123e-03 
 1.26800000e+00  5.13818167e-03 
 1.26900000e+00  5.13849869e-03 
 1.27000000e+00  5.13881231e-03 
 1.27100000e+00  5.13912252e-03 
 1.27200000e+00  5.13942933e-03 
 1.27300000e+00  5.13973275e-03 
 1.27400000e+00  5.14003279e-03 
 1.27500000e+00  5.14032944e-03 
 1.27600000e+00  5.14062273e-03 
 1.27700000e+00  5.14091265e-03 
 1.27800000e+00  5.14119920e-03 
 1.27900000e+00  5.14148241e-03 
 1.28000000e+00  5.14176226e-03 
 1.28100000e+00  5.14203878e-03 
 1.28200000e+00  5.14231196e-03 
 1.28300000e+00  5.14258181e-03 
 1.28400000e+00  5.14284834e-03 
 1.28500000e+00  5.14311156e-03 
 1.28600000e+00  5.14337147e-03 
 1.28700000e+00  5.14362807e-03 
 1.28800000e+00  5.14388138e-03 
 1.28900000e+00  5.14413140e-03 
 1.29000000e+00  5.14437814e-03 
 1.29100000e+00  5.14462160e-03 
 1.29200000e+00  5.14486179e-03 
 1.29300000e+00  5.14509872e-03 
 1.29400000e+00  5.14533239e-03 
 1.29500000e+00  5.14556281e-03 
 1.29600000e+00  5.14578999e-03 
 1.29700000e+00  5.14601393e-03 
 1.29800000e+00  5.14623464e-03 
 1.29900000e+00  5.14645213e-03 
 1.30000000e+00  5.14666640e-03 
 1.30100000e+00  5.14687747e-03 
 1.30200000e+00  5.14708532e-03 
 1.30300000e+00  5.14728999e-03 
 1.30400000e+00  5.14749146e-03 
 1.30500000e+00  5.14768975e-03 
 1.30600000e+00  5.14788486e-03 
 1.30700000e+00  5.14807681e-03 
 1.30800000e+00  5.14826559e-03 
 1.30900000e+00  5.14845122e-03 
 1.31000000e+00  5.14863369e-03 
 1.31100000e+00  5.14881303e-03 
 1.31200000e+00  5.14898922e-03 
 1.31300000e+00  5.14916229e-03 
 1.31400000e+00  5.14933224e-03 
 1.31500000e+00  5.14949907e-03 
 1.31600000e+00  5.14966280e-03 
 1.31700000e+00  5.14982342e-03 
 1.31800000e+00  5.14998095e-03 
 1.31900000e+00  5.15013539e-03 
 1.32000000e+00  5.15028675e-03 
 1.32100000e+00  5.15043503e-03 
 1.32200000e+00  5.15058025e-03 
 1.32300000e+00  5.15072241e-03 
 1.32400000e+00  5.15086151e-03 
 1.32500000e+00  5.15099757e-03 
 1.32600000e+00  5.15113059e-03 
 1.32700000e+00  5.15126057e-03 
 1.32800000e+00  5.15138753e-03 
 1.32900000e+00  5.15151147e-03 
 1.33000000e+00  5.15163240e-03 
 1.33100000e+00  5.15175032e-03 
 1.33200000e+00  5.15186524e-03 
 1.33300000e+00  5.15197717e-03 
 1.33400000e+00  5.15208612e-03 
 1.33500000e+00  5.15219209e-03 
 1.33600000e+00  5.15229509e-03 
 1.33700000e+00  5.15239513e-03 
 1.33800000e+00  5.15249221e-03 
 1.33900000e+00  5.15258634e-03 
 1.34000000e+00  5.15267752e-03 
 1.34100000e+00  5.15276577e-03 
 1.34200000e+00  5.15285109e-03 
 1.34300000e+00  5.15293349e-03 
 1.34400000e+00  5.15301298e-03 
 1.34500000e+00  5.15308955e-03 
 1.34600000e+00  5.15316323e-03 
 1.34700000e+00  5.15323400e-03 
 1.34800000e+00  5.15330190e-03 
 1.34900000e+00  5.15336691e-03 
 1.35000000e+00  5.15342905e-03 
 1.35100000e+00  5.15348832e-03 
 1.35200000e+00  5.15354473e-03 
 1.35300000e+00  5.15359829e-03 
 1.35400000e+00  5.15364900e-03 
 1.35500000e+00  5.15369687e-03 
 1.35600000e+00  5.15374191e-03 
 1.35700000e+00  5.15378413e-03 
 1.35800000e+00  5.15382352e-03 
 1.35900000e+00  5.15386011e-03 
 1.36000000e+00  5.15389389e-03 
 1.36100000e+00  5.15392487e-03 
 1.36200000e+00  5.15395307e-03 
 1.36300000e+00  5.15397848e-03 
 1.36400000e+00  5.15400111e-03 
 1.36500000e+00  5.15402097e-03 
 1.36600000e+00  5.15403807e-03 
 1.36700000e+00  5.15405241e-03 
 1.36800000e+00  5.15406401e-03 
 1.36900000e+00  5.15407286e-03 
 1.37000000e+00  5.15407897e-03 
 1.37100000e+00  5.15408236e-03 
 1.37200000e+00  5.15408303e-03 
 1.37300000e+00  5.15408098e-03 
 1.37400000e+00  5.15407622e-03 
 1.37500000e+00  5.15406876e-03 
 1.37600000e+00  5.15405861e-03 
 1.37700000e+00  5.15404576e-03 
 1.37800000e+00  5.15403024e-03 
 1.37900000e+00  5.15401205e-03 
 1.38000000e+00  5.15399118e-03 
 1.38100000e+00  5.15396766e-03 
 1.38200000e+00  5.15394148e-03 
 1.38300000e+00  5.15391266e-03 
 1.38400000e+00  5.15388119e-03 
 1.38500000e+00  5.15384710e-03 
 1.38600000e+00  5.15381037e-03 
 1.38700000e+00  5.15377103e-03 
 1.38800000e+00  5.15372907e-03 
 1.38900000e+00  5.15368451e-03 
 1.39000000e+00  5.15363735e-03 
 1.39100000e+00  5.15358760e-03 
 1.39200000e+00  5.15353526e-03 
 1.39300000e+00  5.15348034e-03 
 1.39400000e+00  5.15342285e-03 
 1.39500000e+00  5.15336279e-03 
 1.39600000e+00  5.15330018e-03 
 1.39700000e+00  5.15323501e-03 
 1.39800000e+00  5.15316730e-03 
 1.39900000e+00  5.15309705e-03 
 1.40000000e+00  5.15302426e-03 
 1.40100000e+00  5.15294895e-03 
 1.40200000e+00  5.15287112e-03 
 1.40300000e+00  5.15279078e-03 
 1.40400000e+00  5.15270794e-03 
 1.40500000e+00  5.15262259e-03 
 1.40600000e+00  5.15253476e-03 
 1.40700000e+00  5.15244443e-03 
 1.40800000e+00  5.15235163e-03 
 1.40900000e+00  5.15225636e-03 
 1.41000000e+00  5.15215862e-03 
 1.41100000e+00  5.15205842e-03 
 1.41200000e+00  5.15195577e-03 
 1.41300000e+00  5.15185067e-03 
 1.41400000e+00  5.15174313e-03 
 1.41500000e+00  5.15163316e-03 
 1.41600000e+00  5.15152076e-03 
 1.41700000e+00  5.15140594e-03 
 1.41800000e+00  5.15128871e-03 
 1.41900000e+00  5.15116907e-03 
 1.42000000e+00  5.15104704e-03 
 1.42100000e+00  5.15092260e-03 
 1.42200000e+00  5.15079578e-03 
 1.42300000e+00  5.15066658e-03 
 1.42400000e+00  5.15053501e-03 
 1.42500000e+00  5.15040106e-03 
 1.42600000e+00  5.15026476e-03 
 1.42700000e+00  5.15012610e-03 
 1.42800000e+00  5.14998509e-03 
 1.42900000e+00  5.14984173e-03 
 1.43000000e+00  5.14969604e-03 
 1.43100000e+00  5.14954802e-03 
 1.43200000e+00  5.14939768e-03 
 1.43300000e+00  5.14924502e-03 
 1.43400000e+00  5.14909005e-03 
 1.43500000e+00  5.14893278e-03 
 1.43600000e+00  5.14877321e-03 
 1.43700000e+00  5.14861134e-03 
 1.43800000e+00  5.14844719e-03 
 1.43900000e+00  5.14828076e-03 
 1.44000000e+00  5.14811206e-03 
 1.44100000e+00  5.14794109e-03 
 1.44200000e+00  5.14776787e-03 
 1.44300000e+00  5.14759238e-03 
 1.44400000e+00  5.14741465e-03 
 1.44500000e+00  5.14723468e-03 
 1.44600000e+00  5.14705247e-03 
 1.44700000e+00  5.14686803e-03 
 1.44800000e+00  5.14668137e-03 
 1.44900000e+00  5.14649249e-03 
 1.45000000e+00  5.14630141e-03 
 1.45100000e+00  5.14610811e-03 
 1.45200000e+00  5.14591262e-03 
 1.45300000e+00  5.14571494e-03 
 1.45400000e+00  5.14551507e-03 
 1.45500000e+00  5.14531301e-03 
 1.45600000e+00  5.14510879e-03 
 1.45700000e+00  5.14490240e-03 
 1.45800000e+00  5.14469384e-03 
 1.45900000e+00  5.14448313e-03 
 1.46000000e+00  5.14427027e-03 
 1.46100000e+00  5.14405526e-03 
 1.46200000e+00  5.14383812e-03 
 1.46300000e+00  5.14361885e-03 
 1.46400000e+00  5.14339744e-03 
 1.46500000e+00  5.14317392e-03 
 1.46600000e+00  5.14294829e-03 
 1.46700000e+00  5.14272055e-03 
 1.46800000e+00  5.14249070e-03 
 1.46900000e+00  5.14225876e-03 
 1.47000000e+00  5.14202473e-03 
 1.47100000e+00  5.14178861e-03 
 1.47200000e+00  5.14155042e-03 
 1.47300000e+00  5.14131015e-03 
 1.47400000e+00  5.14106782e-03 
 1.47500000e+00  5.14082342e-03 
 1.47600000e+00  5.14057697e-03 
 1.47700000e+00  5.14032847e-03 
 1.47800000e+00  5.14007793e-03 
 1.47900000e+00  5.13982535e-03 
 1.48000000e+00  5.13957074e-03 
 1.48100000e+00  5.13931410e-03 
 1.48200000e+00  5.13905544e-03 
 1.48300000e+00  5.13879476e-03 
 1.48400000e+00  5.13853208e-03 
 1.48500000e+00  5.13826740e-03 
 1.48600000e+00  5.13800071e-03 
 1.48700000e+00  5.13773204e-03 
 1.48800000e+00  5.13746138e-03 
 1.48900000e+00  5.13718873e-03 
 1.49000000e+00  5.13691412e-03 
 1.49100000e+00  5.13663753e-03 
 1.49200000e+00  5.13635898e-03 
 1.49300000e+00  5.13607847e-03 
 1.49400000e+00  5.13579601e-03 
 1.49500000e+00  5.13551161e-03 
 1.49600000e+00  5.13522526e-03 
 1.49700000e+00  5.13493698e-03 
 1.49800000e+00  5.13464676e-03 
 1.49900000e+00  5.13435462e-03 
 1.50000000e+00  5.13406057e-03 
 1.50100000e+00  5.13376459e-03 
 1.50200000e+00  5.13346672e-03 
 1.50300000e+00  5.13316693e-03 
 1.50400000e+00  5.13286526e-03 
 1.50500000e+00  5.13256168e-03 
 1.50600000e+00  5.13225623e-03 
 1.50700000e+00  5.13194889e-03 
 1.50800000e+00  5.13163968e-03 
 1.50900000e+00  5.13132859e-03 
 1.51000000e+00  5.13101565e-03 
 1.51100000e+00  5.13070084e-03 
 1.51200000e+00  5.13038418e-03 
 1.51300000e+00  5.13006567e-03 
 1.51400000e+00  5.12974532e-03 
 1.51500000e+00  5.12942313e-03 
 1.51600000e+00  5.12909910e-03 
 1.51700000e+00  5.12877325e-03 
 1.51800000e+00  5.12844558e-03 
 1.51900000e+00  5.12811609e-03 
 1.52000000e+00  5.12778479e-03 
 1.52100000e+00  5.12745168e-03 
 1.52200000e+00  5.12711678e-03 
 1.52300000e+00  5.12678007e-03 
 1.52400000e+00  5.12644158e-03 
 1.52500000e+00  5.12610130e-03 
 1.52600000e+00  5.12575924e-03 
 1.52700000e+00  5.12541540e-03 
 1.52800000e+00  5.12506980e-03 
 1.52900000e+00  5.12472243e-03 
 1.53000000e+00  5.12437330e-03 
 1.53100000e+00  5.12402241e-03 
 1.53200000e+00  5.12366978e-03 
 1.53300000e+00  5.12331540e-03 
 1.53400000e+00  5.12295928e-03 
 1.53500000e+00  5.12260143e-03 
 1.53600000e+00  5.12224185e-03 
 1.53700000e+00  5.12188054e-03 
 1.53800000e+00  5.12151752e-03 
 1.53900000e+00  5.12115278e-03 
 1.54000000e+00  5.12078633e-03 
 1.54100000e+00  5.12041818e-03 
 1.54200000e+00  5.12004833e-03 
 1.54300000e+00  5.11967678e-03 
 1.54400000e+00  5.11930355e-03 
 1.54500000e+00  5.11892863e-03 
 1.54600000e+00  5.11855203e-03 
 1.54700000e+00  5.11817375e-03 
 1.54800000e+00  5.11779381e-03 
 1.54900000e+00  5.11741220e-03 
 1.55000000e+00  5.11702893e-03 
 1.55100000e+00  5.11664401e-03 
 1.55200000e+00  5.11625743e-03 
 1.55300000e+00  5.11586921e-03 
 1.55400000e+00  5.11547935e-03 
 1.55500000e+00  5.11508785e-03 
 1.55600000e+00  5.11469472e-03 
 1.55700000e+00  5.11429997e-03 
 1.55800000e+00  5.11390359e-03 
 1.55900000e+00  5.11350560e-03 
 1.56000000e+00  5.11310599e-03 
 1.56100000e+00  5.11270478e-03 
 1.56200000e+00  5.11230197e-03 
 1.56300000e+00  5.11189755e-03 
 1.56400000e+00  5.11149154e-03 
 1.56500000e+00  5.11108395e-03 
 1.56600000e+00  5.11067477e-03 
 1.56700000e+00  5.11026401e-03 
 1.56800000e+00  5.10985167e-03 
 1.56900000e+00  5.10943777e-03 
 1.57000000e+00  5.10902230e-03 
 1.57100000e+00  5.10860527e-03 
 1.57200000e+00  5.10818668e-03 
 1.57300000e+00  5.10776654e-03 
 1.57400000e+00  5.10734485e-03 
 1.57500000e+00  5.10692162e-03 
 1.57600000e+00  5.10649685e-03 
 1.57700000e+00  5.10607055e-03 
 1.57800000e+00  5.10564272e-03 
 1.57900000e+00  5.10521336e-03 
 1.58000000e+00  5.10478248e-03 
 1.58100000e+00  5.10435009e-03 
 1.58200000e+00  5.10391618e-03 
 1.58300000e+00  5.10348077e-03 
 1.58400000e+00  5.10304386e-03 
 1.58500000e+00  5.10260545e-03 
 1.58600000e+00  5.10216554e-03 
 1.58700000e+00  5.10172415e-03 
 1.58800000e+00  5.10128127e-03 
 1.58900000e+00  5.10083690e-03 
 1.59000000e+00  5.10039107e-03 
 1.59100000e+00  5.09994376e-03 
 1.59200000e+00  5.09949498e-03 
 1.59300000e+00  5.09904474e-03 
 1.59400000e+00  5.09859304e-03 
 1.59500000e+00  5.09813989e-03 
 1.59600000e+00  5.09768528e-03 
 1.59700000e+00  5.09722923e-03 
 1.59800000e+00  5.09677174e-03 
 1.59900000e+00  5.09631281e-03 
 1.60000000e+00  5.09585244e-03 
 1.60100000e+00  5.09539065e-03 
 1.60200000e+00  5.09492743e-03 
 1.60300000e+00  5.09446279e-03 
 1.60400000e+00  5.09399674e-03 
 1.60500000e+00  5.09352927e-03 
 1.60600000e+00  5.09306039e-03 
 1.60700000e+00  5.09259011e-03 
 1.60800000e+00  5.09211843e-03 
 1.60900000e+00  5.09164535e-03 
 1.61000000e+00  5.09117088e-03 
 1.61100000e+00  5.09069502e-03 
 1.61200000e+00  5.09021778e-03 
 1.61300000e+00  5.08973916e-03 
 1.61400000e+00  5.08925916e-03 
 1.61500000e+00  5.08877780e-03 
 1.61600000e+00  5.08829506e-03 
 1.61700000e+00  5.08781096e-03 
 1.61800000e+00  5.08732550e-03 
 1.61900000e+00  5.08683869e-03 
 1.62000000e+00  5.08635052e-03 
 1.62100000e+00  5.08586101e-03 
 1.62200000e+00  5.08537015e-03 
 1.62300000e+00  5.08487796e-03 
 1.62400000e+00  5.08438442e-03 
 1.62500000e+00  5.08388956e-03 
 1.62600000e+00  5.08339337e-03 
 1.62700000e+00  5.08289585e-03 
 1.62800000e+00  5.08239702e-03 
 1.62900000e+00  5.08189687e-03 
 1.63000000e+00  5.08139540e-03 
 1.63100000e+00  5.08089263e-03 
 1.63200000e+00  5.08038855e-03 
 1.63300000e+00  5.07988318e-03 
 1.63400000e+00  5.07937650e-03 
 1.63500000e+00  5.07886853e-03 
 1.63600000e+00  5.07835928e-03 
 1.63700000e+00  5.07784873e-03 
 1.63800000e+00  5.07733691e-03 
 1.63900000e+00  5.07682381e-03 
 1.64000000e+00  5.07630943e-03 
 1.64100000e+00  5.07579378e-03 
 1.64200000e+00  5.07527687e-03 
 1.64300000e+00  5.07475869e-03 
 1.64400000e+00  5.07423926e-03 
 1.64500000e+00  5.07371857e-03 
 1.64600000e+00  5.07319662e-03 
 1.64700000e+00  5.07267343e-03 
 1.64800000e+00  5.07214900e-03 
 1.64900000e+00  5.07162332e-03 
 1.65000000e+00  5.07109641e-03 
 1.65100000e+00  5.07056826e-03 
 1.65200000e+00  5.07003888e-03 
 1.65300000e+00  5.06950828e-03 
 1.65400000e+00  5.06897645e-03 
 1.65500000e+00  5.06844340e-03 
 1.65600000e+00  5.06790914e-03 
 1.65700000e+00  5.06737367e-03 
 1.65800000e+00  5.06683699e-03 
 1.65900000e+00  5.06629910e-03 
 1.66000000e+00  5.06576001e-03 
 1.66100000e+00  5.06521973e-03 
 1.66200000e+00  5.06467825e-03 
 1.66300000e+00  5.06413558e-03 
 1.66400000e+00  5.06359172e-03 
 1.66500000e+00  5.06304668e-03 
 1.66600000e+00  5.06250046e-03 
 1.66700000e+00  5.06195306e-03 
 1.66800000e+00  5.06140449e-03 
 1.66900000e+00  5.06085474e-03 
 1.67000000e+00  5.06030384e-03 
 1.67100000e+00  5.05975176e-03 
 1.67200000e+00  5.05919853e-03 
 1.67300000e+00  5.05864414e-03 
 1.67400000e+00  5.05808860e-03 
 1.67500000e+00  5.05753191e-03 
 1.67600000e+00  5.05697408e-03 
 1.67700000e+00  5.05641510e-03 
 1.67800000e+00  5.05585498e-03 
 1.67900000e+00  5.05529373e-03 
 1.68000000e+00  5.05473134e-03 
 1.68100000e+00  5.05416782e-03 
 1.68200000e+00  5.05360318e-03 
 1.68300000e+00  5.05303742e-03 
 1.68400000e+00  5.05247053e-03 
 1.68500000e+00  5.05190253e-03 
 1.68600000e+00  5.05133342e-03 
 1.68700000e+00  5.05076319e-03 
 1.68800000e+00  5.05019186e-03 
 1.68900000e+00  5.04961943e-03 
 1.69000000e+00  5.04904590e-03 
 1.69100000e+00  5.04847127e-03 
 1.69200000e+00  5.04789554e-03 
 1.69300000e+00  5.04731873e-03 
 1.69400000e+00  5.04674083e-03 
 1.69500000e+00  5.04616185e-03 
 1.69600000e+00  5.04558178e-03 
 1.69700000e+00  5.04500064e-03 
 1.69800000e+00  5.04441842e-03 
 1.69900000e+00  5.04383513e-03 
 1.70000000e+00  5.04325077e-03 
 1.70100000e+00  5.04266535e-03 
 1.70200000e+00  5.04207887e-03 
 1.70300000e+00  5.04149133e-03 
 1.70400000e+00  5.04090273e-03 
 1.70500000e+00  5.04031308e-03 
 1.70600000e+00  5.03972238e-03 
 1.70700000e+00  5.03913063e-03 
 1.70800000e+00  5.03853784e-03 
 1.70900000e+00  5.03794401e-03 
 1.71000000e+00  5.03734914e-03 
 1.71100000e+00  5.03675324e-03 
 1.71200000e+00  5.03615630e-03 
 1.71300000e+00  5.03555834e-03 
 1.71400000e+00  5.03495935e-03 
 1.71500000e+00  5.03435934e-03 
 1.71600000e+00  5.03375831e-03 
 1.71700000e+00  5.03315627e-03 
 1.71800000e+00  5.03255321e-03 
 1.71900000e+00  5.03194914e-03 
 1.72000000e+00  5.03134406e-03 
 1.72100000e+00  5.03073798e-03 
 1.72200000e+00  5.03013090e-03 
 1.72300000e+00  5.02952282e-03 
 1.72400000e+00  5.02891374e-03 
 1.72500000e+00  5.02830367e-03 
 1.72600000e+00  5.02769261e-03 
 1.72700000e+00  5.02708056e-03 
 1.72800000e+00  5.02646753e-03 
 1.72900000e+00  5.02585352e-03 
 1.73000000e+00  5.02523853e-03 
 1.73100000e+00  5.02462256e-03 
 1.73200000e+00  5.02400562e-03 
 1.73300000e+00  5.02338771e-03 
 1.73400000e+00  5.02276884e-03 
 1.73500000e+00  5.02214900e-03 
 1.73600000e+00  5.02152819e-03 
 1.73700000e+00  5.02090643e-03 
 1.73800000e+00  5.02028371e-03 
 1.73900000e+00  5.01966004e-03 
 1.74000000e+00  5.01903542e-03 
 1.74100000e+00  5.01840985e-03 
 1.74200000e+00  5.01778334e-03 
 1.74300000e+00  5.01715588e-03 
 1.74400000e+00  5.01652749e-03 
 1.74500000e+00  5.01589816e-03 
 1.74600000e+00  5.01526789e-03 
 1.74700000e+00  5.01463670e-03 
 1.74800000e+00  5.01400457e-03 
 1.74900000e+00  5.01337152e-03 
 1.75000000e+00  5.01273754e-03 
 1.75100000e+00  5.01210265e-03 
 1.75200000e+00  5.01146684e-03 
 1.75300000e+00  5.01083011e-03 
 1.75400000e+00  5.01019247e-03 
 1.75500000e+00  5.00955392e-03 
 1.75600000e+00  5.00891446e-03 
 1.75700000e+00  5.00827410e-03 
 1.75800000e+00  5.00763283e-03 
 1.75900000e+00  5.00699067e-03 
 1.76000000e+00  5.00634761e-03 
 1.76100000e+00  5.00570365e-03 
 1.76200000e+00  5.00505881e-03 
 1.76300000e+00  5.00441307e-03 
 1.76400000e+00  5.00376645e-03 
 1.76500000e+00  5.00311894e-03 
 1.76600000e+00  5.00247056e-03 
 1.76700000e+00  5.00182129e-03 
 1.76800000e+00  5.00117115e-03 
 1.76900000e+00  5.00052013e-03 
 1.77000000e+00  4.99986824e-03 
 1.77100000e+00  4.99921549e-03 
 1.77200000e+00  4.99856187e-03 
 1.77300000e+00  4.99790738e-03 
 1.77400000e+00  4.99725203e-03 
 1.77500000e+00  4.99659583e-03 
 1.77600000e+00  4.99593877e-03 
 1.77700000e+00  4.99528085e-03 
 1.77800000e+00  4.99462208e-03 
 1.77900000e+00  4.99396247e-03 
 1.78000000e+00  4.99330200e-03 
 1.78100000e+00  4.99264070e-03 
 1.78200000e+00  4.99197855e-03 
 1.78300000e+00  4.99131556e-03 
 1.78400000e+00  4.99065174e-03 
 1.78500000e+00  4.98998708e-03 
 1.78600000e+00  4.98932159e-03 
 1.78700000e+00  4.98865527e-03 
 1.78800000e+00  4.98798812e-03 
 1.78900000e+00  4.98732015e-03 
 1.79000000e+00  4.98665135e-03 
 1.79100000e+00  4.98598174e-03 
 1.79200000e+00  4.98531131e-03 
 1.79300000e+00  4.98464006e-03 
 1.79400000e+00  4.98396800e-03 
 1.79500000e+00  4.98329513e-03 
 1.79600000e+00  4.98262145e-03 
 1.79700000e+00  4.98194696e-03 
 1.79800000e+00  4.98127167e-03 
 1.79900000e+00  4.98059558e-03 
 1.80000000e+00  4.97991869e-03 
