 0.00000000e+00  2.52360461e+01 
 1.00000000e-03  2.52359411e+01 
 2.00000000e-03  2.52358348e+01 
 3.00000000e-03  2.52357272e+01 
 4.00000000e-03  2.52356181e+01 
 5.00000000e-03  2.52355077e+01 
 6.00000000e-03  2.52353960e+01 
 7.00000000e-03  2.52352827e+01 
 8.00000000e-03  2.52351681e+01 
 9.00000000e-03  2.52350520e+01 
 1.00000000e-02  2.52349344e+01 
 1.10000000e-02  2.52348154e+01 
 1.20000000e-02  2.52346948e+01 
 1.30000000e-02  2.52345728e+01 
 1.40000000e-02  2.52344491e+01 
 1.50000000e-02  2.52343239e+01 
 1.60000000e-02  2.52341971e+01 
 1.70000000e-02  2.52340688e+01 
 1.80000000e-02  2.52339387e+01 
 1.90000000e-02  2.52338071e+01 
 2.00000000e-02  2.52336738e+01 
 2.10000000e-02  2.52335388e+01 
 2.20000000e-02  2.52334020e+01 
 2.30000000e-02  2.52332636e+01 
 2.40000000e-02  2.52331234e+01 
 2.50000000e-02  2.52329814e+01 
 2.60000000e-02  2.52328376e+01 
 2.70000000e-02  2.52326920e+01 
 2.80000000e-02  2.52325446e+01 
 2.90000000e-02  2.52323953e+01 
 3.00000000e-02  2.52322441e+01 
 3.10000000e-02  2.52320910e+01 
 3.20000000e-02  2.52319360e+01 
 3.30000000e-02  2.52317790e+01 
 3.40000000e-02  2.52316200e+01 
 3.50000000e-02  2.52314590e+01 
 3.60000000e-02  2.52312959e+01 
 3.70000000e-02  2.52311309e+01 
 3.80000000e-02  2.52309637e+01 
 3.90000000e-02  2.52307944e+01 
 4.00000000e-02  2.52306229e+01 
 4.10000000e-02  2.52304493e+01 
 4.20000000e-02  2.52302735e+01 
 4.30000000e-02  2.52300955e+01 
 4.40000000e-02  2.52299152e+01 
 4.50000000e-02  2.52297327e+01 
 4.60000000e-02  2.52295478e+01 
 4.70000000e-02  2.52293606e+01 
 4.80000000e-02  2.52291710e+01 
 4.90000000e-02  2.52289791e+01 
 5.00000000e-02  2.52287847e+01 
 5.10000000e-02  2.52285878e+01 
 5.20000000e-02  2.52283885e+01 
 5.30000000e-02  2.52281866e+01 
 5.40000000e-02  2.52279822e+01 
 5.50000000e-02  2.52277752e+01 
 5.60000000e-02  2.52275656e+01 
 5.70000000e-02  2.52273534e+01 
 5.80000000e-02  2.52271384e+01 
 5.90000000e-02  2.52269208e+01 
 6.00000000e-02  2.52267004e+01 
 6.10000000e-02  2.52264772e+01 
 6.20000000e-02  2.52262512e+01 
 6.30000000e-02  2.52260224e+01 
 6.40000000e-02  2.52257906e+01 
 6.50000000e-02  2.52255559e+01 
 6.60000000e-02  2.52253183e+01 
 6.70000000e-02  2.52250777e+01 
 6.80000000e-02  2.52248340e+01 
 6.90000000e-02  2.52245872e+01 
 7.00000000e-02  2.52243374e+01 
 7.10000000e-02  2.52240844e+01 
 7.20000000e-02  2.52238281e+01 
 7.30000000e-02  2.52235687e+01 
 7.40000000e-02  2.52233060e+01 
 7.50000000e-02  2.52230399e+01 
 7.60000000e-02  2.52227706e+01 
 7.70000000e-02  2.52224978e+01 
 7.80000000e-02  2.52222215e+01 
 7.90000000e-02  2.52219418e+01 
 8.00000000e-02  2.52216586e+01 
 8.10000000e-02  2.52213717e+01 
 8.20000000e-02  2.52210813e+01 
 8.30000000e-02  2.52207872e+01 
 8.40000000e-02  2.52204894e+01 
 8.50000000e-02  2.52201878e+01 
 8.60000000e-02  2.52198825e+01 
 8.70000000e-02  2.52195733e+01 
 8.80000000e-02  2.52192601e+01 
 8.90000000e-02  2.52189431e+01 
 9.00000000e-02  2.52186220e+01 
 9.10000000e-02  2.52182969e+01 
 9.20000000e-02  2.52179677e+01 
 9.30000000e-02  2.52176344e+01 
 9.40000000e-02  2.52172968e+01 
 9.50000000e-02  2.52169550e+01 
 9.60000000e-02  2.52166089e+01 
 9.70000000e-02  2.52162585e+01 
 9.80000000e-02  2.52159036e+01 
 9.90000000e-02  2.52155443e+01 
 1.00000000e-01  2.52151804e+01 
 1.01000000e-01  2.52148119e+01 
 1.02000000e-01  2.52144389e+01 
 1.03000000e-01  2.52140611e+01 
 1.04000000e-01  2.52136785e+01 
 1.05000000e-01  2.52132912e+01 
 1.06000000e-01  2.52128989e+01 
 1.07000000e-01  2.52125018e+01 
 1.08000000e-01  2.52120996e+01 
 1.09000000e-01  2.52116924e+01 
 1.10000000e-01  2.52112801e+01 
 1.11000000e-01  2.52108626e+01 
 1.12000000e-01  2.52104398e+01 
 1.13000000e-01  2.52100117e+01 
 1.14000000e-01  2.52095782e+01 
 1.15000000e-01  2.52091393e+01 
 1.16000000e-01  2.52086949e+01 
 1.17000000e-01  2.52082448e+01 
 1.18000000e-01  2.52077892e+01 
 1.19000000e-01  2.52073278e+01 
 1.20000000e-01  2.52068606e+01 
 1.21000000e-01  2.52063875e+01 
 1.22000000e-01  2.52059085e+01 
 1.23000000e-01  2.52054235e+01 
 1.24000000e-01  2.52049324e+01 
 1.25000000e-01  2.52044351e+01 
 1.26000000e-01  2.52039316e+01 
 1.27000000e-01  2.52034218e+01 
 1.28000000e-01  2.52029055e+01 
 1.29000000e-01  2.52023828e+01 
 1.30000000e-01  2.52018536e+01 
 1.31000000e-01  2.52013177e+01 
 1.32000000e-01  2.52007751e+01 
 1.33000000e-01  2.52002256e+01 
 1.34000000e-01  2.51996693e+01 
 1.35000000e-01  2.51991060e+01 
 1.36000000e-01  2.51985357e+01 
 1.37000000e-01  2.51979582e+01 
 1.38000000e-01  2.51973735e+01 
 1.39000000e-01  2.51967814e+01 
 1.40000000e-01  2.51961820e+01 
 1.41000000e-01  2.51955750e+01 
 1.42000000e-01  2.51949604e+01 
 1.43000000e-01  2.51943382e+01 
 1.44000000e-01  2.51937081e+01 
 1.45000000e-01  2.51930702e+01 
 1.46000000e-01  2.51924243e+01 
 1.47000000e-01  2.51917703e+01 
 1.48000000e-01  2.51911081e+01 
 1.49000000e-01  2.51904377e+01 
 1.50000000e-01  2.51897588e+01 
 1.51000000e-01  2.51890715e+01 
 1.52000000e-01  2.51883756e+01 
 1.53000000e-01  2.51876710e+01 
 1.54000000e-01  2.51869576e+01 
 1.55000000e-01  2.51862353e+01 
 1.56000000e-01  2.51855040e+01 
 1.57000000e-01  2.51847635e+01 
 1.58000000e-01  2.51840138e+01 
 1.59000000e-01  2.51832548e+01 
 1.60000000e-01  2.51824862e+01 
 1.61000000e-01  2.51817081e+01 
 1.62000000e-01  2.51809203e+01 
 1.63000000e-01  2.51801227e+01 
 1.64000000e-01  2.51793151e+01 
 1.65000000e-01  2.51784975e+01 
 1.66000000e-01  2.51776696e+01 
 1.67000000e-01  2.51768315e+01 
 1.68000000e-01  2.51759829e+01 
 1.69000000e-01  2.51751238e+01 
 1.70000000e-01  2.51742540e+01 
 1.71000000e-01  2.51733733e+01 
 1.72000000e-01  2.51724817e+01 
 1.73000000e-01  2.51715790e+01 
 1.74000000e-01  2.51706651e+01 
 1.75000000e-01  2.51697398e+01 
 1.76000000e-01  2.51688030e+01 
 1.77000000e-01  2.51678546e+01 
 1.78000000e-01  2.51668944e+01 
 1.79000000e-01  2.51659223e+01 
 1.80000000e-01  2.51649381e+01 
 1.81000000e-01  2.51639417e+01 
 1.82000000e-01  2.51629329e+01 
 1.83000000e-01  2.51619116e+01 
 1.84000000e-01  2.51608777e+01 
 1.85000000e-01  2.51598309e+01 
 1.86000000e-01  2.51587712e+01 
 1.87000000e-01  2.51576983e+01 
 1.88000000e-01  2.51566122e+01 
 1.89000000e-01  2.51555126e+01 
 1.90000000e-01  2.51543994e+01 
 1.91000000e-01  2.51532724e+01 
 1.92000000e-01  2.51521315e+01 
 1.93000000e-01  2.51509765e+01 
 1.94000000e-01  2.51498072e+01 
 1.95000000e-01  2.51486235e+01 
 1.96000000e-01  2.51474251e+01 
 1.97000000e-01  2.51462120e+01 
 1.98000000e-01  2.51449838e+01 
 1.99000000e-01  2.51437405e+01 
 2.00000000e-01  2.51424819e+01 
 2.01000000e-01  2.51412078e+01 
 2.02000000e-01  2.51399179e+01 
 2.03000000e-01  2.51386122e+01 
 2.04000000e-01  2.51372904e+01 
 2.05000000e-01  2.51359523e+01 
 2.06000000e-01  2.51345978e+01 
 2.07000000e-01  2.51332265e+01 
 2.08000000e-01  2.51318385e+01 
 2.09000000e-01  2.51304333e+01 
 2.10000000e-01  2.51290109e+01 
 2.11000000e-01  2.51275710e+01 
 2.12000000e-01  2.51261135e+01 
 2.13000000e-01  2.51246380e+01 
 2.14000000e-01  2.51231445e+01 
 2.15000000e-01  2.51216327e+01 
 2.16000000e-01  2.51201023e+01 
 2.17000000e-01  2.51185532e+01 
 2.18000000e-01  2.51169851e+01 
 2.19000000e-01  2.51153978e+01 
 2.20000000e-01  2.51137911e+01 
 2.21000000e-01  2.51121647e+01 
 2.22000000e-01  2.51105185e+01 
 2.23000000e-01  2.51088522e+01 
 2.24000000e-01  2.51071655e+01 
 2.25000000e-01  2.51054583e+01 
 2.26000000e-01  2.51037302e+01 
 2.27000000e-01  2.51019811e+01 
 2.28000000e-01  2.51002106e+01 
 2.29000000e-01  2.50984186e+01 
 2.30000000e-01  2.50966048e+01 
 2.31000000e-01  2.50947689e+01 
 2.32000000e-01  2.50929106e+01 
 2.33000000e-01  2.50910299e+01 
 2.34000000e-01  2.50891262e+01 
 2.35000000e-01  2.50871995e+01 
 2.36000000e-01  2.50852493e+01 
 2.37000000e-01  2.50832756e+01 
 2.38000000e-01  2.50812779e+01 
 2.39000000e-01  2.50792560e+01 
 2.40000000e-01  2.50772097e+01 
 2.41000000e-01  2.50751386e+01 
 2.42000000e-01  2.50730425e+01 
 2.43000000e-01  2.50709210e+01 
 2.44000000e-01  2.50687740e+01 
 2.45000000e-01  2.50666010e+01 
 2.46000000e-01  2.50644018e+01 
 2.47000000e-01  2.50621762e+01 
 2.48000000e-01  2.50599237e+01 
 2.49000000e-01  2.50576442e+01 
 2.50000000e-01  2.50553372e+01 
 2.51000000e-01  2.50530025e+01 
 2.52000000e-01  2.50506398e+01 
 2.53000000e-01  2.50482487e+01 
 2.54000000e-01  2.50458290e+01 
 2.55000000e-01  2.50433802e+01 
 2.56000000e-01  2.50409022e+01 
 2.57000000e-01  2.50383945e+01 
 2.58000000e-01  2.50358568e+01 
 2.59000000e-01  2.50332888e+01 
 2.60000000e-01  2.50306902e+01 
 2.61000000e-01  2.50280605e+01 
 2.62000000e-01  2.50253996e+01 
 2.63000000e-01  2.50227069e+01 
 2.64000000e-01  2.50199822e+01 
 2.65000000e-01  2.50172251e+01 
 2.66000000e-01  2.50144353e+01 
 2.67000000e-01  2.50116124e+01 
 2.68000000e-01  2.50087560e+01 
 2.69000000e-01  2.50058658e+01 
 2.70000000e-01  2.50029413e+01 
 2.71000000e-01  2.49999823e+01 
 2.72000000e-01  2.49969883e+01 
 2.73000000e-01  2.49939590e+01 
 2.74000000e-01  2.49908939e+01 
 2.75000000e-01  2.49877928e+01 
 2.76000000e-01  2.49846551e+01 
 2.77000000e-01  2.49814806e+01 
 2.78000000e-01  2.49782688e+01 
 2.79000000e-01  2.49750193e+01 
 2.80000000e-01  2.49717316e+01 
 2.81000000e-01  2.49684055e+01 
 2.82000000e-01  2.49650405e+01 
 2.83000000e-01  2.49616362e+01 
 2.84000000e-01  2.49581921e+01 
 2.85000000e-01  2.49547079e+01 
 2.86000000e-01  2.49511831e+01 
 2.87000000e-01  2.49476173e+01 
 2.88000000e-01  2.49440100e+01 
 2.89000000e-01  2.49403609e+01 
 2.90000000e-01  2.49366695e+01 
 2.91000000e-01  2.49329353e+01 
 2.92000000e-01  2.49291579e+01 
 2.93000000e-01  2.49253369e+01 
 2.94000000e-01  2.49214718e+01 
 2.95000000e-01  2.49175622e+01 
 2.96000000e-01  2.49136076e+01 
 2.97000000e-01  2.49096075e+01 
 2.98000000e-01  2.49055615e+01 
 2.99000000e-01  2.49014691e+01 
 3.00000000e-01  2.48973299e+01 
 3.01000000e-01  2.48931434e+01 
 3.02000000e-01  2.48889090e+01 
 3.03000000e-01  2.48846264e+01 
 3.04000000e-01  2.48802950e+01 
 3.05000000e-01  2.48759144e+01 
 3.06000000e-01  2.48714840e+01 
 3.07000000e-01  2.48670034e+01 
 3.08000000e-01  2.48624721e+01 
 3.09000000e-01  2.48578896e+01 
 3.10000000e-01  2.48532554e+01 
 3.11000000e-01  2.48485690e+01 
 3.12000000e-01  2.48438298e+01 
 3.13000000e-01  2.48390374e+01 
 3.14000000e-01  2.48341913e+01 
 3.15000000e-01  2.48292910e+01 
 3.16000000e-01  2.48243358e+01 
 3.17000000e-01  2.48193254e+01 
 3.18000000e-01  2.48142592e+01 
 3.19000000e-01  2.48091367e+01 
 3.20000000e-01  2.48039573e+01 
 3.21000000e-01  2.47987205e+01 
 3.22000000e-01  2.47934258e+01 
 3.23000000e-01  2.47880727e+01 
 3.24000000e-01  2.47826605e+01 
 3.25000000e-01  2.47771889e+01 
 3.26000000e-01  2.47716572e+01 
 3.27000000e-01  2.47660649e+01 
 3.28000000e-01  2.47604115e+01 
 3.29000000e-01  2.47546964e+01 
 3.30000000e-01  2.47489190e+01 
 3.31000000e-01  2.47430789e+01 
 3.32000000e-01  2.47371754e+01 
 3.33000000e-01  2.47312081e+01 
 3.34000000e-01  2.47251763e+01 
 3.35000000e-01  2.47190795e+01 
 3.36000000e-01  2.47129172e+01 
 3.37000000e-01  2.47066888e+01 
 3.38000000e-01  2.47003937e+01 
 3.39000000e-01  2.46940314e+01 
 3.40000000e-01  2.46876014e+01 
 3.41000000e-01  2.46811030e+01 
 3.42000000e-01  2.46745357e+01 
 3.43000000e-01  2.46678989e+01 
 3.44000000e-01  2.46611922e+01 
 3.45000000e-01  2.46544148e+01 
 3.46000000e-01  2.46475663e+01 
 3.47000000e-01  2.46406462e+01 
 3.48000000e-01  2.46336537e+01 
 3.49000000e-01  2.46265885e+01 
 3.50000000e-01  2.46194498e+01 
 3.51000000e-01  2.46122372e+01 
 3.52000000e-01  2.46049502e+01 
 3.53000000e-01  2.45975880e+01 
 3.54000000e-01  2.45901503e+01 
 3.55000000e-01  2.45826364e+01 
 3.56000000e-01  2.45750458e+01 
 3.57000000e-01  2.45673779e+01 
 3.58000000e-01  2.45596322e+01 
 3.59000000e-01  2.45518082e+01 
 3.60000000e-01  2.45439052e+01 
 3.61000000e-01  2.45359228e+01 
 3.62000000e-01  2.45278604e+01 
 3.63000000e-01  2.45197174e+01 
 3.64000000e-01  2.45114934e+01 
 3.65000000e-01  2.45031878e+01 
 3.66000000e-01  2.44948001e+01 
 3.67000000e-01  2.44863297e+01 
 3.68000000e-01  2.44777761e+01 
 3.69000000e-01  2.44691389e+01 
 3.70000000e-01  2.44604175e+01 
 3.71000000e-01  2.44516114e+01 
 3.72000000e-01  2.44427201e+01 
 3.73000000e-01  2.44337430e+01 
 3.74000000e-01  2.44246798e+01 
 3.75000000e-01  2.44155299e+01 
 3.76000000e-01  2.44062929e+01 
 3.77000000e-01  2.43969682e+01 
 3.78000000e-01  2.43875554e+01 
 3.79000000e-01  2.43780540e+01 
 3.80000000e-01  2.43684637e+01 
 3.81000000e-01  2.43587838e+01 
 3.82000000e-01  2.43490141e+01 
 3.83000000e-01  2.43391540e+01 
 3.84000000e-01  2.43292032e+01 
 3.85000000e-01  2.43191612e+01 
 3.86000000e-01  2.43090276e+01 
 3.87000000e-01  2.42988020e+01 
 3.88000000e-01  2.42884840e+01 
 3.89000000e-01  2.42780733e+01 
 3.90000000e-01  2.42675695e+01 
 3.91000000e-01  2.42569721e+01 
 3.92000000e-01  2.42462810e+01 
 3.93000000e-01  2.42354957e+01 
 3.94000000e-01  2.42246158e+01 
 3.95000000e-01  2.42136412e+01 
 3.96000000e-01  2.42025714e+01 
 3.97000000e-01  2.41914062e+01 
 3.98000000e-01  2.41801453e+01 
 3.99000000e-01  2.41687885e+01 
 4.00000000e-01  2.41573354e+01 
 4.01000000e-01  2.41457859e+01 
 4.02000000e-01  2.41341397e+01 
 4.03000000e-01  2.41223966e+01 
 4.04000000e-01  2.41105564e+01 
 4.05000000e-01  2.40986188e+01 
 4.06000000e-01  2.40865839e+01 
 4.07000000e-01  2.40744513e+01 
 4.08000000e-01  2.40622210e+01 
 4.09000000e-01  2.40498928e+01 
 4.10000000e-01  2.40374666e+01 
 4.11000000e-01  2.40249423e+01 
 4.12000000e-01  2.40123199e+01 
 4.13000000e-01  2.39995993e+01 
 4.14000000e-01  2.39867804e+01 
 4.15000000e-01  2.39738633e+01 
 4.16000000e-01  2.39608479e+01 
 4.17000000e-01  2.39477343e+01 
 4.18000000e-01  2.39345225e+01 
 4.19000000e-01  2.39212125e+01 
 4.20000000e-01  2.39078044e+01 
 4.21000000e-01  2.38942984e+01 
 4.22000000e-01  2.38806944e+01 
 4.23000000e-01  2.38669927e+01 
 4.24000000e-01  2.38531934e+01 
 4.25000000e-01  2.38392968e+01 
 4.26000000e-01  2.38253028e+01 
 4.27000000e-01  2.38112119e+01 
 4.28000000e-01  2.37970242e+01 
 4.29000000e-01  2.37827401e+01 
 4.30000000e-01  2.37683597e+01 
 4.31000000e-01  2.37538833e+01 
 4.32000000e-01  2.37393114e+01 
 4.33000000e-01  2.37246443e+01 
 4.34000000e-01  2.37098822e+01 
 4.35000000e-01  2.36950257e+01 
 4.36000000e-01  2.36800752e+01 
 4.37000000e-01  2.36650310e+01 
 4.38000000e-01  2.36498936e+01 
 4.39000000e-01  2.36346636e+01 
 4.40000000e-01  2.36193414e+01 
 4.41000000e-01  2.36039276e+01 
 4.42000000e-01  2.35884227e+01 
 4.43000000e-01  2.35728274e+01 
 4.44000000e-01  2.35571421e+01 
 4.45000000e-01  2.35413675e+01 
 4.46000000e-01  2.35255043e+01 
 4.47000000e-01  2.35095531e+01 
 4.48000000e-01  2.34935147e+01 
 4.49000000e-01  2.34773897e+01 
 4.50000000e-01  2.34611790e+01 
 4.51000000e-01  2.34448831e+01 
 4.52000000e-01  2.34285030e+01 
 4.53000000e-01  2.34120393e+01 
 4.54000000e-01  2.33954931e+01 
 4.55000000e-01  2.33788650e+01 
 4.56000000e-01  2.33621559e+01 
 4.57000000e-01  2.33453668e+01 
 4.58000000e-01  2.33284986e+01 
 4.59000000e-01  2.33115520e+01 
 4.60000000e-01  2.32945282e+01 
 4.61000000e-01  2.32774280e+01 
 4.62000000e-01  2.32602524e+01 
 4.63000000e-01  2.32430025e+01 
 4.64000000e-01  2.32256791e+01 
 4.65000000e-01  2.32082834e+01 
 4.66000000e-01  2.31908164e+01 
 4.67000000e-01  2.31732791e+01 
 4.68000000e-01  2.31556725e+01 
 4.69000000e-01  2.31379978e+01 
 4.70000000e-01  2.31202560e+01 
 4.71000000e-01  2.31024482e+01 
 4.72000000e-01  2.30845756e+01 
 4.73000000e-01  2.30666392e+01 
 4.74000000e-01  2.30486400e+01 
 4.75000000e-01  2.30305794e+01 
 4.76000000e-01  2.30124583e+01 
 4.77000000e-01  2.29942779e+01 
 4.78000000e-01  2.29760393e+01 
 4.79000000e-01  2.29577436e+01 
 4.80000000e-01  2.29393919e+01 
 4.81000000e-01  2.29209854e+01 
 4.82000000e-01  2.29025252e+01 
 4.83000000e-01  2.28840124e+01 
 4.84000000e-01  2.28654480e+01 
 4.85000000e-01  2.28468331e+01 
 4.86000000e-01  2.28281689e+01 
 4.87000000e-01  2.28094563e+01 
 4.88000000e-01  2.27906964e+01 
 4.89000000e-01  2.27718902e+01 
 4.90000000e-01  2.27530388e+01 
 4.91000000e-01  2.27341430e+01 
 4.92000000e-01  2.27152040e+01 
 4.93000000e-01  2.26962225e+01 
 4.94000000e-01  2.26771994e+01 
 4.95000000e-01  2.26581357e+01 
 4.96000000e-01  2.26390322e+01 
 4.97000000e-01  2.26198897e+01 
 4.98000000e-01  2.26007089e+01 
 4.99000000e-01  2.25814906e+01 
 5.00000000e-01  2.25622354e+01 
 5.01000000e-01  2.25429440e+01 
 5.02000000e-01  2.25236169e+01 
 5.03000000e-01  2.25042547e+01 
 5.04000000e-01  2.24848579e+01 
 5.05000000e-01  2.24654269e+01 
 5.06000000e-01  2.24459620e+01 
 5.07000000e-01  2.24264637e+01 
 5.08000000e-01  2.24069320e+01 
 5.09000000e-01  2.23873673e+01 
 5.10000000e-01  2.23677695e+01 
 5.11000000e-01  2.23481388e+01 
 5.12000000e-01  2.23284751e+01 
 5.13000000e-01  2.23087784e+01 
 5.14000000e-01  2.22890483e+01 
 5.15000000e-01  2.22692848e+01 
 5.16000000e-01  2.22494873e+01 
 5.17000000e-01  2.22296555e+01 
 5.18000000e-01  2.22097888e+01 
 5.19000000e-01  2.21898866e+01 
 5.20000000e-01  2.21699482e+01 
 5.21000000e-01  2.21499729e+01 
 5.22000000e-01  2.21299596e+01 
 5.23000000e-01  2.21099074e+01 
 5.24000000e-01  2.20898152e+01 
 5.25000000e-01  2.20696817e+01 
 5.26000000e-01  2.20495056e+01 
 5.27000000e-01  2.20292856e+01 
 5.28000000e-01  2.20090200e+01 
 5.29000000e-01  2.19887072e+01 
 5.30000000e-01  2.19683454e+01 
 5.31000000e-01  2.19479327e+01 
 5.32000000e-01  2.19274672e+01 
 5.33000000e-01  2.19069467e+01 
 5.34000000e-01  2.18863689e+01 
 5.35000000e-01  2.18657315e+01 
 5.36000000e-01  2.18450320e+01 
 5.37000000e-01  2.18242678e+01 
 5.38000000e-01  2.18034360e+01 
 5.39000000e-01  2.17825340e+01 
 5.40000000e-01  2.17615586e+01 
 5.41000000e-01  2.17405068e+01 
 5.42000000e-01  2.17193753e+01 
 5.43000000e-01  2.16981607e+01 
 5.44000000e-01  2.16768596e+01 
 5.45000000e-01  2.16554682e+01 
 5.46000000e-01  2.16339829e+01 
 5.47000000e-01  2.16123998e+01 
 5.48000000e-01  2.15907149e+01 
 5.49000000e-01  2.15689240e+01 
 5.50000000e-01  2.15470228e+01 
 5.51000000e-01  2.15250072e+01 
 5.52000000e-01  2.15028724e+01 
 5.53000000e-01  2.14806140e+01 
 5.54000000e-01  2.14582273e+01 
 5.55000000e-01  2.14357073e+01 
 5.56000000e-01  2.14130491e+01 
 5.57000000e-01  2.13902477e+01 
 5.58000000e-01  2.13672980e+01 
 5.59000000e-01  2.13441945e+01 
 5.60000000e-01  2.13209321e+01 
 5.61000000e-01  2.12975053e+01 
 5.62000000e-01  2.12739084e+01 
 5.63000000e-01  2.12501358e+01 
 5.64000000e-01  2.12261819e+01 
 5.65000000e-01  2.12020408e+01 
 5.66000000e-01  2.11777067e+01 
 5.67000000e-01  2.11531735e+01 
 5.68000000e-01  2.11284352e+01 
 5.69000000e-01  2.11034859e+01 
 5.70000000e-01  2.10783193e+01 
 5.71000000e-01  2.10529292e+01 
 5.72000000e-01  2.10273094e+01 
 5.73000000e-01  2.10014537e+01 
 5.74000000e-01  2.09753556e+01 
 5.75000000e-01  2.09490089e+01 
 5.76000000e-01  2.09224072e+01 
 5.77000000e-01  2.08955441e+01 
 5.78000000e-01  2.08684132e+01 
 5.79000000e-01  2.08410081e+01 
 5.80000000e-01  2.08133224e+01 
 5.81000000e-01  2.07853497e+01 
 5.82000000e-01  2.07570835e+01 
 5.83000000e-01  2.07285177e+01 
 5.84000000e-01  2.06996457e+01 
 5.85000000e-01  2.06704614e+01 
 5.86000000e-01  2.06409585e+01 
 5.87000000e-01  2.06111306e+01 
 5.88000000e-01  2.05809718e+01 
 5.89000000e-01  2.05504759e+01 
 5.90000000e-01  2.05196368e+01 
 5.91000000e-01  2.04884487e+01 
 5.92000000e-01  2.04569056e+01 
 5.93000000e-01  2.04250017e+01 
 5.94000000e-01  2.03927315e+01 
 5.95000000e-01  2.03600892e+01 
 5.96000000e-01  2.03270695e+01 
 5.97000000e-01  2.02936669e+01 
 5.98000000e-01  2.02598762e+01 
 5.99000000e-01  2.02256923e+01 
 6.00000000e-01  2.01911103e+01 
 6.01000000e-01  2.01561253e+01 
 6.02000000e-01  2.01207325e+01 
 6.03000000e-01  2.00849275e+01 
 6.04000000e-01  2.00487059e+01 
 6.05000000e-01  2.00120635e+01 
 6.06000000e-01  1.99749961e+01 
 6.07000000e-01  1.99375000e+01 
 6.08000000e-01  1.98995714e+01 
 6.09000000e-01  1.98612068e+01 
 6.10000000e-01  1.98224029e+01 
 6.11000000e-01  1.97831566e+01 
 6.12000000e-01  1.97434648e+01 
 6.13000000e-01  1.97033250e+01 
 6.14000000e-01  1.96627344e+01 
 6.15000000e-01  1.96216909e+01 
 6.16000000e-01  1.95801922e+01 
 6.17000000e-01  1.95382365e+01 
 6.18000000e-01  1.94958221e+01 
 6.19000000e-01  1.94529475e+01 
 6.20000000e-01  1.94096115e+01 
 6.21000000e-01  1.93658130e+01 
 6.22000000e-01  1.93215513e+01 
 6.23000000e-01  1.92768257e+01 
 6.24000000e-01  1.92316360e+01 
 6.25000000e-01  1.91859820e+01 
 6.26000000e-01  1.91398638e+01 
 6.27000000e-01  1.90932817e+01 
 6.28000000e-01  1.90462364e+01 
 6.29000000e-01  1.89987286e+01 
 6.30000000e-01  1.89507594e+01 
 6.31000000e-01  1.89023300e+01 
 6.32000000e-01  1.88534419e+01 
 6.33000000e-01  1.88040968e+01 
 6.34000000e-01  1.87542967e+01 
 6.35000000e-01  1.87040437e+01 
 6.36000000e-01  1.86533403e+01 
 6.37000000e-01  1.86021889e+01 
 6.38000000e-01  1.85505926e+01 
 6.39000000e-01  1.84985542e+01 
 6.40000000e-01  1.84460772e+01 
 6.41000000e-01  1.83931648e+01 
 6.42000000e-01  1.83398209e+01 
 6.43000000e-01  1.82860493e+01 
 6.44000000e-01  1.82318541e+01 
 6.45000000e-01  1.81772395e+01 
 6.46000000e-01  1.81222101e+01 
 6.47000000e-01  1.80667705e+01 
 6.48000000e-01  1.80109255e+01 
 6.49000000e-01  1.79546803e+01 
 6.50000000e-01  1.78980400e+01 
 6.51000000e-01  1.78410100e+01 
 6.52000000e-01  1.77835958e+01 
 6.53000000e-01  1.77258033e+01 
 6.54000000e-01  1.76676382e+01 
 6.55000000e-01  1.76091066e+01 
 6.56000000e-01  1.75502147e+01 
 6.57000000e-01  1.74909688e+01 
 6.58000000e-01  1.74313754e+01 
 6.59000000e-01  1.73714410e+01 
 6.60000000e-01  1.73111725e+01 
 6.61000000e-01  1.72505767e+01 
 6.62000000e-01  1.71896605e+01 
 6.63000000e-01  1.71284310e+01 
 6.64000000e-01  1.70668954e+01 
 6.65000000e-01  1.70050611e+01 
 6.66000000e-01  1.69429354e+01 
 6.67000000e-01  1.68805258e+01 
 6.68000000e-01  1.68178398e+01 
 6.69000000e-01  1.67548852e+01 
 6.70000000e-01  1.66916696e+01 
 6.71000000e-01  1.66282008e+01 
 6.72000000e-01  1.65644867e+01 
 6.73000000e-01  1.65005352e+01 
 6.74000000e-01  1.64363543e+01 
 6.75000000e-01  1.63719520e+01 
 6.76000000e-01  1.63073363e+01 
 6.77000000e-01  1.62425153e+01 
 6.78000000e-01  1.61774972e+01 
 6.79000000e-01  1.61122901e+01 
 6.80000000e-01  1.60469022e+01 
 6.81000000e-01  1.59813417e+01 
 6.82000000e-01  1.59156167e+01 
 6.83000000e-01  1.58497356e+01 
 6.84000000e-01  1.57837064e+01 
 6.85000000e-01  1.57175375e+01 
 6.86000000e-01  1.56512370e+01 
 6.87000000e-01  1.55848130e+01 
 6.88000000e-01  1.55182739e+01 
 6.89000000e-01  1.54516278e+01 
 6.90000000e-01  1.53848827e+01 
 6.91000000e-01  1.53180468e+01 
 6.92000000e-01  1.52511281e+01 
 6.93000000e-01  1.51841347e+01 
 6.94000000e-01  1.51170746e+01 
 6.95000000e-01  1.50499558e+01 
 6.96000000e-01  1.49827860e+01 
 6.97000000e-01  1.49155733e+01 
 6.98000000e-01  1.48483253e+01 
 6.99000000e-01  1.47810499e+01 
 7.00000000e-01  1.47137547e+01 
 7.01000000e-01  1.46464473e+01 
 7.02000000e-01  1.45791353e+01 
 7.03000000e-01  1.45118261e+01 
 7.04000000e-01  1.44445272e+01 
 7.05000000e-01  1.43772459e+01 
 7.06000000e-01  1.43099895e+01 
 7.07000000e-01  1.42427651e+01 
 7.08000000e-01  1.41755798e+01 
 7.09000000e-01  1.41084407e+01 
 7.10000000e-01  1.40413546e+01 
 7.11000000e-01  1.39743285e+01 
 7.12000000e-01  1.39073690e+01 
 7.13000000e-01  1.38404828e+01 
 7.14000000e-01  1.37736765e+01 
 7.15000000e-01  1.37069566e+01 
 7.16000000e-01  1.36403293e+01 
 7.17000000e-01  1.35738011e+01 
 7.18000000e-01  1.35073780e+01 
 7.19000000e-01  1.34410662e+01 
 7.20000000e-01  1.33748717e+01 
 7.21000000e-01  1.33088002e+01 
 7.22000000e-01  1.32428576e+01 
 7.23000000e-01  1.31770496e+01 
 7.24000000e-01  1.31113817e+01 
 7.25000000e-01  1.30458594e+01 
 7.26000000e-01  1.29804880e+01 
 7.27000000e-01  1.29152727e+01 
 7.28000000e-01  1.28502189e+01 
 7.29000000e-01  1.27853314e+01 
 7.30000000e-01  1.27206151e+01 
 7.31000000e-01  1.26560751e+01 
 7.32000000e-01  1.25917158e+01 
 7.33000000e-01  1.25275420e+01 
 7.34000000e-01  1.24635582e+01 
 7.35000000e-01  1.23997688e+01 
 7.36000000e-01  1.23361780e+01 
 7.37000000e-01  1.22727901e+01 
 7.38000000e-01  1.22096091e+01 
 7.39000000e-01  1.21466390e+01 
 7.40000000e-01  1.20838837e+01 
 7.41000000e-01  1.20213469e+01 
 7.42000000e-01  1.19590323e+01 
 7.43000000e-01  1.18969436e+01 
 7.44000000e-01  1.18350840e+01 
 7.45000000e-01  1.17734571e+01 
 7.46000000e-01  1.17120660e+01 
 7.47000000e-01  1.16509139e+01 
 7.48000000e-01  1.15900039e+01 
 7.49000000e-01  1.15293389e+01 
 7.50000000e-01  1.14689217e+01 
 7.51000000e-01  1.14087552e+01 
 7.52000000e-01  1.13488421e+01 
 7.53000000e-01  1.12891848e+01 
 7.54000000e-01  1.12297858e+01 
 7.55000000e-01  1.11706476e+01 
 7.56000000e-01  1.11117725e+01 
 7.57000000e-01  1.10531625e+01 
 7.58000000e-01  1.09948200e+01 
 7.59000000e-01  1.09367468e+01 
 7.60000000e-01  1.08789449e+01 
 7.61000000e-01  1.08214162e+01 
 7.62000000e-01  1.07641624e+01 
 7.63000000e-01  1.07071852e+01 
 7.64000000e-01  1.06504862e+01 
 7.65000000e-01  1.05940669e+01 
 7.66000000e-01  1.05379288e+01 
 7.67000000e-01  1.04820732e+01 
 7.68000000e-01  1.04265014e+01 
 7.69000000e-01  1.03712145e+01 
 7.70000000e-01  1.03162138e+01 
 7.71000000e-01  1.02615003e+01 
 7.72000000e-01  1.02070748e+01 
 7.73000000e-01  1.01529385e+01 
 7.74000000e-01  1.00990920e+01 
 7.75000000e-01  1.00455362e+01 
 7.76000000e-01  9.99227174e+00 
 7.77000000e-01  9.93929927e+00 
 7.78000000e-01  9.88661935e+00 
 7.79000000e-01  9.83423249e+00 
 7.80000000e-01  9.78213913e+00 
 7.81000000e-01  9.73033964e+00 
 7.82000000e-01  9.67883435e+00 
 7.83000000e-01  9.62762351e+00 
 7.84000000e-01  9.57670732e+00 
 7.85000000e-01  9.52608594e+00 
 7.86000000e-01  9.47575944e+00 
 7.87000000e-01  9.42572786e+00 
 7.88000000e-01  9.37599119e+00 
 7.89000000e-01  9.32654935e+00 
 7.90000000e-01  9.27740222e+00 
 7.91000000e-01  9.22854964e+00 
 7.92000000e-01  9.17999138e+00 
 7.93000000e-01  9.13172718e+00 
 7.94000000e-01  9.08375672e+00 
 7.95000000e-01  9.03607966e+00 
 7.96000000e-01  8.98869558e+00 
 7.97000000e-01  8.94160406e+00 
 7.98000000e-01  8.89480460e+00 
 7.99000000e-01  8.84829667e+00 
 8.00000000e-01  8.80207972e+00 
 8.01000000e-01  8.75615315e+00 
 8.02000000e-01  8.71051630e+00 
 8.03000000e-01  8.66516852e+00 
 8.04000000e-01  8.62010908e+00 
 8.05000000e-01  8.57533725e+00 
 8.06000000e-01  8.53085223e+00 
 8.07000000e-01  8.48665324e+00 
 8.08000000e-01  8.44273942e+00 
 8.09000000e-01  8.39910989e+00 
 8.10000000e-01  8.35576377e+00 
 8.11000000e-01  8.31270013e+00 
 8.12000000e-01  8.26991800e+00 
 8.13000000e-01  8.22741640e+00 
 8.14000000e-01  8.18519433e+00 
 8.15000000e-01  8.14325074e+00 
 8.16000000e-01  8.10158460e+00 
 8.17000000e-01  8.06019480e+00 
 8.18000000e-01  8.01908026e+00 
 8.19000000e-01  7.97823979e+00 
 8.20000000e-01  7.93767204e+00 
 8.21000000e-01  7.89737611e+00 
 8.22000000e-01  7.85735082e+00 
 8.23000000e-01  7.81759497e+00 
 8.24000000e-01  7.77810734e+00 
 8.25000000e-01  7.73888668e+00 
 8.26000000e-01  7.69993176e+00 
 8.27000000e-01  7.66124129e+00 
 8.28000000e-01  7.62281400e+00 
 8.29000000e-01  7.58464860e+00 
 8.30000000e-01  7.54674376e+00 
 8.31000000e-01  7.50909817e+00 
 8.32000000e-01  7.47171049e+00 
 8.33000000e-01  7.43457937e+00 
 8.34000000e-01  7.39770346e+00 
 8.35000000e-01  7.36108139e+00 
 8.36000000e-01  7.32471178e+00 
 8.37000000e-01  7.28859324e+00 
 8.38000000e-01  7.25272438e+00 
 8.39000000e-01  7.21710380e+00 
 8.40000000e-01  7.18173007e+00 
 8.41000000e-01  7.14660179e+00 
 8.42000000e-01  7.11171752e+00 
 8.43000000e-01  7.07707584e+00 
 8.44000000e-01  7.04267531e+00 
 8.45000000e-01  7.00851449e+00 
 8.46000000e-01  6.97459193e+00 
 8.47000000e-01  6.94090617e+00 
 8.48000000e-01  6.90745577e+00 
 8.49000000e-01  6.87423927e+00 
 8.50000000e-01  6.84125520e+00 
 8.51000000e-01  6.80850210e+00 
 8.52000000e-01  6.77597850e+00 
 8.53000000e-01  6.74368294e+00 
 8.54000000e-01  6.71161395e+00 
 8.55000000e-01  6.67977006e+00 
 8.56000000e-01  6.64814979e+00 
 8.57000000e-01  6.61675167e+00 
 8.58000000e-01  6.58557424e+00 
 8.59000000e-01  6.55461602e+00 
 8.60000000e-01  6.52387554e+00 
 8.61000000e-01  6.49335134e+00 
 8.62000000e-01  6.46304193e+00 
 8.63000000e-01  6.43294586e+00 
 8.64000000e-01  6.40306166e+00 
 8.65000000e-01  6.37338787e+00 
 8.66000000e-01  6.34392302e+00 
 8.67000000e-01  6.31466565e+00 
 8.68000000e-01  6.28561432e+00 
 8.69000000e-01  6.25676757e+00 
 8.70000000e-01  6.22812394e+00 
 8.71000000e-01  6.19968200e+00 
 8.72000000e-01  6.17144030e+00 
 8.73000000e-01  6.14339739e+00 
 8.74000000e-01  6.11555186e+00 
 8.75000000e-01  6.08790226e+00 
 8.76000000e-01  6.06044717e+00 
 8.77000000e-01  6.03318517e+00 
 8.78000000e-01  6.00611484e+00 
 8.79000000e-01  5.97923477e+00 
 8.80000000e-01  5.95254356e+00 
 8.81000000e-01  5.92603980e+00 
 8.82000000e-01  5.89972211e+00 
 8.83000000e-01  5.87358908e+00 
 8.84000000e-01  5.84763933e+00 
 8.85000000e-01  5.82187149e+00 
 8.86000000e-01  5.79628419e+00 
 8.87000000e-01  5.77087605e+00 
 8.88000000e-01  5.74564572e+00 
 8.89000000e-01  5.72059185e+00 
 8.90000000e-01  5.69571308e+00 
 8.91000000e-01  5.67100808e+00 
 8.92000000e-01  5.64647551e+00 
 8.93000000e-01  5.62211405e+00 
 8.94000000e-01  5.59792237e+00 
 8.95000000e-01  5.57389916e+00 
 8.96000000e-01  5.55004311e+00 
 8.97000000e-01  5.52635293e+00 
 8.98000000e-01  5.50282733e+00 
 8.99000000e-01  5.47946501e+00 
 9.00000000e-01  5.45626470e+00 
 9.01000000e-01  5.43322513e+00 
 9.02000000e-01  5.41034503e+00 
 9.03000000e-01  5.38762316e+00 
 9.04000000e-01  5.36505826e+00 
 9.05000000e-01  5.34264909e+00 
 9.06000000e-01  5.32039441e+00 
 9.07000000e-01  5.29829301e+00 
 9.08000000e-01  5.27634366e+00 
 9.09000000e-01  5.25454516e+00 
 9.10000000e-01  5.23289630e+00 
 9.11000000e-01  5.21139589e+00 
 9.12000000e-01  5.19004274e+00 
 9.13000000e-01  5.16883566e+00 
 9.14000000e-01  5.14777350e+00 
 9.15000000e-01  5.12685509e+00 
 9.16000000e-01  5.10607926e+00 
 9.17000000e-01  5.08544488e+00 
 9.18000000e-01  5.06495080e+00 
 9.19000000e-01  5.04459589e+00 
 9.20000000e-01  5.02437902e+00 
 9.21000000e-01  5.00429909e+00 
 9.22000000e-01  4.98435498e+00 
 9.23000000e-01  4.96454558e+00 
 9.24000000e-01  4.94486982e+00 
 9.25000000e-01  4.92532660e+00 
 9.26000000e-01  4.90591485e+00 
 9.27000000e-01  4.88663349e+00 
 9.28000000e-01  4.86748147e+00 
 9.29000000e-01  4.84845774e+00 
 9.30000000e-01  4.82956124e+00 
 9.31000000e-01  4.81079094e+00 
 9.32000000e-01  4.79214581e+00 
 9.33000000e-01  4.77362483e+00 
 9.34000000e-01  4.75522698e+00 
 9.35000000e-01  4.73695126e+00 
 9.36000000e-01  4.71879666e+00 
 9.37000000e-01  4.70076220e+00 
 9.38000000e-01  4.68284690e+00 
 9.39000000e-01  4.66504977e+00 
 9.40000000e-01  4.64736985e+00 
 9.41000000e-01  4.62980618e+00 
 9.42000000e-01  4.61235781e+00 
 9.43000000e-01  4.59502379e+00 
 9.44000000e-01  4.57780317e+00 
 9.45000000e-01  4.56069504e+00 
 9.46000000e-01  4.54369847e+00 
 9.47000000e-01  4.52681255e+00 
 9.48000000e-01  4.51003635e+00 
 9.49000000e-01  4.49336899e+00 
 9.50000000e-01  4.47680958e+00 
 9.51000000e-01  4.46035721e+00 
 9.52000000e-01  4.44401103e+00 
 9.53000000e-01  4.42777014e+00 
 9.54000000e-01  4.41163370e+00 
 9.55000000e-01  4.39560084e+00 
 9.56000000e-01  4.37967071e+00 
 9.57000000e-01  4.36384247e+00 
 9.58000000e-01  4.34811528e+00 
 9.59000000e-01  4.33248831e+00 
 9.60000000e-01  4.31696075e+00 
 9.61000000e-01  4.30153177e+00 
 9.62000000e-01  4.28620057e+00 
 9.63000000e-01  4.27096635e+00 
 9.64000000e-01  4.25582831e+00 
 9.65000000e-01  4.24078566e+00 
 9.66000000e-01  4.22583762e+00 
 9.67000000e-01  4.21098342e+00 
 9.68000000e-01  4.19622229e+00 
 9.69000000e-01  4.18155347e+00 
 9.70000000e-01  4.16697620e+00 
 9.71000000e-01  4.15248973e+00 
 9.72000000e-01  4.13809333e+00 
 9.73000000e-01  4.12378625e+00 
 9.74000000e-01  4.10956777e+00 
 9.75000000e-01  4.09543717e+00 
 9.76000000e-01  4.08139372e+00 
 9.77000000e-01  4.06743673e+00 
 9.78000000e-01  4.05356547e+00 
 9.79000000e-01  4.03977926e+00 
 9.80000000e-01  4.02607741e+00 
 9.81000000e-01  4.01245922e+00 
 9.82000000e-01  3.99892403e+00 
 9.83000000e-01  3.98547114e+00 
 9.84000000e-01  3.97209990e+00 
 9.85000000e-01  3.95880965e+00 
 9.86000000e-01  3.94559973e+00 
 9.87000000e-01  3.93246948e+00 
 9.88000000e-01  3.91941826e+00 
 9.89000000e-01  3.90644544e+00 
 9.90000000e-01  3.89355038e+00 
 9.91000000e-01  3.88073245e+00 
 9.92000000e-01  3.86799104e+00 
 9.93000000e-01  3.85532551e+00 
 9.94000000e-01  3.84273527e+00 
 9.95000000e-01  3.83021971e+00 
 9.96000000e-01  3.81777822e+00 
 9.97000000e-01  3.80541022e+00 
 9.98000000e-01  3.79311511e+00 
 9.99000000e-01  3.78089231e+00 
 1.00000000e+00  3.76874123e+00 
 1.00100000e+00  3.75666132e+00 
 1.00200000e+00  3.74465198e+00 
 1.00300000e+00  3.73271267e+00 
 1.00400000e+00  3.72084283e+00 
 1.00500000e+00  3.70904189e+00 
 1.00600000e+00  3.69730932e+00 
 1.00700000e+00  3.68564457e+00 
 1.00800000e+00  3.67404709e+00 
 1.00900000e+00  3.66251636e+00 
 1.01000000e+00  3.65105184e+00 
 1.01100000e+00  3.63965302e+00 
 1.01200000e+00  3.62831937e+00 
 1.01300000e+00  3.61705038e+00 
 1.01400000e+00  3.60584553e+00 
 1.01500000e+00  3.59470433e+00 
 1.01600000e+00  3.58362626e+00 
 1.01700000e+00  3.57261084e+00 
 1.01800000e+00  3.56165757e+00 
 1.01900000e+00  3.55076596e+00 
 1.02000000e+00  3.53993553e+00 
 1.02100000e+00  3.52916580e+00 
 1.02200000e+00  3.51845630e+00 
 1.02300000e+00  3.50780656e+00 
 1.02400000e+00  3.49721610e+00 
 1.02500000e+00  3.48668448e+00 
 1.02600000e+00  3.47621122e+00 
 1.02700000e+00  3.46579588e+00 
 1.02800000e+00  3.45543801e+00 
 1.02900000e+00  3.44513716e+00 
 1.03000000e+00  3.43489290e+00 
 1.03100000e+00  3.42470477e+00 
 1.03200000e+00  3.41457236e+00 
 1.03300000e+00  3.40449522e+00 
 1.03400000e+00  3.39447294e+00 
 1.03500000e+00  3.38450510e+00 
 1.03600000e+00  3.37459127e+00 
 1.03700000e+00  3.36473104e+00 
 1.03800000e+00  3.35492400e+00 
 1.03900000e+00  3.34516974e+00 
 1.04000000e+00  3.33546787e+00 
 1.04100000e+00  3.32581798e+00 
 1.04200000e+00  3.31621967e+00 
 1.04300000e+00  3.30667256e+00 
 1.04400000e+00  3.29717625e+00 
 1.04500000e+00  3.28773037e+00 
 1.04600000e+00  3.27833452e+00 
 1.04700000e+00  3.26898833e+00 
 1.04800000e+00  3.25969143e+00 
 1.04900000e+00  3.25044344e+00 
 1.05000000e+00  3.24124399e+00 
 1.05100000e+00  3.23209273e+00 
 1.05200000e+00  3.22298929e+00 
 1.05300000e+00  3.21393331e+00 
 1.05400000e+00  3.20492443e+00 
 1.05500000e+00  3.19596231e+00 
 1.05600000e+00  3.18704660e+00 
 1.05700000e+00  3.17817694e+00 
 1.05800000e+00  3.16935301e+00 
 1.05900000e+00  3.16057445e+00 
 1.06000000e+00  3.15184093e+00 
 1.06100000e+00  3.14315213e+00 
 1.06200000e+00  3.13450770e+00 
 1.06300000e+00  3.12590732e+00 
 1.06400000e+00  3.11735068e+00 
 1.06500000e+00  3.10883743e+00 
 1.06600000e+00  3.10036728e+00 
 1.06700000e+00  3.09193990e+00 
 1.06800000e+00  3.08355497e+00 
 1.06900000e+00  3.07521219e+00 
 1.07000000e+00  3.06691126e+00 
 1.07100000e+00  3.05865186e+00 
 1.07200000e+00  3.05043369e+00 
 1.07300000e+00  3.04225646e+00 
 1.07400000e+00  3.03411987e+00 
 1.07500000e+00  3.02602363e+00 
 1.07600000e+00  3.01796743e+00 
 1.07700000e+00  3.00995100e+00 
 1.07800000e+00  3.00197406e+00 
 1.07900000e+00  2.99403630e+00 
 1.08000000e+00  2.98613746e+00 
 1.08100000e+00  2.97827726e+00 
 1.08200000e+00  2.97045541e+00 
 1.08300000e+00  2.96267165e+00 
 1.08400000e+00  2.95492571e+00 
 1.08500000e+00  2.94721731e+00 
 1.08600000e+00  2.93954619e+00 
 1.08700000e+00  2.93191208e+00 
 1.08800000e+00  2.92431473e+00 
 1.08900000e+00  2.91675387e+00 
 1.09000000e+00  2.90922924e+00 
 1.09100000e+00  2.90174060e+00 
 1.09200000e+00  2.89428769e+00 
 1.09300000e+00  2.88687025e+00 
 1.09400000e+00  2.87948804e+00 
 1.09500000e+00  2.87214082e+00 
 1.09600000e+00  2.86482834e+00 
 1.09700000e+00  2.85755035e+00 
 1.09800000e+00  2.85030662e+00 
 1.09900000e+00  2.84309691e+00 
 1.10000000e+00  2.83592099e+00 
 1.10100000e+00  2.82877862e+00 
 1.10200000e+00  2.82166957e+00 
 1.10300000e+00  2.81459360e+00 
 1.10400000e+00  2.80755050e+00 
 1.10500000e+00  2.80054004e+00 
 1.10600000e+00  2.79356199e+00 
 1.10700000e+00  2.78661613e+00 
 1.10800000e+00  2.77970224e+00 
 1.10900000e+00  2.77282011e+00 
 1.11000000e+00  2.76596952e+00 
 1.11100000e+00  2.75915025e+00 
 1.11200000e+00  2.75236209e+00 
 1.11300000e+00  2.74560483e+00 
 1.11400000e+00  2.73887827e+00 
 1.11500000e+00  2.73218219e+00 
 1.11600000e+00  2.72551639e+00 
 1.11700000e+00  2.71888067e+00 
 1.11800000e+00  2.71227483e+00 
 1.11900000e+00  2.70569866e+00 
 1.12000000e+00  2.69915197e+00 
 1.12100000e+00  2.69263456e+00 
 1.12200000e+00  2.68614624e+00 
 1.12300000e+00  2.67968682e+00 
 1.12400000e+00  2.67325609e+00 
 1.12500000e+00  2.66685388e+00 
 1.12600000e+00  2.66047999e+00 
 1.12700000e+00  2.65413424e+00 
 1.12800000e+00  2.64781644e+00 
 1.12900000e+00  2.64152641e+00 
 1.13000000e+00  2.63526397e+00 
 1.13100000e+00  2.62902893e+00 
 1.13200000e+00  2.62282112e+00 
 1.13300000e+00  2.61664037e+00 
 1.13400000e+00  2.61048648e+00 
 1.13500000e+00  2.60435930e+00 
 1.13600000e+00  2.59825864e+00 
 1.13700000e+00  2.59218434e+00 
 1.13800000e+00  2.58613622e+00 
 1.13900000e+00  2.58011412e+00 
 1.14000000e+00  2.57411787e+00 
 1.14100000e+00  2.56814731e+00 
 1.14200000e+00  2.56220226e+00 
 1.14300000e+00  2.55628256e+00 
 1.14400000e+00  2.55038807e+00 
 1.14500000e+00  2.54451860e+00 
 1.14600000e+00  2.53867401e+00 
 1.14700000e+00  2.53285414e+00 
 1.14800000e+00  2.52705882e+00 
 1.14900000e+00  2.52128791e+00 
 1.15000000e+00  2.51554125e+00 
 1.15100000e+00  2.50981869e+00 
 1.15200000e+00  2.50412008e+00 
 1.15300000e+00  2.49844526e+00 
 1.15400000e+00  2.49279409e+00 
 1.15500000e+00  2.48716642e+00 
 1.15600000e+00  2.48156210e+00 
 1.15700000e+00  2.47598099e+00 
 1.15800000e+00  2.47042295e+00 
 1.15900000e+00  2.46488782e+00 
 1.16000000e+00  2.45937548e+00 
 1.16100000e+00  2.45388577e+00 
 1.16200000e+00  2.44841856e+00 
 1.16300000e+00  2.44297371e+00 
 1.16400000e+00  2.43755109e+00 
 1.16500000e+00  2.43215055e+00 
 1.16600000e+00  2.42677196e+00 
 1.16700000e+00  2.42141519e+00 
 1.16800000e+00  2.41608011e+00 
 1.16900000e+00  2.41076658e+00 
 1.17000000e+00  2.40547447e+00 
 1.17100000e+00  2.40020365e+00 
 1.17200000e+00  2.39495400e+00 
 1.17300000e+00  2.38972538e+00 
 1.17400000e+00  2.38451767e+00 
 1.17500000e+00  2.37933074e+00 
 1.17600000e+00  2.37416447e+00 
 1.17700000e+00  2.36901874e+00 
 1.17800000e+00  2.36389342e+00 
 1.17900000e+00  2.35878839e+00 
 1.18000000e+00  2.35370353e+00 
 1.18100000e+00  2.34863872e+00 
 1.18200000e+00  2.34359384e+00 
 1.18300000e+00  2.33856877e+00 
 1.18400000e+00  2.33356340e+00 
 1.18500000e+00  2.32857761e+00 
 1.18600000e+00  2.32361128e+00 
 1.18700000e+00  2.31866430e+00 
 1.18800000e+00  2.31373656e+00 
 1.18900000e+00  2.30882794e+00 
 1.19000000e+00  2.30393834e+00 
 1.19100000e+00  2.29906763e+00 
 1.19200000e+00  2.29421572e+00 
 1.19300000e+00  2.28938249e+00 
 1.19400000e+00  2.28456784e+00 
 1.19500000e+00  2.27977165e+00 
 1.19600000e+00  2.27499382e+00 
 1.19700000e+00  2.27023425e+00 
 1.19800000e+00  2.26549282e+00 
 1.19900000e+00  2.26076944e+00 
 1.20000000e+00  2.25606400e+00 
 1.20100000e+00  2.25137640e+00 
 1.20200000e+00  2.24670654e+00 
 1.20300000e+00  2.24205431e+00 
 1.20400000e+00  2.23741962e+00 
 1.20500000e+00  2.23280237e+00 
 1.20600000e+00  2.22820246e+00 
 1.20700000e+00  2.22361978e+00 
 1.20800000e+00  2.21905425e+00 
 1.20900000e+00  2.21450576e+00 
 1.21000000e+00  2.20997422e+00 
 1.21100000e+00  2.20545954e+00 
 1.21200000e+00  2.20096161e+00 
 1.21300000e+00  2.19648036e+00 
 1.21400000e+00  2.19201568e+00 
 1.21500000e+00  2.18756748e+00 
 1.21600000e+00  2.18313567e+00 
 1.21700000e+00  2.17872016e+00 
 1.21800000e+00  2.17432086e+00 
 1.21900000e+00  2.16993767e+00 
 1.22000000e+00  2.16557052e+00 
 1.22100000e+00  2.16121931e+00 
 1.22200000e+00  2.15688396e+00 
 1.22300000e+00  2.15256437e+00 
 1.22400000e+00  2.14826046e+00 
 1.22500000e+00  2.14397215e+00 
 1.22600000e+00  2.13969935e+00 
 1.22700000e+00  2.13544198e+00 
 1.22800000e+00  2.13119994e+00 
 1.22900000e+00  2.12697317e+00 
 1.23000000e+00  2.12276158e+00 
 1.23100000e+00  2.11856508e+00 
 1.23200000e+00  2.11438359e+00 
 1.23300000e+00  2.11021703e+00 
 1.23400000e+00  2.10606533e+00 
 1.23500000e+00  2.10192840e+00 
 1.23600000e+00  2.09780616e+00 
 1.23700000e+00  2.09369854e+00 
 1.23800000e+00  2.08960545e+00 
 1.23900000e+00  2.08552683e+00 
 1.24000000e+00  2.08146258e+00 
 1.24100000e+00  2.07741265e+00 
 1.24200000e+00  2.07337694e+00 
 1.24300000e+00  2.06935539e+00 
 1.24400000e+00  2.06534793e+00 
 1.24500000e+00  2.06135446e+00 
 1.24600000e+00  2.05737494e+00 
 1.24700000e+00  2.05340927e+00 
 1.24800000e+00  2.04945739e+00 
 1.24900000e+00  2.04551922e+00 
 1.25000000e+00  2.04159470e+00 
 1.25100000e+00  2.03768376e+00 
 1.25200000e+00  2.03378631e+00 
 1.25300000e+00  2.02990230e+00 
 1.25400000e+00  2.02603165e+00 
 1.25500000e+00  2.02217430e+00 
 1.25600000e+00  2.01833017e+00 
 1.25700000e+00  2.01449920e+00 
 1.25800000e+00  2.01068132e+00 
 1.25900000e+00  2.00687646e+00 
 1.26000000e+00  2.00308455e+00 
 1.26100000e+00  1.99930554e+00 
 1.26200000e+00  1.99553935e+00 
 1.26300000e+00  1.99178592e+00 
 1.26400000e+00  1.98804518e+00 
 1.26500000e+00  1.98431707e+00 
 1.26600000e+00  1.98060152e+00 
 1.26700000e+00  1.97689848e+00 
 1.26800000e+00  1.97320788e+00 
 1.26900000e+00  1.96952965e+00 
 1.27000000e+00  1.96586374e+00 
 1.27100000e+00  1.96221008e+00 
 1.27200000e+00  1.95856861e+00 
 1.27300000e+00  1.95493926e+00 
 1.27400000e+00  1.95132199e+00 
 1.27500000e+00  1.94771673e+00 
 1.27600000e+00  1.94412341e+00 
 1.27700000e+00  1.94054199e+00 
 1.27800000e+00  1.93697239e+00 
 1.27900000e+00  1.93341457e+00 
 1.28000000e+00  1.92986846e+00 
 1.28100000e+00  1.92633401e+00 
 1.28200000e+00  1.92281115e+00 
 1.28300000e+00  1.91929984e+00 
 1.28400000e+00  1.91580001e+00 
 1.28500000e+00  1.91231162e+00 
 1.28600000e+00  1.90883459e+00 
 1.28700000e+00  1.90536888e+00 
 1.28800000e+00  1.90191444e+00 
 1.28900000e+00  1.89847120e+00 
 1.29000000e+00  1.89503912e+00 
 1.29100000e+00  1.89161813e+00 
 1.29200000e+00  1.88820819e+00 
 1.29300000e+00  1.88480924e+00 
 1.29400000e+00  1.88142123e+00 
 1.29500000e+00  1.87804411e+00 
 1.29600000e+00  1.87467782e+00 
 1.29700000e+00  1.87132232e+00 
 1.29800000e+00  1.86797754e+00 
 1.29900000e+00  1.86464344e+00 
 1.30000000e+00  1.86131997e+00 
 1.30100000e+00  1.85800708e+00 
 1.30200000e+00  1.85470472e+00 
 1.30300000e+00  1.85141283e+00 
 1.30400000e+00  1.84813137e+00 
 1.30500000e+00  1.84486029e+00 
 1.30600000e+00  1.84159954e+00 
 1.30700000e+00  1.83834907e+00 
 1.30800000e+00  1.83510883e+00 
 1.30900000e+00  1.83187877e+00 
 1.31000000e+00  1.82865885e+00 
 1.31100000e+00  1.82544902e+00 
 1.31200000e+00  1.82224923e+00 
 1.31300000e+00  1.81905944e+00 
 1.31400000e+00  1.81587959e+00 
 1.31500000e+00  1.81270965e+00 
 1.31600000e+00  1.80954956e+00 
 1.31700000e+00  1.80639928e+00 
 1.31800000e+00  1.80325877e+00 
 1.31900000e+00  1.80012797e+00 
 1.32000000e+00  1.79700685e+00 
 1.32100000e+00  1.79389536e+00 
 1.32200000e+00  1.79079346e+00 
 1.32300000e+00  1.78770109e+00 
 1.32400000e+00  1.78461823e+00 
 1.32500000e+00  1.78154482e+00 
 1.32600000e+00  1.77848082e+00 
 1.32700000e+00  1.77542619e+00 
 1.32800000e+00  1.77238088e+00 
 1.32900000e+00  1.76934486e+00 
 1.33000000e+00  1.76631808e+00 
 1.33100000e+00  1.76330050e+00 
 1.33200000e+00  1.76029207e+00 
 1.33300000e+00  1.75729277e+00 
 1.33400000e+00  1.75430253e+00 
 1.33500000e+00  1.75132133e+00 
 1.33600000e+00  1.74834913e+00 
 1.33700000e+00  1.74538588e+00 
 1.33800000e+00  1.74243154e+00 
 1.33900000e+00  1.73948607e+00 
 1.34000000e+00  1.73654944e+00 
 1.34100000e+00  1.73362160e+00 
 1.34200000e+00  1.73070252e+00 
 1.34300000e+00  1.72779215e+00 
 1.34400000e+00  1.72489046e+00 
 1.34500000e+00  1.72199741e+00 
 1.34600000e+00  1.71911296e+00 
 1.34700000e+00  1.71623708e+00 
 1.34800000e+00  1.71336971e+00 
 1.34900000e+00  1.71051084e+00 
 1.35000000e+00  1.70766041e+00 
 1.35100000e+00  1.70481840e+00 
 1.35200000e+00  1.70198477e+00 
 1.35300000e+00  1.69915947e+00 
 1.35400000e+00  1.69634248e+00 
 1.35500000e+00  1.69353375e+00 
 1.35600000e+00  1.69073325e+00 
 1.35700000e+00  1.68794095e+00 
 1.35800000e+00  1.68515681e+00 
 1.35900000e+00  1.68238079e+00 
 1.36000000e+00  1.67961286e+00 
 1.36100000e+00  1.67685298e+00 
 1.36200000e+00  1.67410112e+00 
 1.36300000e+00  1.67135725e+00 
 1.36400000e+00  1.66862133e+00 
 1.36500000e+00  1.66589332e+00 
 1.36600000e+00  1.66317320e+00 
 1.36700000e+00  1.66046092e+00 
 1.36800000e+00  1.65775646e+00 
 1.36900000e+00  1.65505977e+00 
 1.37000000e+00  1.65237084e+00 
 1.37100000e+00  1.64968962e+00 
 1.37200000e+00  1.64701609e+00 
 1.37300000e+00  1.64435020e+00 
 1.37400000e+00  1.64169193e+00 
 1.37500000e+00  1.63904124e+00 
 1.37600000e+00  1.63639811e+00 
 1.37700000e+00  1.63376250e+00 
 1.37800000e+00  1.63113438e+00 
 1.37900000e+00  1.62851371e+00 
 1.38000000e+00  1.62590047e+00 
 1.38100000e+00  1.62329463e+00 
 1.38200000e+00  1.62069615e+00 
 1.38300000e+00  1.61810501e+00 
 1.38400000e+00  1.61552116e+00 
 1.38500000e+00  1.61294459e+00 
 1.38600000e+00  1.61037527e+00 
 1.38700000e+00  1.60781315e+00 
 1.38800000e+00  1.60525821e+00 
 1.38900000e+00  1.60271043e+00 
 1.39000000e+00  1.60016977e+00 
 1.39100000e+00  1.59763621e+00 
 1.39200000e+00  1.59510970e+00 
 1.39300000e+00  1.59259024e+00 
 1.39400000e+00  1.59007777e+00 
 1.39500000e+00  1.58757229e+00 
 1.39600000e+00  1.58507375e+00 
 1.39700000e+00  1.58258213e+00 
 1.39800000e+00  1.58009741e+00 
 1.39900000e+00  1.57761954e+00 
 1.40000000e+00  1.57514852e+00 
 1.40100000e+00  1.57268430e+00 
 1.40200000e+00  1.57022686e+00 
 1.40300000e+00  1.56777617e+00 
 1.40400000e+00  1.56533220e+00 
 1.40500000e+00  1.56289494e+00 
 1.40600000e+00  1.56046434e+00 
 1.40700000e+00  1.55804039e+00 
 1.40800000e+00  1.55562305e+00 
 1.40900000e+00  1.55321231e+00 
 1.41000000e+00  1.55080813e+00 
 1.41100000e+00  1.54841048e+00 
 1.41200000e+00  1.54601935e+00 
 1.41300000e+00  1.54363470e+00 
 1.41400000e+00  1.54125650e+00 
 1.41500000e+00  1.53888475e+00 
 1.41600000e+00  1.53651940e+00 
 1.41700000e+00  1.53416043e+00 
 1.41800000e+00  1.53180781e+00 
 1.41900000e+00  1.52946153e+00 
 1.42000000e+00  1.52712155e+00 
 1.42100000e+00  1.52478786e+00 
 1.42200000e+00  1.52246042e+00 
 1.42300000e+00  1.52013921e+00 
 1.42400000e+00  1.51782421e+00 
 1.42500000e+00  1.51551539e+00 
 1.42600000e+00  1.51321273e+00 
 1.42700000e+00  1.51091620e+00 
 1.42800000e+00  1.50862578e+00 
 1.42900000e+00  1.50634145e+00 
 1.43000000e+00  1.50406318e+00 
 1.43100000e+00  1.50179095e+00 
 1.43200000e+00  1.49952473e+00 
 1.43300000e+00  1.49726450e+00 
 1.43400000e+00  1.49501024e+00 
 1.43500000e+00  1.49276193e+00 
 1.43600000e+00  1.49051953e+00 
 1.43700000e+00  1.48828304e+00 
 1.43800000e+00  1.48605242e+00 
 1.43900000e+00  1.48382765e+00 
 1.44000000e+00  1.48160871e+00 
 1.44100000e+00  1.47939558e+00 
 1.44200000e+00  1.47718824e+00 
 1.44300000e+00  1.47498666e+00 
 1.44400000e+00  1.47279082e+00 
 1.44500000e+00  1.47060069e+00 
 1.44600000e+00  1.46841627e+00 
 1.44700000e+00  1.46623752e+00 
 1.44800000e+00  1.46406442e+00 
 1.44900000e+00  1.46189696e+00 
 1.45000000e+00  1.45973510e+00 
 1.45100000e+00  1.45757884e+00 
 1.45200000e+00  1.45542814e+00 
 1.45300000e+00  1.45328299e+00 
 1.45400000e+00  1.45114336e+00 
 1.45500000e+00  1.44900924e+00 
 1.45600000e+00  1.44688060e+00 
 1.45700000e+00  1.44475743e+00 
 1.45800000e+00  1.44263969e+00 
 1.45900000e+00  1.44052738e+00 
 1.46000000e+00  1.43842047e+00 
 1.46100000e+00  1.43631894e+00 
 1.46200000e+00  1.43422278e+00 
 1.46300000e+00  1.43213195e+00 
 1.46400000e+00  1.43004644e+00 
 1.46500000e+00  1.42796623e+00 
 1.46600000e+00  1.42589131e+00 
 1.46700000e+00  1.42382165e+00 
 1.46800000e+00  1.42175722e+00 
 1.46900000e+00  1.41969802e+00 
 1.47000000e+00  1.41764402e+00 
 1.47100000e+00  1.41559521e+00 
 1.47200000e+00  1.41355156e+00 
 1.47300000e+00  1.41151305e+00 
 1.47400000e+00  1.40947968e+00 
 1.47500000e+00  1.40745140e+00 
 1.47600000e+00  1.40542822e+00 
 1.47700000e+00  1.40341010e+00 
 1.47800000e+00  1.40139704e+00 
 1.47900000e+00  1.39938901e+00 
 1.48000000e+00  1.39738599e+00 
 1.48100000e+00  1.39538796e+00 
 1.48200000e+00  1.39339492e+00 
 1.48300000e+00  1.39140683e+00 
 1.48400000e+00  1.38942368e+00 
 1.48500000e+00  1.38744546e+00 
 1.48600000e+00  1.38547214e+00 
 1.48700000e+00  1.38350370e+00 
 1.48800000e+00  1.38154014e+00 
 1.48900000e+00  1.37958142e+00 
 1.49000000e+00  1.37762754e+00 
 1.49100000e+00  1.37567848e+00 
 1.49200000e+00  1.37373421e+00 
 1.49300000e+00  1.37179473e+00 
 1.49400000e+00  1.36986001e+00 
 1.49500000e+00  1.36793004e+00 
 1.49600000e+00  1.36600479e+00 
 1.49700000e+00  1.36408426e+00 
 1.49800000e+00  1.36216843e+00 
 1.49900000e+00  1.36025727e+00 
 1.50000000e+00  1.35835078e+00 
 1.50100000e+00  1.35644893e+00 
 1.50200000e+00  1.35455171e+00 
 1.50300000e+00  1.35265910e+00 
 1.50400000e+00  1.35077109e+00 
 1.50500000e+00  1.34888765e+00 
 1.50600000e+00  1.34700878e+00 
 1.50700000e+00  1.34513446e+00 
 1.50800000e+00  1.34326467e+00 
 1.50900000e+00  1.34139939e+00 
 1.51000000e+00  1.33953861e+00 
 1.51100000e+00  1.33768232e+00 
 1.51200000e+00  1.33583049e+00 
 1.51300000e+00  1.33398311e+00 
 1.51400000e+00  1.33214016e+00 
 1.51500000e+00  1.33030164e+00 
 1.51600000e+00  1.32846752e+00 
 1.51700000e+00  1.32663779e+00 
 1.51800000e+00  1.32481243e+00 
 1.51900000e+00  1.32299143e+00 
 1.52000000e+00  1.32117477e+00 
 1.52100000e+00  1.31936244e+00 
 1.52200000e+00  1.31755442e+00 
 1.52300000e+00  1.31575070e+00 
 1.52400000e+00  1.31395126e+00 
 1.52500000e+00  1.31215609e+00 
 1.52600000e+00  1.31036517e+00 
 1.52700000e+00  1.30857849e+00 
 1.52800000e+00  1.30679603e+00 
 1.52900000e+00  1.30501778e+00 
 1.53000000e+00  1.30324372e+00 
 1.53100000e+00  1.30147385e+00 
 1.53200000e+00  1.29970813e+00 
 1.53300000e+00  1.29794657e+00 
 1.53400000e+00  1.29618914e+00 
 1.53500000e+00  1.29443584e+00 
 1.53600000e+00  1.29268664e+00 
 1.53700000e+00  1.29094154e+00 
 1.53800000e+00  1.28920051e+00 
 1.53900000e+00  1.28746355e+00 
 1.54000000e+00  1.28573064e+00 
 1.54100000e+00  1.28400177e+00 
 1.54200000e+00  1.28227692e+00 
 1.54300000e+00  1.28055609e+00 
 1.54400000e+00  1.27883925e+00 
 1.54500000e+00  1.27712639e+00 
 1.54600000e+00  1.27541750e+00 
 1.54700000e+00  1.27371256e+00 
 1.54800000e+00  1.27201157e+00 
 1.54900000e+00  1.27031451e+00 
 1.55000000e+00  1.26862136e+00 
 1.55100000e+00  1.26693212e+00 
 1.55200000e+00  1.26524676e+00 
 1.55300000e+00  1.26356528e+00 
 1.55400000e+00  1.26188766e+00 
 1.55500000e+00  1.26021390e+00 
 1.55600000e+00  1.25854396e+00 
 1.55700000e+00  1.25687786e+00 
 1.55800000e+00  1.25521556e+00 
 1.55900000e+00  1.25355706e+00 
 1.56000000e+00  1.25190235e+00 
 1.56100000e+00  1.25025141e+00 
 1.56200000e+00  1.24860423e+00 
 1.56300000e+00  1.24696080e+00 
 1.56400000e+00  1.24532110e+00 
 1.56500000e+00  1.24368513e+00 
 1.56600000e+00  1.24205286e+00 
 1.56700000e+00  1.24042429e+00 
 1.56800000e+00  1.23879941e+00 
 1.56900000e+00  1.23717820e+00 
 1.57000000e+00  1.23556066e+00 
 1.57100000e+00  1.23394676e+00 
 1.57200000e+00  1.23233650e+00 
 1.57300000e+00  1.23072986e+00 
 1.57400000e+00  1.22912684e+00 
 1.57500000e+00  1.22752742e+00 
 1.57600000e+00  1.22593158e+00 
 1.57700000e+00  1.22433933e+00 
 1.57800000e+00  1.22275063e+00 
 1.57900000e+00  1.22116550e+00 
 1.58000000e+00  1.21958390e+00 
 1.58100000e+00  1.21800584e+00 
 1.58200000e+00  1.21643129e+00 
 1.58300000e+00  1.21486025e+00 
 1.58400000e+00  1.21329271e+00 
 1.58500000e+00  1.21172865e+00 
 1.58600000e+00  1.21016806e+00 
 1.58700000e+00  1.20861094e+00 
 1.58800000e+00  1.20705727e+00 
 1.58900000e+00  1.20550703e+00 
 1.59000000e+00  1.20396022e+00 
 1.59100000e+00  1.20241683e+00 
 1.59200000e+00  1.20087685e+00 
 1.59300000e+00  1.19934026e+00 
 1.59400000e+00  1.19780706e+00 
 1.59500000e+00  1.19627722e+00 
 1.59600000e+00  1.19475075e+00 
 1.59700000e+00  1.19322763e+00 
 1.59800000e+00  1.19170785e+00 
 1.59900000e+00  1.19019140e+00 
 1.60000000e+00  1.18867827e+00 
 1.60100000e+00  1.18716845e+00 
 1.60200000e+00  1.18566192e+00 
 1.60300000e+00  1.18415868e+00 
 1.60400000e+00  1.18265872e+00 
 1.60500000e+00  1.18116202e+00 
 1.60600000e+00  1.17966858e+00 
 1.60700000e+00  1.17817838e+00 
 1.60800000e+00  1.17669142e+00 
 1.60900000e+00  1.17520768e+00 
 1.61000000e+00  1.17372716e+00 
 1.61100000e+00  1.17224983e+00 
 1.61200000e+00  1.17077571e+00 
 1.61300000e+00  1.16930476e+00 
 1.61400000e+00  1.16783699e+00 
 1.61500000e+00  1.16637239e+00 
 1.61600000e+00  1.16491093e+00 
 1.61700000e+00  1.16345262e+00 
 1.61800000e+00  1.16199744e+00 
 1.61900000e+00  1.16054539e+00 
 1.62000000e+00  1.15909645e+00 
 1.62100000e+00  1.15765061e+00 
 1.62200000e+00  1.15620787e+00 
 1.62300000e+00  1.15476821e+00 
 1.62400000e+00  1.15333163e+00 
 1.62500000e+00  1.15189811e+00 
 1.62600000e+00  1.15046764e+00 
 1.62700000e+00  1.14904022e+00 
 1.62800000e+00  1.14761584e+00 
 1.62900000e+00  1.14619448e+00 
 1.63000000e+00  1.14477614e+00 
 1.63100000e+00  1.14336081e+00 
 1.63200000e+00  1.14194848e+00 
 1.63300000e+00  1.14053913e+00 
 1.63400000e+00  1.13913277e+00 
 1.63500000e+00  1.13772938e+00 
 1.63600000e+00  1.13632894e+00 
 1.63700000e+00  1.13493146e+00 
 1.63800000e+00  1.13353692e+00 
 1.63900000e+00  1.13214532e+00 
 1.64000000e+00  1.13075664e+00 
 1.64100000e+00  1.12937087e+00 
 1.64200000e+00  1.12798801e+00 
 1.64300000e+00  1.12660805e+00 
 1.64400000e+00  1.12523098e+00 
 1.64500000e+00  1.12385679e+00 
 1.64600000e+00  1.12248546e+00 
 1.64700000e+00  1.12111700e+00 
 1.64800000e+00  1.11975140e+00 
 1.64900000e+00  1.11838864e+00 
 1.65000000e+00  1.11702871e+00 
 1.65100000e+00  1.11567161e+00 
 1.65200000e+00  1.11431733e+00 
 1.65300000e+00  1.11296585e+00 
 1.65400000e+00  1.11161718e+00 
 1.65500000e+00  1.11027131e+00 
 1.65600000e+00  1.10892821e+00 
 1.65700000e+00  1.10758789e+00 
 1.65800000e+00  1.10625034e+00 
 1.65900000e+00  1.10491555e+00 
 1.66000000e+00  1.10358351e+00 
 1.66100000e+00  1.10225420e+00 
 1.66200000e+00  1.10092764e+00 
 1.66300000e+00  1.09960380e+00 
 1.66400000e+00  1.09828267e+00 
 1.66500000e+00  1.09696425e+00 
 1.66600000e+00  1.09564854e+00 
 1.66700000e+00  1.09433552e+00 
 1.66800000e+00  1.09302518e+00 
 1.66900000e+00  1.09171751e+00 
 1.67000000e+00  1.09041252e+00 
 1.67100000e+00  1.08911019e+00 
 1.67200000e+00  1.08781050e+00 
 1.67300000e+00  1.08651347e+00 
 1.67400000e+00  1.08521906e+00 
 1.67500000e+00  1.08392729e+00 
 1.67600000e+00  1.08263814e+00 
 1.67700000e+00  1.08135160e+00 
 1.67800000e+00  1.08006766e+00 
 1.67900000e+00  1.07878632e+00 
 1.68000000e+00  1.07750757e+00 
 1.68100000e+00  1.07623141e+00 
 1.68200000e+00  1.07495781e+00 
 1.68300000e+00  1.07368679e+00 
 1.68400000e+00  1.07241832e+00 
 1.68500000e+00  1.07115240e+00 
 1.68600000e+00  1.06988902e+00 
 1.68700000e+00  1.06862818e+00 
 1.68800000e+00  1.06736987e+00 
 1.68900000e+00  1.06611408e+00 
 1.69000000e+00  1.06486081e+00 
 1.69100000e+00  1.06361003e+00 
 1.69200000e+00  1.06236176e+00 
 1.69300000e+00  1.06111598e+00 
 1.69400000e+00  1.05987268e+00 
 1.69500000e+00  1.05863186e+00 
 1.69600000e+00  1.05739351e+00 
 1.69700000e+00  1.05615762e+00 
 1.69800000e+00  1.05492418e+00 
 1.69900000e+00  1.05369320e+00 
 1.70000000e+00  1.05246465e+00 
 1.70100000e+00  1.05123853e+00 
 1.70200000e+00  1.05001484e+00 
 1.70300000e+00  1.04879357e+00 
 1.70400000e+00  1.04757472e+00 
 1.70500000e+00  1.04635826e+00 
 1.70600000e+00  1.04514421e+00 
 1.70700000e+00  1.04393254e+00 
 1.70800000e+00  1.04272326e+00 
 1.70900000e+00  1.04151636e+00 
 1.71000000e+00  1.04031182e+00 
 1.71100000e+00  1.03910965e+00 
 1.71200000e+00  1.03790983e+00 
 1.71300000e+00  1.03671237e+00 
 1.71400000e+00  1.03551724e+00 
 1.71500000e+00  1.03432446e+00 
 1.71600000e+00  1.03313400e+00 
 1.71700000e+00  1.03194586e+00 
 1.71800000e+00  1.03076004e+00 
 1.71900000e+00  1.02957653e+00 
 1.72000000e+00  1.02839532e+00 
 1.72100000e+00  1.02721640e+00 
 1.72200000e+00  1.02603977e+00 
 1.72300000e+00  1.02486543e+00 
 1.72400000e+00  1.02369336e+00 
 1.72500000e+00  1.02252356e+00 
 1.72600000e+00  1.02135603e+00 
 1.72700000e+00  1.02019075e+00 
 1.72800000e+00  1.01902772e+00 
 1.72900000e+00  1.01786693e+00 
 1.73000000e+00  1.01670838e+00 
 1.73100000e+00  1.01555206e+00 
 1.73200000e+00  1.01439797e+00 
 1.73300000e+00  1.01324609e+00 
 1.73400000e+00  1.01209642e+00 
 1.73500000e+00  1.01094896e+00 
 1.73600000e+00  1.00980370e+00 
 1.73700000e+00  1.00866063e+00 
 1.73800000e+00  1.00751975e+00 
 1.73900000e+00  1.00638105e+00 
 1.74000000e+00  1.00524452e+00 
 1.74100000e+00  1.00411016e+00 
 1.74200000e+00  1.00297796e+00 
 1.74300000e+00  1.00184791e+00 
 1.74400000e+00  1.00072002e+00 
 1.74500000e+00  9.99594267e-01 
 1.74600000e+00  9.98470653e-01 
 1.74700000e+00  9.97349171e-01 
 1.74800000e+00  9.96229814e-01 
 1.74900000e+00  9.95112577e-01 
 1.75000000e+00  9.93997452e-01 
 1.75100000e+00  9.92884435e-01 
 1.75200000e+00  9.91773520e-01 
 1.75300000e+00  9.90664700e-01 
 1.75400000e+00  9.89557970e-01 
 1.75500000e+00  9.88453324e-01 
 1.75600000e+00  9.87350755e-01 
 1.75700000e+00  9.86250259e-01 
 1.75800000e+00  9.85151830e-01 
 1.75900000e+00  9.84055461e-01 
 1.76000000e+00  9.82961146e-01 
 1.76100000e+00  9.81868881e-01 
 1.76200000e+00  9.80778660e-01 
 1.76300000e+00  9.79690476e-01 
 1.76400000e+00  9.78604324e-01 
 1.76500000e+00  9.77520199e-01 
 1.76600000e+00  9.76438094e-01 
 1.76700000e+00  9.75358005e-01 
 1.76800000e+00  9.74279925e-01 
 1.76900000e+00  9.73203849e-01 
 1.77000000e+00  9.72129772e-01 
 1.77100000e+00  9.71057687e-01 
 1.77200000e+00  9.69987590e-01 
 1.77300000e+00  9.68919475e-01 
 1.77400000e+00  9.67853336e-01 
 1.77500000e+00  9.66789169e-01 
 1.77600000e+00  9.65726967e-01 
 1.77700000e+00  9.64666725e-01 
 1.77800000e+00  9.63608438e-01 
 1.77900000e+00  9.62552100e-01 
 1.78000000e+00  9.61497706e-01 
 1.78100000e+00  9.60445251e-01 
 1.78200000e+00  9.59394729e-01 
 1.78300000e+00  9.58346136e-01 
 1.78400000e+00  9.57299465e-01 
 1.78500000e+00  9.56254712e-01 
 1.78600000e+00  9.55211871e-01 
 1.78700000e+00  9.54170936e-01 
 1.78800000e+00  9.53131904e-01 
 1.78900000e+00  9.52094769e-01 
 1.79000000e+00  9.51059525e-01 
 1.79100000e+00  9.50026167e-01 
 1.79200000e+00  9.48994690e-01 
 1.79300000e+00  9.47965090e-01 
 1.79400000e+00  9.46937360e-01 
 1.79500000e+00  9.45911497e-01 
 1.79600000e+00  9.44887494e-01 
 1.79700000e+00  9.43865347e-01 
 1.79800000e+00  9.42845051e-01 
 1.79900000e+00  9.41826600e-01 
 1.80000000e+00  9.40809990e-01 
