 0.00000000e+00  2.45914229e+01 
 1.00000000e-03  2.45913624e+01 
 2.00000000e-03  2.45913011e+01 
 3.00000000e-03  2.45912391e+01 
 4.00000000e-03  2.45911763e+01 
 5.00000000e-03  2.45911128e+01 
 6.00000000e-03  2.45910484e+01 
 7.00000000e-03  2.45909833e+01 
 8.00000000e-03  2.45909174e+01 
 9.00000000e-03  2.45908506e+01 
 1.00000000e-02  2.45907830e+01 
 1.10000000e-02  2.45907146e+01 
 1.20000000e-02  2.45906454e+01 
 1.30000000e-02  2.45905753e+01 
 1.40000000e-02  2.45905043e+01 
 1.50000000e-02  2.45904325e+01 
 1.60000000e-02  2.45903597e+01 
 1.70000000e-02  2.45902861e+01 
 1.80000000e-02  2.45902115e+01 
 1.90000000e-02  2.45901361e+01 
 2.00000000e-02  2.45900597e+01 
 2.10000000e-02  2.45899823e+01 
 2.20000000e-02  2.45899041e+01 
 2.30000000e-02  2.45898248e+01 
 2.40000000e-02  2.45897446e+01 
 2.50000000e-02  2.45896633e+01 
 2.60000000e-02  2.45895811e+01 
 2.70000000e-02  2.45894978e+01 
 2.80000000e-02  2.45894136e+01 
 2.90000000e-02  2.45893283e+01 
 3.00000000e-02  2.45892419e+01 
 3.10000000e-02  2.45891545e+01 
 3.20000000e-02  2.45890660e+01 
 3.30000000e-02  2.45889763e+01 
 3.40000000e-02  2.45888856e+01 
 3.50000000e-02  2.45887938e+01 
 3.60000000e-02  2.45887008e+01 
 3.70000000e-02  2.45886067e+01 
 3.80000000e-02  2.45885115e+01 
 3.90000000e-02  2.45884150e+01 
 4.00000000e-02  2.45883174e+01 
 4.10000000e-02  2.45882185e+01 
 4.20000000e-02  2.45881185e+01 
 4.30000000e-02  2.45880172e+01 
 4.40000000e-02  2.45879146e+01 
 4.50000000e-02  2.45878108e+01 
 4.60000000e-02  2.45877057e+01 
 4.70000000e-02  2.45875994e+01 
 4.80000000e-02  2.45874917e+01 
 4.90000000e-02  2.45873826e+01 
 5.00000000e-02  2.45872723e+01 
 5.10000000e-02  2.45871605e+01 
 5.20000000e-02  2.45870474e+01 
 5.30000000e-02  2.45869329e+01 
 5.40000000e-02  2.45868170e+01 
 5.50000000e-02  2.45866996e+01 
 5.60000000e-02  2.45865808e+01 
 5.70000000e-02  2.45864606e+01 
 5.80000000e-02  2.45863388e+01 
 5.90000000e-02  2.45862156e+01 
 6.00000000e-02  2.45860908e+01 
 6.10000000e-02  2.45859645e+01 
 6.20000000e-02  2.45858367e+01 
 6.30000000e-02  2.45857072e+01 
 6.40000000e-02  2.45855762e+01 
 6.50000000e-02  2.45854435e+01 
 6.60000000e-02  2.45853093e+01 
 6.70000000e-02  2.45851733e+01 
 6.80000000e-02  2.45850357e+01 
 6.90000000e-02  2.45848964e+01 
 7.00000000e-02  2.45847554e+01 
 7.10000000e-02  2.45846126e+01 
 7.20000000e-02  2.45844681e+01 
 7.30000000e-02  2.45843218e+01 
 7.40000000e-02  2.45841737e+01 
 7.50000000e-02  2.45840237e+01 
 7.60000000e-02  2.45838719e+01 
 7.70000000e-02  2.45837183e+01 
 7.80000000e-02  2.45835627e+01 
 7.90000000e-02  2.45834053e+01 
 8.00000000e-02  2.45832459e+01 
 8.10000000e-02  2.45830845e+01 
 8.20000000e-02  2.45829212e+01 
 8.30000000e-02  2.45827558e+01 
 8.40000000e-02  2.45825884e+01 
 8.50000000e-02  2.45824189e+01 
 8.60000000e-02  2.45822474e+01 
 8.70000000e-02  2.45820737e+01 
 8.80000000e-02  2.45818979e+01 
 8.90000000e-02  2.45817200e+01 
 9.00000000e-02  2.45815398e+01 
 9.10000000e-02  2.45813574e+01 
 9.20000000e-02  2.45811728e+01 
 9.30000000e-02  2.45809859e+01 
 9.40000000e-02  2.45807967e+01 
 9.50000000e-02  2.45806052e+01 
 9.60000000e-02  2.45804113e+01 
 9.70000000e-02  2.45802150e+01 
 9.80000000e-02  2.45800164e+01 
 9.90000000e-02  2.45798152e+01 
 1.00000000e-01  2.45796116e+01 
 1.01000000e-01  2.45794055e+01 
 1.02000000e-01  2.45791969e+01 
 1.03000000e-01  2.45789857e+01 
 1.04000000e-01  2.45787719e+01 
 1.05000000e-01  2.45785554e+01 
 1.06000000e-01  2.45783363e+01 
 1.07000000e-01  2.45781145e+01 
 1.08000000e-01  2.45778900e+01 
 1.09000000e-01  2.45776627e+01 
 1.10000000e-01  2.45774326e+01 
 1.11000000e-01  2.45771997e+01 
 1.12000000e-01  2.45769639e+01 
 1.13000000e-01  2.45767253e+01 
 1.14000000e-01  2.45764837e+01 
 1.15000000e-01  2.45762391e+01 
 1.16000000e-01  2.45759915e+01 
 1.17000000e-01  2.45757409e+01 
 1.18000000e-01  2.45754872e+01 
 1.19000000e-01  2.45752303e+01 
 1.20000000e-01  2.45749704e+01 
 1.21000000e-01  2.45747072e+01 
 1.22000000e-01  2.45744408e+01 
 1.23000000e-01  2.45741711e+01 
 1.24000000e-01  2.45738981e+01 
 1.25000000e-01  2.45736217e+01 
 1.26000000e-01  2.45733420e+01 
 1.27000000e-01  2.45730588e+01 
 1.28000000e-01  2.45727722e+01 
 1.29000000e-01  2.45724820e+01 
 1.30000000e-01  2.45721883e+01 
 1.31000000e-01  2.45718909e+01 
 1.32000000e-01  2.45715899e+01 
 1.33000000e-01  2.45712852e+01 
 1.34000000e-01  2.45709768e+01 
 1.35000000e-01  2.45706646e+01 
 1.36000000e-01  2.45703485e+01 
 1.37000000e-01  2.45700286e+01 
 1.38000000e-01  2.45697048e+01 
 1.39000000e-01  2.45693769e+01 
 1.40000000e-01  2.45690451e+01 
 1.41000000e-01  2.45687092e+01 
 1.42000000e-01  2.45683691e+01 
 1.43000000e-01  2.45680249e+01 
 1.44000000e-01  2.45676765e+01 
 1.45000000e-01  2.45673238e+01 
 1.46000000e-01  2.45669668e+01 
 1.47000000e-01  2.45666054e+01 
 1.48000000e-01  2.45662396e+01 
 1.49000000e-01  2.45658693e+01 
 1.50000000e-01  2.45654944e+01 
 1.51000000e-01  2.45651150e+01 
 1.52000000e-01  2.45647309e+01 
 1.53000000e-01  2.45643421e+01 
 1.54000000e-01  2.45639485e+01 
 1.55000000e-01  2.45635502e+01 
 1.56000000e-01  2.45631469e+01 
 1.57000000e-01  2.45627387e+01 
 1.58000000e-01  2.45623255e+01 
 1.59000000e-01  2.45619073e+01 
 1.60000000e-01  2.45614839e+01 
 1.61000000e-01  2.45610554e+01 
 1.62000000e-01  2.45606216e+01 
 1.63000000e-01  2.45601825e+01 
 1.64000000e-01  2.45597381e+01 
 1.65000000e-01  2.45592882e+01 
 1.66000000e-01  2.45588327e+01 
 1.67000000e-01  2.45583718e+01 
 1.68000000e-01  2.45579052e+01 
 1.69000000e-01  2.45574329e+01 
 1.70000000e-01  2.45569548e+01 
 1.71000000e-01  2.45564708e+01 
 1.72000000e-01  2.45559810e+01 
 1.73000000e-01  2.45554852e+01 
 1.74000000e-01  2.45549833e+01 
 1.75000000e-01  2.45544753e+01 
 1.76000000e-01  2.45539611e+01 
 1.77000000e-01  2.45534406e+01 
 1.78000000e-01  2.45529138e+01 
 1.79000000e-01  2.45523805e+01 
 1.80000000e-01  2.45518407e+01 
 1.81000000e-01  2.45512943e+01 
 1.82000000e-01  2.45507413e+01 
 1.83000000e-01  2.45501815e+01 
 1.84000000e-01  2.45496149e+01 
 1.85000000e-01  2.45490414e+01 
 1.86000000e-01  2.45484609e+01 
 1.87000000e-01  2.45478733e+01 
 1.88000000e-01  2.45472786e+01 
 1.89000000e-01  2.45466766e+01 
 1.90000000e-01  2.45460672e+01 
 1.91000000e-01  2.45454505e+01 
 1.92000000e-01  2.45448262e+01 
 1.93000000e-01  2.45441944e+01 
 1.94000000e-01  2.45435548e+01 
 1.95000000e-01  2.45429075e+01 
 1.96000000e-01  2.45422523e+01 
 1.97000000e-01  2.45415891e+01 
 1.98000000e-01  2.45409179e+01 
 1.99000000e-01  2.45402385e+01 
 2.00000000e-01  2.45395508e+01 
 2.01000000e-01  2.45388548e+01 
 2.02000000e-01  2.45381503e+01 
 2.03000000e-01  2.45374372e+01 
 2.04000000e-01  2.45367155e+01 
 2.05000000e-01  2.45359850e+01 
 2.06000000e-01  2.45352457e+01 
 2.07000000e-01  2.45344974e+01 
 2.08000000e-01  2.45337400e+01 
 2.09000000e-01  2.45329734e+01 
 2.10000000e-01  2.45321975e+01 
 2.11000000e-01  2.45314122e+01 
 2.12000000e-01  2.45306173e+01 
 2.13000000e-01  2.45298129e+01 
 2.14000000e-01  2.45289987e+01 
 2.15000000e-01  2.45281746e+01 
 2.16000000e-01  2.45273405e+01 
 2.17000000e-01  2.45264964e+01 
 2.18000000e-01  2.45256420e+01 
 2.19000000e-01  2.45247772e+01 
 2.20000000e-01  2.45239021e+01 
 2.21000000e-01  2.45230163e+01 
 2.22000000e-01  2.45221198e+01 
 2.23000000e-01  2.45212125e+01 
 2.24000000e-01  2.45202942e+01 
 2.25000000e-01  2.45193648e+01 
 2.26000000e-01  2.45184241e+01 
 2.27000000e-01  2.45174721e+01 
 2.28000000e-01  2.45165087e+01 
 2.29000000e-01  2.45155336e+01 
 2.30000000e-01  2.45145467e+01 
 2.31000000e-01  2.45135479e+01 
 2.32000000e-01  2.45125371e+01 
 2.33000000e-01  2.45115141e+01 
 2.34000000e-01  2.45104787e+01 
 2.35000000e-01  2.45094309e+01 
 2.36000000e-01  2.45083705e+01 
 2.37000000e-01  2.45072973e+01 
 2.38000000e-01  2.45062111e+01 
 2.39000000e-01  2.45051119e+01 
 2.40000000e-01  2.45039995e+01 
 2.41000000e-01  2.45028737e+01 
 2.42000000e-01  2.45017344e+01 
 2.43000000e-01  2.45005814e+01 
 2.44000000e-01  2.44994145e+01 
 2.45000000e-01  2.44982337e+01 
 2.46000000e-01  2.44970386e+01 
 2.47000000e-01  2.44958292e+01 
 2.48000000e-01  2.44946054e+01 
 2.49000000e-01  2.44933668e+01 
 2.50000000e-01  2.44921134e+01 
 2.51000000e-01  2.44908450e+01 
 2.52000000e-01  2.44895613e+01 
 2.53000000e-01  2.44882624e+01 
 2.54000000e-01  2.44869478e+01 
 2.55000000e-01  2.44856176e+01 
 2.56000000e-01  2.44842714e+01 
 2.57000000e-01  2.44829092e+01 
 2.58000000e-01  2.44815307e+01 
 2.59000000e-01  2.44801357e+01 
 2.60000000e-01  2.44787241e+01 
 2.61000000e-01  2.44772957e+01 
 2.62000000e-01  2.44758502e+01 
 2.63000000e-01  2.44743874e+01 
 2.64000000e-01  2.44729073e+01 
 2.65000000e-01  2.44714095e+01 
 2.66000000e-01  2.44698939e+01 
 2.67000000e-01  2.44683603e+01 
 2.68000000e-01  2.44668084e+01 
 2.69000000e-01  2.44652381e+01 
 2.70000000e-01  2.44636491e+01 
 2.71000000e-01  2.44620412e+01 
 2.72000000e-01  2.44604143e+01 
 2.73000000e-01  2.44587681e+01 
 2.74000000e-01  2.44571023e+01 
 2.75000000e-01  2.44554169e+01 
 2.76000000e-01  2.44537114e+01 
 2.77000000e-01  2.44519858e+01 
 2.78000000e-01  2.44502397e+01 
 2.79000000e-01  2.44484731e+01 
 2.80000000e-01  2.44466855e+01 
 2.81000000e-01  2.44448768e+01 
 2.82000000e-01  2.44430468e+01 
 2.83000000e-01  2.44411952e+01 
 2.84000000e-01  2.44393217e+01 
 2.85000000e-01  2.44374262e+01 
 2.86000000e-01  2.44355084e+01 
 2.87000000e-01  2.44335679e+01 
 2.88000000e-01  2.44316047e+01 
 2.89000000e-01  2.44296184e+01 
 2.90000000e-01  2.44276088e+01 
 2.91000000e-01  2.44255755e+01 
 2.92000000e-01  2.44235184e+01 
 2.93000000e-01  2.44214372e+01 
 2.94000000e-01  2.44193316e+01 
 2.95000000e-01  2.44172014e+01 
 2.96000000e-01  2.44150462e+01 
 2.97000000e-01  2.44128659e+01 
 2.98000000e-01  2.44106601e+01 
 2.99000000e-01  2.44084285e+01 
 3.00000000e-01  2.44061709e+01 
 3.01000000e-01  2.44038869e+01 
 3.02000000e-01  2.44015764e+01 
 3.03000000e-01  2.43992389e+01 
 3.04000000e-01  2.43968743e+01 
 3.05000000e-01  2.43944822e+01 
 3.06000000e-01  2.43920623e+01 
 3.07000000e-01  2.43896143e+01 
 3.08000000e-01  2.43871380e+01 
 3.09000000e-01  2.43846329e+01 
 3.10000000e-01  2.43820989e+01 
 3.11000000e-01  2.43795355e+01 
 3.12000000e-01  2.43769425e+01 
 3.13000000e-01  2.43743196e+01 
 3.14000000e-01  2.43716664e+01 
 3.15000000e-01  2.43689827e+01 
 3.16000000e-01  2.43662680e+01 
 3.17000000e-01  2.43635221e+01 
 3.18000000e-01  2.43607446e+01 
 3.19000000e-01  2.43579352e+01 
 3.20000000e-01  2.43550936e+01 
 3.21000000e-01  2.43522194e+01 
 3.22000000e-01  2.43493123e+01 
 3.23000000e-01  2.43463720e+01 
 3.24000000e-01  2.43433980e+01 
 3.25000000e-01  2.43403901e+01 
 3.26000000e-01  2.43373478e+01 
 3.27000000e-01  2.43342709e+01 
 3.28000000e-01  2.43311590e+01 
 3.29000000e-01  2.43280116e+01 
 3.30000000e-01  2.43248286e+01 
 3.31000000e-01  2.43216094e+01 
 3.32000000e-01  2.43183537e+01 
 3.33000000e-01  2.43150611e+01 
 3.34000000e-01  2.43117313e+01 
 3.35000000e-01  2.43083640e+01 
 3.36000000e-01  2.43049586e+01 
 3.37000000e-01  2.43015148e+01 
 3.38000000e-01  2.42980322e+01 
 3.39000000e-01  2.42945106e+01 
 3.40000000e-01  2.42909493e+01 
 3.41000000e-01  2.42873481e+01 
 3.42000000e-01  2.42837066e+01 
 3.43000000e-01  2.42800243e+01 
 3.44000000e-01  2.42763009e+01 
 3.45000000e-01  2.42725360e+01 
 3.46000000e-01  2.42687291e+01 
 3.47000000e-01  2.42648798e+01 
 3.48000000e-01  2.42609877e+01 
 3.49000000e-01  2.42570525e+01 
 3.50000000e-01  2.42530736e+01 
 3.51000000e-01  2.42490507e+01 
 3.52000000e-01  2.42449833e+01 
 3.53000000e-01  2.42408711e+01 
 3.54000000e-01  2.42367135e+01 
 3.55000000e-01  2.42325102e+01 
 3.56000000e-01  2.42282607e+01 
 3.57000000e-01  2.42239646e+01 
 3.58000000e-01  2.42196214e+01 
 3.59000000e-01  2.42152308e+01 
 3.60000000e-01  2.42107922e+01 
 3.61000000e-01  2.42063052e+01 
 3.62000000e-01  2.42017694e+01 
 3.63000000e-01  2.41971843e+01 
 3.64000000e-01  2.41925495e+01 
 3.65000000e-01  2.41878644e+01 
 3.66000000e-01  2.41831288e+01 
 3.67000000e-01  2.41783420e+01 
 3.68000000e-01  2.41735037e+01 
 3.69000000e-01  2.41686134e+01 
 3.70000000e-01  2.41636706e+01 
 3.71000000e-01  2.41586748e+01 
 3.72000000e-01  2.41536257e+01 
 3.73000000e-01  2.41485226e+01 
 3.74000000e-01  2.41433652e+01 
 3.75000000e-01  2.41381530e+01 
 3.76000000e-01  2.41328855e+01 
 3.77000000e-01  2.41275622e+01 
 3.78000000e-01  2.41221826e+01 
 3.79000000e-01  2.41167463e+01 
 3.80000000e-01  2.41112529e+01 
 3.81000000e-01  2.41057017e+01 
 3.82000000e-01  2.41000924e+01 
 3.83000000e-01  2.40944244e+01 
 3.84000000e-01  2.40886974e+01 
 3.85000000e-01  2.40829107e+01 
 3.86000000e-01  2.40770639e+01 
 3.87000000e-01  2.40711566e+01 
 3.88000000e-01  2.40651882e+01 
 3.89000000e-01  2.40591583e+01 
 3.90000000e-01  2.40530663e+01 
 3.91000000e-01  2.40469118e+01 
 3.92000000e-01  2.40406944e+01 
 3.93000000e-01  2.40344135e+01 
 3.94000000e-01  2.40280686e+01 
 3.95000000e-01  2.40216592e+01 
 3.96000000e-01  2.40151850e+01 
 3.97000000e-01  2.40086453e+01 
 3.98000000e-01  2.40020397e+01 
 3.99000000e-01  2.39953678e+01 
 4.00000000e-01  2.39886290e+01 
 4.01000000e-01  2.39818229e+01 
 4.02000000e-01  2.39749489e+01 
 4.03000000e-01  2.39680067e+01 
 4.04000000e-01  2.39609957e+01 
 4.05000000e-01  2.39539155e+01 
 4.06000000e-01  2.39467656e+01 
 4.07000000e-01  2.39395455e+01 
 4.08000000e-01  2.39322548e+01 
 4.09000000e-01  2.39248930e+01 
 4.10000000e-01  2.39174596e+01 
 4.11000000e-01  2.39099542e+01 
 4.12000000e-01  2.39023763e+01 
 4.13000000e-01  2.38947254e+01 
 4.14000000e-01  2.38870012e+01 
 4.15000000e-01  2.38792032e+01 
 4.16000000e-01  2.38713309e+01 
 4.17000000e-01  2.38633838e+01 
 4.18000000e-01  2.38553617e+01 
 4.19000000e-01  2.38472639e+01 
 4.20000000e-01  2.38390902e+01 
 4.21000000e-01  2.38308400e+01 
 4.22000000e-01  2.38225130e+01 
 4.23000000e-01  2.38141087e+01 
 4.24000000e-01  2.38056268e+01 
 4.25000000e-01  2.37970668e+01 
 4.26000000e-01  2.37884284e+01 
 4.27000000e-01  2.37797111e+01 
 4.28000000e-01  2.37709146e+01 
 4.29000000e-01  2.37620385e+01 
 4.30000000e-01  2.37530824e+01 
 4.31000000e-01  2.37440460e+01 
 4.32000000e-01  2.37349289e+01 
 4.33000000e-01  2.37257308e+01 
 4.34000000e-01  2.37164512e+01 
 4.35000000e-01  2.37070900e+01 
 4.36000000e-01  2.36976468e+01 
 4.37000000e-01  2.36881212e+01 
 4.38000000e-01  2.36785129e+01 
 4.39000000e-01  2.36688217e+01 
 4.40000000e-01  2.36590472e+01 
 4.41000000e-01  2.36491893e+01 
 4.42000000e-01  2.36392475e+01 
 4.43000000e-01  2.36292217e+01 
 4.44000000e-01  2.36191116e+01 
 4.45000000e-01  2.36089169e+01 
 4.46000000e-01  2.35986375e+01 
 4.47000000e-01  2.35882731e+01 
 4.48000000e-01  2.35778236e+01 
 4.49000000e-01  2.35672886e+01 
 4.50000000e-01  2.35566681e+01 
 4.51000000e-01  2.35459619e+01 
 4.52000000e-01  2.35351698e+01 
 4.53000000e-01  2.35242917e+01 
 4.54000000e-01  2.35133274e+01 
 4.55000000e-01  2.35022769e+01 
 4.56000000e-01  2.34911400e+01 
 4.57000000e-01  2.34799167e+01 
 4.58000000e-01  2.34686068e+01 
 4.59000000e-01  2.34572103e+01 
 4.60000000e-01  2.34457272e+01 
 4.61000000e-01  2.34341575e+01 
 4.62000000e-01  2.34225011e+01 
 4.63000000e-01  2.34107580e+01 
 4.64000000e-01  2.33989283e+01 
 4.65000000e-01  2.33870120e+01 
 4.66000000e-01  2.33750092e+01 
 4.67000000e-01  2.33629198e+01 
 4.68000000e-01  2.33507441e+01 
 4.69000000e-01  2.33384820e+01 
 4.70000000e-01  2.33261338e+01 
 4.71000000e-01  2.33136996e+01 
 4.72000000e-01  2.33011795e+01 
 4.73000000e-01  2.32885737e+01 
 4.74000000e-01  2.32758825e+01 
 4.75000000e-01  2.32631059e+01 
 4.76000000e-01  2.32502443e+01 
 4.77000000e-01  2.32372979e+01 
 4.78000000e-01  2.32242670e+01 
 4.79000000e-01  2.32111519e+01 
 4.80000000e-01  2.31979528e+01 
 4.81000000e-01  2.31846702e+01 
 4.82000000e-01  2.31713044e+01 
 4.83000000e-01  2.31578557e+01 
 4.84000000e-01  2.31443245e+01 
 4.85000000e-01  2.31307114e+01 
 4.86000000e-01  2.31170166e+01 
 4.87000000e-01  2.31032407e+01 
 4.88000000e-01  2.30893841e+01 
 4.89000000e-01  2.30754473e+01 
 4.90000000e-01  2.30614309e+01 
 4.91000000e-01  2.30473353e+01 
 4.92000000e-01  2.30331613e+01 
 4.93000000e-01  2.30189092e+01 
 4.94000000e-01  2.30045799e+01 
 4.95000000e-01  2.29901737e+01 
 4.96000000e-01  2.29756915e+01 
 4.97000000e-01  2.29611339e+01 
 4.98000000e-01  2.29465016e+01 
 4.99000000e-01  2.29317952e+01 
 5.00000000e-01  2.29170155e+01 
 5.01000000e-01  2.29021633e+01 
 5.02000000e-01  2.28872394e+01 
 5.03000000e-01  2.28722444e+01 
 5.04000000e-01  2.28571793e+01 
 5.05000000e-01  2.28420448e+01 
 5.06000000e-01  2.28268418e+01 
 5.07000000e-01  2.28115712e+01 
 5.08000000e-01  2.27962339e+01 
 5.09000000e-01  2.27808307e+01 
 5.10000000e-01  2.27653626e+01 
 5.11000000e-01  2.27498304e+01 
 5.12000000e-01  2.27342353e+01 
 5.13000000e-01  2.27185781e+01 
 5.14000000e-01  2.27028597e+01 
 5.15000000e-01  2.26870813e+01 
 5.16000000e-01  2.26712438e+01 
 5.17000000e-01  2.26553483e+01 
 5.18000000e-01  2.26393957e+01 
 5.19000000e-01  2.26233871e+01 
 5.20000000e-01  2.26073237e+01 
 5.21000000e-01  2.25912064e+01 
 5.22000000e-01  2.25750363e+01 
 5.23000000e-01  2.25588146e+01 
 5.24000000e-01  2.25425422e+01 
 5.25000000e-01  2.25262204e+01 
 5.26000000e-01  2.25098502e+01 
 5.27000000e-01  2.24934327e+01 
 5.28000000e-01  2.24769691e+01 
 5.29000000e-01  2.24604604e+01 
 5.30000000e-01  2.24439077e+01 
 5.31000000e-01  2.24273123e+01 
 5.32000000e-01  2.24106751e+01 
 5.33000000e-01  2.23939973e+01 
 5.34000000e-01  2.23772800e+01 
 5.35000000e-01  2.23605242e+01 
 5.36000000e-01  2.23437312e+01 
 5.37000000e-01  2.23269018e+01 
 5.38000000e-01  2.23100373e+01 
 5.39000000e-01  2.22931386e+01 
 5.40000000e-01  2.22762068e+01 
 5.41000000e-01  2.22592429e+01 
 5.42000000e-01  2.22422479e+01 
 5.43000000e-01  2.22252228e+01 
 5.44000000e-01  2.22081685e+01 
 5.45000000e-01  2.21910860e+01 
 5.46000000e-01  2.21739762e+01 
 5.47000000e-01  2.21568400e+01 
 5.48000000e-01  2.21396781e+01 
 5.49000000e-01  2.21224915e+01 
 5.50000000e-01  2.21052809e+01 
 5.51000000e-01  2.20880471e+01 
 5.52000000e-01  2.20707907e+01 
 5.53000000e-01  2.20535125e+01 
 5.54000000e-01  2.20362130e+01 
 5.55000000e-01  2.20188929e+01 
 5.56000000e-01  2.20015526e+01 
 5.57000000e-01  2.19841927e+01 
 5.58000000e-01  2.19668136e+01 
 5.59000000e-01  2.19494156e+01 
 5.60000000e-01  2.19319992e+01 
 5.61000000e-01  2.19145644e+01 
 5.62000000e-01  2.18971116e+01 
 5.63000000e-01  2.18796408e+01 
 5.64000000e-01  2.18621522e+01 
 5.65000000e-01  2.18446457e+01 
 5.66000000e-01  2.18271213e+01 
 5.67000000e-01  2.18095788e+01 
 5.68000000e-01  2.17920180e+01 
 5.69000000e-01  2.17744386e+01 
 5.70000000e-01  2.17568402e+01 
 5.71000000e-01  2.17392224e+01 
 5.72000000e-01  2.17215845e+01 
 5.73000000e-01  2.17039261e+01 
 5.74000000e-01  2.16862462e+01 
 5.75000000e-01  2.16685442e+01 
 5.76000000e-01  2.16508192e+01 
 5.77000000e-01  2.16330700e+01 
 5.78000000e-01  2.16152957e+01 
 5.79000000e-01  2.15974950e+01 
 5.80000000e-01  2.15796666e+01 
 5.81000000e-01  2.15618091e+01 
 5.82000000e-01  2.15439210e+01 
 5.83000000e-01  2.15260006e+01 
 5.84000000e-01  2.15080463e+01 
 5.85000000e-01  2.14900563e+01 
 5.86000000e-01  2.14720284e+01 
 5.87000000e-01  2.14539608e+01 
 5.88000000e-01  2.14358513e+01 
 5.89000000e-01  2.14176974e+01 
 5.90000000e-01  2.13994970e+01 
 5.91000000e-01  2.13812473e+01 
 5.92000000e-01  2.13629458e+01 
 5.93000000e-01  2.13445898e+01 
 5.94000000e-01  2.13261763e+01 
 5.95000000e-01  2.13077024e+01 
 5.96000000e-01  2.12891649e+01 
 5.97000000e-01  2.12705607e+01 
 5.98000000e-01  2.12518863e+01 
 5.99000000e-01  2.12331384e+01 
 6.00000000e-01  2.12143133e+01 
 6.01000000e-01  2.11954073e+01 
 6.02000000e-01  2.11764166e+01 
 6.03000000e-01  2.11573373e+01 
 6.04000000e-01  2.11381654e+01 
 6.05000000e-01  2.11188966e+01 
 6.06000000e-01  2.10995267e+01 
 6.07000000e-01  2.10800513e+01 
 6.08000000e-01  2.10604659e+01 
 6.09000000e-01  2.10407659e+01 
 6.10000000e-01  2.10209466e+01 
 6.11000000e-01  2.10010032e+01 
 6.12000000e-01  2.09809307e+01 
 6.13000000e-01  2.09607243e+01 
 6.14000000e-01  2.09403787e+01 
 6.15000000e-01  2.09198888e+01 
 6.16000000e-01  2.08992492e+01 
 6.17000000e-01  2.08784547e+01 
 6.18000000e-01  2.08574998e+01 
 6.19000000e-01  2.08363789e+01 
 6.20000000e-01  2.08150864e+01 
 6.21000000e-01  2.07936167e+01 
 6.22000000e-01  2.07719640e+01 
 6.23000000e-01  2.07501225e+01 
 6.24000000e-01  2.07280863e+01 
 6.25000000e-01  2.07058496e+01 
 6.26000000e-01  2.06834063e+01 
 6.27000000e-01  2.06607505e+01 
 6.28000000e-01  2.06378762e+01 
 6.29000000e-01  2.06147771e+01 
 6.30000000e-01  2.05914473e+01 
 6.31000000e-01  2.05678806e+01 
 6.32000000e-01  2.05440708e+01 
 6.33000000e-01  2.05200118e+01 
 6.34000000e-01  2.04956975e+01 
 6.35000000e-01  2.04711215e+01 
 6.36000000e-01  2.04462779e+01 
 6.37000000e-01  2.04211604e+01 
 6.38000000e-01  2.03957630e+01 
 6.39000000e-01  2.03700794e+01 
 6.40000000e-01  2.03441037e+01 
 6.41000000e-01  2.03178297e+01 
 6.42000000e-01  2.02912515e+01 
 6.43000000e-01  2.02643631e+01 
 6.44000000e-01  2.02371586e+01 
 6.45000000e-01  2.02096323e+01 
 6.46000000e-01  2.01817782e+01 
 6.47000000e-01  2.01535907e+01 
 6.48000000e-01  2.01250641e+01 
 6.49000000e-01  2.00961930e+01 
 6.50000000e-01  2.00669719e+01 
 6.51000000e-01  2.00373954e+01 
 6.52000000e-01  2.00074582e+01 
 6.53000000e-01  1.99771553e+01 
 6.54000000e-01  1.99464816e+01 
 6.55000000e-01  1.99154322e+01 
 6.56000000e-01  1.98840022e+01 
 6.57000000e-01  1.98521871e+01 
 6.58000000e-01  1.98199823e+01 
 6.59000000e-01  1.97873835e+01 
 6.60000000e-01  1.97543864e+01 
 6.61000000e-01  1.97209868e+01 
 6.62000000e-01  1.96871810e+01 
 6.63000000e-01  1.96529651e+01 
 6.64000000e-01  1.96183354e+01 
 6.65000000e-01  1.95832887e+01 
 6.66000000e-01  1.95478216e+01 
 6.67000000e-01  1.95119309e+01 
 6.68000000e-01  1.94756139e+01 
 6.69000000e-01  1.94388678e+01 
 6.70000000e-01  1.94016900e+01 
 6.71000000e-01  1.93640782e+01 
 6.72000000e-01  1.93260302e+01 
 6.73000000e-01  1.92875441e+01 
 6.74000000e-01  1.92486182e+01 
 6.75000000e-01  1.92092507e+01 
 6.76000000e-01  1.91694405e+01 
 6.77000000e-01  1.91291862e+01 
 6.78000000e-01  1.90884870e+01 
 6.79000000e-01  1.90473422e+01 
 6.80000000e-01  1.90057511e+01 
 6.81000000e-01  1.89637135e+01 
 6.82000000e-01  1.89212292e+01 
 6.83000000e-01  1.88782983e+01 
 6.84000000e-01  1.88349212e+01 
 6.85000000e-01  1.87910982e+01 
 6.86000000e-01  1.87468302e+01 
 6.87000000e-01  1.87021181e+01 
 6.88000000e-01  1.86569630e+01 
 6.89000000e-01  1.86113662e+01 
 6.90000000e-01  1.85653294e+01 
 6.91000000e-01  1.85188542e+01 
 6.92000000e-01  1.84719426e+01 
 6.93000000e-01  1.84245968e+01 
 6.94000000e-01  1.83768191e+01 
 6.95000000e-01  1.83286122e+01 
 6.96000000e-01  1.82799787e+01 
 6.97000000e-01  1.82309217e+01 
 6.98000000e-01  1.81814442e+01 
 6.99000000e-01  1.81315497e+01 
 7.00000000e-01  1.80812415e+01 
 7.01000000e-01  1.80305235e+01 
 7.02000000e-01  1.79793996e+01 
 7.03000000e-01  1.79278737e+01 
 7.04000000e-01  1.78759501e+01 
 7.05000000e-01  1.78236332e+01 
 7.06000000e-01  1.77709276e+01 
 7.07000000e-01  1.77178380e+01 
 7.08000000e-01  1.76643692e+01 
 7.09000000e-01  1.76105265e+01 
 7.10000000e-01  1.75563148e+01 
 7.11000000e-01  1.75017396e+01 
 7.12000000e-01  1.74468064e+01 
 7.13000000e-01  1.73915207e+01 
 7.14000000e-01  1.73358883e+01 
 7.15000000e-01  1.72799151e+01 
 7.16000000e-01  1.72236071e+01 
 7.17000000e-01  1.71669704e+01 
 7.18000000e-01  1.71100111e+01 
 7.19000000e-01  1.70527358e+01 
 7.20000000e-01  1.69951507e+01 
 7.21000000e-01  1.69372625e+01 
 7.22000000e-01  1.68790778e+01 
 7.23000000e-01  1.68206032e+01 
 7.24000000e-01  1.67618458e+01 
 7.25000000e-01  1.67028122e+01 
 7.26000000e-01  1.66435095e+01 
 7.27000000e-01  1.65839447e+01 
 7.28000000e-01  1.65241250e+01 
 7.29000000e-01  1.64640574e+01 
 7.30000000e-01  1.64037493e+01 
 7.31000000e-01  1.63432078e+01 
 7.32000000e-01  1.62824404e+01 
 7.33000000e-01  1.62214544e+01 
 7.34000000e-01  1.61602571e+01 
 7.35000000e-01  1.60988560e+01 
 7.36000000e-01  1.60372587e+01 
 7.37000000e-01  1.59754724e+01 
 7.38000000e-01  1.59135049e+01 
 7.39000000e-01  1.58513635e+01 
 7.40000000e-01  1.57890559e+01 
 7.41000000e-01  1.57265895e+01 
 7.42000000e-01  1.56639719e+01 
 7.43000000e-01  1.56012107e+01 
 7.44000000e-01  1.55383134e+01 
 7.45000000e-01  1.54752874e+01 
 7.46000000e-01  1.54121404e+01 
 7.47000000e-01  1.53488799e+01 
 7.48000000e-01  1.52855132e+01 
 7.49000000e-01  1.52220479e+01 
 7.50000000e-01  1.51584913e+01 
 7.51000000e-01  1.50948509e+01 
 7.52000000e-01  1.50311341e+01 
 7.53000000e-01  1.49673481e+01 
 7.54000000e-01  1.49035003e+01 
 7.55000000e-01  1.48395978e+01 
 7.56000000e-01  1.47756479e+01 
 7.57000000e-01  1.47116578e+01 
 7.58000000e-01  1.46476344e+01 
 7.59000000e-01  1.45835849e+01 
 7.60000000e-01  1.45195162e+01 
 7.61000000e-01  1.44554352e+01 
 7.62000000e-01  1.43913488e+01 
 7.63000000e-01  1.43272638e+01 
 7.64000000e-01  1.42631870e+01 
 7.65000000e-01  1.41991249e+01 
 7.66000000e-01  1.41350841e+01 
 7.67000000e-01  1.40710712e+01 
 7.68000000e-01  1.40070927e+01 
 7.69000000e-01  1.39431547e+01 
 7.70000000e-01  1.38792638e+01 
 7.71000000e-01  1.38154260e+01 
 7.72000000e-01  1.37516475e+01 
 7.73000000e-01  1.36879343e+01 
 7.74000000e-01  1.36242924e+01 
 7.75000000e-01  1.35607276e+01 
 7.76000000e-01  1.34972458e+01 
 7.77000000e-01  1.34338526e+01 
 7.78000000e-01  1.33705537e+01 
 7.79000000e-01  1.33073545e+01 
 7.80000000e-01  1.32442605e+01 
 7.81000000e-01  1.31812771e+01 
 7.82000000e-01  1.31184095e+01 
 7.83000000e-01  1.30556628e+01 
 7.84000000e-01  1.29930421e+01 
 7.85000000e-01  1.29305524e+01 
 7.86000000e-01  1.28681987e+01 
 7.87000000e-01  1.28059855e+01 
 7.88000000e-01  1.27439177e+01 
 7.89000000e-01  1.26819999e+01 
 7.90000000e-01  1.26202365e+01 
 7.91000000e-01  1.25586320e+01 
 7.92000000e-01  1.24971907e+01 
 7.93000000e-01  1.24359168e+01 
 7.94000000e-01  1.23748144e+01 
 7.95000000e-01  1.23138876e+01 
 7.96000000e-01  1.22531403e+01 
 7.97000000e-01  1.21925764e+01 
 7.98000000e-01  1.21321996e+01 
 7.99000000e-01  1.20720135e+01 
 8.00000000e-01  1.20120218e+01 
 8.01000000e-01  1.19522280e+01 
 8.02000000e-01  1.18926353e+01 
 8.03000000e-01  1.18332471e+01 
 8.04000000e-01  1.17740666e+01 
 8.05000000e-01  1.17150969e+01 
 8.06000000e-01  1.16563411e+01 
 8.07000000e-01  1.15978021e+01 
 8.08000000e-01  1.15394826e+01 
 8.09000000e-01  1.14813856e+01 
 8.10000000e-01  1.14235136e+01 
 8.11000000e-01  1.13658692e+01 
 8.12000000e-01  1.13084551e+01 
 8.13000000e-01  1.12512734e+01 
 8.14000000e-01  1.11943267e+01 
 8.15000000e-01  1.11376171e+01 
 8.16000000e-01  1.10811469e+01 
 8.17000000e-01  1.10249181e+01 
 8.18000000e-01  1.09689327e+01 
 8.19000000e-01  1.09131926e+01 
 8.20000000e-01  1.08576994e+01 
 8.21000000e-01  1.08024551e+01 
 8.22000000e-01  1.07474616e+01 
 8.23000000e-01  1.06927205e+01 
 8.24000000e-01  1.06382332e+01 
 8.25000000e-01  1.05840012e+01 
 8.26000000e-01  1.05300261e+01 
 8.27000000e-01  1.04763090e+01 
 8.28000000e-01  1.04228513e+01 
 8.29000000e-01  1.03696543e+01 
 8.30000000e-01  1.03167189e+01 
 8.31000000e-01  1.02640463e+01 
 8.32000000e-01  1.02116374e+01 
 8.33000000e-01  1.01594933e+01 
 8.34000000e-01  1.01076148e+01 
 8.35000000e-01  1.00560026e+01 
 8.36000000e-01  1.00046576e+01 
 8.37000000e-01  9.95358047e+00 
 8.38000000e-01  9.90277177e+00 
 8.39000000e-01  9.85223209e+00 
 8.40000000e-01  9.80196196e+00 
 8.41000000e-01  9.75196184e+00 
 8.42000000e-01  9.70223213e+00 
 8.43000000e-01  9.65277319e+00 
 8.44000000e-01  9.60358530e+00 
 8.45000000e-01  9.55466872e+00 
 8.46000000e-01  9.50602364e+00 
 8.47000000e-01  9.45765022e+00 
 8.48000000e-01  9.40954854e+00 
 8.49000000e-01  9.36171865e+00 
 8.50000000e-01  9.31416058e+00 
 8.51000000e-01  9.26687426e+00 
 8.52000000e-01  9.21985962e+00 
 8.53000000e-01  9.17311653e+00 
 8.54000000e-01  9.12664481e+00 
 8.55000000e-01  9.08044426e+00 
 8.56000000e-01  9.03451463e+00 
 8.57000000e-01  8.98885561e+00 
 8.58000000e-01  8.94346688e+00 
 8.59000000e-01  8.89834808e+00 
 8.60000000e-01  8.85349879e+00 
 8.61000000e-01  8.80891858e+00 
 8.62000000e-01  8.76460696e+00 
 8.63000000e-01  8.72056345e+00 
 8.64000000e-01  8.67678748e+00 
 8.65000000e-01  8.63327849e+00 
 8.66000000e-01  8.59003586e+00 
 8.67000000e-01  8.54705898e+00 
 8.68000000e-01  8.50434717e+00 
 8.69000000e-01  8.46189973e+00 
 8.70000000e-01  8.41971595e+00 
 8.71000000e-01  8.37779508e+00 
 8.72000000e-01  8.33613633e+00 
 8.73000000e-01  8.29473893e+00 
 8.74000000e-01  8.25360203e+00 
 8.75000000e-01  8.21272479e+00 
 8.76000000e-01  8.17210633e+00 
 8.77000000e-01  8.13174577e+00 
 8.78000000e-01  8.09164219e+00 
 8.79000000e-01  8.05179465e+00 
 8.80000000e-01  8.01220220e+00 
 8.81000000e-01  7.97286385e+00 
 8.82000000e-01  7.93377862e+00 
 8.83000000e-01  7.89494548e+00 
 8.84000000e-01  7.85636342e+00 
 8.85000000e-01  7.81803137e+00 
 8.86000000e-01  7.77994829e+00 
 8.87000000e-01  7.74211308e+00 
 8.88000000e-01  7.70452466e+00 
 8.89000000e-01  7.66718192e+00 
 8.90000000e-01  7.63008372e+00 
 8.91000000e-01  7.59322895e+00 
 8.92000000e-01  7.55661644e+00 
 8.93000000e-01  7.52024505e+00 
 8.94000000e-01  7.48411359e+00 
 8.95000000e-01  7.44822088e+00 
 8.96000000e-01  7.41256574e+00 
 8.97000000e-01  7.37714696e+00 
 8.98000000e-01  7.34196332e+00 
 8.99000000e-01  7.30701360e+00 
 9.00000000e-01  7.27229659e+00 
 9.01000000e-01  7.23781102e+00 
 9.02000000e-01  7.20355567e+00 
 9.03000000e-01  7.16952928e+00 
 9.04000000e-01  7.13573059e+00 
 9.05000000e-01  7.10215833e+00 
 9.06000000e-01  7.06881123e+00 
 9.07000000e-01  7.03568802e+00 
 9.08000000e-01  7.00278742e+00 
 9.09000000e-01  6.97010814e+00 
 9.10000000e-01  6.93764889e+00 
 9.11000000e-01  6.90540837e+00 
 9.12000000e-01  6.87338529e+00 
 9.13000000e-01  6.84157835e+00 
 9.14000000e-01  6.80998624e+00 
 9.15000000e-01  6.77860766e+00 
 9.16000000e-01  6.74744130e+00 
 9.17000000e-01  6.71648586e+00 
 9.18000000e-01  6.68574002e+00 
 9.19000000e-01  6.65520246e+00 
 9.20000000e-01  6.62487189e+00 
 9.21000000e-01  6.59474697e+00 
 9.22000000e-01  6.56482641e+00 
 9.23000000e-01  6.53510889e+00 
 9.24000000e-01  6.50559308e+00 
 9.25000000e-01  6.47627769e+00 
 9.26000000e-01  6.44716140e+00 
 9.27000000e-01  6.41824290e+00 
 9.28000000e-01  6.38952087e+00 
 9.29000000e-01  6.36099402e+00 
 9.30000000e-01  6.33266103e+00 
 9.31000000e-01  6.30452060e+00 
 9.32000000e-01  6.27657143e+00 
 9.33000000e-01  6.24881222e+00 
 9.34000000e-01  6.22124167e+00 
 9.35000000e-01  6.19385849e+00 
 9.36000000e-01  6.16666138e+00 
 9.37000000e-01  6.13964907e+00 
 9.38000000e-01  6.11282025e+00 
 9.39000000e-01  6.08617366e+00 
 9.40000000e-01  6.05970801e+00 
 9.41000000e-01  6.03342203e+00 
 9.42000000e-01  6.00731445e+00 
 9.43000000e-01  5.98138401e+00 
 9.44000000e-01  5.95562944e+00 
 9.45000000e-01  5.93004948e+00 
 9.46000000e-01  5.90464288e+00 
 9.47000000e-01  5.87940840e+00 
 9.48000000e-01  5.85434479e+00 
 9.49000000e-01  5.82945082e+00 
 9.50000000e-01  5.80472524e+00 
 9.51000000e-01  5.78016683e+00 
 9.52000000e-01  5.75577437e+00 
 9.53000000e-01  5.73154664e+00 
 9.54000000e-01  5.70748243e+00 
 9.55000000e-01  5.68358053e+00 
 9.56000000e-01  5.65983973e+00 
 9.57000000e-01  5.63625885e+00 
 9.58000000e-01  5.61283670e+00 
 9.59000000e-01  5.58957208e+00 
 9.60000000e-01  5.56646383e+00 
 9.61000000e-01  5.54351076e+00 
 9.62000000e-01  5.52071172e+00 
 9.63000000e-01  5.49806554e+00 
 9.64000000e-01  5.47557107e+00 
 9.65000000e-01  5.45322716e+00 
 9.66000000e-01  5.43103267e+00 
 9.67000000e-01  5.40898647e+00 
 9.68000000e-01  5.38708742e+00 
 9.69000000e-01  5.36533441e+00 
 9.70000000e-01  5.34372631e+00 
 9.71000000e-01  5.32226203e+00 
 9.72000000e-01  5.30094045e+00 
 9.73000000e-01  5.27976049e+00 
 9.74000000e-01  5.25872104e+00 
 9.75000000e-01  5.23782104e+00 
 9.76000000e-01  5.21705939e+00 
 9.77000000e-01  5.19643504e+00 
 9.78000000e-01  5.17594692e+00 
 9.79000000e-01  5.15559397e+00 
 9.80000000e-01  5.13537514e+00 
 9.81000000e-01  5.11528940e+00 
 9.82000000e-01  5.09533570e+00 
 9.83000000e-01  5.07551302e+00 
 9.84000000e-01  5.05582034e+00 
 9.85000000e-01  5.03625663e+00 
 9.86000000e-01  5.01682090e+00 
 9.87000000e-01  4.99751213e+00 
 9.88000000e-01  4.97832934e+00 
 9.89000000e-01  4.95927153e+00 
 9.90000000e-01  4.94033773e+00 
 9.91000000e-01  4.92152696e+00 
 9.92000000e-01  4.90283825e+00 
 9.93000000e-01  4.88427064e+00 
 9.94000000e-01  4.86582318e+00 
 9.95000000e-01  4.84749492e+00 
 9.96000000e-01  4.82928492e+00 
 9.97000000e-01  4.81119224e+00 
 9.98000000e-01  4.79321597e+00 
 9.99000000e-01  4.77535517e+00 
 1.00000000e+00  4.75760894e+00 
 1.00100000e+00  4.73997637e+00 
 1.00200000e+00  4.72245655e+00 
 1.00300000e+00  4.70504861e+00 
 1.00400000e+00  4.68775164e+00 
 1.00500000e+00  4.67056477e+00 
 1.00600000e+00  4.65348712e+00 
 1.00700000e+00  4.63651784e+00 
 1.00800000e+00  4.61965605e+00 
 1.00900000e+00  4.60290091e+00 
 1.01000000e+00  4.58625156e+00 
 1.01100000e+00  4.56970718e+00 
 1.01200000e+00  4.55326691e+00 
 1.01300000e+00  4.53692995e+00 
 1.01400000e+00  4.52069546e+00 
 1.01500000e+00  4.50456262e+00 
 1.01600000e+00  4.48853065e+00 
 1.01700000e+00  4.47259872e+00 
 1.01800000e+00  4.45676604e+00 
 1.01900000e+00  4.44103184e+00 
 1.02000000e+00  4.42539531e+00 
 1.02100000e+00  4.40985569e+00 
 1.02200000e+00  4.39441221e+00 
 1.02300000e+00  4.37906409e+00 
 1.02400000e+00  4.36381059e+00 
 1.02500000e+00  4.34865095e+00 
 1.02600000e+00  4.33358443e+00 
 1.02700000e+00  4.31861027e+00 
 1.02800000e+00  4.30372776e+00 
 1.02900000e+00  4.28893617e+00 
 1.03000000e+00  4.27423476e+00 
 1.03100000e+00  4.25962283e+00 
 1.03200000e+00  4.24509966e+00 
 1.03300000e+00  4.23066456e+00 
 1.03400000e+00  4.21631682e+00 
 1.03500000e+00  4.20205574e+00 
 1.03600000e+00  4.18788065e+00 
 1.03700000e+00  4.17379086e+00 
 1.03800000e+00  4.15978569e+00 
 1.03900000e+00  4.14586448e+00 
 1.04000000e+00  4.13202656e+00 
 1.04100000e+00  4.11827128e+00 
 1.04200000e+00  4.10459797e+00 
 1.04300000e+00  4.09100600e+00 
 1.04400000e+00  4.07749471e+00 
 1.04500000e+00  4.06406348e+00 
 1.04600000e+00  4.05071166e+00 
 1.04700000e+00  4.03743864e+00 
 1.04800000e+00  4.02424380e+00 
 1.04900000e+00  4.01112651e+00 
 1.05000000e+00  3.99808617e+00 
 1.05100000e+00  3.98512218e+00 
 1.05200000e+00  3.97223392e+00 
 1.05300000e+00  3.95942082e+00 
 1.05400000e+00  3.94668227e+00 
 1.05500000e+00  3.93401769e+00 
 1.05600000e+00  3.92142651e+00 
 1.05700000e+00  3.90890815e+00 
 1.05800000e+00  3.89646204e+00 
 1.05900000e+00  3.88408761e+00 
 1.06000000e+00  3.87178430e+00 
 1.06100000e+00  3.85955156e+00 
 1.06200000e+00  3.84738885e+00 
 1.06300000e+00  3.83529560e+00 
 1.06400000e+00  3.82327129e+00 
 1.06500000e+00  3.81131537e+00 
 1.06600000e+00  3.79942731e+00 
 1.06700000e+00  3.78760660e+00 
 1.06800000e+00  3.77585269e+00 
 1.06900000e+00  3.76416508e+00 
 1.07000000e+00  3.75254326e+00 
 1.07100000e+00  3.74098671e+00 
 1.07200000e+00  3.72949493e+00 
 1.07300000e+00  3.71806742e+00 
 1.07400000e+00  3.70670368e+00 
 1.07500000e+00  3.69540323e+00 
 1.07600000e+00  3.68416557e+00 
 1.07700000e+00  3.67299022e+00 
 1.07800000e+00  3.66187670e+00 
 1.07900000e+00  3.65082455e+00 
 1.08000000e+00  3.63983328e+00 
 1.08100000e+00  3.62890243e+00 
 1.08200000e+00  3.61803155e+00 
 1.08300000e+00  3.60722017e+00 
 1.08400000e+00  3.59646783e+00 
 1.08500000e+00  3.58577409e+00 
 1.08600000e+00  3.57513851e+00 
 1.08700000e+00  3.56456063e+00 
 1.08800000e+00  3.55404003e+00 
 1.08900000e+00  3.54357626e+00 
 1.09000000e+00  3.53316889e+00 
 1.09100000e+00  3.52281751e+00 
 1.09200000e+00  3.51252168e+00 
 1.09300000e+00  3.50228099e+00 
 1.09400000e+00  3.49209501e+00 
 1.09500000e+00  3.48196335e+00 
 1.09600000e+00  3.47188558e+00 
 1.09700000e+00  3.46186131e+00 
 1.09800000e+00  3.45189013e+00 
 1.09900000e+00  3.44197165e+00 
 1.10000000e+00  3.43210546e+00 
 1.10100000e+00  3.42229119e+00 
 1.10200000e+00  3.41252844e+00 
 1.10300000e+00  3.40281683e+00 
 1.10400000e+00  3.39315597e+00 
 1.10500000e+00  3.38354550e+00 
 1.10600000e+00  3.37398503e+00 
 1.10700000e+00  3.36447420e+00 
 1.10800000e+00  3.35501263e+00 
 1.10900000e+00  3.34559997e+00 
 1.11000000e+00  3.33623585e+00 
 1.11100000e+00  3.32691992e+00 
 1.11200000e+00  3.31765181e+00 
 1.11300000e+00  3.30843118e+00 
 1.11400000e+00  3.29925769e+00 
 1.11500000e+00  3.29013097e+00 
 1.11600000e+00  3.28105070e+00 
 1.11700000e+00  3.27201653e+00 
 1.11800000e+00  3.26302813e+00 
 1.11900000e+00  3.25408516e+00 
 1.12000000e+00  3.24518728e+00 
 1.12100000e+00  3.23633419e+00 
 1.12200000e+00  3.22752554e+00 
 1.12300000e+00  3.21876102e+00 
 1.12400000e+00  3.21004030e+00 
 1.12500000e+00  3.20136308e+00 
 1.12600000e+00  3.19272903e+00 
 1.12700000e+00  3.18413785e+00 
 1.12800000e+00  3.17558923e+00 
 1.12900000e+00  3.16708285e+00 
 1.13000000e+00  3.15861843e+00 
 1.13100000e+00  3.15019566e+00 
 1.13200000e+00  3.14181424e+00 
 1.13300000e+00  3.13347388e+00 
 1.13400000e+00  3.12517428e+00 
 1.13500000e+00  3.11691516e+00 
 1.13600000e+00  3.10869622e+00 
 1.13700000e+00  3.10051718e+00 
 1.13800000e+00  3.09237777e+00 
 1.13900000e+00  3.08427769e+00 
 1.14000000e+00  3.07621668e+00 
 1.14100000e+00  3.06819445e+00 
 1.14200000e+00  3.06021074e+00 
 1.14300000e+00  3.05226527e+00 
 1.14400000e+00  3.04435777e+00 
 1.14500000e+00  3.03648799e+00 
 1.14600000e+00  3.02865565e+00 
 1.14700000e+00  3.02086050e+00 
 1.14800000e+00  3.01310227e+00 
 1.14900000e+00  3.00538072e+00 
 1.15000000e+00  2.99769558e+00 
 1.15100000e+00  2.99004660e+00 
 1.15200000e+00  2.98243353e+00 
 1.15300000e+00  2.97485613e+00 
 1.15400000e+00  2.96731415e+00 
 1.15500000e+00  2.95980735e+00 
 1.15600000e+00  2.95233547e+00 
 1.15700000e+00  2.94489830e+00 
 1.15800000e+00  2.93749557e+00 
 1.15900000e+00  2.93012707e+00 
 1.16000000e+00  2.92279256e+00 
 1.16100000e+00  2.91549180e+00 
 1.16200000e+00  2.90822457e+00 
 1.16300000e+00  2.90099064e+00 
 1.16400000e+00  2.89378979e+00 
 1.16500000e+00  2.88662178e+00 
 1.16600000e+00  2.87948640e+00 
 1.16700000e+00  2.87238343e+00 
 1.16800000e+00  2.86531265e+00 
 1.16900000e+00  2.85827384e+00 
 1.17000000e+00  2.85126679e+00 
 1.17100000e+00  2.84429129e+00 
 1.17200000e+00  2.83734713e+00 
 1.17300000e+00  2.83043409e+00 
 1.17400000e+00  2.82355197e+00 
 1.17500000e+00  2.81670057e+00 
 1.17600000e+00  2.80987968e+00 
 1.17700000e+00  2.80308910e+00 
 1.17800000e+00  2.79632862e+00 
 1.17900000e+00  2.78959806e+00 
 1.18000000e+00  2.78289721e+00 
 1.18100000e+00  2.77622587e+00 
 1.18200000e+00  2.76958387e+00 
 1.18300000e+00  2.76297099e+00 
 1.18400000e+00  2.75638705e+00 
 1.18500000e+00  2.74983187e+00 
 1.18600000e+00  2.74330525e+00 
 1.18700000e+00  2.73680702e+00 
 1.18800000e+00  2.73033697e+00 
 1.18900000e+00  2.72389494e+00 
 1.19000000e+00  2.71748075e+00 
 1.19100000e+00  2.71109420e+00 
 1.19200000e+00  2.70473513e+00 
 1.19300000e+00  2.69840336e+00 
 1.19400000e+00  2.69209870e+00 
 1.19500000e+00  2.68582100e+00 
 1.19600000e+00  2.67957007e+00 
 1.19700000e+00  2.67334575e+00 
 1.19800000e+00  2.66714786e+00 
 1.19900000e+00  2.66097624e+00 
 1.20000000e+00  2.65483072e+00 
 1.20100000e+00  2.64871114e+00 
 1.20200000e+00  2.64261733e+00 
 1.20300000e+00  2.63654912e+00 
 1.20400000e+00  2.63050636e+00 
 1.20500000e+00  2.62448889e+00 
 1.20600000e+00  2.61849655e+00 
 1.20700000e+00  2.61252918e+00 
 1.20800000e+00  2.60658663e+00 
 1.20900000e+00  2.60066873e+00 
 1.21000000e+00  2.59477535e+00 
 1.21100000e+00  2.58890631e+00 
 1.21200000e+00  2.58306148e+00 
 1.21300000e+00  2.57724070e+00 
 1.21400000e+00  2.57144383e+00 
 1.21500000e+00  2.56567071e+00 
 1.21600000e+00  2.55992120e+00 
 1.21700000e+00  2.55419516e+00 
 1.21800000e+00  2.54849244e+00 
 1.21900000e+00  2.54281290e+00 
 1.22000000e+00  2.53715639e+00 
 1.22100000e+00  2.53152278e+00 
 1.22200000e+00  2.52591193e+00 
 1.22300000e+00  2.52032369e+00 
 1.22400000e+00  2.51475794e+00 
 1.22500000e+00  2.50921453e+00 
 1.22600000e+00  2.50369333e+00 
 1.22700000e+00  2.49819421e+00 
 1.22800000e+00  2.49271703e+00 
 1.22900000e+00  2.48726166e+00 
 1.23000000e+00  2.48182797e+00 
 1.23100000e+00  2.47641583e+00 
 1.23200000e+00  2.47102511e+00 
 1.23300000e+00  2.46565569e+00 
 1.23400000e+00  2.46030743e+00 
 1.23500000e+00  2.45498022e+00 
 1.23600000e+00  2.44967392e+00 
 1.23700000e+00  2.44438841e+00 
 1.23800000e+00  2.43912358e+00 
 1.23900000e+00  2.43387929e+00 
 1.24000000e+00  2.42865543e+00 
 1.24100000e+00  2.42345187e+00 
 1.24200000e+00  2.41826851e+00 
 1.24300000e+00  2.41310521e+00 
 1.24400000e+00  2.40796187e+00 
 1.24500000e+00  2.40283836e+00 
 1.24600000e+00  2.39773458e+00 
 1.24700000e+00  2.39265040e+00 
 1.24800000e+00  2.38758571e+00 
 1.24900000e+00  2.38254040e+00 
 1.25000000e+00  2.37751436e+00 
 1.25100000e+00  2.37250748e+00 
 1.25200000e+00  2.36751965e+00 
 1.25300000e+00  2.36255075e+00 
 1.25400000e+00  2.35760068e+00 
 1.25500000e+00  2.35266933e+00 
 1.25600000e+00  2.34775660e+00 
 1.25700000e+00  2.34286237e+00 
 1.25800000e+00  2.33798655e+00 
 1.25900000e+00  2.33312903e+00 
 1.26000000e+00  2.32828970e+00 
 1.26100000e+00  2.32346846e+00 
 1.26200000e+00  2.31866521e+00 
 1.26300000e+00  2.31387985e+00 
 1.26400000e+00  2.30911228e+00 
 1.26500000e+00  2.30436240e+00 
 1.26600000e+00  2.29963011e+00 
 1.26700000e+00  2.29491530e+00 
 1.26800000e+00  2.29021789e+00 
 1.26900000e+00  2.28553778e+00 
 1.27000000e+00  2.28087486e+00 
 1.27100000e+00  2.27622905e+00 
 1.27200000e+00  2.27160025e+00 
 1.27300000e+00  2.26698837e+00 
 1.27400000e+00  2.26239331e+00 
 1.27500000e+00  2.25781498e+00 
 1.27600000e+00  2.25325328e+00 
 1.27700000e+00  2.24870814e+00 
 1.27800000e+00  2.24417945e+00 
 1.27900000e+00  2.23966712e+00 
 1.28000000e+00  2.23517107e+00 
 1.28100000e+00  2.23069121e+00 
 1.28200000e+00  2.22622745e+00 
 1.28300000e+00  2.22177971e+00 
 1.28400000e+00  2.21734789e+00 
 1.28500000e+00  2.21293190e+00 
 1.28600000e+00  2.20853168e+00 
 1.28700000e+00  2.20414712e+00 
 1.28800000e+00  2.19977815e+00 
 1.28900000e+00  2.19542468e+00 
 1.29000000e+00  2.19108663e+00 
 1.29100000e+00  2.18676392e+00 
 1.29200000e+00  2.18245646e+00 
 1.29300000e+00  2.17816417e+00 
 1.29400000e+00  2.17388698e+00 
 1.29500000e+00  2.16962480e+00 
 1.29600000e+00  2.16537756e+00 
 1.29700000e+00  2.16114516e+00 
 1.29800000e+00  2.15692755e+00 
 1.29900000e+00  2.15272463e+00 
 1.30000000e+00  2.14853634e+00 
 1.30100000e+00  2.14436258e+00 
 1.30200000e+00  2.14020330e+00 
 1.30300000e+00  2.13605841e+00 
 1.30400000e+00  2.13192783e+00 
 1.30500000e+00  2.12781150e+00 
 1.30600000e+00  2.12370934e+00 
 1.30700000e+00  2.11962127e+00 
 1.30800000e+00  2.11554723e+00 
 1.30900000e+00  2.11148714e+00 
 1.31000000e+00  2.10744092e+00 
 1.31100000e+00  2.10340851e+00 
 1.31200000e+00  2.09938983e+00 
 1.31300000e+00  2.09538482e+00 
 1.31400000e+00  2.09139341e+00 
 1.31500000e+00  2.08741552e+00 
 1.31600000e+00  2.08345109e+00 
 1.31700000e+00  2.07950004e+00 
 1.31800000e+00  2.07556232e+00 
 1.31900000e+00  2.07163784e+00 
 1.32000000e+00  2.06772656e+00 
 1.32100000e+00  2.06382839e+00 
 1.32200000e+00  2.05994327e+00 
 1.32300000e+00  2.05607114e+00 
 1.32400000e+00  2.05221193e+00 
 1.32500000e+00  2.04836558e+00 
 1.32600000e+00  2.04453201e+00 
 1.32700000e+00  2.04071118e+00 
 1.32800000e+00  2.03690301e+00 
 1.32900000e+00  2.03310744e+00 
 1.33000000e+00  2.02932441e+00 
 1.33100000e+00  2.02555385e+00 
 1.33200000e+00  2.02179571e+00 
 1.33300000e+00  2.01804993e+00 
 1.33400000e+00  2.01431643e+00 
 1.33500000e+00  2.01059517e+00 
 1.33600000e+00  2.00688607e+00 
 1.33700000e+00  2.00318909e+00 
 1.33800000e+00  1.99950416e+00 
 1.33900000e+00  1.99583122e+00 
 1.34000000e+00  1.99217021e+00 
 1.34100000e+00  1.98852108e+00 
 1.34200000e+00  1.98488377e+00 
 1.34300000e+00  1.98125822e+00 
 1.34400000e+00  1.97764438e+00 
 1.34500000e+00  1.97404217e+00 
 1.34600000e+00  1.97045156e+00 
 1.34700000e+00  1.96687249e+00 
 1.34800000e+00  1.96330489e+00 
 1.34900000e+00  1.95974872e+00 
 1.35000000e+00  1.95620391e+00 
 1.35100000e+00  1.95267042e+00 
 1.35200000e+00  1.94914819e+00 
 1.35300000e+00  1.94563716e+00 
 1.35400000e+00  1.94213729e+00 
 1.35500000e+00  1.93864851e+00 
 1.35600000e+00  1.93517079e+00 
 1.35700000e+00  1.93170405e+00 
 1.35800000e+00  1.92824826e+00 
 1.35900000e+00  1.92480336e+00 
 1.36000000e+00  1.92136930e+00 
 1.36100000e+00  1.91794603e+00 
 1.36200000e+00  1.91453349e+00 
 1.36300000e+00  1.91113164e+00 
 1.36400000e+00  1.90774043e+00 
 1.36500000e+00  1.90435981e+00 
 1.36600000e+00  1.90098972e+00 
 1.36700000e+00  1.89763012e+00 
 1.36800000e+00  1.89428096e+00 
 1.36900000e+00  1.89094219e+00 
 1.37000000e+00  1.88761376e+00 
 1.37100000e+00  1.88429562e+00 
 1.37200000e+00  1.88098774e+00 
 1.37300000e+00  1.87769005e+00 
 1.37400000e+00  1.87440252e+00 
 1.37500000e+00  1.87112509e+00 
 1.37600000e+00  1.86785772e+00 
 1.37700000e+00  1.86460036e+00 
 1.37800000e+00  1.86135297e+00 
 1.37900000e+00  1.85811551e+00 
 1.38000000e+00  1.85488791e+00 
 1.38100000e+00  1.85167016e+00 
 1.38200000e+00  1.84846218e+00 
 1.38300000e+00  1.84526395e+00 
 1.38400000e+00  1.84207542e+00 
 1.38500000e+00  1.83889654e+00 
 1.38600000e+00  1.83572727e+00 
 1.38700000e+00  1.83256757e+00 
 1.38800000e+00  1.82941740e+00 
 1.38900000e+00  1.82627670e+00 
 1.39000000e+00  1.82314544e+00 
 1.39100000e+00  1.82002358e+00 
 1.39200000e+00  1.81691107e+00 
 1.39300000e+00  1.81380788e+00 
 1.39400000e+00  1.81071396e+00 
 1.39500000e+00  1.80762926e+00 
 1.39600000e+00  1.80455376e+00 
 1.39700000e+00  1.80148740e+00 
 1.39800000e+00  1.79843015e+00 
 1.39900000e+00  1.79538196e+00 
 1.40000000e+00  1.79234280e+00 
 1.40100000e+00  1.78931263e+00 
 1.40200000e+00  1.78629141e+00 
 1.40300000e+00  1.78327909e+00 
 1.40400000e+00  1.78027564e+00 
 1.40500000e+00  1.77728103e+00 
 1.40600000e+00  1.77429520e+00 
 1.40700000e+00  1.77131812e+00 
 1.40800000e+00  1.76834977e+00 
 1.40900000e+00  1.76539008e+00 
 1.41000000e+00  1.76243904e+00 
 1.41100000e+00  1.75949660e+00 
 1.41200000e+00  1.75656272e+00 
 1.41300000e+00  1.75363736e+00 
 1.41400000e+00  1.75072050e+00 
 1.41500000e+00  1.74781209e+00 
 1.41600000e+00  1.74491210e+00 
 1.41700000e+00  1.74202049e+00 
 1.41800000e+00  1.73913723e+00 
 1.41900000e+00  1.73626227e+00 
 1.42000000e+00  1.73339558e+00 
 1.42100000e+00  1.73053714e+00 
 1.42200000e+00  1.72768689e+00 
 1.42300000e+00  1.72484482e+00 
 1.42400000e+00  1.72201088e+00 
 1.42500000e+00  1.71918503e+00 
 1.42600000e+00  1.71636725e+00 
 1.42700000e+00  1.71355750e+00 
 1.42800000e+00  1.71075575e+00 
 1.42900000e+00  1.70796195e+00 
 1.43000000e+00  1.70517609e+00 
 1.43100000e+00  1.70239812e+00 
 1.43200000e+00  1.69962801e+00 
 1.43300000e+00  1.69686573e+00 
 1.43400000e+00  1.69411125e+00 
 1.43500000e+00  1.69136453e+00 
 1.43600000e+00  1.68862554e+00 
 1.43700000e+00  1.68589425e+00 
 1.43800000e+00  1.68317063e+00 
 1.43900000e+00  1.68045464e+00 
 1.44000000e+00  1.67774626e+00 
 1.44100000e+00  1.67504544e+00 
 1.44200000e+00  1.67235217e+00 
 1.44300000e+00  1.66966640e+00 
 1.44400000e+00  1.66698812e+00 
 1.44500000e+00  1.66431727e+00 
 1.44600000e+00  1.66165385e+00 
 1.44700000e+00  1.65899781e+00 
 1.44800000e+00  1.65634913e+00 
 1.44900000e+00  1.65370777e+00 
 1.45000000e+00  1.65107370e+00 
 1.45100000e+00  1.64844690e+00 
 1.45200000e+00  1.64582734e+00 
 1.45300000e+00  1.64321498e+00 
 1.45400000e+00  1.64060980e+00 
 1.45500000e+00  1.63801177e+00 
 1.45600000e+00  1.63542086e+00 
 1.45700000e+00  1.63283703e+00 
 1.45800000e+00  1.63026027e+00 
 1.45900000e+00  1.62769054e+00 
 1.46000000e+00  1.62512781e+00 
 1.46100000e+00  1.62257206e+00 
 1.46200000e+00  1.62002326e+00 
 1.46300000e+00  1.61748137e+00 
 1.46400000e+00  1.61494638e+00 
 1.46500000e+00  1.61241825e+00 
 1.46600000e+00  1.60989696e+00 
 1.46700000e+00  1.60738248e+00 
 1.46800000e+00  1.60487478e+00 
 1.46900000e+00  1.60237383e+00 
 1.47000000e+00  1.59987962e+00 
 1.47100000e+00  1.59739210e+00 
 1.47200000e+00  1.59491126e+00 
 1.47300000e+00  1.59243707e+00 
 1.47400000e+00  1.58996951e+00 
 1.47500000e+00  1.58750853e+00 
 1.47600000e+00  1.58505413e+00 
 1.47700000e+00  1.58260627e+00 
 1.47800000e+00  1.58016493e+00 
 1.47900000e+00  1.57773008e+00 
 1.48000000e+00  1.57530170e+00 
 1.48100000e+00  1.57287976e+00 
 1.48200000e+00  1.57046424e+00 
 1.48300000e+00  1.56805511e+00 
 1.48400000e+00  1.56565234e+00 
 1.48500000e+00  1.56325592e+00 
 1.48600000e+00  1.56086582e+00 
 1.48700000e+00  1.55848200e+00 
 1.48800000e+00  1.55610446e+00 
 1.48900000e+00  1.55373315e+00 
 1.49000000e+00  1.55136807e+00 
 1.49100000e+00  1.54900918e+00 
 1.49200000e+00  1.54665647e+00 
 1.49300000e+00  1.54430990e+00 
 1.49400000e+00  1.54196945e+00 
 1.49500000e+00  1.53963511e+00 
 1.49600000e+00  1.53730684e+00 
 1.49700000e+00  1.53498463e+00 
 1.49800000e+00  1.53266844e+00 
 1.49900000e+00  1.53035827e+00 
 1.50000000e+00  1.52805407e+00 
 1.50100000e+00  1.52575584e+00 
 1.50200000e+00  1.52346355e+00 
 1.50300000e+00  1.52117717e+00 
 1.50400000e+00  1.51889669e+00 
 1.50500000e+00  1.51662208e+00 
 1.50600000e+00  1.51435332e+00 
 1.50700000e+00  1.51209038e+00 
 1.50800000e+00  1.50983325e+00 
 1.50900000e+00  1.50758190e+00 
 1.51000000e+00  1.50533631e+00 
 1.51100000e+00  1.50309646e+00 
 1.51200000e+00  1.50086233e+00 
 1.51300000e+00  1.49863390e+00 
 1.51400000e+00  1.49641114e+00 
 1.51500000e+00  1.49419403e+00 
 1.51600000e+00  1.49198255e+00 
 1.51700000e+00  1.48977669e+00 
 1.51800000e+00  1.48757642e+00 
 1.51900000e+00  1.48538171e+00 
 1.52000000e+00  1.48319256e+00 
 1.52100000e+00  1.48100893e+00 
 1.52200000e+00  1.47883081e+00 
 1.52300000e+00  1.47665817e+00 
 1.52400000e+00  1.47449101e+00 
 1.52500000e+00  1.47232929e+00 
 1.52600000e+00  1.47017299e+00 
 1.52700000e+00  1.46802210e+00 
 1.52800000e+00  1.46587660e+00 
 1.52900000e+00  1.46373647e+00 
 1.53000000e+00  1.46160168e+00 
 1.53100000e+00  1.45947221e+00 
 1.53200000e+00  1.45734806e+00 
 1.53300000e+00  1.45522919e+00 
 1.53400000e+00  1.45311559e+00 
 1.53500000e+00  1.45100724e+00 
 1.53600000e+00  1.44890412e+00 
 1.53700000e+00  1.44680621e+00 
 1.53800000e+00  1.44471350e+00 
 1.53900000e+00  1.44262595e+00 
 1.54000000e+00  1.44054356e+00 
 1.54100000e+00  1.43846631e+00 
 1.54200000e+00  1.43639417e+00 
 1.54300000e+00  1.43432714e+00 
 1.54400000e+00  1.43226518e+00 
 1.54500000e+00  1.43020828e+00 
 1.54600000e+00  1.42815643e+00 
 1.54700000e+00  1.42610960e+00 
 1.54800000e+00  1.42406778e+00 
 1.54900000e+00  1.42203095e+00 
 1.55000000e+00  1.41999908e+00 
 1.55100000e+00  1.41797218e+00 
 1.55200000e+00  1.41595020e+00 
 1.55300000e+00  1.41393315e+00 
 1.55400000e+00  1.41192099e+00 
 1.55500000e+00  1.40991372e+00 
 1.55600000e+00  1.40791132e+00 
 1.55700000e+00  1.40591376e+00 
 1.55800000e+00  1.40392103e+00 
 1.55900000e+00  1.40193312e+00 
 1.56000000e+00  1.39995000e+00 
 1.56100000e+00  1.39797166e+00 
 1.56200000e+00  1.39599808e+00 
 1.56300000e+00  1.39402925e+00 
 1.56400000e+00  1.39206515e+00 
 1.56500000e+00  1.39010576e+00 
 1.56600000e+00  1.38815107e+00 
 1.56700000e+00  1.38620106e+00 
 1.56800000e+00  1.38425570e+00 
 1.56900000e+00  1.38231500e+00 
 1.57000000e+00  1.38037892e+00 
 1.57100000e+00  1.37844746e+00 
 1.57200000e+00  1.37652060e+00 
 1.57300000e+00  1.37459831e+00 
 1.57400000e+00  1.37268060e+00 
 1.57500000e+00  1.37076743e+00 
 1.57600000e+00  1.36885879e+00 
 1.57700000e+00  1.36695468e+00 
 1.57800000e+00  1.36505506e+00 
 1.57900000e+00  1.36315994e+00 
 1.58000000e+00  1.36126928e+00 
 1.58100000e+00  1.35938308e+00 
 1.58200000e+00  1.35750132e+00 
 1.58300000e+00  1.35562398e+00 
 1.58400000e+00  1.35375105e+00 
 1.58500000e+00  1.35188252e+00 
 1.58600000e+00  1.35001836e+00 
 1.58700000e+00  1.34815857e+00 
 1.58800000e+00  1.34630313e+00 
 1.58900000e+00  1.34445202e+00 
 1.59000000e+00  1.34260523e+00 
 1.59100000e+00  1.34076275e+00 
 1.59200000e+00  1.33892455e+00 
 1.59300000e+00  1.33709063e+00 
 1.59400000e+00  1.33526097e+00 
 1.59500000e+00  1.33343556e+00 
 1.59600000e+00  1.33161438e+00 
 1.59700000e+00  1.32979741e+00 
 1.59800000e+00  1.32798465e+00 
 1.59900000e+00  1.32617607e+00 
 1.60000000e+00  1.32437167e+00 
 1.60100000e+00  1.32257143e+00 
 1.60200000e+00  1.32077533e+00 
 1.60300000e+00  1.31898337e+00 
 1.60400000e+00  1.31719552e+00 
 1.60500000e+00  1.31541178e+00 
 1.60600000e+00  1.31363212e+00 
 1.60700000e+00  1.31185655e+00 
 1.60800000e+00  1.31008503e+00 
 1.60900000e+00  1.30831757e+00 
 1.61000000e+00  1.30655414e+00 
 1.61100000e+00  1.30479473e+00 
 1.61200000e+00  1.30303933e+00 
 1.61300000e+00  1.30128792e+00 
 1.61400000e+00  1.29954050e+00 
 1.61500000e+00  1.29779704e+00 
 1.61600000e+00  1.29605754e+00 
 1.61700000e+00  1.29432198e+00 
 1.61800000e+00  1.29259035e+00 
 1.61900000e+00  1.29086264e+00 
 1.62000000e+00  1.28913883e+00 
 1.62100000e+00  1.28741890e+00 
 1.62200000e+00  1.28570286e+00 
 1.62300000e+00  1.28399067e+00 
 1.62400000e+00  1.28228234e+00 
 1.62500000e+00  1.28057785e+00 
 1.62600000e+00  1.27887718e+00 
 1.62700000e+00  1.27718033e+00 
 1.62800000e+00  1.27548727e+00 
 1.62900000e+00  1.27379800e+00 
 1.63000000e+00  1.27211251e+00 
 1.63100000e+00  1.27043078e+00 
 1.63200000e+00  1.26875281e+00 
 1.63300000e+00  1.26707857e+00 
 1.63400000e+00  1.26540806e+00 
 1.63500000e+00  1.26374126e+00 
 1.63600000e+00  1.26207816e+00 
 1.63700000e+00  1.26041875e+00 
 1.63800000e+00  1.25876302e+00 
 1.63900000e+00  1.25711096e+00 
 1.64000000e+00  1.25546255e+00 
 1.64100000e+00  1.25381778e+00 
 1.64200000e+00  1.25217664e+00 
 1.64300000e+00  1.25053912e+00 
 1.64400000e+00  1.24890521e+00 
 1.64500000e+00  1.24727489e+00 
 1.64600000e+00  1.24564815e+00 
 1.64700000e+00  1.24402499e+00 
 1.64800000e+00  1.24240538e+00 
 1.64900000e+00  1.24078933e+00 
 1.65000000e+00  1.23917681e+00 
 1.65100000e+00  1.23756782e+00 
 1.65200000e+00  1.23596234e+00 
 1.65300000e+00  1.23436036e+00 
 1.65400000e+00  1.23276188e+00 
 1.65500000e+00  1.23116688e+00 
 1.65600000e+00  1.22957534e+00 
 1.65700000e+00  1.22798727e+00 
 1.65800000e+00  1.22640264e+00 
 1.65900000e+00  1.22482145e+00 
 1.66000000e+00  1.22324369e+00 
 1.66100000e+00  1.22166933e+00 
 1.66200000e+00  1.22009839e+00 
 1.66300000e+00  1.21853083e+00 
 1.66400000e+00  1.21696666e+00 
 1.66500000e+00  1.21540586e+00 
 1.66600000e+00  1.21384842e+00 
 1.66700000e+00  1.21229433e+00 
 1.66800000e+00  1.21074357e+00 
 1.66900000e+00  1.20919615e+00 
 1.67000000e+00  1.20765204e+00 
 1.67100000e+00  1.20611125e+00 
 1.67200000e+00  1.20457375e+00 
 1.67300000e+00  1.20303953e+00 
 1.67400000e+00  1.20150860e+00 
 1.67500000e+00  1.19998093e+00 
 1.67600000e+00  1.19845651e+00 
 1.67700000e+00  1.19693534e+00 
 1.67800000e+00  1.19541741e+00 
 1.67900000e+00  1.19390270e+00 
 1.68000000e+00  1.19239121e+00 
 1.68100000e+00  1.19088292e+00 
 1.68200000e+00  1.18937783e+00 
 1.68300000e+00  1.18787592e+00 
 1.68400000e+00  1.18637719e+00 
 1.68500000e+00  1.18488162e+00 
 1.68600000e+00  1.18338921e+00 
 1.68700000e+00  1.18189994e+00 
 1.68800000e+00  1.18041381e+00 
 1.68900000e+00  1.17893081e+00 
 1.69000000e+00  1.17745092e+00 
 1.69100000e+00  1.17597414e+00 
 1.69200000e+00  1.17450046e+00 
 1.69300000e+00  1.17302987e+00 
 1.69400000e+00  1.17156235e+00 
 1.69500000e+00  1.17009790e+00 
 1.69600000e+00  1.16863651e+00 
 1.69700000e+00  1.16717817e+00 
 1.69800000e+00  1.16572287e+00 
 1.69900000e+00  1.16427061e+00 
 1.70000000e+00  1.16282136e+00 
 1.70100000e+00  1.16137512e+00 
 1.70200000e+00  1.15993189e+00 
 1.70300000e+00  1.15849166e+00 
 1.70400000e+00  1.15705440e+00 
 1.70500000e+00  1.15562013e+00 
 1.70600000e+00  1.15418882e+00 
 1.70700000e+00  1.15276046e+00 
 1.70800000e+00  1.15133506e+00 
 1.70900000e+00  1.14991260e+00 
 1.71000000e+00  1.14849306e+00 
 1.71100000e+00  1.14707645e+00 
 1.71200000e+00  1.14566275e+00 
 1.71300000e+00  1.14425195e+00 
 1.71400000e+00  1.14284405e+00 
 1.71500000e+00  1.14143904e+00 
 1.71600000e+00  1.14003690e+00 
 1.71700000e+00  1.13863763e+00 
 1.71800000e+00  1.13724122e+00 
 1.71900000e+00  1.13584766e+00 
 1.72000000e+00  1.13445695e+00 
 1.72100000e+00  1.13306907e+00 
 1.72200000e+00  1.13168402e+00 
 1.72300000e+00  1.13030178e+00 
 1.72400000e+00  1.12892235e+00 
 1.72500000e+00  1.12754572e+00 
 1.72600000e+00  1.12617189e+00 
 1.72700000e+00  1.12480084e+00 
 1.72800000e+00  1.12343256e+00 
 1.72900000e+00  1.12206705e+00 
 1.73000000e+00  1.12070430e+00 
 1.73100000e+00  1.11934430e+00 
 1.73200000e+00  1.11798704e+00 
 1.73300000e+00  1.11663251e+00 
 1.73400000e+00  1.11528072e+00 
 1.73500000e+00  1.11393163e+00 
 1.73600000e+00  1.11258526e+00 
 1.73700000e+00  1.11124159e+00 
 1.73800000e+00  1.10990062e+00 
 1.73900000e+00  1.10856232e+00 
 1.74000000e+00  1.10722671e+00 
 1.74100000e+00  1.10589377e+00 
 1.74200000e+00  1.10456349e+00 
 1.74300000e+00  1.10323586e+00 
 1.74400000e+00  1.10191087e+00 
 1.74500000e+00  1.10058853e+00 
 1.74600000e+00  1.09926882e+00 
 1.74700000e+00  1.09795173e+00 
 1.74800000e+00  1.09663725e+00 
 1.74900000e+00  1.09532538e+00 
 1.75000000e+00  1.09401611e+00 
 1.75100000e+00  1.09270943e+00 
 1.75200000e+00  1.09140534e+00 
 1.75300000e+00  1.09010383e+00 
 1.75400000e+00  1.08880488e+00 
 1.75500000e+00  1.08750849e+00 
 1.75600000e+00  1.08621466e+00 
 1.75700000e+00  1.08492338e+00 
 1.75800000e+00  1.08363463e+00 
 1.75900000e+00  1.08234842e+00 
 1.76000000e+00  1.08106473e+00 
 1.76100000e+00  1.07978356e+00 
 1.76200000e+00  1.07850489e+00 
 1.76300000e+00  1.07722873e+00 
 1.76400000e+00  1.07595507e+00 
 1.76500000e+00  1.07468389e+00 
 1.76600000e+00  1.07341520e+00 
 1.76700000e+00  1.07214897e+00 
 1.76800000e+00  1.07088522e+00 
 1.76900000e+00  1.06962392e+00 
 1.77000000e+00  1.06836508e+00 
 1.77100000e+00  1.06710868e+00 
 1.77200000e+00  1.06585471e+00 
 1.77300000e+00  1.06460318e+00 
 1.77400000e+00  1.06335408e+00 
 1.77500000e+00  1.06210739e+00 
 1.77600000e+00  1.06086311e+00 
 1.77700000e+00  1.05962123e+00 
 1.77800000e+00  1.05838175e+00 
 1.77900000e+00  1.05714466e+00 
 1.78000000e+00  1.05590995e+00 
 1.78100000e+00  1.05467761e+00 
 1.78200000e+00  1.05344765e+00 
 1.78300000e+00  1.05222004e+00 
 1.78400000e+00  1.05099480e+00 
 1.78500000e+00  1.04977190e+00 
 1.78600000e+00  1.04855134e+00 
 1.78700000e+00  1.04733312e+00 
 1.78800000e+00  1.04611722e+00 
 1.78900000e+00  1.04490365e+00 
 1.79000000e+00  1.04369240e+00 
 1.79100000e+00  1.04248345e+00 
 1.79200000e+00  1.04127680e+00 
 1.79300000e+00  1.04007245e+00 
 1.79400000e+00  1.03887039e+00 
 1.79500000e+00  1.03767061e+00 
 1.79600000e+00  1.03647311e+00 
 1.79700000e+00  1.03527787e+00 
 1.79800000e+00  1.03408490e+00 
 1.79900000e+00  1.03289419e+00 
 1.80000000e+00  1.03170573e+00 
