 0.00000000e+00  2.58173211e+01 
 1.00000000e-03  2.58171120e+01 
 2.00000000e-03  2.58169001e+01 
 3.00000000e-03  2.58166856e+01 
 4.00000000e-03  2.58164682e+01 
 5.00000000e-03  2.58162481e+01 
 6.00000000e-03  2.58160251e+01 
 7.00000000e-03  2.58157992e+01 
 8.00000000e-03  2.58155704e+01 
 9.00000000e-03  2.58153387e+01 
 1.00000000e-02  2.58151039e+01 
 1.10000000e-02  2.58148662e+01 
 1.20000000e-02  2.58146253e+01 
 1.30000000e-02  2.58143813e+01 
 1.40000000e-02  2.58141342e+01 
 1.50000000e-02  2.58138839e+01 
 1.60000000e-02  2.58136303e+01 
 1.70000000e-02  2.58133735e+01 
 1.80000000e-02  2.58131133e+01 
 1.90000000e-02  2.58128498e+01 
 2.00000000e-02  2.58125829e+01 
 2.10000000e-02  2.58123125e+01 
 2.20000000e-02  2.58120387e+01 
 2.30000000e-02  2.58117613e+01 
 2.40000000e-02  2.58114803e+01 
 2.50000000e-02  2.58111957e+01 
 2.60000000e-02  2.58109074e+01 
 2.70000000e-02  2.58106154e+01 
 2.80000000e-02  2.58103196e+01 
 2.90000000e-02  2.58100200e+01 
 3.00000000e-02  2.58097166e+01 
 3.10000000e-02  2.58094092e+01 
 3.20000000e-02  2.58090978e+01 
 3.30000000e-02  2.58087825e+01 
 3.40000000e-02  2.58084630e+01 
 3.50000000e-02  2.58081395e+01 
 3.60000000e-02  2.58078117e+01 
 3.70000000e-02  2.58074797e+01 
 3.80000000e-02  2.58071435e+01 
 3.90000000e-02  2.58068029e+01 
 4.00000000e-02  2.58064579e+01 
 4.10000000e-02  2.58061085e+01 
 4.20000000e-02  2.58057546e+01 
 4.30000000e-02  2.58053960e+01 
 4.40000000e-02  2.58050329e+01 
 4.50000000e-02  2.58046651e+01 
 4.60000000e-02  2.58042926e+01 
 4.70000000e-02  2.58039152e+01 
 4.80000000e-02  2.58035330e+01 
 4.90000000e-02  2.58031459e+01 
 5.00000000e-02  2.58027537e+01 
 5.10000000e-02  2.58023565e+01 
 5.20000000e-02  2.58019542e+01 
 5.30000000e-02  2.58015468e+01 
 5.40000000e-02  2.58011340e+01 
 5.50000000e-02  2.58007160e+01 
 5.60000000e-02  2.58002925e+01 
 5.70000000e-02  2.57998636e+01 
 5.80000000e-02  2.57994292e+01 
 5.90000000e-02  2.57989892e+01 
 6.00000000e-02  2.57985436e+01 
 6.10000000e-02  2.57980922e+01 
 6.20000000e-02  2.57976350e+01 
 6.30000000e-02  2.57971719e+01 
 6.40000000e-02  2.57967028e+01 
 6.50000000e-02  2.57962277e+01 
 6.60000000e-02  2.57957465e+01 
 6.70000000e-02  2.57952592e+01 
 6.80000000e-02  2.57947655e+01 
 6.90000000e-02  2.57942655e+01 
 7.00000000e-02  2.57937591e+01 
 7.10000000e-02  2.57932461e+01 
 7.20000000e-02  2.57927266e+01 
 7.30000000e-02  2.57922004e+01 
 7.40000000e-02  2.57916674e+01 
 7.50000000e-02  2.57911276e+01 
 7.60000000e-02  2.57905809e+01 
 7.70000000e-02  2.57900271e+01 
 7.80000000e-02  2.57894662e+01 
 7.90000000e-02  2.57888981e+01 
 8.00000000e-02  2.57883227e+01 
 8.10000000e-02  2.57877400e+01 
 8.20000000e-02  2.57871497e+01 
 8.30000000e-02  2.57865519e+01 
 8.40000000e-02  2.57859464e+01 
 8.50000000e-02  2.57853332e+01 
 8.60000000e-02  2.57847121e+01 
 8.70000000e-02  2.57840830e+01 
 8.80000000e-02  2.57834458e+01 
 8.90000000e-02  2.57828005e+01 
 9.00000000e-02  2.57821469e+01 
 9.10000000e-02  2.57814850e+01 
 9.20000000e-02  2.57808145e+01 
 9.30000000e-02  2.57801355e+01 
 9.40000000e-02  2.57794478e+01 
 9.50000000e-02  2.57787513e+01 
 9.60000000e-02  2.57780458e+01 
 9.70000000e-02  2.57773313e+01 
 9.80000000e-02  2.57766077e+01 
 9.90000000e-02  2.57758748e+01 
 1.00000000e-01  2.57751326e+01 
 1.01000000e-01  2.57743808e+01 
 1.02000000e-01  2.57736195e+01 
 1.03000000e-01  2.57728484e+01 
 1.04000000e-01  2.57720674e+01 
 1.05000000e-01  2.57712765e+01 
 1.06000000e-01  2.57704754e+01 
 1.07000000e-01  2.57696642e+01 
 1.08000000e-01  2.57688425e+01 
 1.09000000e-01  2.57680104e+01 
 1.10000000e-01  2.57671677e+01 
 1.11000000e-01  2.57663142e+01 
 1.12000000e-01  2.57654498e+01 
 1.13000000e-01  2.57645744e+01 
 1.14000000e-01  2.57636878e+01 
 1.15000000e-01  2.57627899e+01 
 1.16000000e-01  2.57618806e+01 
 1.17000000e-01  2.57609596e+01 
 1.18000000e-01  2.57600270e+01 
 1.19000000e-01  2.57590824e+01 
 1.20000000e-01  2.57581259e+01 
 1.21000000e-01  2.57571571e+01 
 1.22000000e-01  2.57561761e+01 
 1.23000000e-01  2.57551825e+01 
 1.24000000e-01  2.57541763e+01 
 1.25000000e-01  2.57531573e+01 
 1.26000000e-01  2.57521254e+01 
 1.27000000e-01  2.57510803e+01 
 1.28000000e-01  2.57500220e+01 
 1.29000000e-01  2.57489502e+01 
 1.30000000e-01  2.57478648e+01 
 1.31000000e-01  2.57467656e+01 
 1.32000000e-01  2.57456525e+01 
 1.33000000e-01  2.57445252e+01 
 1.34000000e-01  2.57433837e+01 
 1.35000000e-01  2.57422276e+01 
 1.36000000e-01  2.57410569e+01 
 1.37000000e-01  2.57398714e+01 
 1.38000000e-01  2.57386709e+01 
 1.39000000e-01  2.57374551e+01 
 1.40000000e-01  2.57362240e+01 
 1.41000000e-01  2.57349773e+01 
 1.42000000e-01  2.57337148e+01 
 1.43000000e-01  2.57324363e+01 
 1.44000000e-01  2.57311417e+01 
 1.45000000e-01  2.57298307e+01 
 1.46000000e-01  2.57285032e+01 
 1.47000000e-01  2.57271589e+01 
 1.48000000e-01  2.57257976e+01 
 1.49000000e-01  2.57244191e+01 
 1.50000000e-01  2.57230233e+01 
 1.51000000e-01  2.57216098e+01 
 1.52000000e-01  2.57201786e+01 
 1.53000000e-01  2.57187293e+01 
 1.54000000e-01  2.57172617e+01 
 1.55000000e-01  2.57157757e+01 
 1.56000000e-01  2.57142709e+01 
 1.57000000e-01  2.57127473e+01 
 1.58000000e-01  2.57112044e+01 
 1.59000000e-01  2.57096422e+01 
 1.60000000e-01  2.57080604e+01 
 1.61000000e-01  2.57064586e+01 
 1.62000000e-01  2.57048368e+01 
 1.63000000e-01  2.57031946e+01 
 1.64000000e-01  2.57015319e+01 
 1.65000000e-01  2.56998482e+01 
 1.66000000e-01  2.56981435e+01 
 1.67000000e-01  2.56964175e+01 
 1.68000000e-01  2.56946698e+01 
 1.69000000e-01  2.56929003e+01 
 1.70000000e-01  2.56911086e+01 
 1.71000000e-01  2.56892945e+01 
 1.72000000e-01  2.56874578e+01 
 1.73000000e-01  2.56855981e+01 
 1.74000000e-01  2.56837153e+01 
 1.75000000e-01  2.56818089e+01 
 1.76000000e-01  2.56798788e+01 
 1.77000000e-01  2.56779246e+01 
 1.78000000e-01  2.56759461e+01 
 1.79000000e-01  2.56739429e+01 
 1.80000000e-01  2.56719148e+01 
 1.81000000e-01  2.56698615e+01 
 1.82000000e-01  2.56677827e+01 
 1.83000000e-01  2.56656781e+01 
 1.84000000e-01  2.56635474e+01 
 1.85000000e-01  2.56613902e+01 
 1.86000000e-01  2.56592063e+01 
 1.87000000e-01  2.56569953e+01 
 1.88000000e-01  2.56547570e+01 
 1.89000000e-01  2.56524909e+01 
 1.90000000e-01  2.56501969e+01 
 1.91000000e-01  2.56478744e+01 
 1.92000000e-01  2.56455233e+01 
 1.93000000e-01  2.56431432e+01 
 1.94000000e-01  2.56407337e+01 
 1.95000000e-01  2.56382946e+01 
 1.96000000e-01  2.56358254e+01 
 1.97000000e-01  2.56333258e+01 
 1.98000000e-01  2.56307954e+01 
 1.99000000e-01  2.56282340e+01 
 2.00000000e-01  2.56256411e+01 
 2.01000000e-01  2.56230163e+01 
 2.02000000e-01  2.56203594e+01 
 2.03000000e-01  2.56176700e+01 
 2.04000000e-01  2.56149476e+01 
 2.05000000e-01  2.56121918e+01 
 2.06000000e-01  2.56094024e+01 
 2.07000000e-01  2.56065790e+01 
 2.08000000e-01  2.56037210e+01 
 2.09000000e-01  2.56008282e+01 
 2.10000000e-01  2.55979002e+01 
 2.11000000e-01  2.55949365e+01 
 2.12000000e-01  2.55919368e+01 
 2.13000000e-01  2.55889006e+01 
 2.14000000e-01  2.55858275e+01 
 2.15000000e-01  2.55827171e+01 
 2.16000000e-01  2.55795691e+01 
 2.17000000e-01  2.55763829e+01 
 2.18000000e-01  2.55731582e+01 
 2.19000000e-01  2.55698944e+01 
 2.20000000e-01  2.55665913e+01 
 2.21000000e-01  2.55632483e+01 
 2.22000000e-01  2.55598651e+01 
 2.23000000e-01  2.55564410e+01 
 2.24000000e-01  2.55529758e+01 
 2.25000000e-01  2.55494690e+01 
 2.26000000e-01  2.55459201e+01 
 2.27000000e-01  2.55423286e+01 
 2.28000000e-01  2.55386941e+01 
 2.29000000e-01  2.55350160e+01 
 2.30000000e-01  2.55312941e+01 
 2.31000000e-01  2.55275277e+01 
 2.32000000e-01  2.55237163e+01 
 2.33000000e-01  2.55198596e+01 
 2.34000000e-01  2.55159570e+01 
 2.35000000e-01  2.55120080e+01 
 2.36000000e-01  2.55080121e+01 
 2.37000000e-01  2.55039688e+01 
 2.38000000e-01  2.54998777e+01 
 2.39000000e-01  2.54957381e+01 
 2.40000000e-01  2.54915497e+01 
 2.41000000e-01  2.54873119e+01 
 2.42000000e-01  2.54830241e+01 
 2.43000000e-01  2.54786858e+01 
 2.44000000e-01  2.54742966e+01 
 2.45000000e-01  2.54698559e+01 
 2.46000000e-01  2.54653631e+01 
 2.47000000e-01  2.54608178e+01 
 2.48000000e-01  2.54562193e+01 
 2.49000000e-01  2.54515671e+01 
 2.50000000e-01  2.54468608e+01 
 2.51000000e-01  2.54420996e+01 
 2.52000000e-01  2.54372832e+01 
 2.53000000e-01  2.54324108e+01 
 2.54000000e-01  2.54274820e+01 
 2.55000000e-01  2.54224962e+01 
 2.56000000e-01  2.54174529e+01 
 2.57000000e-01  2.54123513e+01 
 2.58000000e-01  2.54071911e+01 
 2.59000000e-01  2.54019715e+01 
 2.60000000e-01  2.53966921e+01 
 2.61000000e-01  2.53913521e+01 
 2.62000000e-01  2.53859511e+01 
 2.63000000e-01  2.53804885e+01 
 2.64000000e-01  2.53749636e+01 
 2.65000000e-01  2.53693758e+01 
 2.66000000e-01  2.53637246e+01 
 2.67000000e-01  2.53580094e+01 
 2.68000000e-01  2.53522294e+01 
 2.69000000e-01  2.53463843e+01 
 2.70000000e-01  2.53404732e+01 
 2.71000000e-01  2.53344956e+01 
 2.72000000e-01  2.53284510e+01 
 2.73000000e-01  2.53223386e+01 
 2.74000000e-01  2.53161579e+01 
 2.75000000e-01  2.53099082e+01 
 2.76000000e-01  2.53035889e+01 
 2.77000000e-01  2.52971993e+01 
 2.78000000e-01  2.52907390e+01 
 2.79000000e-01  2.52842071e+01 
 2.80000000e-01  2.52776031e+01 
 2.81000000e-01  2.52709264e+01 
 2.82000000e-01  2.52641763e+01 
 2.83000000e-01  2.52573522e+01 
 2.84000000e-01  2.52504534e+01 
 2.85000000e-01  2.52434794e+01 
 2.86000000e-01  2.52364294e+01 
 2.87000000e-01  2.52293028e+01 
 2.88000000e-01  2.52220990e+01 
 2.89000000e-01  2.52148174e+01 
 2.90000000e-01  2.52074572e+01 
 2.91000000e-01  2.52000179e+01 
 2.92000000e-01  2.51924989e+01 
 2.93000000e-01  2.51848994e+01 
 2.94000000e-01  2.51772189e+01 
 2.95000000e-01  2.51694566e+01 
 2.96000000e-01  2.51616120e+01 
 2.97000000e-01  2.51536844e+01 
 2.98000000e-01  2.51456733e+01 
 2.99000000e-01  2.51375778e+01 
 3.00000000e-01  2.51293975e+01 
 3.01000000e-01  2.51211316e+01 
 3.02000000e-01  2.51127795e+01 
 3.03000000e-01  2.51043407e+01 
 3.04000000e-01  2.50958145e+01 
 3.05000000e-01  2.50872002e+01 
 3.06000000e-01  2.50784972e+01 
 3.07000000e-01  2.50697050e+01 
 3.08000000e-01  2.50608229e+01 
 3.09000000e-01  2.50518502e+01 
 3.10000000e-01  2.50427864e+01 
 3.11000000e-01  2.50336309e+01 
 3.12000000e-01  2.50243831e+01 
 3.13000000e-01  2.50150423e+01 
 3.14000000e-01  2.50056080e+01 
 3.15000000e-01  2.49960796e+01 
 3.16000000e-01  2.49864565e+01 
 3.17000000e-01  2.49767381e+01 
 3.18000000e-01  2.49669238e+01 
 3.19000000e-01  2.49570132e+01 
 3.20000000e-01  2.49470056e+01 
 3.21000000e-01  2.49369004e+01 
 3.22000000e-01  2.49266972e+01 
 3.23000000e-01  2.49163954e+01 
 3.24000000e-01  2.49059944e+01 
 3.25000000e-01  2.48954938e+01 
 3.26000000e-01  2.48848930e+01 
 3.27000000e-01  2.48741915e+01 
 3.28000000e-01  2.48633888e+01 
 3.29000000e-01  2.48524845e+01 
 3.30000000e-01  2.48414779e+01 
 3.31000000e-01  2.48303688e+01 
 3.32000000e-01  2.48191566e+01 
 3.33000000e-01  2.48078408e+01 
 3.34000000e-01  2.47964210e+01 
 3.35000000e-01  2.47848969e+01 
 3.36000000e-01  2.47732679e+01 
 3.37000000e-01  2.47615337e+01 
 3.38000000e-01  2.47496939e+01 
 3.39000000e-01  2.47377481e+01 
 3.40000000e-01  2.47256959e+01 
 3.41000000e-01  2.47135371e+01 
 3.42000000e-01  2.47012711e+01 
 3.43000000e-01  2.46888978e+01 
 3.44000000e-01  2.46764167e+01 
 3.45000000e-01  2.46638277e+01 
 3.46000000e-01  2.46511304e+01 
 3.47000000e-01  2.46383246e+01 
 3.48000000e-01  2.46254099e+01 
 3.49000000e-01  2.46123863e+01 
 3.50000000e-01  2.45992534e+01 
 3.51000000e-01  2.45860110e+01 
 3.52000000e-01  2.45726590e+01 
 3.53000000e-01  2.45591973e+01 
 3.54000000e-01  2.45456256e+01 
 3.55000000e-01  2.45319438e+01 
 3.56000000e-01  2.45181518e+01 
 3.57000000e-01  2.45042496e+01 
 3.58000000e-01  2.44902370e+01 
 3.59000000e-01  2.44761140e+01 
 3.60000000e-01  2.44618806e+01 
 3.61000000e-01  2.44475368e+01 
 3.62000000e-01  2.44330825e+01 
 3.63000000e-01  2.44185178e+01 
 3.64000000e-01  2.44038428e+01 
 3.65000000e-01  2.43890575e+01 
 3.66000000e-01  2.43741621e+01 
 3.67000000e-01  2.43591566e+01 
 3.68000000e-01  2.43440411e+01 
 3.69000000e-01  2.43288159e+01 
 3.70000000e-01  2.43134812e+01 
 3.71000000e-01  2.42980370e+01 
 3.72000000e-01  2.42824838e+01 
 3.73000000e-01  2.42668217e+01 
 3.74000000e-01  2.42510510e+01 
 3.75000000e-01  2.42351720e+01 
 3.76000000e-01  2.42191850e+01 
 3.77000000e-01  2.42030905e+01 
 3.78000000e-01  2.41868887e+01 
 3.79000000e-01  2.41705802e+01 
 3.80000000e-01  2.41541652e+01 
 3.81000000e-01  2.41376443e+01 
 3.82000000e-01  2.41210179e+01 
 3.83000000e-01  2.41042865e+01 
 3.84000000e-01  2.40874508e+01 
 3.85000000e-01  2.40705111e+01 
 3.86000000e-01  2.40534681e+01 
 3.87000000e-01  2.40363224e+01 
 3.88000000e-01  2.40190747e+01 
 3.89000000e-01  2.40017255e+01 
 3.90000000e-01  2.39842755e+01 
 3.91000000e-01  2.39667254e+01 
 3.92000000e-01  2.39490760e+01 
 3.93000000e-01  2.39313280e+01 
 3.94000000e-01  2.39134821e+01 
 3.95000000e-01  2.38955392e+01 
 3.96000000e-01  2.38775000e+01 
 3.97000000e-01  2.38593654e+01 
 3.98000000e-01  2.38411363e+01 
 3.99000000e-01  2.38228134e+01 
 4.00000000e-01  2.38043977e+01 
 4.01000000e-01  2.37858902e+01 
 4.02000000e-01  2.37672917e+01 
 4.03000000e-01  2.37486032e+01 
 4.04000000e-01  2.37298256e+01 
 4.05000000e-01  2.37109600e+01 
 4.06000000e-01  2.36920073e+01 
 4.07000000e-01  2.36729686e+01 
 4.08000000e-01  2.36538448e+01 
 4.09000000e-01  2.36346370e+01 
 4.10000000e-01  2.36153464e+01 
 4.11000000e-01  2.35959738e+01 
 4.12000000e-01  2.35765204e+01 
 4.13000000e-01  2.35569873e+01 
 4.14000000e-01  2.35373756e+01 
 4.15000000e-01  2.35176863e+01 
 4.16000000e-01  2.34979205e+01 
 4.17000000e-01  2.34780794e+01 
 4.18000000e-01  2.34581640e+01 
 4.19000000e-01  2.34381755e+01 
 4.20000000e-01  2.34181148e+01 
 4.21000000e-01  2.33979833e+01 
 4.22000000e-01  2.33777818e+01 
 4.23000000e-01  2.33575115e+01 
 4.24000000e-01  2.33371734e+01 
 4.25000000e-01  2.33167687e+01 
 4.26000000e-01  2.32962983e+01 
 4.27000000e-01  2.32757634e+01 
 4.28000000e-01  2.32551648e+01 
 4.29000000e-01  2.32345036e+01 
 4.30000000e-01  2.32137808e+01 
 4.31000000e-01  2.31929974e+01 
 4.32000000e-01  2.31721541e+01 
 4.33000000e-01  2.31512521e+01 
 4.34000000e-01  2.31302920e+01 
 4.35000000e-01  2.31092747e+01 
 4.36000000e-01  2.30882011e+01 
 4.37000000e-01  2.30670719e+01 
 4.38000000e-01  2.30458878e+01 
 4.39000000e-01  2.30246494e+01 
 4.40000000e-01  2.30033575e+01 
 4.41000000e-01  2.29820125e+01 
 4.42000000e-01  2.29606151e+01 
 4.43000000e-01  2.29391656e+01 
 4.44000000e-01  2.29176645e+01 
 4.45000000e-01  2.28961122e+01 
 4.46000000e-01  2.28745089e+01 
 4.47000000e-01  2.28528550e+01 
 4.48000000e-01  2.28311504e+01 
 4.49000000e-01  2.28093954e+01 
 4.50000000e-01  2.27875899e+01 
 4.51000000e-01  2.27657339e+01 
 4.52000000e-01  2.27438272e+01 
 4.53000000e-01  2.27218696e+01 
 4.54000000e-01  2.26998609e+01 
 4.55000000e-01  2.26778006e+01 
 4.56000000e-01  2.26556882e+01 
 4.57000000e-01  2.26335231e+01 
 4.58000000e-01  2.26113047e+01 
 4.59000000e-01  2.25890323e+01 
 4.60000000e-01  2.25667048e+01 
 4.61000000e-01  2.25443214e+01 
 4.62000000e-01  2.25218809e+01 
 4.63000000e-01  2.24993823e+01 
 4.64000000e-01  2.24768240e+01 
 4.65000000e-01  2.24542049e+01 
 4.66000000e-01  2.24315232e+01 
 4.67000000e-01  2.24087774e+01 
 4.68000000e-01  2.23859657e+01 
 4.69000000e-01  2.23630861e+01 
 4.70000000e-01  2.23401368e+01 
 4.71000000e-01  2.23171155e+01 
 4.72000000e-01  2.22940200e+01 
 4.73000000e-01  2.22708479e+01 
 4.74000000e-01  2.22475966e+01 
 4.75000000e-01  2.22242636e+01 
 4.76000000e-01  2.22008460e+01 
 4.77000000e-01  2.21773409e+01 
 4.78000000e-01  2.21537453e+01 
 4.79000000e-01  2.21300560e+01 
 4.80000000e-01  2.21062696e+01 
 4.81000000e-01  2.20823828e+01 
 4.82000000e-01  2.20583920e+01 
 4.83000000e-01  2.20342934e+01 
 4.84000000e-01  2.20100832e+01 
 4.85000000e-01  2.19857574e+01 
 4.86000000e-01  2.19613120e+01 
 4.87000000e-01  2.19367426e+01 
 4.88000000e-01  2.19120449e+01 
 4.89000000e-01  2.18872145e+01 
 4.90000000e-01  2.18622467e+01 
 4.91000000e-01  2.18371367e+01 
 4.92000000e-01  2.18118798e+01 
 4.93000000e-01  2.17864708e+01 
 4.94000000e-01  2.17609048e+01 
 4.95000000e-01  2.17351765e+01 
 4.96000000e-01  2.17092806e+01 
 4.97000000e-01  2.16832116e+01 
 4.98000000e-01  2.16569640e+01 
 4.99000000e-01  2.16305323e+01 
 5.00000000e-01  2.16039105e+01 
 5.01000000e-01  2.15770930e+01 
 5.02000000e-01  2.15500739e+01 
 5.03000000e-01  2.15228470e+01 
 5.04000000e-01  2.14954064e+01 
 5.05000000e-01  2.14677459e+01 
 5.06000000e-01  2.14398592e+01 
 5.07000000e-01  2.14117402e+01 
 5.08000000e-01  2.13833824e+01 
 5.09000000e-01  2.13547795e+01 
 5.10000000e-01  2.13259250e+01 
 5.11000000e-01  2.12968126e+01 
 5.12000000e-01  2.12674355e+01 
 5.13000000e-01  2.12377874e+01 
 5.14000000e-01  2.12078617e+01 
 5.15000000e-01  2.11776517e+01 
 5.16000000e-01  2.11471510e+01 
 5.17000000e-01  2.11163529e+01 
 5.18000000e-01  2.10852509e+01 
 5.19000000e-01  2.10538384e+01 
 5.20000000e-01  2.10221088e+01 
 5.21000000e-01  2.09900558e+01 
 5.22000000e-01  2.09576728e+01 
 5.23000000e-01  2.09249533e+01 
 5.24000000e-01  2.08918910e+01 
 5.25000000e-01  2.08584797e+01 
 5.26000000e-01  2.08247129e+01 
 5.27000000e-01  2.07905846e+01 
 5.28000000e-01  2.07560887e+01 
 5.29000000e-01  2.07212191e+01 
 5.30000000e-01  2.06859700e+01 
 5.31000000e-01  2.06503354e+01 
 5.32000000e-01  2.06143098e+01 
 5.33000000e-01  2.05778875e+01 
 5.34000000e-01  2.05410631e+01 
 5.35000000e-01  2.05038313e+01 
 5.36000000e-01  2.04661868e+01 
 5.37000000e-01  2.04281247e+01 
 5.38000000e-01  2.03896400e+01 
 5.39000000e-01  2.03507280e+01 
 5.40000000e-01  2.03113842e+01 
 5.41000000e-01  2.02716041e+01 
 5.42000000e-01  2.02313836e+01 
 5.43000000e-01  2.01907185e+01 
 5.44000000e-01  2.01496052e+01 
 5.45000000e-01  2.01080398e+01 
 5.46000000e-01  2.00660191e+01 
 5.47000000e-01  2.00235396e+01 
 5.48000000e-01  1.99805985e+01 
 5.49000000e-01  1.99371928e+01 
 5.50000000e-01  1.98933201e+01 
 5.51000000e-01  1.98489778e+01 
 5.52000000e-01  1.98041639e+01 
 5.53000000e-01  1.97588765e+01 
 5.54000000e-01  1.97131138e+01 
 5.55000000e-01  1.96668744e+01 
 5.56000000e-01  1.96201571e+01 
 5.57000000e-01  1.95729609e+01 
 5.58000000e-01  1.95252852e+01 
 5.59000000e-01  1.94771293e+01 
 5.60000000e-01  1.94284931e+01 
 5.61000000e-01  1.93793766e+01 
 5.62000000e-01  1.93297801e+01 
 5.63000000e-01  1.92797040e+01 
 5.64000000e-01  1.92291492e+01 
 5.65000000e-01  1.91781165e+01 
 5.66000000e-01  1.91266074e+01 
 5.67000000e-01  1.90746234e+01 
 5.68000000e-01  1.90221660e+01 
 5.69000000e-01  1.89692375e+01 
 5.70000000e-01  1.89158400e+01 
 5.71000000e-01  1.88619760e+01 
 5.72000000e-01  1.88076483e+01 
 5.73000000e-01  1.87528598e+01 
 5.74000000e-01  1.86976138e+01 
 5.75000000e-01  1.86419137e+01 
 5.76000000e-01  1.85857632e+01 
 5.77000000e-01  1.85291663e+01 
 5.78000000e-01  1.84721270e+01 
 5.79000000e-01  1.84146498e+01 
 5.80000000e-01  1.83567392e+01 
 5.81000000e-01  1.82984000e+01 
 5.82000000e-01  1.82396372e+01 
 5.83000000e-01  1.81804561e+01 
 5.84000000e-01  1.81208621e+01 
 5.85000000e-01  1.80608607e+01 
 5.86000000e-01  1.80004579e+01 
 5.87000000e-01  1.79396595e+01 
 5.88000000e-01  1.78784718e+01 
 5.89000000e-01  1.78169012e+01 
 5.90000000e-01  1.77549541e+01 
 5.91000000e-01  1.76926372e+01 
 5.92000000e-01  1.76299575e+01 
 5.93000000e-01  1.75669218e+01 
 5.94000000e-01  1.75035375e+01 
 5.95000000e-01  1.74398117e+01 
 5.96000000e-01  1.73757520e+01 
 5.97000000e-01  1.73113658e+01 
 5.98000000e-01  1.72466609e+01 
 5.99000000e-01  1.71816451e+01 
 6.00000000e-01  1.71163263e+01 
 6.01000000e-01  1.70507126e+01 
 6.02000000e-01  1.69848121e+01 
 6.03000000e-01  1.69186329e+01 
 6.04000000e-01  1.68521835e+01 
 6.05000000e-01  1.67854723e+01 
 6.06000000e-01  1.67185076e+01 
 6.07000000e-01  1.66512980e+01 
 6.08000000e-01  1.65838523e+01 
 6.09000000e-01  1.65161789e+01 
 6.10000000e-01  1.64482866e+01 
 6.11000000e-01  1.63801842e+01 
 6.12000000e-01  1.63118806e+01 
 6.13000000e-01  1.62433844e+01 
 6.14000000e-01  1.61747046e+01 
 6.15000000e-01  1.61058500e+01 
 6.16000000e-01  1.60368296e+01 
 6.17000000e-01  1.59676523e+01 
 6.18000000e-01  1.58983269e+01 
 6.19000000e-01  1.58288624e+01 
 6.20000000e-01  1.57592677e+01 
 6.21000000e-01  1.56895517e+01 
 6.22000000e-01  1.56197232e+01 
 6.23000000e-01  1.55497912e+01 
 6.24000000e-01  1.54797644e+01 
 6.25000000e-01  1.54096517e+01 
 6.26000000e-01  1.53394618e+01 
 6.27000000e-01  1.52692035e+01 
 6.28000000e-01  1.51988854e+01 
 6.29000000e-01  1.51285162e+01 
 6.30000000e-01  1.50581045e+01 
 6.31000000e-01  1.49876587e+01 
 6.32000000e-01  1.49171874e+01 
 6.33000000e-01  1.48466989e+01 
 6.34000000e-01  1.47762017e+01 
 6.35000000e-01  1.47057038e+01 
 6.36000000e-01  1.46352136e+01 
 6.37000000e-01  1.45647392e+01 
 6.38000000e-01  1.44942885e+01 
 6.39000000e-01  1.44238695e+01 
 6.40000000e-01  1.43534901e+01 
 6.41000000e-01  1.42831580e+01 
 6.42000000e-01  1.42128809e+01 
 6.43000000e-01  1.41426665e+01 
 6.44000000e-01  1.40725220e+01 
 6.45000000e-01  1.40024551e+01 
 6.46000000e-01  1.39324728e+01 
 6.47000000e-01  1.38625825e+01 
 6.48000000e-01  1.37927912e+01 
 6.49000000e-01  1.37231058e+01 
 6.50000000e-01  1.36535331e+01 
 6.51000000e-01  1.35840801e+01 
 6.52000000e-01  1.35147532e+01 
 6.53000000e-01  1.34455589e+01 
 6.54000000e-01  1.33765038e+01 
 6.55000000e-01  1.33075941e+01 
 6.56000000e-01  1.32388359e+01 
 6.57000000e-01  1.31702354e+01 
 6.58000000e-01  1.31017984e+01 
 6.59000000e-01  1.30335307e+01 
 6.60000000e-01  1.29654382e+01 
 6.61000000e-01  1.28975263e+01 
 6.62000000e-01  1.28298005e+01 
 6.63000000e-01  1.27622662e+01 
 6.64000000e-01  1.26949286e+01 
 6.65000000e-01  1.26277928e+01 
 6.66000000e-01  1.25608637e+01 
 6.67000000e-01  1.24941462e+01 
 6.68000000e-01  1.24276452e+01 
 6.69000000e-01  1.23613651e+01 
 6.70000000e-01  1.22953105e+01 
 6.71000000e-01  1.22294858e+01 
 6.72000000e-01  1.21638952e+01 
 6.73000000e-01  1.20985429e+01 
 6.74000000e-01  1.20334329e+01 
 6.75000000e-01  1.19685691e+01 
 6.76000000e-01  1.19039553e+01 
 6.77000000e-01  1.18395952e+01 
 6.78000000e-01  1.17754924e+01 
 6.79000000e-01  1.17116503e+01 
 6.80000000e-01  1.16480722e+01 
 6.81000000e-01  1.15847614e+01 
 6.82000000e-01  1.15217209e+01 
 6.83000000e-01  1.14589539e+01 
 6.84000000e-01  1.13964631e+01 
 6.85000000e-01  1.13342514e+01 
 6.86000000e-01  1.12723214e+01 
 6.87000000e-01  1.12106757e+01 
 6.88000000e-01  1.11493168e+01 
 6.89000000e-01  1.10882471e+01 
 6.90000000e-01  1.10274688e+01 
 6.91000000e-01  1.09669841e+01 
 6.92000000e-01  1.09067951e+01 
 6.93000000e-01  1.08469036e+01 
 6.94000000e-01  1.07873117e+01 
 6.95000000e-01  1.07280210e+01 
 6.96000000e-01  1.06690333e+01 
 6.97000000e-01  1.06103501e+01 
 6.98000000e-01  1.05519729e+01 
 6.99000000e-01  1.04939032e+01 
 7.00000000e-01  1.04361422e+01 
 7.01000000e-01  1.03786913e+01 
 7.02000000e-01  1.03215515e+01 
 7.03000000e-01  1.02647240e+01 
 7.04000000e-01  1.02082096e+01 
 7.05000000e-01  1.01520094e+01 
 7.06000000e-01  1.00961241e+01 
 7.07000000e-01  1.00405545e+01 
 7.08000000e-01  9.98530126e+00 
 7.09000000e-01  9.93036497e+00 
 7.10000000e-01  9.87574616e+00 
 7.11000000e-01  9.82144528e+00 
 7.12000000e-01  9.76746271e+00 
 7.13000000e-01  9.71379877e+00 
 7.14000000e-01  9.66045371e+00 
 7.15000000e-01  9.60742770e+00 
 7.16000000e-01  9.55472086e+00 
 7.17000000e-01  9.50233324e+00 
 7.18000000e-01  9.45026483e+00 
 7.19000000e-01  9.39851557e+00 
 7.20000000e-01  9.34708533e+00 
 7.21000000e-01  9.29597393e+00 
 7.22000000e-01  9.24518111e+00 
 7.23000000e-01  9.19470660e+00 
 7.24000000e-01  9.14455004e+00 
 7.25000000e-01  9.09471103e+00 
 7.26000000e-01  9.04518912e+00 
 7.27000000e-01  8.99598382e+00 
 7.28000000e-01  8.94709457e+00 
 7.29000000e-01  8.89852079e+00 
 7.30000000e-01  8.85026183e+00 
 7.31000000e-01  8.80231701e+00 
 7.32000000e-01  8.75468561e+00 
 7.33000000e-01  8.70736686e+00 
 7.34000000e-01  8.66035996e+00 
 7.35000000e-01  8.61366406e+00 
 7.36000000e-01  8.56727827e+00 
 7.37000000e-01  8.52120168e+00 
 7.38000000e-01  8.47543333e+00 
 7.39000000e-01  8.42997223e+00 
 7.40000000e-01  8.38481735e+00 
 7.41000000e-01  8.33996765e+00 
 7.42000000e-01  8.29542203e+00 
 7.43000000e-01  8.25117938e+00 
 7.44000000e-01  8.20723856e+00 
 7.45000000e-01  8.16359838e+00 
 7.46000000e-01  8.12025765e+00 
 7.47000000e-01  8.07721514e+00 
 7.48000000e-01  8.03446960e+00 
 7.49000000e-01  7.99201975e+00 
 7.50000000e-01  7.94986431e+00 
 7.51000000e-01  7.90800194e+00 
 7.52000000e-01  7.86643130e+00 
 7.53000000e-01  7.82515103e+00 
 7.54000000e-01  7.78415975e+00 
 7.55000000e-01  7.74345606e+00 
 7.56000000e-01  7.70303854e+00 
 7.57000000e-01  7.66290575e+00 
 7.58000000e-01  7.62305625e+00 
 7.59000000e-01  7.58348856e+00 
 7.60000000e-01  7.54420121e+00 
 7.61000000e-01  7.50519269e+00 
 7.62000000e-01  7.46646150e+00 
 7.63000000e-01  7.42800612e+00 
 7.64000000e-01  7.38982502e+00 
 7.65000000e-01  7.35191664e+00 
 7.66000000e-01  7.31427944e+00 
 7.67000000e-01  7.27691185e+00 
 7.68000000e-01  7.23981229e+00 
 7.69000000e-01  7.20297919e+00 
 7.70000000e-01  7.16641096e+00 
 7.71000000e-01  7.13010599e+00 
 7.72000000e-01  7.09406269e+00 
 7.73000000e-01  7.05827944e+00 
 7.74000000e-01  7.02275463e+00 
 7.75000000e-01  6.98748664e+00 
 7.76000000e-01  6.95247383e+00 
 7.77000000e-01  6.91771459e+00 
 7.78000000e-01  6.88320728e+00 
 7.79000000e-01  6.84895026e+00 
 7.80000000e-01  6.81494189e+00 
 7.81000000e-01  6.78118053e+00 
 7.82000000e-01  6.74766455e+00 
 7.83000000e-01  6.71439229e+00 
 7.84000000e-01  6.68136212e+00 
 7.85000000e-01  6.64857238e+00 
 7.86000000e-01  6.61602143e+00 
 7.87000000e-01  6.58370763e+00 
 7.88000000e-01  6.55162933e+00 
 7.89000000e-01  6.51978488e+00 
 7.90000000e-01  6.48817266e+00 
 7.91000000e-01  6.45679102e+00 
 7.92000000e-01  6.42563831e+00 
 7.93000000e-01  6.39471291e+00 
 7.94000000e-01  6.36401318e+00 
 7.95000000e-01  6.33353749e+00 
 7.96000000e-01  6.30328422e+00 
 7.97000000e-01  6.27325173e+00 
 7.98000000e-01  6.24343843e+00 
 7.99000000e-01  6.21384268e+00 
 8.00000000e-01  6.18446288e+00 
 8.01000000e-01  6.15529742e+00 
 8.02000000e-01  6.12634470e+00 
 8.03000000e-01  6.09760312e+00 
 8.04000000e-01  6.06907110e+00 
 8.05000000e-01  6.04074705e+00 
 8.06000000e-01  6.01262939e+00 
 8.07000000e-01  5.98471654e+00 
 8.08000000e-01  5.95700694e+00 
 8.09000000e-01  5.92949903e+00 
 8.10000000e-01  5.90219125e+00 
 8.11000000e-01  5.87508205e+00 
 8.12000000e-01  5.84816989e+00 
 8.13000000e-01  5.82145324e+00 
 8.14000000e-01  5.79493057e+00 
 8.15000000e-01  5.76860036e+00 
 8.16000000e-01  5.74246109e+00 
 8.17000000e-01  5.71651126e+00 
 8.18000000e-01  5.69074938e+00 
 8.19000000e-01  5.66517391e+00 
 8.20000000e-01  5.63978320e+00 
 8.21000000e-01  5.61457599e+00 
 8.22000000e-01  5.58955080e+00 
 8.23000000e-01  5.56470619e+00 
 8.24000000e-01  5.54004070e+00 
 8.25000000e-01  5.51555289e+00 
 8.26000000e-01  5.49124133e+00 
 8.27000000e-01  5.46710458e+00 
 8.28000000e-01  5.44314123e+00 
 8.29000000e-01  5.41934988e+00 
 8.30000000e-01  5.39572912e+00 
 8.31000000e-01  5.37227756e+00 
 8.32000000e-01  5.34899383e+00 
 8.33000000e-01  5.32587653e+00 
 8.34000000e-01  5.30292432e+00 
 8.35000000e-01  5.28013584e+00 
 8.36000000e-01  5.25750973e+00 
 8.37000000e-01  5.23504466e+00 
 8.38000000e-01  5.21273930e+00 
 8.39000000e-01  5.19059234e+00 
 8.40000000e-01  5.16860245e+00 
 8.41000000e-01  5.14676833e+00 
 8.42000000e-01  5.12508870e+00 
 8.43000000e-01  5.10356227e+00 
 8.44000000e-01  5.08218776e+00 
 8.45000000e-01  5.06096391e+00 
 8.46000000e-01  5.03988946e+00 
 8.47000000e-01  5.01896317e+00 
 8.48000000e-01  4.99818378e+00 
 8.49000000e-01  4.97755008e+00 
 8.50000000e-01  4.95706085e+00 
 8.51000000e-01  4.93671487e+00 
 8.52000000e-01  4.91651094e+00 
 8.53000000e-01  4.89644786e+00 
 8.54000000e-01  4.87652446e+00 
 8.55000000e-01  4.85673955e+00 
 8.56000000e-01  4.83709198e+00 
 8.57000000e-01  4.81758058e+00 
 8.58000000e-01  4.79820421e+00 
 8.59000000e-01  4.77896172e+00 
 8.60000000e-01  4.75985199e+00 
 8.61000000e-01  4.74087389e+00 
 8.62000000e-01  4.72202632e+00 
 8.63000000e-01  4.70330816e+00 
 8.64000000e-01  4.68471833e+00 
 8.65000000e-01  4.66625574e+00 
 8.66000000e-01  4.64791931e+00 
 8.67000000e-01  4.62970797e+00 
 8.68000000e-01  4.61162067e+00 
 8.69000000e-01  4.59365634e+00 
 8.70000000e-01  4.57581396e+00 
 8.71000000e-01  4.55809249e+00 
 8.72000000e-01  4.54049089e+00 
 8.73000000e-01  4.52300816e+00 
 8.74000000e-01  4.50564329e+00 
 8.75000000e-01  4.48839527e+00 
 8.76000000e-01  4.47126312e+00 
 8.77000000e-01  4.45424585e+00 
 8.78000000e-01  4.43734249e+00 
 8.79000000e-01  4.42055207e+00 
 8.80000000e-01  4.40387364e+00 
 8.81000000e-01  4.38730624e+00 
 8.82000000e-01  4.37084893e+00 
 8.83000000e-01  4.35450078e+00 
 8.84000000e-01  4.33826087e+00 
 8.85000000e-01  4.32212827e+00 
 8.86000000e-01  4.30610208e+00 
 8.87000000e-01  4.29018139e+00 
 8.88000000e-01  4.27436531e+00 
 8.89000000e-01  4.25865296e+00 
 8.90000000e-01  4.24304345e+00 
 8.91000000e-01  4.22753592e+00 
 8.92000000e-01  4.21212951e+00 
 8.93000000e-01  4.19682335e+00 
 8.94000000e-01  4.18161660e+00 
 8.95000000e-01  4.16650843e+00 
 8.96000000e-01  4.15149799e+00 
 8.97000000e-01  4.13658446e+00 
 8.98000000e-01  4.12176703e+00 
 8.99000000e-01  4.10704488e+00 
 9.00000000e-01  4.09241721e+00 
 9.01000000e-01  4.07788323e+00 
 9.02000000e-01  4.06344214e+00 
 9.03000000e-01  4.04909316e+00 
 9.04000000e-01  4.03483553e+00 
 9.05000000e-01  4.02066846e+00 
 9.06000000e-01  4.00659121e+00 
 9.07000000e-01  3.99260301e+00 
 9.08000000e-01  3.97870311e+00 
 9.09000000e-01  3.96489079e+00 
 9.10000000e-01  3.95116530e+00 
 9.11000000e-01  3.93752592e+00 
 9.12000000e-01  3.92397192e+00 
 9.13000000e-01  3.91050260e+00 
 9.14000000e-01  3.89711724e+00 
 9.15000000e-01  3.88381515e+00 
 9.16000000e-01  3.87059563e+00 
 9.17000000e-01  3.85745799e+00 
 9.18000000e-01  3.84440155e+00 
 9.19000000e-01  3.83142564e+00 
 9.20000000e-01  3.81852958e+00 
 9.21000000e-01  3.80571271e+00 
 9.22000000e-01  3.79297438e+00 
 9.23000000e-01  3.78031393e+00 
 9.24000000e-01  3.76773073e+00 
 9.25000000e-01  3.75522412e+00 
 9.26000000e-01  3.74279348e+00 
 9.27000000e-01  3.73043818e+00 
 9.28000000e-01  3.71815760e+00 
 9.29000000e-01  3.70595113e+00 
 9.30000000e-01  3.69381814e+00 
 9.31000000e-01  3.68175805e+00 
 9.32000000e-01  3.66977024e+00 
 9.33000000e-01  3.65785413e+00 
 9.34000000e-01  3.64600913e+00 
 9.35000000e-01  3.63423466e+00 
 9.36000000e-01  3.62253013e+00 
 9.37000000e-01  3.61089499e+00 
 9.38000000e-01  3.59932865e+00 
 9.39000000e-01  3.58783057e+00 
 9.40000000e-01  3.57640018e+00 
 9.41000000e-01  3.56503694e+00 
 9.42000000e-01  3.55374030e+00 
 9.43000000e-01  3.54250971e+00 
 9.44000000e-01  3.53134465e+00 
 9.45000000e-01  3.52024459e+00 
 9.46000000e-01  3.50920899e+00 
 9.47000000e-01  3.49823734e+00 
 9.48000000e-01  3.48732913e+00 
 9.49000000e-01  3.47648383e+00 
 9.50000000e-01  3.46570095e+00 
 9.51000000e-01  3.45497999e+00 
 9.52000000e-01  3.44432044e+00 
 9.53000000e-01  3.43372182e+00 
 9.54000000e-01  3.42318364e+00 
 9.55000000e-01  3.41270541e+00 
 9.56000000e-01  3.40228666e+00 
 9.57000000e-01  3.39192691e+00 
 9.58000000e-01  3.38162570e+00 
 9.59000000e-01  3.37138255e+00 
 9.60000000e-01  3.36119701e+00 
 9.61000000e-01  3.35106863e+00 
 9.62000000e-01  3.34099694e+00 
 9.63000000e-01  3.33098150e+00 
 9.64000000e-01  3.32102188e+00 
 9.65000000e-01  3.31111761e+00 
 9.66000000e-01  3.30126828e+00 
 9.67000000e-01  3.29147346e+00 
 9.68000000e-01  3.28173270e+00 
 9.69000000e-01  3.27204559e+00 
 9.70000000e-01  3.26241172e+00 
 9.71000000e-01  3.25283065e+00 
 9.72000000e-01  3.24330199e+00 
 9.73000000e-01  3.23382532e+00 
 9.74000000e-01  3.22440025e+00 
 9.75000000e-01  3.21502636e+00 
 9.76000000e-01  3.20570326e+00 
 9.77000000e-01  3.19643057e+00 
 9.78000000e-01  3.18720788e+00 
 9.79000000e-01  3.17803482e+00 
 9.80000000e-01  3.16891100e+00 
 9.81000000e-01  3.15983604e+00 
 9.82000000e-01  3.15080957e+00 
 9.83000000e-01  3.14183122e+00 
 9.84000000e-01  3.13290062e+00 
 9.85000000e-01  3.12401740e+00 
 9.86000000e-01  3.11518120e+00 
 9.87000000e-01  3.10639166e+00 
 9.88000000e-01  3.09764843e+00 
 9.89000000e-01  3.08895116e+00 
 9.90000000e-01  3.08029950e+00 
 9.91000000e-01  3.07169310e+00 
 9.92000000e-01  3.06313163e+00 
 9.93000000e-01  3.05461473e+00 
 9.94000000e-01  3.04614209e+00 
 9.95000000e-01  3.03771335e+00 
 9.96000000e-01  3.02932821e+00 
 9.97000000e-01  3.02098631e+00 
 9.98000000e-01  3.01268736e+00 
 9.99000000e-01  3.00443102e+00 
 1.00000000e+00  2.99621697e+00 
 1.00100000e+00  2.98804491e+00 
 1.00200000e+00  2.97991452e+00 
 1.00300000e+00  2.97182548e+00 
 1.00400000e+00  2.96377750e+00 
 1.00500000e+00  2.95577028e+00 
 1.00600000e+00  2.94780350e+00 
 1.00700000e+00  2.93987687e+00 
 1.00800000e+00  2.93199011e+00 
 1.00900000e+00  2.92414290e+00 
 1.01000000e+00  2.91633497e+00 
 1.01100000e+00  2.90856603e+00 
 1.01200000e+00  2.90083580e+00 
 1.01300000e+00  2.89314398e+00 
 1.01400000e+00  2.88549030e+00 
 1.01500000e+00  2.87787449e+00 
 1.01600000e+00  2.87029627e+00 
 1.01700000e+00  2.86275537e+00 
 1.01800000e+00  2.85525152e+00 
 1.01900000e+00  2.84778444e+00 
 1.02000000e+00  2.84035389e+00 
 1.02100000e+00  2.83295959e+00 
 1.02200000e+00  2.82560128e+00 
 1.02300000e+00  2.81827871e+00 
 1.02400000e+00  2.81099162e+00 
 1.02500000e+00  2.80373976e+00 
 1.02600000e+00  2.79652288e+00 
 1.02700000e+00  2.78934072e+00 
 1.02800000e+00  2.78219305e+00 
 1.02900000e+00  2.77507962e+00 
 1.03000000e+00  2.76800018e+00 
 1.03100000e+00  2.76095450e+00 
 1.03200000e+00  2.75394234e+00 
 1.03300000e+00  2.74696347e+00 
 1.03400000e+00  2.74001764e+00 
 1.03500000e+00  2.73310463e+00 
 1.03600000e+00  2.72622422e+00 
 1.03700000e+00  2.71937616e+00 
 1.03800000e+00  2.71256024e+00 
 1.03900000e+00  2.70577624e+00 
 1.04000000e+00  2.69902393e+00 
 1.04100000e+00  2.69230309e+00 
 1.04200000e+00  2.68561350e+00 
 1.04300000e+00  2.67895496e+00 
 1.04400000e+00  2.67232724e+00 
 1.04500000e+00  2.66573014e+00 
 1.04600000e+00  2.65916344e+00 
 1.04700000e+00  2.65262693e+00 
 1.04800000e+00  2.64612042e+00 
 1.04900000e+00  2.63964369e+00 
 1.05000000e+00  2.63319655e+00 
 1.05100000e+00  2.62677879e+00 
 1.05200000e+00  2.62039021e+00 
 1.05300000e+00  2.61403061e+00 
 1.05400000e+00  2.60769981e+00 
 1.05500000e+00  2.60139760e+00 
 1.05600000e+00  2.59512379e+00 
 1.05700000e+00  2.58887820e+00 
 1.05800000e+00  2.58266063e+00 
 1.05900000e+00  2.57647089e+00 
 1.06000000e+00  2.57030881e+00 
 1.06100000e+00  2.56417419e+00 
 1.06200000e+00  2.55806686e+00 
 1.06300000e+00  2.55198662e+00 
 1.06400000e+00  2.54593331e+00 
 1.06500000e+00  2.53990674e+00 
 1.06600000e+00  2.53390675e+00 
 1.06700000e+00  2.52793314e+00 
 1.06800000e+00  2.52198576e+00 
 1.06900000e+00  2.51606442e+00 
 1.07000000e+00  2.51016896e+00 
 1.07100000e+00  2.50429920e+00 
 1.07200000e+00  2.49845499e+00 
 1.07300000e+00  2.49263615e+00 
 1.07400000e+00  2.48684252e+00 
 1.07500000e+00  2.48107394e+00 
 1.07600000e+00  2.47533024e+00 
 1.07700000e+00  2.46961126e+00 
 1.07800000e+00  2.46391685e+00 
 1.07900000e+00  2.45824684e+00 
 1.08000000e+00  2.45260108e+00 
 1.08100000e+00  2.44697941e+00 
 1.08200000e+00  2.44138169e+00 
 1.08300000e+00  2.43580775e+00 
 1.08400000e+00  2.43025744e+00 
 1.08500000e+00  2.42473062e+00 
 1.08600000e+00  2.41922713e+00 
 1.08700000e+00  2.41374684e+00 
 1.08800000e+00  2.40828958e+00 
 1.08900000e+00  2.40285522e+00 
 1.09000000e+00  2.39744361e+00 
 1.09100000e+00  2.39205461e+00 
 1.09200000e+00  2.38668808e+00 
 1.09300000e+00  2.38134387e+00 
 1.09400000e+00  2.37602185e+00 
 1.09500000e+00  2.37072188e+00 
 1.09600000e+00  2.36544382e+00 
 1.09700000e+00  2.36018754e+00 
 1.09800000e+00  2.35495290e+00 
 1.09900000e+00  2.34973976e+00 
 1.10000000e+00  2.34454800e+00 
 1.10100000e+00  2.33937747e+00 
 1.10200000e+00  2.33422806e+00 
 1.10300000e+00  2.32909963e+00 
 1.10400000e+00  2.32399206e+00 
 1.10500000e+00  2.31890521e+00 
 1.10600000e+00  2.31383896e+00 
 1.10700000e+00  2.30879318e+00 
 1.10800000e+00  2.30376776e+00 
 1.10900000e+00  2.29876256e+00 
 1.11000000e+00  2.29377746e+00 
 1.11100000e+00  2.28881234e+00 
 1.11200000e+00  2.28386709e+00 
 1.11300000e+00  2.27894158e+00 
 1.11400000e+00  2.27403569e+00 
 1.11500000e+00  2.26914931e+00 
 1.11600000e+00  2.26428232e+00 
 1.11700000e+00  2.25943460e+00 
 1.11800000e+00  2.25460604e+00 
 1.11900000e+00  2.24979652e+00 
 1.12000000e+00  2.24500594e+00 
 1.12100000e+00  2.24023418e+00 
 1.12200000e+00  2.23548112e+00 
 1.12300000e+00  2.23074666e+00 
 1.12400000e+00  2.22603069e+00 
 1.12500000e+00  2.22133310e+00 
 1.12600000e+00  2.21665378e+00 
 1.12700000e+00  2.21199263e+00 
 1.12800000e+00  2.20734953e+00 
 1.12900000e+00  2.20272439e+00 
 1.13000000e+00  2.19811709e+00 
 1.13100000e+00  2.19352755e+00 
 1.13200000e+00  2.18895564e+00 
 1.13300000e+00  2.18440127e+00 
 1.13400000e+00  2.17986434e+00 
 1.13500000e+00  2.17534476e+00 
 1.13600000e+00  2.17084240e+00 
 1.13700000e+00  2.16635719e+00 
 1.13800000e+00  2.16188902e+00 
 1.13900000e+00  2.15743780e+00 
 1.14000000e+00  2.15300342e+00 
 1.14100000e+00  2.14858579e+00 
 1.14200000e+00  2.14418481e+00 
 1.14300000e+00  2.13980040e+00 
 1.14400000e+00  2.13543246e+00 
 1.14500000e+00  2.13108089e+00 
 1.14600000e+00  2.12674560e+00 
 1.14700000e+00  2.12242650e+00 
 1.14800000e+00  2.11812351e+00 
 1.14900000e+00  2.11383652e+00 
 1.15000000e+00  2.10956544e+00 
 1.15100000e+00  2.10531020e+00 
 1.15200000e+00  2.10107071e+00 
 1.15300000e+00  2.09684686e+00 
 1.15400000e+00  2.09263858e+00 
 1.15500000e+00  2.08844579e+00 
 1.15600000e+00  2.08426839e+00 
 1.15700000e+00  2.08010630e+00 
 1.15800000e+00  2.07595943e+00 
 1.15900000e+00  2.07182771e+00 
 1.16000000e+00  2.06771104e+00 
 1.16100000e+00  2.06360935e+00 
 1.16200000e+00  2.05952256e+00 
 1.16300000e+00  2.05545058e+00 
 1.16400000e+00  2.05139333e+00 
 1.16500000e+00  2.04735073e+00 
 1.16600000e+00  2.04332270e+00 
 1.16700000e+00  2.03930917e+00 
 1.16800000e+00  2.03531005e+00 
 1.16900000e+00  2.03132527e+00 
 1.17000000e+00  2.02735475e+00 
 1.17100000e+00  2.02339841e+00 
 1.17200000e+00  2.01945618e+00 
 1.17300000e+00  2.01552798e+00 
 1.17400000e+00  2.01161374e+00 
 1.17500000e+00  2.00771337e+00 
 1.17600000e+00  2.00382682e+00 
 1.17700000e+00  1.99995400e+00 
 1.17800000e+00  1.99609483e+00 
 1.17900000e+00  1.99224926e+00 
 1.18000000e+00  1.98841721e+00 
 1.18100000e+00  1.98459860e+00 
 1.18200000e+00  1.98079336e+00 
 1.18300000e+00  1.97700143e+00 
 1.18400000e+00  1.97322273e+00 
 1.18500000e+00  1.96945720e+00 
 1.18600000e+00  1.96570477e+00 
 1.18700000e+00  1.96196536e+00 
 1.18800000e+00  1.95823891e+00 
 1.18900000e+00  1.95452535e+00 
 1.19000000e+00  1.95082462e+00 
 1.19100000e+00  1.94713665e+00 
 1.19200000e+00  1.94346137e+00 
 1.19300000e+00  1.93979871e+00 
 1.19400000e+00  1.93614862e+00 
 1.19500000e+00  1.93251103e+00 
 1.19600000e+00  1.92888587e+00 
 1.19700000e+00  1.92527308e+00 
 1.19800000e+00  1.92167259e+00 
 1.19900000e+00  1.91808435e+00 
 1.20000000e+00  1.91450829e+00 
 1.20100000e+00  1.91094434e+00 
 1.20200000e+00  1.90739246e+00 
 1.20300000e+00  1.90385257e+00 
 1.20400000e+00  1.90032461e+00 
 1.20500000e+00  1.89680853e+00 
 1.20600000e+00  1.89330427e+00 
 1.20700000e+00  1.88981176e+00 
 1.20800000e+00  1.88633095e+00 
 1.20900000e+00  1.88286177e+00 
 1.21000000e+00  1.87940418e+00 
 1.21100000e+00  1.87595810e+00 
 1.21200000e+00  1.87252349e+00 
 1.21300000e+00  1.86910029e+00 
 1.21400000e+00  1.86568843e+00 
 1.21500000e+00  1.86228787e+00 
 1.21600000e+00  1.85889855e+00 
 1.21700000e+00  1.85552041e+00 
 1.21800000e+00  1.85215340e+00 
 1.21900000e+00  1.84879746e+00 
 1.22000000e+00  1.84545253e+00 
 1.22100000e+00  1.84211857e+00 
 1.22200000e+00  1.83879552e+00 
 1.22300000e+00  1.83548333e+00 
 1.22400000e+00  1.83218193e+00 
 1.22500000e+00  1.82889129e+00 
 1.22600000e+00  1.82561135e+00 
 1.22700000e+00  1.82234205e+00 
 1.22800000e+00  1.81908335e+00 
 1.22900000e+00  1.81583519e+00 
 1.23000000e+00  1.81259752e+00 
 1.23100000e+00  1.80937030e+00 
 1.23200000e+00  1.80615346e+00 
 1.23300000e+00  1.80294697e+00 
 1.23400000e+00  1.79975076e+00 
 1.23500000e+00  1.79656480e+00 
 1.23600000e+00  1.79338903e+00 
 1.23700000e+00  1.79022341e+00 
 1.23800000e+00  1.78706788e+00 
 1.23900000e+00  1.78392240e+00 
 1.24000000e+00  1.78078692e+00 
 1.24100000e+00  1.77766140e+00 
 1.24200000e+00  1.77454577e+00 
 1.24300000e+00  1.77144001e+00 
 1.24400000e+00  1.76834406e+00 
 1.24500000e+00  1.76525787e+00 
 1.24600000e+00  1.76218141e+00 
 1.24700000e+00  1.75911462e+00 
 1.24800000e+00  1.75605745e+00 
 1.24900000e+00  1.75300987e+00 
 1.25000000e+00  1.74997183e+00 
 1.25100000e+00  1.74694328e+00 
 1.25200000e+00  1.74392419e+00 
 1.25300000e+00  1.74091450e+00 
 1.25400000e+00  1.73791417e+00 
 1.25500000e+00  1.73492316e+00 
 1.25600000e+00  1.73194143e+00 
 1.25700000e+00  1.72896893e+00 
 1.25800000e+00  1.72600561e+00 
 1.25900000e+00  1.72305145e+00 
 1.26000000e+00  1.72010640e+00 
 1.26100000e+00  1.71717040e+00 
 1.26200000e+00  1.71424343e+00 
 1.26300000e+00  1.71132545e+00 
 1.26400000e+00  1.70841640e+00 
 1.26500000e+00  1.70551625e+00 
 1.26600000e+00  1.70262496e+00 
 1.26700000e+00  1.69974249e+00 
 1.26800000e+00  1.69686880e+00 
 1.26900000e+00  1.69400384e+00 
 1.27000000e+00  1.69114759e+00 
 1.27100000e+00  1.68830000e+00 
 1.27200000e+00  1.68546102e+00 
 1.27300000e+00  1.68263063e+00 
 1.27400000e+00  1.67980879e+00 
 1.27500000e+00  1.67699544e+00 
 1.27600000e+00  1.67419057e+00 
 1.27700000e+00  1.67139412e+00 
 1.27800000e+00  1.66860607e+00 
 1.27900000e+00  1.66582637e+00 
 1.28000000e+00  1.66305499e+00 
 1.28100000e+00  1.66029188e+00 
 1.28200000e+00  1.65753702e+00 
 1.28300000e+00  1.65479037e+00 
 1.28400000e+00  1.65205189e+00 
 1.28500000e+00  1.64932154e+00 
 1.28600000e+00  1.64659929e+00 
 1.28700000e+00  1.64388510e+00 
 1.28800000e+00  1.64117894e+00 
 1.28900000e+00  1.63848078e+00 
 1.29000000e+00  1.63579057e+00 
 1.29100000e+00  1.63310828e+00 
 1.29200000e+00  1.63043388e+00 
 1.29300000e+00  1.62776733e+00 
 1.29400000e+00  1.62510860e+00 
 1.29500000e+00  1.62245765e+00 
 1.29600000e+00  1.61981446e+00 
 1.29700000e+00  1.61717899e+00 
 1.29800000e+00  1.61455119e+00 
 1.29900000e+00  1.61193105e+00 
 1.30000000e+00  1.60931853e+00 
 1.30100000e+00  1.60671359e+00 
 1.30200000e+00  1.60411621e+00 
 1.30300000e+00  1.60152634e+00 
 1.30400000e+00  1.59894396e+00 
 1.30500000e+00  1.59636904e+00 
 1.30600000e+00  1.59380154e+00 
 1.30700000e+00  1.59124144e+00 
 1.30800000e+00  1.58868869e+00 
 1.30900000e+00  1.58614327e+00 
 1.31000000e+00  1.58360515e+00 
 1.31100000e+00  1.58107430e+00 
 1.31200000e+00  1.57855068e+00 
 1.31300000e+00  1.57603427e+00 
 1.31400000e+00  1.57352504e+00 
 1.31500000e+00  1.57102294e+00 
 1.31600000e+00  1.56852797e+00 
 1.31700000e+00  1.56604008e+00 
 1.31800000e+00  1.56355924e+00 
 1.31900000e+00  1.56108543e+00 
 1.32000000e+00  1.55861861e+00 
 1.32100000e+00  1.55615876e+00 
 1.32200000e+00  1.55370585e+00 
 1.32300000e+00  1.55125985e+00 
 1.32400000e+00  1.54882072e+00 
 1.32500000e+00  1.54638845e+00 
 1.32600000e+00  1.54396300e+00 
 1.32700000e+00  1.54154434e+00 
 1.32800000e+00  1.53913246e+00 
 1.32900000e+00  1.53672731e+00 
 1.33000000e+00  1.53432886e+00 
 1.33100000e+00  1.53193711e+00 
 1.33200000e+00  1.52955201e+00 
 1.33300000e+00  1.52717353e+00 
 1.33400000e+00  1.52480166e+00 
 1.33500000e+00  1.52243636e+00 
 1.33600000e+00  1.52007760e+00 
 1.33700000e+00  1.51772537e+00 
 1.33800000e+00  1.51537963e+00 
 1.33900000e+00  1.51304036e+00 
 1.34000000e+00  1.51070753e+00 
 1.34100000e+00  1.50838111e+00 
 1.34200000e+00  1.50606108e+00 
 1.34300000e+00  1.50374741e+00 
 1.34400000e+00  1.50144008e+00 
 1.34500000e+00  1.49913906e+00 
 1.34600000e+00  1.49684433e+00 
 1.34700000e+00  1.49455585e+00 
 1.34800000e+00  1.49227361e+00 
 1.34900000e+00  1.48999758e+00 
 1.35000000e+00  1.48772774e+00 
 1.35100000e+00  1.48546406e+00 
 1.35200000e+00  1.48320651e+00 
 1.35300000e+00  1.48095507e+00 
 1.35400000e+00  1.47870972e+00 
 1.35500000e+00  1.47647043e+00 
 1.35600000e+00  1.47423718e+00 
 1.35700000e+00  1.47200995e+00 
 1.35800000e+00  1.46978870e+00 
 1.35900000e+00  1.46757342e+00 
 1.36000000e+00  1.46536409e+00 
 1.36100000e+00  1.46316067e+00 
 1.36200000e+00  1.46096315e+00 
 1.36300000e+00  1.45877150e+00 
 1.36400000e+00  1.45658571e+00 
 1.36500000e+00  1.45440573e+00 
 1.36600000e+00  1.45223157e+00 
 1.36700000e+00  1.45006318e+00 
 1.36800000e+00  1.44790055e+00 
 1.36900000e+00  1.44574366e+00 
 1.37000000e+00  1.44359248e+00 
 1.37100000e+00  1.44144700e+00 
 1.37200000e+00  1.43930718e+00 
 1.37300000e+00  1.43717301e+00 
 1.37400000e+00  1.43504446e+00 
 1.37500000e+00  1.43292152e+00 
 1.37600000e+00  1.43080415e+00 
 1.37700000e+00  1.42869235e+00 
 1.37800000e+00  1.42658609e+00 
 1.37900000e+00  1.42448534e+00 
 1.38000000e+00  1.42239009e+00 
 1.38100000e+00  1.42030031e+00 
 1.38200000e+00  1.41821599e+00 
 1.38300000e+00  1.41613710e+00 
 1.38400000e+00  1.41406362e+00 
 1.38500000e+00  1.41199553e+00 
 1.38600000e+00  1.40993282e+00 
 1.38700000e+00  1.40787545e+00 
 1.38800000e+00  1.40582341e+00 
 1.38900000e+00  1.40377668e+00 
 1.39000000e+00  1.40173524e+00 
 1.39100000e+00  1.39969907e+00 
 1.39200000e+00  1.39766814e+00 
 1.39300000e+00  1.39564245e+00 
 1.39400000e+00  1.39362196e+00 
 1.39500000e+00  1.39160667e+00 
 1.39600000e+00  1.38959654e+00 
 1.39700000e+00  1.38759157e+00 
 1.39800000e+00  1.38559172e+00 
 1.39900000e+00  1.38359699e+00 
 1.40000000e+00  1.38160735e+00 
 1.40100000e+00  1.37962278e+00 
 1.40200000e+00  1.37764326e+00 
 1.40300000e+00  1.37566878e+00 
 1.40400000e+00  1.37369932e+00 
 1.40500000e+00  1.37173486e+00 
 1.40600000e+00  1.36977537e+00 
 1.40700000e+00  1.36782085e+00 
 1.40800000e+00  1.36587126e+00 
 1.40900000e+00  1.36392660e+00 
 1.41000000e+00  1.36198685e+00 
 1.41100000e+00  1.36005198e+00 
 1.41200000e+00  1.35812199e+00 
 1.41300000e+00  1.35619684e+00 
 1.41400000e+00  1.35427653e+00 
 1.41500000e+00  1.35236103e+00 
 1.41600000e+00  1.35045033e+00 
 1.41700000e+00  1.34854441e+00 
 1.41800000e+00  1.34664325e+00 
 1.41900000e+00  1.34474684e+00 
 1.42000000e+00  1.34285515e+00 
 1.42100000e+00  1.34096818e+00 
 1.42200000e+00  1.33908590e+00 
 1.42300000e+00  1.33720829e+00 
 1.42400000e+00  1.33533534e+00 
 1.42500000e+00  1.33346704e+00 
 1.42600000e+00  1.33160335e+00 
 1.42700000e+00  1.32974428e+00 
 1.42800000e+00  1.32788980e+00 
 1.42900000e+00  1.32603989e+00 
 1.43000000e+00  1.32419455e+00 
 1.43100000e+00  1.32235374e+00 
 1.43200000e+00  1.32051746e+00 
 1.43300000e+00  1.31868568e+00 
 1.43400000e+00  1.31685840e+00 
 1.43500000e+00  1.31503560e+00 
 1.43600000e+00  1.31321726e+00 
 1.43700000e+00  1.31140336e+00 
 1.43800000e+00  1.30959389e+00 
 1.43900000e+00  1.30778883e+00 
 1.44000000e+00  1.30598817e+00 
 1.44100000e+00  1.30419189e+00 
 1.44200000e+00  1.30239997e+00 
 1.44300000e+00  1.30061241e+00 
 1.44400000e+00  1.29882918e+00 
 1.44500000e+00  1.29705026e+00 
 1.44600000e+00  1.29527566e+00 
 1.44700000e+00  1.29350534e+00 
 1.44800000e+00  1.29173929e+00 
 1.44900000e+00  1.28997750e+00 
 1.45000000e+00  1.28821995e+00 
 1.45100000e+00  1.28646663e+00 
 1.45200000e+00  1.28471753e+00 
 1.45300000e+00  1.28297262e+00 
 1.45400000e+00  1.28123190e+00 
 1.45500000e+00  1.27949534e+00 
 1.45600000e+00  1.27776294e+00 
 1.45700000e+00  1.27603467e+00 
 1.45800000e+00  1.27431054e+00 
 1.45900000e+00  1.27259051e+00 
 1.46000000e+00  1.27087458e+00 
 1.46100000e+00  1.26916273e+00 
 1.46200000e+00  1.26745494e+00 
 1.46300000e+00  1.26575121e+00 
 1.46400000e+00  1.26405152e+00 
 1.46500000e+00  1.26235586e+00 
 1.46600000e+00  1.26066420e+00 
 1.46700000e+00  1.25897655e+00 
 1.46800000e+00  1.25729287e+00 
 1.46900000e+00  1.25561317e+00 
 1.47000000e+00  1.25393742e+00 
 1.47100000e+00  1.25226561e+00 
 1.47200000e+00  1.25059773e+00 
 1.47300000e+00  1.24893377e+00 
 1.47400000e+00  1.24727371e+00 
 1.47500000e+00  1.24561753e+00 
 1.47600000e+00  1.24396523e+00 
 1.47700000e+00  1.24231680e+00 
 1.47800000e+00  1.24067221e+00 
 1.47900000e+00  1.23903145e+00 
 1.48000000e+00  1.23739452e+00 
 1.48100000e+00  1.23576140e+00 
 1.48200000e+00  1.23413207e+00 
 1.48300000e+00  1.23250652e+00 
 1.48400000e+00  1.23088475e+00 
 1.48500000e+00  1.22926673e+00 
 1.48600000e+00  1.22765245e+00 
 1.48700000e+00  1.22604191e+00 
 1.48800000e+00  1.22443509e+00 
 1.48900000e+00  1.22283197e+00 
 1.49000000e+00  1.22123255e+00 
 1.49100000e+00  1.21963680e+00 
 1.49200000e+00  1.21804473e+00 
 1.49300000e+00  1.21645631e+00 
 1.49400000e+00  1.21487154e+00 
 1.49500000e+00  1.21329040e+00 
 1.49600000e+00  1.21171288e+00 
 1.49700000e+00  1.21013897e+00 
 1.49800000e+00  1.20856865e+00 
 1.49900000e+00  1.20700191e+00 
 1.50000000e+00  1.20543875e+00 
 1.50100000e+00  1.20387915e+00 
 1.50200000e+00  1.20232309e+00 
 1.50300000e+00  1.20077057e+00 
 1.50400000e+00  1.19922157e+00 
 1.50500000e+00  1.19767609e+00 
 1.50600000e+00  1.19613411e+00 
 1.50700000e+00  1.19459561e+00 
 1.50800000e+00  1.19306059e+00 
 1.50900000e+00  1.19152904e+00 
 1.51000000e+00  1.19000094e+00 
 1.51100000e+00  1.18847629e+00 
 1.51200000e+00  1.18695507e+00 
 1.51300000e+00  1.18543726e+00 
 1.51400000e+00  1.18392287e+00 
 1.51500000e+00  1.18241187e+00 
 1.51600000e+00  1.18090426e+00 
 1.51700000e+00  1.17940003e+00 
 1.51800000e+00  1.17789916e+00 
 1.51900000e+00  1.17640164e+00 
 1.52000000e+00  1.17490746e+00 
 1.52100000e+00  1.17341662e+00 
 1.52200000e+00  1.17192910e+00 
 1.52300000e+00  1.17044488e+00 
 1.52400000e+00  1.16896397e+00 
 1.52500000e+00  1.16748634e+00 
 1.52600000e+00  1.16601199e+00 
 1.52700000e+00  1.16454090e+00 
 1.52800000e+00  1.16307307e+00 
 1.52900000e+00  1.16160849e+00 
 1.53000000e+00  1.16014714e+00 
 1.53100000e+00  1.15868902e+00 
 1.53200000e+00  1.15723411e+00 
 1.53300000e+00  1.15578240e+00 
 1.53400000e+00  1.15433389e+00 
 1.53500000e+00  1.15288856e+00 
 1.53600000e+00  1.15144640e+00 
 1.53700000e+00  1.15000740e+00 
 1.53800000e+00  1.14857156e+00 
 1.53900000e+00  1.14713885e+00 
 1.54000000e+00  1.14570928e+00 
 1.54100000e+00  1.14428283e+00 
 1.54200000e+00  1.14285950e+00 
 1.54300000e+00  1.14143926e+00 
 1.54400000e+00  1.14002212e+00 
 1.54500000e+00  1.13860806e+00 
 1.54600000e+00  1.13719707e+00 
 1.54700000e+00  1.13578914e+00 
 1.54800000e+00  1.13438427e+00 
 1.54900000e+00  1.13298244e+00 
 1.55000000e+00  1.13158364e+00 
 1.55100000e+00  1.13018786e+00 
 1.55200000e+00  1.12879510e+00 
 1.55300000e+00  1.12740535e+00 
 1.55400000e+00  1.12601859e+00 
 1.55500000e+00  1.12463481e+00 
 1.55600000e+00  1.12325401e+00 
 1.55700000e+00  1.12187618e+00 
 1.55800000e+00  1.12050130e+00 
 1.55900000e+00  1.11912937e+00 
 1.56000000e+00  1.11776038e+00 
 1.56100000e+00  1.11639432e+00 
 1.56200000e+00  1.11503118e+00 
 1.56300000e+00  1.11367095e+00 
 1.56400000e+00  1.11231362e+00 
 1.56500000e+00  1.11095919e+00 
 1.56600000e+00  1.10960763e+00 
 1.56700000e+00  1.10825896e+00 
 1.56800000e+00  1.10691315e+00 
 1.56900000e+00  1.10557019e+00 
 1.57000000e+00  1.10423008e+00 
 1.57100000e+00  1.10289281e+00 
 1.57200000e+00  1.10155838e+00 
 1.57300000e+00  1.10022676e+00 
 1.57400000e+00  1.09889795e+00 
 1.57500000e+00  1.09757195e+00 
 1.57600000e+00  1.09624875e+00 
 1.57700000e+00  1.09492833e+00 
 1.57800000e+00  1.09361069e+00 
 1.57900000e+00  1.09229581e+00 
 1.58000000e+00  1.09098370e+00 
 1.58100000e+00  1.08967434e+00 
 1.58200000e+00  1.08836772e+00 
 1.58300000e+00  1.08706384e+00 
 1.58400000e+00  1.08576269e+00 
 1.58500000e+00  1.08446425e+00 
 1.58600000e+00  1.08316852e+00 
 1.58700000e+00  1.08187550e+00 
 1.58800000e+00  1.08058517e+00 
 1.58900000e+00  1.07929752e+00 
 1.59000000e+00  1.07801255e+00 
 1.59100000e+00  1.07673025e+00 
 1.59200000e+00  1.07545061e+00 
 1.59300000e+00  1.07417362e+00 
 1.59400000e+00  1.07289927e+00 
 1.59500000e+00  1.07162757e+00 
 1.59600000e+00  1.07035849e+00 
 1.59700000e+00  1.06909203e+00 
 1.59800000e+00  1.06782818e+00 
 1.59900000e+00  1.06656694e+00 
 1.60000000e+00  1.06530829e+00 
 1.60100000e+00  1.06405223e+00 
 1.60200000e+00  1.06279875e+00 
 1.60300000e+00  1.06154785e+00 
 1.60400000e+00  1.06029951e+00 
 1.60500000e+00  1.05905372e+00 
 1.60600000e+00  1.05781049e+00 
 1.60700000e+00  1.05656980e+00 
 1.60800000e+00  1.05533164e+00 
 1.60900000e+00  1.05409601e+00 
 1.61000000e+00  1.05286290e+00 
 1.61100000e+00  1.05163230e+00 
 1.61200000e+00  1.05040421e+00 
 1.61300000e+00  1.04917861e+00 
 1.61400000e+00  1.04795550e+00 
 1.61500000e+00  1.04673487e+00 
 1.61600000e+00  1.04551671e+00 
 1.61700000e+00  1.04430103e+00 
 1.61800000e+00  1.04308780e+00 
 1.61900000e+00  1.04187702e+00 
 1.62000000e+00  1.04066869e+00 
 1.62100000e+00  1.03946279e+00 
 1.62200000e+00  1.03825933e+00 
 1.62300000e+00  1.03705829e+00 
 1.62400000e+00  1.03585966e+00 
 1.62500000e+00  1.03466344e+00 
 1.62600000e+00  1.03346963e+00 
 1.62700000e+00  1.03227821e+00 
 1.62800000e+00  1.03108917e+00 
 1.62900000e+00  1.02990252e+00 
 1.63000000e+00  1.02871824e+00 
 1.63100000e+00  1.02753632e+00 
 1.63200000e+00  1.02635677e+00 
 1.63300000e+00  1.02517956e+00 
 1.63400000e+00  1.02400470e+00 
 1.63500000e+00  1.02283218e+00 
 1.63600000e+00  1.02166200e+00 
 1.63700000e+00  1.02049413e+00 
 1.63800000e+00  1.01932859e+00 
 1.63900000e+00  1.01816535e+00 
 1.64000000e+00  1.01700442e+00 
 1.64100000e+00  1.01584579e+00 
 1.64200000e+00  1.01468945e+00 
 1.64300000e+00  1.01353539e+00 
 1.64400000e+00  1.01238361e+00 
 1.64500000e+00  1.01123410e+00 
 1.64600000e+00  1.01008685e+00 
 1.64700000e+00  1.00894187e+00 
 1.64800000e+00  1.00779913e+00 
 1.64900000e+00  1.00665864e+00 
 1.65000000e+00  1.00552038e+00 
 1.65100000e+00  1.00438436e+00 
 1.65200000e+00  1.00325056e+00 
 1.65300000e+00  1.00211899e+00 
 1.65400000e+00  1.00098962e+00 
 1.65500000e+00  9.99862459e-01 
 1.65600000e+00  9.98737498e-01 
 1.65700000e+00  9.97614730e-01 
 1.65800000e+00  9.96494148e-01 
 1.65900000e+00  9.95375748e-01 
 1.66000000e+00  9.94259521e-01 
 1.66100000e+00  9.93145462e-01 
 1.66200000e+00  9.92033565e-01 
 1.66300000e+00  9.90923824e-01 
 1.66400000e+00  9.89816232e-01 
 1.66500000e+00  9.88710783e-01 
 1.66600000e+00  9.87607471e-01 
 1.66700000e+00  9.86506290e-01 
 1.66800000e+00  9.85407234e-01 
 1.66900000e+00  9.84310297e-01 
 1.67000000e+00  9.83215472e-01 
 1.67100000e+00  9.82122754e-01 
 1.67200000e+00  9.81032137e-01 
 1.67300000e+00  9.79943614e-01 
 1.67400000e+00  9.78857181e-01 
 1.67500000e+00  9.77772830e-01 
 1.67600000e+00  9.76690556e-01 
 1.67700000e+00  9.75610353e-01 
 1.67800000e+00  9.74532215e-01 
 1.67900000e+00  9.73456136e-01 
 1.68000000e+00  9.72382111e-01 
 1.68100000e+00  9.71310134e-01 
 1.68200000e+00  9.70240198e-01 
 1.68300000e+00  9.69172299e-01 
 1.68400000e+00  9.68106430e-01 
 1.68500000e+00  9.67042585e-01 
 1.68600000e+00  9.65980760e-01 
 1.68700000e+00  9.64920948e-01 
 1.68800000e+00  9.63863143e-01 
 1.68900000e+00  9.62807340e-01 
 1.69000000e+00  9.61753534e-01 
 1.69100000e+00  9.60701718e-01 
 1.69200000e+00  9.59651888e-01 
 1.69300000e+00  9.58604037e-01 
 1.69400000e+00  9.57558160e-01 
 1.69500000e+00  9.56514252e-01 
 1.69600000e+00  9.55472307e-01 
 1.69700000e+00  9.54432319e-01 
 1.69800000e+00  9.53394284e-01 
 1.69900000e+00  9.52358195e-01 
 1.70000000e+00  9.51324047e-01 
 1.70100000e+00  9.50291836e-01 
 1.70200000e+00  9.49261554e-01 
 1.70300000e+00  9.48233198e-01 
 1.70400000e+00  9.47206762e-01 
 1.70500000e+00  9.46182240e-01 
 1.70600000e+00  9.45159627e-01 
 1.70700000e+00  9.44138918e-01 
 1.70800000e+00  9.43120108e-01 
 1.70900000e+00  9.42103191e-01 
 1.71000000e+00  9.41088162e-01 
 1.71100000e+00  9.40075016e-01 
 1.71200000e+00  9.39063747e-01 
 1.71300000e+00  9.38054352e-01 
 1.71400000e+00  9.37046823e-01 
 1.71500000e+00  9.36041157e-01 
 1.71600000e+00  9.35037348e-01 
 1.71700000e+00  9.34035391e-01 
 1.71800000e+00  9.33035281e-01 
 1.71900000e+00  9.32037013e-01 
 1.72000000e+00  9.31040581e-01 
 1.72100000e+00  9.30045981e-01 
 1.72200000e+00  9.29053209e-01 
 1.72300000e+00  9.28062258e-01 
 1.72400000e+00  9.27073123e-01 
 1.72500000e+00  9.26085801e-01 
 1.72600000e+00  9.25100286e-01 
 1.72700000e+00  9.24116572e-01 
 1.72800000e+00  9.23134656e-01 
 1.72900000e+00  9.22154532e-01 
 1.73000000e+00  9.21176195e-01 
 1.73100000e+00  9.20199640e-01 
 1.73200000e+00  9.19224864e-01 
 1.73300000e+00  9.18251860e-01 
 1.73400000e+00  9.17280624e-01 
 1.73500000e+00  9.16311151e-01 
 1.73600000e+00  9.15343437e-01 
 1.73700000e+00  9.14377476e-01 
 1.73800000e+00  9.13413264e-01 
 1.73900000e+00  9.12450797e-01 
 1.74000000e+00  9.11490069e-01 
 1.74100000e+00  9.10531076e-01 
 1.74200000e+00  9.09573813e-01 
 1.74300000e+00  9.08618276e-01 
 1.74400000e+00  9.07664459e-01 
 1.74500000e+00  9.06712359e-01 
 1.74600000e+00  9.05761970e-01 
 1.74700000e+00  9.04813289e-01 
 1.74800000e+00  9.03866310e-01 
 1.74900000e+00  9.02921028e-01 
 1.75000000e+00  9.01977440e-01 
 1.75100000e+00  9.01035541e-01 
 1.75200000e+00  9.00095327e-01 
 1.75300000e+00  8.99156792e-01 
 1.75400000e+00  8.98219932e-01 
 1.75500000e+00  8.97284743e-01 
 1.75600000e+00  8.96351221e-01 
 1.75700000e+00  8.95419361e-01 
 1.75800000e+00  8.94489158e-01 
 1.75900000e+00  8.93560608e-01 
 1.76000000e+00  8.92633707e-01 
 1.76100000e+00  8.91708451e-01 
 1.76200000e+00  8.90784834e-01 
 1.76300000e+00  8.89862854e-01 
 1.76400000e+00  8.88942504e-01 
 1.76500000e+00  8.88023782e-01 
 1.76600000e+00  8.87106682e-01 
 1.76700000e+00  8.86191200e-01 
 1.76800000e+00  8.85277333e-01 
 1.76900000e+00  8.84365076e-01 
 1.77000000e+00  8.83454424e-01 
 1.77100000e+00  8.82545374e-01 
 1.77200000e+00  8.81637921e-01 
 1.77300000e+00  8.80732061e-01 
 1.77400000e+00  8.79827790e-01 
 1.77500000e+00  8.78925103e-01 
 1.77600000e+00  8.78023997e-01 
 1.77700000e+00  8.77124467e-01 
 1.77800000e+00  8.76226510e-01 
 1.77900000e+00  8.75330120e-01 
 1.78000000e+00  8.74435295e-01 
 1.78100000e+00  8.73542029e-01 
 1.78200000e+00  8.72650319e-01 
 1.78300000e+00  8.71760161e-01 
 1.78400000e+00  8.70871550e-01 
 1.78500000e+00  8.69984484e-01 
 1.78600000e+00  8.69098957e-01 
 1.78700000e+00  8.68214965e-01 
 1.78800000e+00  8.67332505e-01 
 1.78900000e+00  8.66451573e-01 
 1.79000000e+00  8.65572165e-01 
 1.79100000e+00  8.64694276e-01 
 1.79200000e+00  8.63817903e-01 
 1.79300000e+00  8.62943042e-01 
 1.79400000e+00  8.62069688e-01 
 1.79500000e+00  8.61197839e-01 
 1.79600000e+00  8.60327490e-01 
 1.79700000e+00  8.59458637e-01 
 1.79800000e+00  8.58591277e-01 
 1.79900000e+00  8.57725405e-01 
 1.80000000e+00  8.56861018e-01 
