 0.00000000e+00  1.48399248e-10 
 1.00000000e-03  1.52198439e-10 
 2.00000000e-03  1.56094827e-10 
 3.00000000e-03  1.60090896e-10 
 4.00000000e-03  1.64189194e-10 
 5.00000000e-03  1.68392332e-10 
 6.00000000e-03  1.72702991e-10 
 7.00000000e-03  1.77123918e-10 
 8.00000000e-03  1.81657930e-10 
 9.00000000e-03  1.86307916e-10 
 1.00000000e-02  1.91076840e-10 
 1.10000000e-02  1.95967741e-10 
 1.20000000e-02  2.00983735e-10 
 1.30000000e-02  2.06128017e-10 
 1.40000000e-02  2.11403864e-10 
 1.50000000e-02  2.16814639e-10 
 1.60000000e-02  2.22363786e-10 
 1.70000000e-02  2.28054840e-10 
 1.80000000e-02  2.33891426e-10 
 1.90000000e-02  2.39877261e-10 
 2.00000000e-02  2.46016156e-10 
 2.10000000e-02  2.52312020e-10 
 2.20000000e-02  2.58768861e-10 
 2.30000000e-02  2.65390790e-10 
 2.40000000e-02  2.72182022e-10 
 2.50000000e-02  2.79146880e-10 
 2.60000000e-02  2.86289796e-10 
 2.70000000e-02  2.93615317e-10 
 2.80000000e-02  3.01128104e-10 
 2.90000000e-02  3.08832937e-10 
 3.00000000e-02  3.16734719e-10 
 3.10000000e-02  3.24838476e-10 
 3.20000000e-02  3.33149364e-10 
 3.30000000e-02  3.41672668e-10 
 3.40000000e-02  3.50413810e-10 
 3.50000000e-02  3.59378349e-10 
 3.60000000e-02  3.68571984e-10 
 3.70000000e-02  3.78000562e-10 
 3.80000000e-02  3.87670076e-10 
 3.90000000e-02  3.97586675e-10 
 4.00000000e-02  4.07756660e-10 
 4.10000000e-02  4.18186496e-10 
 4.20000000e-02  4.28882811e-10 
 4.30000000e-02  4.39852402e-10 
 4.40000000e-02  4.51102239e-10 
 4.50000000e-02  4.62639468e-10 
 4.60000000e-02  4.74471420e-10 
 4.70000000e-02  4.86605608e-10 
 4.80000000e-02  4.99049740e-10 
 4.90000000e-02  5.11811718e-10 
 5.00000000e-02  5.24899645e-10 
 5.10000000e-02  5.38321830e-10 
 5.20000000e-02  5.52086795e-10 
 5.30000000e-02  5.66203275e-10 
 5.40000000e-02  5.80680231e-10 
 5.50000000e-02  5.95526850e-10 
 5.60000000e-02  6.10752551e-10 
 5.70000000e-02  6.26366994e-10 
 5.80000000e-02  6.42380084e-10 
 5.90000000e-02  6.58801978e-10 
 6.00000000e-02  6.75643091e-10 
 6.10000000e-02  6.92914102e-10 
 6.20000000e-02  7.10625960e-10 
 6.30000000e-02  7.28789894e-10 
 6.40000000e-02  7.47417418e-10 
 6.50000000e-02  7.66520337e-10 
 6.60000000e-02  7.86110756e-10 
 6.70000000e-02  8.06201087e-10 
 6.80000000e-02  8.26804059e-10 
 6.90000000e-02  8.47932721e-10 
 7.00000000e-02  8.69600454e-10 
 7.10000000e-02  8.91820979e-10 
 7.20000000e-02  9.14608365e-10 
 7.30000000e-02  9.37977038e-10 
 7.40000000e-02  9.61941787e-10 
 7.50000000e-02  9.86517780e-10 
 7.60000000e-02  1.01172057e-09 
 7.70000000e-02  1.03756609e-09 
 7.80000000e-02  1.06407071e-09 
 7.90000000e-02  1.09125117e-09 
 8.00000000e-02  1.11912467e-09 
 8.10000000e-02  1.14770883e-09 
 8.20000000e-02  1.17702172e-09 
 8.30000000e-02  1.20708186e-09 
 8.40000000e-02  1.23790826e-09 
 8.50000000e-02  1.26952038e-09 
 8.60000000e-02  1.30193821e-09 
 8.70000000e-02  1.33518220e-09 
 8.80000000e-02  1.36927336e-09 
 8.90000000e-02  1.40423321e-09 
 9.00000000e-02  1.44008381e-09 
 9.10000000e-02  1.47684780e-09 
 9.20000000e-02  1.51454837e-09 
 9.30000000e-02  1.55320931e-09 
 9.40000000e-02  1.59285500e-09 
 9.50000000e-02  1.63351044e-09 
 9.60000000e-02  1.67520127e-09 
 9.70000000e-02  1.71795377e-09 
 9.80000000e-02  1.76179489e-09 
 9.90000000e-02  1.80675225e-09 
 1.00000000e-01  1.85285417e-09 
 1.01000000e-01  1.90012970e-09 
 1.02000000e-01  1.94860860e-09 
 1.03000000e-01  1.99832139e-09 
 1.04000000e-01  2.04929938e-09 
 1.05000000e-01  2.10157463e-09 
 1.06000000e-01  2.15518005e-09 
 1.07000000e-01  2.21014934e-09 
 1.08000000e-01  2.26651709e-09 
 1.09000000e-01  2.32431873e-09 
 1.10000000e-01  2.38359060e-09 
 1.11000000e-01  2.44436994e-09 
 1.12000000e-01  2.50669495e-09 
 1.13000000e-01  2.57060478e-09 
 1.14000000e-01  2.63613955e-09 
 1.15000000e-01  2.70334042e-09 
 1.16000000e-01  2.77224957e-09 
 1.17000000e-01  2.84291024e-09 
 1.18000000e-01  2.91536675e-09 
 1.19000000e-01  2.98966456e-09 
 1.20000000e-01  3.06585025e-09 
 1.21000000e-01  3.14397158e-09 
 1.22000000e-01  3.22407751e-09 
 1.23000000e-01  3.30621822e-09 
 1.24000000e-01  3.39044518e-09 
 1.25000000e-01  3.47681111e-09 
 1.26000000e-01  3.56537008e-09 
 1.27000000e-01  3.65617751e-09 
 1.28000000e-01  3.74929023e-09 
 1.29000000e-01  3.84476646e-09 
 1.30000000e-01  3.94266591e-09 
 1.31000000e-01  4.04304977e-09 
 1.32000000e-01  4.14598076e-09 
 1.33000000e-01  4.25152320e-09 
 1.34000000e-01  4.35974300e-09 
 1.35000000e-01  4.47070771e-09 
 1.36000000e-01  4.58448659e-09 
 1.37000000e-01  4.70115063e-09 
 1.38000000e-01  4.82077260e-09 
 1.39000000e-01  4.94342708e-09 
 1.40000000e-01  5.06919052e-09 
 1.41000000e-01  5.19814128e-09 
 1.42000000e-01  5.33035968e-09 
 1.43000000e-01  5.46592806e-09 
 1.44000000e-01  5.60493078e-09 
 1.45000000e-01  5.74745435e-09 
 1.46000000e-01  5.89358741e-09 
 1.47000000e-01  6.04342084e-09 
 1.48000000e-01  6.19704774e-09 
 1.49000000e-01  6.35456358e-09 
 1.50000000e-01  6.51606619e-09 
 1.51000000e-01  6.68165584e-09 
 1.52000000e-01  6.85143529e-09 
 1.53000000e-01  7.02550988e-09 
 1.54000000e-01  7.20398754e-09 
 1.55000000e-01  7.38697893e-09 
 1.56000000e-01  7.57459742e-09 
 1.57000000e-01  7.76695922e-09 
 1.58000000e-01  7.96418344e-09 
 1.59000000e-01  8.16639212e-09 
 1.60000000e-01  8.37371037e-09 
 1.61000000e-01  8.58626638e-09 
 1.62000000e-01  8.80419152e-09 
 1.63000000e-01  9.02762044e-09 
 1.64000000e-01  9.25669112e-09 
 1.65000000e-01  9.49154495e-09 
 1.66000000e-01  9.73232685e-09 
 1.67000000e-01  9.97918530e-09 
 1.68000000e-01  1.02322725e-08 
 1.69000000e-01  1.04917444e-08 
 1.70000000e-01  1.07577607e-08 
 1.71000000e-01  1.10304853e-08 
 1.72000000e-01  1.13100859e-08 
 1.73000000e-01  1.15967344e-08 
 1.74000000e-01  1.18906072e-08 
 1.75000000e-01  1.21918847e-08 
 1.76000000e-01  1.25007519e-08 
 1.77000000e-01  1.28173985e-08 
 1.78000000e-01  1.31420185e-08 
 1.79000000e-01  1.34748112e-08 
 1.80000000e-01  1.38159804e-08 
 1.81000000e-01  1.41657351e-08 
 1.82000000e-01  1.45242894e-08 
 1.83000000e-01  1.48918626e-08 
 1.84000000e-01  1.52686796e-08 
 1.85000000e-01  1.56549707e-08 
 1.86000000e-01  1.60509717e-08 
 1.87000000e-01  1.64569244e-08 
 1.88000000e-01  1.68730766e-08 
 1.89000000e-01  1.72996819e-08 
 1.90000000e-01  1.77370005e-08 
 1.91000000e-01  1.81852985e-08 
 1.92000000e-01  1.86448489e-08 
 1.93000000e-01  1.91159313e-08 
 1.94000000e-01  1.95988320e-08 
 1.95000000e-01  2.00938445e-08 
 1.96000000e-01  2.06012694e-08 
 1.97000000e-01  2.11214145e-08 
 1.98000000e-01  2.16545954e-08 
 1.99000000e-01  2.22011351e-08 
 2.00000000e-01  2.27613647e-08 
 2.01000000e-01  2.33356233e-08 
 2.02000000e-01  2.39242583e-08 
 2.03000000e-01  2.45276254e-08 
 2.04000000e-01  2.51460892e-08 
 2.05000000e-01  2.57800229e-08 
 2.06000000e-01  2.64298091e-08 
 2.07000000e-01  2.70958394e-08 
 2.08000000e-01  2.77785150e-08 
 2.09000000e-01  2.84782470e-08 
 2.10000000e-01  2.91954562e-08 
 2.11000000e-01  2.99305738e-08 
 2.12000000e-01  3.06840413e-08 
 2.13000000e-01  3.14563110e-08 
 2.14000000e-01  3.22478462e-08 
 2.15000000e-01  3.30591211e-08 
 2.16000000e-01  3.38906218e-08 
 2.17000000e-01  3.47428457e-08 
 2.18000000e-01  3.56163025e-08 
 2.19000000e-01  3.65115142e-08 
 2.20000000e-01  3.74290151e-08 
 2.21000000e-01  3.83693526e-08 
 2.22000000e-01  3.93330873e-08 
 2.23000000e-01  4.03207931e-08 
 2.24000000e-01  4.13330579e-08 
 2.25000000e-01  4.23704836e-08 
 2.26000000e-01  4.34336865e-08 
 2.27000000e-01  4.45232978e-08 
 2.28000000e-01  4.56399638e-08 
 2.29000000e-01  4.67843462e-08 
 2.30000000e-01  4.79571227e-08 
 2.31000000e-01  4.91589871e-08 
 2.32000000e-01  5.03906497e-08 
 2.33000000e-01  5.16528380e-08 
 2.34000000e-01  5.29462966e-08 
 2.35000000e-01  5.42717881e-08 
 2.36000000e-01  5.56300931e-08 
 2.37000000e-01  5.70220108e-08 
 2.38000000e-01  5.84483595e-08 
 2.39000000e-01  5.99099770e-08 
 2.40000000e-01  6.14077209e-08 
 2.41000000e-01  6.29424692e-08 
 2.42000000e-01  6.45151208e-08 
 2.43000000e-01  6.61265957e-08 
 2.44000000e-01  6.77778359e-08 
 2.45000000e-01  6.94698056e-08 
 2.46000000e-01  7.12034920e-08 
 2.47000000e-01  7.29799053e-08 
 2.48000000e-01  7.48000798e-08 
 2.49000000e-01  7.66650741e-08 
 2.50000000e-01  7.85759718e-08 
 2.51000000e-01  8.05338821e-08 
 2.52000000e-01  8.25399401e-08 
 2.53000000e-01  8.45953078e-08 
 2.54000000e-01  8.67011745e-08 
 2.55000000e-01  8.88587573e-08 
 2.56000000e-01  9.10693019e-08 
 2.57000000e-01  9.33340833e-08 
 2.58000000e-01  9.56544063e-08 
 2.59000000e-01  9.80316062e-08 
 2.60000000e-01  1.00467050e-07 
 2.61000000e-01  1.02962135e-07 
 2.62000000e-01  1.05518293e-07 
 2.63000000e-01  1.08136989e-07 
 2.64000000e-01  1.10819722e-07 
 2.65000000e-01  1.13568024e-07 
 2.66000000e-01  1.16383466e-07 
 2.67000000e-01  1.19267652e-07 
 2.68000000e-01  1.22222226e-07 
 2.69000000e-01  1.25248870e-07 
 2.70000000e-01  1.28349303e-07 
 2.71000000e-01  1.31525285e-07 
 2.72000000e-01  1.34778617e-07 
 2.73000000e-01  1.38111141e-07 
 2.74000000e-01  1.41524743e-07 
 2.75000000e-01  1.45021351e-07 
 2.76000000e-01  1.48602938e-07 
 2.77000000e-01  1.52271522e-07 
 2.78000000e-01  1.56029169e-07 
 2.79000000e-01  1.59877991e-07 
 2.80000000e-01  1.63820149e-07 
 2.81000000e-01  1.67857854e-07 
 2.82000000e-01  1.71993367e-07 
 2.83000000e-01  1.76229002e-07 
 2.84000000e-01  1.80567125e-07 
 2.85000000e-01  1.85010156e-07 
 2.86000000e-01  1.89560571e-07 
 2.87000000e-01  1.94220904e-07 
 2.88000000e-01  1.98993743e-07 
 2.89000000e-01  2.03881739e-07 
 2.90000000e-01  2.08887602e-07 
 2.91000000e-01  2.14014103e-07 
 2.92000000e-01  2.19264076e-07 
 2.93000000e-01  2.24640421e-07 
 2.94000000e-01  2.30146103e-07 
 2.95000000e-01  2.35784154e-07 
 2.96000000e-01  2.41557676e-07 
 2.97000000e-01  2.47469839e-07 
 2.98000000e-01  2.53523887e-07 
 2.99000000e-01  2.59723136e-07 
 3.00000000e-01  2.66070979e-07 
 3.01000000e-01  2.72570884e-07 
 3.02000000e-01  2.79226397e-07 
 3.03000000e-01  2.86041144e-07 
 3.04000000e-01  2.93018836e-07 
 3.05000000e-01  3.00163262e-07 
 3.06000000e-01  3.07478301e-07 
 3.07000000e-01  3.14967918e-07 
 3.08000000e-01  3.22636165e-07 
 3.09000000e-01  3.30487189e-07 
 3.10000000e-01  3.38525226e-07 
 3.11000000e-01  3.46754609e-07 
 3.12000000e-01  3.55179768e-07 
 3.13000000e-01  3.63805234e-07 
 3.14000000e-01  3.72635635e-07 
 3.15000000e-01  3.81675707e-07 
 3.16000000e-01  3.90930290e-07 
 3.17000000e-01  4.00404331e-07 
 3.18000000e-01  4.10102890e-07 
 3.19000000e-01  4.20031138e-07 
 3.20000000e-01  4.30194362e-07 
 3.21000000e-01  4.40597967e-07 
 3.22000000e-01  4.51247477e-07 
 3.23000000e-01  4.62148542e-07 
 3.24000000e-01  4.73306934e-07 
 3.25000000e-01  4.84728557e-07 
 3.26000000e-01  4.96419443e-07 
 3.27000000e-01  5.08385761e-07 
 3.28000000e-01  5.20633814e-07 
 3.29000000e-01  5.33170047e-07 
 3.30000000e-01  5.46001047e-07 
 3.31000000e-01  5.59133548e-07 
 3.32000000e-01  5.72574432e-07 
 3.33000000e-01  5.86330734e-07 
 3.34000000e-01  6.00409646e-07 
 3.35000000e-01  6.14818518e-07 
 3.36000000e-01  6.29564861e-07 
 3.37000000e-01  6.44656356e-07 
 3.38000000e-01  6.60100850e-07 
 3.39000000e-01  6.75906367e-07 
 3.40000000e-01  6.92081105e-07 
 3.41000000e-01  7.08633445e-07 
 3.42000000e-01  7.25571953e-07 
 3.43000000e-01  7.42905385e-07 
 3.44000000e-01  7.60642687e-07 
 3.45000000e-01  7.78793005e-07 
 3.46000000e-01  7.97365687e-07 
 3.47000000e-01  8.16370286e-07 
 3.48000000e-01  8.35816567e-07 
 3.49000000e-01  8.55714508e-07 
 3.50000000e-01  8.76074309e-07 
 3.51000000e-01  8.96906395e-07 
 3.52000000e-01  9.18221418e-07 
 3.53000000e-01  9.40030269e-07 
 3.54000000e-01  9.62344074e-07 
 3.55000000e-01  9.85174208e-07 
 3.56000000e-01  1.00853229e-06 
 3.57000000e-01  1.03243021e-06 
 3.58000000e-01  1.05688011e-06 
 3.59000000e-01  1.08189438e-06 
 3.60000000e-01  1.10748573e-06 
 3.61000000e-01  1.13366709e-06 
 3.62000000e-01  1.16045173e-06 
 3.63000000e-01  1.18785319e-06 
 3.64000000e-01  1.21588529e-06 
 3.65000000e-01  1.24456217e-06 
 3.66000000e-01  1.27389830e-06 
 3.67000000e-01  1.30390843e-06 
 3.68000000e-01  1.33460767e-06 
 3.69000000e-01  1.36601143e-06 
 3.70000000e-01  1.39813550e-06 
 3.71000000e-01  1.43099597e-06 
 3.72000000e-01  1.46460931e-06 
 3.73000000e-01  1.49899236e-06 
 3.74000000e-01  1.53416232e-06 
 3.75000000e-01  1.57013676e-06 
 3.76000000e-01  1.60693364e-06 
 3.77000000e-01  1.64457133e-06 
 3.78000000e-01  1.68306858e-06 
 3.79000000e-01  1.72244458e-06 
 3.80000000e-01  1.76271892e-06 
 3.81000000e-01  1.80391162e-06 
 3.82000000e-01  1.84604316e-06 
 3.83000000e-01  1.88913445e-06 
 3.84000000e-01  1.93320686e-06 
 3.85000000e-01  1.97828224e-06 
 3.86000000e-01  2.02438291e-06 
 3.87000000e-01  2.07153169e-06 
 3.88000000e-01  2.11975189e-06 
 3.89000000e-01  2.16906734e-06 
 3.90000000e-01  2.21950239e-06 
 3.91000000e-01  2.27108191e-06 
 3.92000000e-01  2.32383133e-06 
 3.93000000e-01  2.37777663e-06 
 3.94000000e-01  2.43294436e-06 
 3.95000000e-01  2.48936166e-06 
 3.96000000e-01  2.54705624e-06 
 3.97000000e-01  2.60605643e-06 
 3.98000000e-01  2.66639118e-06 
 3.99000000e-01  2.72809007e-06 
 4.00000000e-01  2.79118331e-06 
 4.01000000e-01  2.85570179e-06 
 4.02000000e-01  2.92167705e-06 
 4.03000000e-01  2.98914132e-06 
 4.04000000e-01  3.05812755e-06 
 4.05000000e-01  3.12866937e-06 
 4.06000000e-01  3.20080117e-06 
 4.07000000e-01  3.27455805e-06 
 4.08000000e-01  3.34997590e-06 
 4.09000000e-01  3.42709137e-06 
 4.10000000e-01  3.50594188e-06 
 4.11000000e-01  3.58656569e-06 
 4.12000000e-01  3.66900185e-06 
 4.13000000e-01  3.75329027e-06 
 4.14000000e-01  3.83947169e-06 
 4.15000000e-01  3.92758773e-06 
 4.16000000e-01  4.01768090e-06 
 4.17000000e-01  4.10979461e-06 
 4.18000000e-01  4.20397319e-06 
 4.19000000e-01  4.30026190e-06 
 4.20000000e-01  4.39870697e-06 
 4.21000000e-01  4.49935559e-06 
 4.22000000e-01  4.60225595e-06 
 4.23000000e-01  4.70745723e-06 
 4.24000000e-01  4.81500967e-06 
 4.25000000e-01  4.92496452e-06 
 4.26000000e-01  5.03737412e-06 
 4.27000000e-01  5.15229187e-06 
 4.28000000e-01  5.26977229e-06 
 4.29000000e-01  5.38987102e-06 
 4.30000000e-01  5.51264482e-06 
 4.31000000e-01  5.63815162e-06 
 4.32000000e-01  5.76645054e-06 
 4.33000000e-01  5.89760187e-06 
 4.34000000e-01  6.03166712e-06 
 4.35000000e-01  6.16870907e-06 
 4.36000000e-01  6.30879170e-06 
 4.37000000e-01  6.45198031e-06 
 4.38000000e-01  6.59834146e-06 
 4.39000000e-01  6.74794303e-06 
 4.40000000e-01  6.90085425e-06 
 4.41000000e-01  7.05714568e-06 
 4.42000000e-01  7.21688924e-06 
 4.43000000e-01  7.38015826e-06 
 4.44000000e-01  7.54702747e-06 
 4.45000000e-01  7.71757303e-06 
 4.46000000e-01  7.89187252e-06 
 4.47000000e-01  8.07000500e-06 
 4.48000000e-01  8.25205101e-06 
 4.49000000e-01  8.43809259e-06 
 4.50000000e-01  8.62821329e-06 
 4.51000000e-01  8.82249818e-06 
 4.52000000e-01  9.02103390e-06 
 4.53000000e-01  9.22390864e-06 
 4.54000000e-01  9.43121218e-06 
 4.55000000e-01  9.64303589e-06 
 4.56000000e-01  9.85947277e-06 
 4.57000000e-01  1.00806174e-05 
 4.58000000e-01  1.03065661e-05 
 4.59000000e-01  1.05374167e-05 
 4.60000000e-01  1.07732688e-05 
 4.61000000e-01  1.10142237e-05 
 4.62000000e-01  1.12603843e-05 
 4.63000000e-01  1.15118553e-05 
 4.64000000e-01  1.17687430e-05 
 4.65000000e-01  1.20311556e-05 
 4.66000000e-01  1.22992029e-05 
 4.67000000e-01  1.25729963e-05 
 4.68000000e-01  1.28526494e-05 
 4.69000000e-01  1.31382770e-05 
 4.70000000e-01  1.34299961e-05 
 4.71000000e-01  1.37279253e-05 
 4.72000000e-01  1.40321849e-05 
 4.73000000e-01  1.43428970e-05 
 4.74000000e-01  1.46601857e-05 
 4.75000000e-01  1.49841765e-05 
 4.76000000e-01  1.53149970e-05 
 4.77000000e-01  1.56527763e-05 
 4.78000000e-01  1.59976455e-05 
 4.79000000e-01  1.63497374e-05 
 4.80000000e-01  1.67091865e-05 
 4.81000000e-01  1.70761291e-05 
 4.82000000e-01  1.74507031e-05 
 4.83000000e-01  1.78330485e-05 
 4.84000000e-01  1.82233067e-05 
 4.85000000e-01  1.86216208e-05 
 4.86000000e-01  1.90281358e-05 
 4.87000000e-01  1.94429984e-05 
 4.88000000e-01  1.98663567e-05 
 4.89000000e-01  2.02983607e-05 
 4.90000000e-01  2.07391620e-05 
 4.91000000e-01  2.11889137e-05 
 4.92000000e-01  2.16477705e-05 
 4.93000000e-01  2.21158888e-05 
 4.94000000e-01  2.25934264e-05 
 4.95000000e-01  2.30805428e-05 
 4.96000000e-01  2.35773986e-05 
 4.97000000e-01  2.40841564e-05 
 4.98000000e-01  2.46009797e-05 
 4.99000000e-01  2.51280337e-05 
 5.00000000e-01  2.56654848e-05 
 5.01000000e-01  2.62135009e-05 
 5.02000000e-01  2.67722509e-05 
 5.03000000e-01  2.73419052e-05 
 5.04000000e-01  2.79226351e-05 
 5.05000000e-01  2.85146134e-05 
 5.06000000e-01  2.91180137e-05 
 5.07000000e-01  2.97330108e-05 
 5.08000000e-01  3.03597804e-05 
 5.09000000e-01  3.09984993e-05 
 5.10000000e-01  3.16493452e-05 
 5.11000000e-01  3.23124964e-05 
 5.12000000e-01  3.29881322e-05 
 5.13000000e-01  3.36764327e-05 
 5.14000000e-01  3.43775784e-05 
 5.15000000e-01  3.50917506e-05 
 5.16000000e-01  3.58191313e-05 
 5.17000000e-01  3.65599026e-05 
 5.18000000e-01  3.73142474e-05 
 5.19000000e-01  3.80823486e-05 
 5.20000000e-01  3.88643898e-05 
 5.21000000e-01  3.96605544e-05 
 5.22000000e-01  4.04710263e-05 
 5.23000000e-01  4.12959892e-05 
 5.24000000e-01  4.21356270e-05 
 5.25000000e-01  4.29901235e-05 
 5.26000000e-01  4.38596621e-05 
 5.27000000e-01  4.47444265e-05 
 5.28000000e-01  4.56445995e-05 
 5.29000000e-01  4.65603640e-05 
 5.30000000e-01  4.74919022e-05 
 5.31000000e-01  4.84393959e-05 
 5.32000000e-01  4.94030261e-05 
 5.33000000e-01  5.03829733e-05 
 5.34000000e-01  5.13794172e-05 
 5.35000000e-01  5.23925364e-05 
 5.36000000e-01  5.34225089e-05 
 5.37000000e-01  5.44695114e-05 
 5.38000000e-01  5.55337198e-05 
 5.39000000e-01  5.66153084e-05 
 5.40000000e-01  5.77144506e-05 
 5.41000000e-01  5.88313183e-05 
 5.42000000e-01  5.99660818e-05 
 5.43000000e-01  6.11189101e-05 
 5.44000000e-01  6.22899706e-05 
 5.45000000e-01  6.34794289e-05 
 5.46000000e-01  6.46874488e-05 
 5.47000000e-01  6.59141923e-05 
 5.48000000e-01  6.71598195e-05 
 5.49000000e-01  6.84244884e-05 
 5.50000000e-01  6.97083550e-05 
 5.51000000e-01  7.10115731e-05 
 5.52000000e-01  7.23342942e-05 
 5.53000000e-01  7.36766674e-05 
 5.54000000e-01  7.50388396e-05 
 5.55000000e-01  7.64209551e-05 
 5.56000000e-01  7.78231554e-05 
 5.57000000e-01  7.92455799e-05 
 5.58000000e-01  8.06883648e-05 
 5.59000000e-01  8.21516437e-05 
 5.60000000e-01  8.36355475e-05 
 5.61000000e-01  8.51402039e-05 
 5.62000000e-01  8.66657379e-05 
 5.63000000e-01  8.82122713e-05 
 5.64000000e-01  8.97799228e-05 
 5.65000000e-01  9.13688080e-05 
 5.66000000e-01  9.29790392e-05 
 5.67000000e-01  9.46107254e-05 
 5.68000000e-01  9.62639725e-05 
 5.69000000e-01  9.79388826e-05 
 5.70000000e-01  9.96355548e-05 
 5.71000000e-01  1.01354084e-04 
 5.72000000e-01  1.03094563e-04 
 5.73000000e-01  1.04857079e-04 
 5.74000000e-01  1.06641718e-04 
 5.75000000e-01  1.08448560e-04 
 5.76000000e-01  1.10277682e-04 
 5.77000000e-01  1.12129158e-04 
 5.78000000e-01  1.14003058e-04 
 5.79000000e-01  1.15899448e-04 
 5.80000000e-01  1.17818390e-04 
 5.81000000e-01  1.19759942e-04 
 5.82000000e-01  1.21724159e-04 
 5.83000000e-01  1.23711091e-04 
 5.84000000e-01  1.25720785e-04 
 5.85000000e-01  1.27753284e-04 
 5.86000000e-01  1.29808626e-04 
 5.87000000e-01  1.31886846e-04 
 5.88000000e-01  1.33987975e-04 
 5.89000000e-01  1.36112041e-04 
 5.90000000e-01  1.38259065e-04 
 5.91000000e-01  1.40429067e-04 
 5.92000000e-01  1.42622061e-04 
 5.93000000e-01  1.44838060e-04 
 5.94000000e-01  1.47077070e-04 
 5.95000000e-01  1.49339093e-04 
 5.96000000e-01  1.51624130e-04 
 5.97000000e-01  1.53932176e-04 
 5.98000000e-01  1.56263221e-04 
 5.99000000e-01  1.58617254e-04 
 6.00000000e-01  1.60994257e-04 
 6.01000000e-01  1.63394212e-04 
 6.02000000e-01  1.65817093e-04 
 6.03000000e-01  1.68262874e-04 
 6.04000000e-01  1.70731522e-04 
 6.05000000e-01  1.73223002e-04 
 6.06000000e-01  1.75737275e-04 
 6.07000000e-01  1.78274299e-04 
 6.08000000e-01  1.80834027e-04 
 6.09000000e-01  1.83416410e-04 
 6.10000000e-01  1.86021394e-04 
 6.11000000e-01  1.88648922e-04 
 6.12000000e-01  1.91298934e-04 
 6.13000000e-01  1.93971366e-04 
 6.14000000e-01  1.96666152e-04 
 6.15000000e-01  1.99383220e-04 
 6.16000000e-01  2.02122498e-04 
 6.17000000e-01  2.04883908e-04 
 6.18000000e-01  2.07667370e-04 
 6.19000000e-01  2.10472802e-04 
 6.20000000e-01  2.13300117e-04 
 6.21000000e-01  2.16149227e-04 
 6.22000000e-01  2.19020038e-04 
 6.23000000e-01  2.21912457e-04 
 6.24000000e-01  2.24826385e-04 
 6.25000000e-01  2.27761723e-04 
 6.26000000e-01  2.30718367e-04 
 6.27000000e-01  2.33696211e-04 
 6.28000000e-01  2.36695148e-04 
 6.29000000e-01  2.39715066e-04 
 6.30000000e-01  2.42755852e-04 
 6.31000000e-01  2.45817391e-04 
 6.32000000e-01  2.48899564e-04 
 6.33000000e-01  2.52002253e-04 
 6.34000000e-01  2.55125334e-04 
 6.35000000e-01  2.58268684e-04 
 6.36000000e-01  2.61432175e-04 
 6.37000000e-01  2.64615680e-04 
 6.38000000e-01  2.67819069e-04 
 6.39000000e-01  2.71042208e-04 
 6.40000000e-01  2.74284966e-04 
 6.41000000e-01  2.77547205e-04 
 6.42000000e-01  2.80828790e-04 
 6.43000000e-01  2.84129581e-04 
 6.44000000e-01  2.87449438e-04 
 6.45000000e-01  2.90788219e-04 
 6.46000000e-01  2.94145782e-04 
 6.47000000e-01  2.97521983e-04 
 6.48000000e-01  3.00916675e-04 
 6.49000000e-01  3.04329712e-04 
 6.50000000e-01  3.07760947e-04 
 6.51000000e-01  3.11210230e-04 
 6.52000000e-01  3.14677413e-04 
 6.53000000e-01  3.18162343e-04 
 6.54000000e-01  3.21664870e-04 
 6.55000000e-01  3.25184841e-04 
 6.56000000e-01  3.28722104e-04 
 6.57000000e-01  3.32276504e-04 
 6.58000000e-01  3.35847887e-04 
 6.59000000e-01  3.39436098e-04 
 6.60000000e-01  3.43040983e-04 
 6.61000000e-01  3.46662384e-04 
 6.62000000e-01  3.50300147e-04 
 6.63000000e-01  3.53954114e-04 
 6.64000000e-01  3.57624128e-04 
 6.65000000e-01  3.61310034e-04 
 6.66000000e-01  3.65011673e-04 
 6.67000000e-01  3.68728888e-04 
 6.68000000e-01  3.72461521e-04 
 6.69000000e-01  3.76209417e-04 
 6.70000000e-01  3.79972417e-04 
 6.71000000e-01  3.83750363e-04 
 6.72000000e-01  3.87543100e-04 
 6.73000000e-01  3.91350469e-04 
 6.74000000e-01  3.95172315e-04 
 6.75000000e-01  3.99008481e-04 
 6.76000000e-01  4.02858810e-04 
 6.77000000e-01  4.06723148e-04 
 6.78000000e-01  4.10601338e-04 
 6.79000000e-01  4.14493226e-04 
 6.80000000e-01  4.18398656e-04 
 6.81000000e-01  4.22317476e-04 
 6.82000000e-01  4.26249532e-04 
 6.83000000e-01  4.30194671e-04 
 6.84000000e-01  4.34152740e-04 
 6.85000000e-01  4.38123588e-04 
 6.86000000e-01  4.42107065e-04 
 6.87000000e-01  4.46103019e-04 
 6.88000000e-01  4.50111301e-04 
 6.89000000e-01  4.54131764e-04 
 6.90000000e-01  4.58164258e-04 
 6.91000000e-01  4.62208637e-04 
 6.92000000e-01  4.66264754e-04 
 6.93000000e-01  4.70332465e-04 
 6.94000000e-01  4.74411624e-04 
 6.95000000e-01  4.78502088e-04 
 6.96000000e-01  4.82603715e-04 
 6.97000000e-01  4.86716363e-04 
 6.98000000e-01  4.90839891e-04 
 6.99000000e-01  4.94974159e-04 
 7.00000000e-01  4.99119030e-04 
 7.01000000e-01  5.03274366e-04 
 7.02000000e-01  5.07440029e-04 
 7.03000000e-01  5.11615886e-04 
 7.04000000e-01  5.15801800e-04 
 7.05000000e-01  5.19997640e-04 
 7.06000000e-01  5.24203273e-04 
 7.07000000e-01  5.28418568e-04 
 7.08000000e-01  5.32643395e-04 
 7.09000000e-01  5.36877627e-04 
 7.10000000e-01  5.41121134e-04 
 7.11000000e-01  5.45373792e-04 
 7.12000000e-01  5.49635474e-04 
 7.13000000e-01  5.53906057e-04 
 7.14000000e-01  5.58185419e-04 
 7.15000000e-01  5.62473438e-04 
 7.16000000e-01  5.66769993e-04 
 7.17000000e-01  5.71074966e-04 
 7.18000000e-01  5.75388238e-04 
 7.19000000e-01  5.79709694e-04 
 7.20000000e-01  5.84039218e-04 
 7.21000000e-01  5.88376695e-04 
 7.22000000e-01  5.92722013e-04 
 7.23000000e-01  5.97075061e-04 
 7.24000000e-01  6.01435728e-04 
 7.25000000e-01  6.05803904e-04 
 7.26000000e-01  6.10179483e-04 
 7.27000000e-01  6.14562357e-04 
 7.28000000e-01  6.18952421e-04 
 7.29000000e-01  6.23349571e-04 
 7.30000000e-01  6.27753704e-04 
 7.31000000e-01  6.32164718e-04 
 7.32000000e-01  6.36582514e-04 
 7.33000000e-01  6.41006991e-04 
 7.34000000e-01  6.45438053e-04 
 7.35000000e-01  6.49875602e-04 
 7.36000000e-01  6.54319543e-04 
 7.37000000e-01  6.58769782e-04 
 7.38000000e-01  6.63226225e-04 
 7.39000000e-01  6.67688782e-04 
 7.40000000e-01  6.72157361e-04 
 7.41000000e-01  6.76631873e-04 
 7.42000000e-01  6.81112230e-04 
 7.43000000e-01  6.85598345e-04 
 7.44000000e-01  6.90090132e-04 
 7.45000000e-01  6.94587506e-04 
 7.46000000e-01  6.99090385e-04 
 7.47000000e-01  7.03598685e-04 
 7.48000000e-01  7.08112326e-04 
 7.49000000e-01  7.12631228e-04 
 7.50000000e-01  7.17155311e-04 
 7.51000000e-01  7.21684499e-04 
 7.52000000e-01  7.26218715e-04 
 7.53000000e-01  7.30757883e-04 
 7.54000000e-01  7.35301928e-04 
 7.55000000e-01  7.39850778e-04 
 7.56000000e-01  7.44404361e-04 
 7.57000000e-01  7.48962605e-04 
 7.58000000e-01  7.53525441e-04 
 7.59000000e-01  7.58092799e-04 
 7.60000000e-01  7.62664611e-04 
 7.61000000e-01  7.67240812e-04 
 7.62000000e-01  7.71821334e-04 
 7.63000000e-01  7.76406113e-04 
 7.64000000e-01  7.80995086e-04 
 7.65000000e-01  7.85588189e-04 
 7.66000000e-01  7.90185361e-04 
 7.67000000e-01  7.94786542e-04 
 7.68000000e-01  7.99391670e-04 
 7.69000000e-01  8.04000688e-04 
 7.70000000e-01  8.08613537e-04 
 7.71000000e-01  8.13230161e-04 
 7.72000000e-01  8.17850503e-04 
 7.73000000e-01  8.22474508e-04 
 7.74000000e-01  8.27102123e-04 
 7.75000000e-01  8.31733294e-04 
 7.76000000e-01  8.36367968e-04 
 7.77000000e-01  8.41006094e-04 
 7.78000000e-01  8.45647621e-04 
 7.79000000e-01  8.50292499e-04 
 7.80000000e-01  8.54940681e-04 
 7.81000000e-01  8.59592116e-04 
 7.82000000e-01  8.64246759e-04 
 7.83000000e-01  8.68904562e-04 
 7.84000000e-01  8.73565480e-04 
 7.85000000e-01  8.78229468e-04 
 7.86000000e-01  8.82896482e-04 
 7.87000000e-01  8.87566479e-04 
 7.88000000e-01  8.92239416e-04 
 7.89000000e-01  8.96915251e-04 
 7.90000000e-01  9.01593944e-04 
 7.91000000e-01  9.06275453e-04 
 7.92000000e-01  9.10959740e-04 
 7.93000000e-01  9.15646765e-04 
 7.94000000e-01  9.20336490e-04 
 7.95000000e-01  9.25028879e-04 
 7.96000000e-01  9.29723893e-04 
 7.97000000e-01  9.34421497e-04 
 7.98000000e-01  9.39121655e-04 
 7.99000000e-01  9.43824333e-04 
 8.00000000e-01  9.48529496e-04 
 8.01000000e-01  9.53237111e-04 
 8.02000000e-01  9.57947146e-04 
 8.03000000e-01  9.62659566e-04 
 8.04000000e-01  9.67374342e-04 
 8.05000000e-01  9.72091441e-04 
 8.06000000e-01  9.76810834e-04 
 8.07000000e-01  9.81532491e-04 
 8.08000000e-01  9.86256381e-04 
 8.09000000e-01  9.90982477e-04 
 8.10000000e-01  9.95710749e-04 
 8.11000000e-01  1.00044117e-03 
 8.12000000e-01  1.00517372e-03 
 8.13000000e-01  1.00990836e-03 
 8.14000000e-01  1.01464506e-03 
 8.15000000e-01  1.01938382e-03 
 8.16000000e-01  1.02412459e-03 
 8.17000000e-01  1.02886735e-03 
 8.18000000e-01  1.03361209e-03 
 8.19000000e-01  1.03835877e-03 
 8.20000000e-01  1.04310737e-03 
 8.21000000e-01  1.04785788e-03 
 8.22000000e-01  1.05261026e-03 
 8.23000000e-01  1.05736450e-03 
 8.24000000e-01  1.06212057e-03 
 8.25000000e-01  1.06687846e-03 
 8.26000000e-01  1.07163814e-03 
 8.27000000e-01  1.07639959e-03 
 8.28000000e-01  1.08116279e-03 
 8.29000000e-01  1.08592773e-03 
 8.30000000e-01  1.09069439e-03 
 8.31000000e-01  1.09546274e-03 
 8.32000000e-01  1.10023276e-03 
 8.33000000e-01  1.10500445e-03 
 8.34000000e-01  1.10977778e-03 
 8.35000000e-01  1.11455274e-03 
 8.36000000e-01  1.11932930e-03 
 8.37000000e-01  1.12410746e-03 
 8.38000000e-01  1.12888719e-03 
 8.39000000e-01  1.13366849e-03 
 8.40000000e-01  1.13845133e-03 
 8.41000000e-01  1.14323570e-03 
 8.42000000e-01  1.14802158e-03 
 8.43000000e-01  1.15280897e-03 
 8.44000000e-01  1.15759784e-03 
 8.45000000e-01  1.16238818e-03 
 8.46000000e-01  1.16717999e-03 
 8.47000000e-01  1.17197324e-03 
 8.48000000e-01  1.17676792e-03 
 8.49000000e-01  1.18156402e-03 
 8.50000000e-01  1.18636153e-03 
 8.51000000e-01  1.19116044e-03 
 8.52000000e-01  1.19596073e-03 
 8.53000000e-01  1.20076239e-03 
 8.54000000e-01  1.20556541e-03 
 8.55000000e-01  1.21036978e-03 
 8.56000000e-01  1.21517548e-03 
 8.57000000e-01  1.21998252e-03 
 8.58000000e-01  1.22479087e-03 
 8.59000000e-01  1.22960053e-03 
 8.60000000e-01  1.23441148e-03 
 8.61000000e-01  1.23922372e-03 
 8.62000000e-01  1.24403723e-03 
 8.63000000e-01  1.24885202e-03 
 8.64000000e-01  1.25366806e-03 
 8.65000000e-01  1.25848534e-03 
 8.66000000e-01  1.26330387e-03 
 8.67000000e-01  1.26812363e-03 
 8.68000000e-01  1.27294461e-03 
 8.69000000e-01  1.27776681e-03 
 8.70000000e-01  1.28259021e-03 
 8.71000000e-01  1.28741481e-03 
 8.72000000e-01  1.29224060e-03 
 8.73000000e-01  1.29706757e-03 
 8.74000000e-01  1.30189571e-03 
 8.75000000e-01  1.30672503e-03 
 8.76000000e-01  1.31155550e-03 
 8.77000000e-01  1.31638713e-03 
 8.78000000e-01  1.32121990e-03 
 8.79000000e-01  1.32605381e-03 
 8.80000000e-01  1.33088885e-03 
 8.81000000e-01  1.33572502e-03 
 8.82000000e-01  1.34056231e-03 
 8.83000000e-01  1.34540071e-03 
 8.84000000e-01  1.35024022e-03 
 8.85000000e-01  1.35508084e-03 
 8.86000000e-01  1.35992254e-03 
 8.87000000e-01  1.36476534e-03 
 8.88000000e-01  1.36960922e-03 
 8.89000000e-01  1.37445417e-03 
 8.90000000e-01  1.37930020e-03 
 8.91000000e-01  1.38414730e-03 
 8.92000000e-01  1.38899546e-03 
 8.93000000e-01  1.39384468e-03 
 8.94000000e-01  1.39869495e-03 
 8.95000000e-01  1.40354626e-03 
 8.96000000e-01  1.40839862e-03 
 8.97000000e-01  1.41325201e-03 
 8.98000000e-01  1.41810644e-03 
 8.99000000e-01  1.42296190e-03 
 9.00000000e-01  1.42781838e-03 
 9.01000000e-01  1.43267587e-03 
 9.02000000e-01  1.43753439e-03 
 9.03000000e-01  1.44239391e-03 
 9.04000000e-01  1.44725444e-03 
 9.05000000e-01  1.45211597e-03 
 9.06000000e-01  1.45697850e-03 
 9.07000000e-01  1.46184202e-03 
 9.08000000e-01  1.46670653e-03 
 9.09000000e-01  1.47157203e-03 
 9.10000000e-01  1.47643851e-03 
 9.11000000e-01  1.48130597e-03 
 9.12000000e-01  1.48617441e-03 
 9.13000000e-01  1.49104381e-03 
 9.14000000e-01  1.49591419e-03 
 9.15000000e-01  1.50078552e-03 
 9.16000000e-01  1.50565782e-03 
 9.17000000e-01  1.51053107e-03 
 9.18000000e-01  1.51540528e-03 
 9.19000000e-01  1.52028044e-03 
 9.20000000e-01  1.52515654e-03 
 9.21000000e-01  1.53003359e-03 
 9.22000000e-01  1.53491158e-03 
 9.23000000e-01  1.53979051e-03 
 9.24000000e-01  1.54467037e-03 
 9.25000000e-01  1.54955116e-03 
 9.26000000e-01  1.55443288e-03 
 9.27000000e-01  1.55931552e-03 
 9.28000000e-01  1.56419909e-03 
 9.29000000e-01  1.56908358e-03 
 9.30000000e-01  1.57396898e-03 
 9.31000000e-01  1.57885529e-03 
 9.32000000e-01  1.58374252e-03 
 9.33000000e-01  1.58863065e-03 
 9.34000000e-01  1.59351969e-03 
 9.35000000e-01  1.59840963e-03 
 9.36000000e-01  1.60330047e-03 
 9.37000000e-01  1.60819221e-03 
 9.38000000e-01  1.61308483e-03 
 9.39000000e-01  1.61797836e-03 
 9.40000000e-01  1.62287276e-03 
 9.41000000e-01  1.62776806e-03 
 9.42000000e-01  1.63266424e-03 
 9.43000000e-01  1.63756129e-03 
 9.44000000e-01  1.64245923e-03 
 9.45000000e-01  1.64735804e-03 
 9.46000000e-01  1.65225773e-03 
 9.47000000e-01  1.65715828e-03 
 9.48000000e-01  1.66205970e-03 
 9.49000000e-01  1.66696199e-03 
 9.50000000e-01  1.67186514e-03 
 9.51000000e-01  1.67676915e-03 
 9.52000000e-01  1.68167402e-03 
 9.53000000e-01  1.68657974e-03 
 9.54000000e-01  1.69148632e-03 
 9.55000000e-01  1.69639374e-03 
 9.56000000e-01  1.70130202e-03 
 9.57000000e-01  1.70621114e-03 
 9.58000000e-01  1.71112110e-03 
 9.59000000e-01  1.71603190e-03 
 9.60000000e-01  1.72094355e-03 
 9.61000000e-01  1.72585602e-03 
 9.62000000e-01  1.73076933e-03 
 9.63000000e-01  1.73568347e-03 
 9.64000000e-01  1.74059844e-03 
 9.65000000e-01  1.74551424e-03 
 9.66000000e-01  1.75043086e-03 
 9.67000000e-01  1.75534830e-03 
 9.68000000e-01  1.76026656e-03 
 9.69000000e-01  1.76518564e-03 
 9.70000000e-01  1.77010553e-03 
 9.71000000e-01  1.77502624e-03 
 9.72000000e-01  1.77994775e-03 
 9.73000000e-01  1.78487007e-03 
 9.74000000e-01  1.78979319e-03 
 9.75000000e-01  1.79471712e-03 
 9.76000000e-01  1.79964185e-03 
 9.77000000e-01  1.80456738e-03 
 9.78000000e-01  1.80949370e-03 
 9.79000000e-01  1.81442081e-03 
 9.80000000e-01  1.81934871e-03 
 9.81000000e-01  1.82427741e-03 
 9.82000000e-01  1.82920688e-03 
 9.83000000e-01  1.83413714e-03 
 9.84000000e-01  1.83906819e-03 
 9.85000000e-01  1.84400001e-03 
 9.86000000e-01  1.84893261e-03 
 9.87000000e-01  1.85386598e-03 
 9.88000000e-01  1.85880012e-03 
 9.89000000e-01  1.86373503e-03 
 9.90000000e-01  1.86867071e-03 
 9.91000000e-01  1.87360715e-03 
 9.92000000e-01  1.87854435e-03 
 9.93000000e-01  1.88348232e-03 
 9.94000000e-01  1.88842104e-03 
 9.95000000e-01  1.89336051e-03 
 9.96000000e-01  1.89830074e-03 
 9.97000000e-01  1.90324171e-03 
 9.98000000e-01  1.90818344e-03 
 9.99000000e-01  1.91312590e-03 
 1.00000000e+00  1.91806911e-03 
 1.00100000e+00  1.92301306e-03 
 1.00200000e+00  1.92795775e-03 
 1.00300000e+00  1.93290317e-03 
 1.00400000e+00  1.93784932e-03 
 1.00500000e+00  1.94279621e-03 
 1.00600000e+00  1.94774382e-03 
 1.00700000e+00  1.95269215e-03 
 1.00800000e+00  1.95764121e-03 
 1.00900000e+00  1.96259099e-03 
 1.01000000e+00  1.96754148e-03 
 1.01100000e+00  1.97249269e-03 
 1.01200000e+00  1.97744461e-03 
 1.01300000e+00  1.98239724e-03 
 1.01400000e+00  1.98735058e-03 
 1.01500000e+00  1.99230462e-03 
 1.01600000e+00  1.99725936e-03 
 1.01700000e+00  2.00221480e-03 
 1.01800000e+00  2.00717094e-03 
 1.01900000e+00  2.01212778e-03 
 1.02000000e+00  2.01708530e-03 
 1.02100000e+00  2.02204351e-03 
 1.02200000e+00  2.02700241e-03 
 1.02300000e+00  2.03196199e-03 
 1.02400000e+00  2.03692226e-03 
 1.02500000e+00  2.04188320e-03 
 1.02600000e+00  2.04684482e-03 
 1.02700000e+00  2.05180711e-03 
 1.02800000e+00  2.05677007e-03 
 1.02900000e+00  2.06173370e-03 
 1.03000000e+00  2.06669799e-03 
 1.03100000e+00  2.07166295e-03 
 1.03200000e+00  2.07662856e-03 
 1.03300000e+00  2.08159483e-03 
 1.03400000e+00  2.08656176e-03 
 1.03500000e+00  2.09152934e-03 
 1.03600000e+00  2.09649756e-03 
 1.03700000e+00  2.10146643e-03 
 1.03800000e+00  2.10643595e-03 
 1.03900000e+00  2.11140611e-03 
 1.04000000e+00  2.11637690e-03 
 1.04100000e+00  2.12134833e-03 
 1.04200000e+00  2.12632039e-03 
 1.04300000e+00  2.13129308e-03 
 1.04400000e+00  2.13626640e-03 
 1.04500000e+00  2.14124034e-03 
 1.04600000e+00  2.14621490e-03 
 1.04700000e+00  2.15119008e-03 
 1.04800000e+00  2.15616587e-03 
 1.04900000e+00  2.16114228e-03 
 1.05000000e+00  2.16611930e-03 
 1.05100000e+00  2.17109693e-03 
 1.05200000e+00  2.17607515e-03 
 1.05300000e+00  2.18105399e-03 
 1.05400000e+00  2.18603341e-03 
 1.05500000e+00  2.19101344e-03 
 1.05600000e+00  2.19599406e-03 
 1.05700000e+00  2.20097526e-03 
 1.05800000e+00  2.20595706e-03 
 1.05900000e+00  2.21093944e-03 
 1.06000000e+00  2.21592240e-03 
 1.06100000e+00  2.22090594e-03 
 1.06200000e+00  2.22589005e-03 
 1.06300000e+00  2.23087474e-03 
 1.06400000e+00  2.23585999e-03 
 1.06500000e+00  2.24084581e-03 
 1.06600000e+00  2.24583220e-03 
 1.06700000e+00  2.25081915e-03 
 1.06800000e+00  2.25580665e-03 
 1.06900000e+00  2.26079472e-03 
 1.07000000e+00  2.26578333e-03 
 1.07100000e+00  2.27077249e-03 
 1.07200000e+00  2.27576220e-03 
 1.07300000e+00  2.28075245e-03 
 1.07400000e+00  2.28574324e-03 
 1.07500000e+00  2.29073457e-03 
 1.07600000e+00  2.29572644e-03 
 1.07700000e+00  2.30071883e-03 
 1.07800000e+00  2.30571175e-03 
 1.07900000e+00  2.31070520e-03 
 1.08000000e+00  2.31569917e-03 
 1.08100000e+00  2.32069367e-03 
 1.08200000e+00  2.32568867e-03 
 1.08300000e+00  2.33068419e-03 
 1.08400000e+00  2.33568023e-03 
 1.08500000e+00  2.34067677e-03 
 1.08600000e+00  2.34567381e-03 
 1.08700000e+00  2.35067135e-03 
 1.08800000e+00  2.35566940e-03 
 1.08900000e+00  2.36066794e-03 
 1.09000000e+00  2.36566697e-03 
 1.09100000e+00  2.37066649e-03 
 1.09200000e+00  2.37566650e-03 
 1.09300000e+00  2.38066699e-03 
 1.09400000e+00  2.38566796e-03 
 1.09500000e+00  2.39066941e-03 
 1.09600000e+00  2.39567133e-03 
 1.09700000e+00  2.40067372e-03 
 1.09800000e+00  2.40567659e-03 
 1.09900000e+00  2.41067991e-03 
 1.10000000e+00  2.41568370e-03 
 1.10100000e+00  2.42068795e-03 
 1.10200000e+00  2.42569265e-03 
 1.10300000e+00  2.43069781e-03 
 1.10400000e+00  2.43570342e-03 
 1.10500000e+00  2.44070947e-03 
 1.10600000e+00  2.44571597e-03 
 1.10700000e+00  2.45072290e-03 
 1.10800000e+00  2.45573028e-03 
 1.10900000e+00  2.46073809e-03 
 1.11000000e+00  2.46574633e-03 
 1.11100000e+00  2.47075500e-03 
 1.11200000e+00  2.47576409e-03 
 1.11300000e+00  2.48077361e-03 
 1.11400000e+00  2.48578354e-03 
 1.11500000e+00  2.49079389e-03 
 1.11600000e+00  2.49580466e-03 
 1.11700000e+00  2.50081583e-03 
 1.11800000e+00  2.50582741e-03 
 1.11900000e+00  2.51083940e-03 
 1.12000000e+00  2.51585178e-03 
 1.12100000e+00  2.52086457e-03 
 1.12200000e+00  2.52587774e-03 
 1.12300000e+00  2.53089131e-03 
 1.12400000e+00  2.53590527e-03 
 1.12500000e+00  2.54091961e-03 
 1.12600000e+00  2.54593433e-03 
 1.12700000e+00  2.55094944e-03 
 1.12800000e+00  2.55596491e-03 
 1.12900000e+00  2.56098076e-03 
 1.13000000e+00  2.56599699e-03 
 1.13100000e+00  2.57101357e-03 
 1.13200000e+00  2.57603052e-03 
 1.13300000e+00  2.58104783e-03 
 1.13400000e+00  2.58606550e-03 
 1.13500000e+00  2.59108353e-03 
 1.13600000e+00  2.59610190e-03 
 1.13700000e+00  2.60112062e-03 
 1.13800000e+00  2.60613969e-03 
 1.13900000e+00  2.61115910e-03 
 1.14000000e+00  2.61617884e-03 
 1.14100000e+00  2.62119893e-03 
 1.14200000e+00  2.62621934e-03 
 1.14300000e+00  2.63124009e-03 
 1.14400000e+00  2.63626116e-03 
 1.14500000e+00  2.64128255e-03 
 1.14600000e+00  2.64630427e-03 
 1.14700000e+00  2.65132630e-03 
 1.14800000e+00  2.65634865e-03 
 1.14900000e+00  2.66137131e-03 
 1.15000000e+00  2.66639427e-03 
 1.15100000e+00  2.67141754e-03 
 1.15200000e+00  2.67644111e-03 
 1.15300000e+00  2.68146498e-03 
 1.15400000e+00  2.68648915e-03 
 1.15500000e+00  2.69151361e-03 
 1.15600000e+00  2.69653836e-03 
 1.15700000e+00  2.70156339e-03 
 1.15800000e+00  2.70658871e-03 
 1.15900000e+00  2.71161431e-03 
 1.16000000e+00  2.71664018e-03 
 1.16100000e+00  2.72166633e-03 
 1.16200000e+00  2.72669275e-03 
 1.16300000e+00  2.73171944e-03 
 1.16400000e+00  2.73674640e-03 
 1.16500000e+00  2.74177361e-03 
 1.16600000e+00  2.74680109e-03 
 1.16700000e+00  2.75182882e-03 
 1.16800000e+00  2.75685680e-03 
 1.16900000e+00  2.76188504e-03 
 1.17000000e+00  2.76691352e-03 
 1.17100000e+00  2.77194224e-03 
 1.17200000e+00  2.77697120e-03 
 1.17300000e+00  2.78200041e-03 
 1.17400000e+00  2.78702984e-03 
 1.17500000e+00  2.79205951e-03 
 1.17600000e+00  2.79708941e-03 
 1.17700000e+00  2.80211953e-03 
 1.17800000e+00  2.80714988e-03 
 1.17900000e+00  2.81218044e-03 
 1.18000000e+00  2.81721122e-03 
 1.18100000e+00  2.82224222e-03 
 1.18200000e+00  2.82727342e-03 
 1.18300000e+00  2.83230484e-03 
 1.18400000e+00  2.83733645e-03 
 1.18500000e+00  2.84236827e-03 
 1.18600000e+00  2.84740029e-03 
 1.18700000e+00  2.85243250e-03 
 1.18800000e+00  2.85746491e-03 
 1.18900000e+00  2.86249750e-03 
 1.19000000e+00  2.86753028e-03 
 1.19100000e+00  2.87256325e-03 
 1.19200000e+00  2.87759639e-03 
 1.19300000e+00  2.88262972e-03 
 1.19400000e+00  2.88766322e-03 
 1.19500000e+00  2.89269689e-03 
 1.19600000e+00  2.89773073e-03 
 1.19700000e+00  2.90276473e-03 
 1.19800000e+00  2.90779890e-03 
 1.19900000e+00  2.91283323e-03 
 1.20000000e+00  2.91786771e-03 
 1.20100000e+00  2.92290235e-03 
 1.20200000e+00  2.92793714e-03 
 1.20300000e+00  2.93297208e-03 
 1.20400000e+00  2.93800716e-03 
 1.20500000e+00  2.94304239e-03 
 1.20600000e+00  2.94807775e-03 
 1.20700000e+00  2.95311326e-03 
 1.20800000e+00  2.95814889e-03 
 1.20900000e+00  2.96318466e-03 
 1.21000000e+00  2.96822055e-03 
 1.21100000e+00  2.97325657e-03 
 1.21200000e+00  2.97829271e-03 
 1.21300000e+00  2.98332897e-03 
 1.21400000e+00  2.98836535e-03 
 1.21500000e+00  2.99340184e-03 
 1.21600000e+00  2.99843844e-03 
 1.21700000e+00  3.00347515e-03 
 1.21800000e+00  3.00851197e-03 
 1.21900000e+00  3.01354888e-03 
 1.22000000e+00  3.01858590e-03 
 1.22100000e+00  3.02362301e-03 
 1.22200000e+00  3.02866021e-03 
 1.22300000e+00  3.03369751e-03 
 1.22400000e+00  3.03873489e-03 
 1.22500000e+00  3.04377236e-03 
 1.22600000e+00  3.04880991e-03 
 1.22700000e+00  3.05384754e-03 
 1.22800000e+00  3.05888524e-03 
 1.22900000e+00  3.06392302e-03 
 1.23000000e+00  3.06896087e-03 
 1.23100000e+00  3.07399879e-03 
 1.23200000e+00  3.07903678e-03 
 1.23300000e+00  3.08407482e-03 
 1.23400000e+00  3.08911293e-03 
 1.23500000e+00  3.09415109e-03 
 1.23600000e+00  3.09918931e-03 
 1.23700000e+00  3.10422758e-03 
 1.23800000e+00  3.10926589e-03 
 1.23900000e+00  3.11430426e-03 
 1.24000000e+00  3.11934266e-03 
 1.24100000e+00  3.12438111e-03 
 1.24200000e+00  3.12941959e-03 
 1.24300000e+00  3.13445811e-03 
 1.24400000e+00  3.13949666e-03 
 1.24500000e+00  3.14453524e-03 
 1.24600000e+00  3.14957385e-03 
 1.24700000e+00  3.15461248e-03 
 1.24800000e+00  3.15965114e-03 
 1.24900000e+00  3.16468981e-03 
 1.25000000e+00  3.16972849e-03 
 1.25100000e+00  3.17476719e-03 
 1.25200000e+00  3.17980590e-03 
 1.25300000e+00  3.18484462e-03 
 1.25400000e+00  3.18988334e-03 
 1.25500000e+00  3.19492207e-03 
 1.25600000e+00  3.19996079e-03 
 1.25700000e+00  3.20499952e-03 
 1.25800000e+00  3.21003823e-03 
 1.25900000e+00  3.21507694e-03 
 1.26000000e+00  3.22011564e-03 
 1.26100000e+00  3.22515432e-03 
 1.26200000e+00  3.23019299e-03 
 1.26300000e+00  3.23523164e-03 
 1.26400000e+00  3.24027027e-03 
 1.26500000e+00  3.24530887e-03 
 1.26600000e+00  3.25034745e-03 
 1.26700000e+00  3.25538599e-03 
 1.26800000e+00  3.26042451e-03 
 1.26900000e+00  3.26546299e-03 
 1.27000000e+00  3.27050143e-03 
 1.27100000e+00  3.27553984e-03 
 1.27200000e+00  3.28057820e-03 
 1.27300000e+00  3.28561652e-03 
 1.27400000e+00  3.29065479e-03 
 1.27500000e+00  3.29569301e-03 
 1.27600000e+00  3.30073117e-03 
 1.27700000e+00  3.30576929e-03 
 1.27800000e+00  3.31080734e-03 
 1.27900000e+00  3.31584533e-03 
 1.28000000e+00  3.32088327e-03 
 1.28100000e+00  3.32592113e-03 
 1.28200000e+00  3.33095893e-03 
 1.28300000e+00  3.33599666e-03 
 1.28400000e+00  3.34103431e-03 
 1.28500000e+00  3.34607189e-03 
 1.28600000e+00  3.35110939e-03 
 1.28700000e+00  3.35614682e-03 
 1.28800000e+00  3.36118415e-03 
 1.28900000e+00  3.36622141e-03 
 1.29000000e+00  3.37125857e-03 
 1.29100000e+00  3.37629565e-03 
 1.29200000e+00  3.38133263e-03 
 1.29300000e+00  3.38636952e-03 
 1.29400000e+00  3.39140631e-03 
 1.29500000e+00  3.39644300e-03 
 1.29600000e+00  3.40147958e-03 
 1.29700000e+00  3.40651607e-03 
 1.29800000e+00  3.41155244e-03 
 1.29900000e+00  3.41658870e-03 
 1.30000000e+00  3.42162486e-03 
 1.30100000e+00  3.42666089e-03 
 1.30200000e+00  3.43169681e-03 
 1.30300000e+00  3.43673261e-03 
 1.30400000e+00  3.44176829e-03 
 1.30500000e+00  3.44680385e-03 
 1.30600000e+00  3.45183927e-03 
 1.30700000e+00  3.45687457e-03 
 1.30800000e+00  3.46190974e-03 
 1.30900000e+00  3.46694477e-03 
 1.31000000e+00  3.47197967e-03 
 1.31100000e+00  3.47701443e-03 
 1.31200000e+00  3.48204904e-03 
 1.31300000e+00  3.48708352e-03 
 1.31400000e+00  3.49211784e-03 
 1.31500000e+00  3.49715202e-03 
 1.31600000e+00  3.50218605e-03 
 1.31700000e+00  3.50721993e-03 
 1.31800000e+00  3.51225365e-03 
 1.31900000e+00  3.51728722e-03 
 1.32000000e+00  3.52232062e-03 
 1.32100000e+00  3.52735386e-03 
 1.32200000e+00  3.53238694e-03 
 1.32300000e+00  3.53741985e-03 
 1.32400000e+00  3.54245260e-03 
 1.32500000e+00  3.54748517e-03 
 1.32600000e+00  3.55251757e-03 
 1.32700000e+00  3.55754979e-03 
 1.32800000e+00  3.56258184e-03 
 1.32900000e+00  3.56761370e-03 
 1.33000000e+00  3.57264538e-03 
 1.33100000e+00  3.57767688e-03 
 1.33200000e+00  3.58270819e-03 
 1.33300000e+00  3.58773932e-03 
 1.33400000e+00  3.59277025e-03 
 1.33500000e+00  3.59780098e-03 
 1.33600000e+00  3.60283152e-03 
 1.33700000e+00  3.60786187e-03 
 1.33800000e+00  3.61289201e-03 
 1.33900000e+00  3.61792195e-03 
 1.34000000e+00  3.62295169e-03 
 1.34100000e+00  3.62798121e-03 
 1.34200000e+00  3.63301053e-03 
 1.34300000e+00  3.63803964e-03 
 1.34400000e+00  3.64306854e-03 
 1.34500000e+00  3.64809722e-03 
 1.34600000e+00  3.65312568e-03 
 1.34700000e+00  3.65815392e-03 
 1.34800000e+00  3.66318194e-03 
 1.34900000e+00  3.66820974e-03 
 1.35000000e+00  3.67323731e-03 
 1.35100000e+00  3.67826465e-03 
 1.35200000e+00  3.68329176e-03 
 1.35300000e+00  3.68831864e-03 
 1.35400000e+00  3.69334528e-03 
 1.35500000e+00  3.69837168e-03 
 1.35600000e+00  3.70339785e-03 
 1.35700000e+00  3.70842378e-03 
 1.35800000e+00  3.71344946e-03 
 1.35900000e+00  3.71847490e-03 
 1.36000000e+00  3.72350009e-03 
 1.36100000e+00  3.72852503e-03 
 1.36200000e+00  3.73354972e-03 
 1.36300000e+00  3.73857415e-03 
 1.36400000e+00  3.74359833e-03 
 1.36500000e+00  3.74862225e-03 
 1.36600000e+00  3.75364591e-03 
 1.36700000e+00  3.75866931e-03 
 1.36800000e+00  3.76369245e-03 
 1.36900000e+00  3.76871532e-03 
 1.37000000e+00  3.77373792e-03 
 1.37100000e+00  3.77876025e-03 
 1.37200000e+00  3.78378231e-03 
 1.37300000e+00  3.78880410e-03 
 1.37400000e+00  3.79382561e-03 
 1.37500000e+00  3.79884684e-03 
 1.37600000e+00  3.80386779e-03 
 1.37700000e+00  3.80888846e-03 
 1.37800000e+00  3.81390885e-03 
 1.37900000e+00  3.81892895e-03 
 1.38000000e+00  3.82394876e-03 
 1.38100000e+00  3.82896828e-03 
 1.38200000e+00  3.83398752e-03 
 1.38300000e+00  3.83900645e-03 
 1.38400000e+00  3.84402509e-03 
 1.38500000e+00  3.84904343e-03 
 1.38600000e+00  3.85406148e-03 
 1.38700000e+00  3.85907922e-03 
 1.38800000e+00  3.86409666e-03 
 1.38900000e+00  3.86911379e-03 
 1.39000000e+00  3.87413061e-03 
 1.39100000e+00  3.87914713e-03 
 1.39200000e+00  3.88416333e-03 
 1.39300000e+00  3.88917922e-03 
 1.39400000e+00  3.89419480e-03 
 1.39500000e+00  3.89921006e-03 
 1.39600000e+00  3.90422500e-03 
 1.39700000e+00  3.90923962e-03 
 1.39800000e+00  3.91425391e-03 
 1.39900000e+00  3.91926789e-03 
 1.40000000e+00  3.92428153e-03 
 1.40100000e+00  3.92929485e-03 
 1.40200000e+00  3.93430784e-03 
 1.40300000e+00  3.93932049e-03 
 1.40400000e+00  3.94433281e-03 
 1.40500000e+00  3.94934480e-03 
 1.40600000e+00  3.95435645e-03 
 1.40700000e+00  3.95936776e-03 
 1.40800000e+00  3.96437873e-03 
 1.40900000e+00  3.96938935e-03 
 1.41000000e+00  3.97439963e-03 
 1.41100000e+00  3.97940956e-03 
 1.41200000e+00  3.98441915e-03 
 1.41300000e+00  3.98942838e-03 
 1.41400000e+00  3.99443727e-03 
 1.41500000e+00  3.99944580e-03 
 1.41600000e+00  4.00445397e-03 
 1.41700000e+00  4.00946178e-03 
 1.41800000e+00  4.01446924e-03 
 1.41900000e+00  4.01947634e-03 
 1.42000000e+00  4.02448307e-03 
 1.42100000e+00  4.02948944e-03 
 1.42200000e+00  4.03449544e-03 
 1.42300000e+00  4.03950108e-03 
 1.42400000e+00  4.04450634e-03 
 1.42500000e+00  4.04951123e-03 
 1.42600000e+00  4.05451575e-03 
 1.42700000e+00  4.05951990e-03 
 1.42800000e+00  4.06452367e-03 
 1.42900000e+00  4.06952705e-03 
 1.43000000e+00  4.07453006e-03 
 1.43100000e+00  4.07953269e-03 
 1.43200000e+00  4.08453494e-03 
 1.43300000e+00  4.08953679e-03 
 1.43400000e+00  4.09453827e-03 
 1.43500000e+00  4.09953935e-03 
 1.43600000e+00  4.10454004e-03 
 1.43700000e+00  4.10954034e-03 
 1.43800000e+00  4.11454025e-03 
 1.43900000e+00  4.11953976e-03 
 1.44000000e+00  4.12453887e-03 
 1.44100000e+00  4.12953759e-03 
 1.44200000e+00  4.13453591e-03 
 1.44300000e+00  4.13953382e-03 
 1.44400000e+00  4.14453133e-03 
 1.44500000e+00  4.14952843e-03 
 1.44600000e+00  4.15452513e-03 
 1.44700000e+00  4.15952142e-03 
 1.44800000e+00  4.16451729e-03 
 1.44900000e+00  4.16951276e-03 
 1.45000000e+00  4.17450781e-03 
 1.45100000e+00  4.17950245e-03 
 1.45200000e+00  4.18449667e-03 
 1.45300000e+00  4.18949047e-03 
 1.45400000e+00  4.19448385e-03 
 1.45500000e+00  4.19947681e-03 
 1.45600000e+00  4.20446935e-03 
 1.45700000e+00  4.20946146e-03 
 1.45800000e+00  4.21445315e-03 
 1.45900000e+00  4.21944441e-03 
 1.46000000e+00  4.22443524e-03 
 1.46100000e+00  4.22942563e-03 
 1.46200000e+00  4.23441560e-03 
 1.46300000e+00  4.23940513e-03 
 1.46400000e+00  4.24439422e-03 
 1.46500000e+00  4.24938288e-03 
 1.46600000e+00  4.25437110e-03 
 1.46700000e+00  4.25935887e-03 
 1.46800000e+00  4.26434621e-03 
 1.46900000e+00  4.26933310e-03 
 1.47000000e+00  4.27431955e-03 
 1.47100000e+00  4.27930555e-03 
 1.47200000e+00  4.28429110e-03 
 1.47300000e+00  4.28927620e-03 
 1.47400000e+00  4.29426085e-03 
 1.47500000e+00  4.29924505e-03 
 1.47600000e+00  4.30422879e-03 
 1.47700000e+00  4.30921208e-03 
 1.47800000e+00  4.31419491e-03 
 1.47900000e+00  4.31917728e-03 
 1.48000000e+00  4.32415920e-03 
 1.48100000e+00  4.32914065e-03 
 1.48200000e+00  4.33412163e-03 
 1.48300000e+00  4.33910215e-03 
 1.48400000e+00  4.34408221e-03 
 1.48500000e+00  4.34906180e-03 
 1.48600000e+00  4.35404092e-03 
 1.48700000e+00  4.35901957e-03 
 1.48800000e+00  4.36399774e-03 
 1.48900000e+00  4.36897545e-03 
 1.49000000e+00  4.37395267e-03 
 1.49100000e+00  4.37892943e-03 
 1.49200000e+00  4.38390570e-03 
 1.49300000e+00  4.38888149e-03 
 1.49400000e+00  4.39385681e-03 
 1.49500000e+00  4.39883164e-03 
 1.49600000e+00  4.40380599e-03 
 1.49700000e+00  4.40877985e-03 
 1.49800000e+00  4.41375323e-03 
 1.49900000e+00  4.41872612e-03 
 1.50000000e+00  4.42369852e-03 
 1.50100000e+00  4.42867043e-03 
 1.50200000e+00  4.43364184e-03 
 1.50300000e+00  4.43861277e-03 
 1.50400000e+00  4.44358320e-03 
 1.50500000e+00  4.44855313e-03 
 1.50600000e+00  4.45352256e-03 
 1.50700000e+00  4.45849150e-03 
 1.50800000e+00  4.46345993e-03 
 1.50900000e+00  4.46842787e-03 
 1.51000000e+00  4.47339530e-03 
 1.51100000e+00  4.47836223e-03 
 1.51200000e+00  4.48332865e-03 
 1.51300000e+00  4.48829456e-03 
 1.51400000e+00  4.49325996e-03 
 1.51500000e+00  4.49822486e-03 
 1.51600000e+00  4.50318924e-03 
 1.51700000e+00  4.50815311e-03 
 1.51800000e+00  4.51311647e-03 
 1.51900000e+00  4.51807931e-03 
 1.52000000e+00  4.52304164e-03 
 1.52100000e+00  4.52800345e-03 
 1.52200000e+00  4.53296473e-03 
 1.52300000e+00  4.53792550e-03 
 1.52400000e+00  4.54288575e-03 
 1.52500000e+00  4.54784547e-03 
 1.52600000e+00  4.55280467e-03 
 1.52700000e+00  4.55776334e-03 
 1.52800000e+00  4.56272149e-03 
 1.52900000e+00  4.56767910e-03 
 1.53000000e+00  4.57263619e-03 
 1.53100000e+00  4.57759275e-03 
 1.53200000e+00  4.58254877e-03 
 1.53300000e+00  4.58750426e-03 
 1.53400000e+00  4.59245921e-03 
 1.53500000e+00  4.59741363e-03 
 1.53600000e+00  4.60236752e-03 
 1.53700000e+00  4.60732086e-03 
 1.53800000e+00  4.61227366e-03 
 1.53900000e+00  4.61722592e-03 
 1.54000000e+00  4.62217764e-03 
 1.54100000e+00  4.62712882e-03 
 1.54200000e+00  4.63207945e-03 
 1.54300000e+00  4.63702954e-03 
 1.54400000e+00  4.64197907e-03 
 1.54500000e+00  4.64692806e-03 
 1.54600000e+00  4.65187650e-03 
 1.54700000e+00  4.65682439e-03 
 1.54800000e+00  4.66177173e-03 
 1.54900000e+00  4.66671851e-03 
 1.55000000e+00  4.67166473e-03 
 1.55100000e+00  4.67661041e-03 
 1.55200000e+00  4.68155552e-03 
 1.55300000e+00  4.68650007e-03 
 1.55400000e+00  4.69144407e-03 
 1.55500000e+00  4.69638750e-03 
 1.55600000e+00  4.70133038e-03 
 1.55700000e+00  4.70627269e-03 
 1.55800000e+00  4.71121443e-03 
 1.55900000e+00  4.71615561e-03 
 1.56000000e+00  4.72109622e-03 
 1.56100000e+00  4.72603627e-03 
 1.56200000e+00  4.73097574e-03 
 1.56300000e+00  4.73591465e-03 
 1.56400000e+00  4.74085298e-03 
 1.56500000e+00  4.74579074e-03 
 1.56600000e+00  4.75072793e-03 
 1.56700000e+00  4.75566454e-03 
 1.56800000e+00  4.76060058e-03 
 1.56900000e+00  4.76553603e-03 
 1.57000000e+00  4.77047091e-03 
 1.57100000e+00  4.77540521e-03 
 1.57200000e+00  4.78033893e-03 
 1.57300000e+00  4.78527207e-03 
 1.57400000e+00  4.79020462e-03 
 1.57500000e+00  4.79513659e-03 
 1.57600000e+00  4.80006798e-03 
 1.57700000e+00  4.80499877e-03 
 1.57800000e+00  4.80992898e-03 
 1.57900000e+00  4.81485860e-03 
 1.58000000e+00  4.81978764e-03 
 1.58100000e+00  4.82471608e-03 
 1.58200000e+00  4.82964392e-03 
 1.58300000e+00  4.83457118e-03 
 1.58400000e+00  4.83949784e-03 
 1.58500000e+00  4.84442390e-03 
 1.58600000e+00  4.84934937e-03 
 1.58700000e+00  4.85427424e-03 
 1.58800000e+00  4.85919851e-03 
 1.58900000e+00  4.86412219e-03 
 1.59000000e+00  4.86904526e-03 
 1.59100000e+00  4.87396773e-03 
 1.59200000e+00  4.87888959e-03 
 1.59300000e+00  4.88381085e-03 
 1.59400000e+00  4.88873151e-03 
 1.59500000e+00  4.89365156e-03 
 1.59600000e+00  4.89857100e-03 
 1.59700000e+00  4.90348983e-03 
 1.59800000e+00  4.90840806e-03 
 1.59900000e+00  4.91332567e-03 
 1.60000000e+00  4.91824267e-03 
 1.60100000e+00  4.92315906e-03 
 1.60200000e+00  4.92807484e-03 
 1.60300000e+00  4.93299000e-03 
 1.60400000e+00  4.93790454e-03 
 1.60500000e+00  4.94281847e-03 
 1.60600000e+00  4.94773178e-03 
 1.60700000e+00  4.95264447e-03 
 1.60800000e+00  4.95755654e-03 
 1.60900000e+00  4.96246799e-03 
 1.61000000e+00  4.96737881e-03 
 1.61100000e+00  4.97228902e-03 
 1.61200000e+00  4.97719860e-03 
 1.61300000e+00  4.98210755e-03 
 1.61400000e+00  4.98701588e-03 
 1.61500000e+00  4.99192358e-03 
 1.61600000e+00  4.99683065e-03 
 1.61700000e+00  5.00173709e-03 
 1.61800000e+00  5.00664291e-03 
 1.61900000e+00  5.01154809e-03 
 1.62000000e+00  5.01645263e-03 
 1.62100000e+00  5.02135655e-03 
 1.62200000e+00  5.02625983e-03 
 1.62300000e+00  5.03116248e-03 
 1.62400000e+00  5.03606449e-03 
 1.62500000e+00  5.04096586e-03 
 1.62600000e+00  5.04586659e-03 
 1.62700000e+00  5.05076668e-03 
 1.62800000e+00  5.05566614e-03 
 1.62900000e+00  5.06056495e-03 
 1.63000000e+00  5.06546312e-03 
 1.63100000e+00  5.07036065e-03 
 1.63200000e+00  5.07525753e-03 
 1.63300000e+00  5.08015377e-03 
 1.63400000e+00  5.08504936e-03 
 1.63500000e+00  5.08994430e-03 
 1.63600000e+00  5.09483860e-03 
 1.63700000e+00  5.09973225e-03 
 1.63800000e+00  5.10462524e-03 
 1.63900000e+00  5.10951759e-03 
 1.64000000e+00  5.11440929e-03 
 1.64100000e+00  5.11930033e-03 
 1.64200000e+00  5.12419071e-03 
 1.64300000e+00  5.12908045e-03 
 1.64400000e+00  5.13396952e-03 
 1.64500000e+00  5.13885795e-03 
 1.64600000e+00  5.14374571e-03 
 1.64700000e+00  5.14863281e-03 
 1.64800000e+00  5.15351926e-03 
 1.64900000e+00  5.15840504e-03 
 1.65000000e+00  5.16329017e-03 
 1.65100000e+00  5.16817463e-03 
 1.65200000e+00  5.17305843e-03 
 1.65300000e+00  5.17794156e-03 
 1.65400000e+00  5.18282403e-03 
 1.65500000e+00  5.18770583e-03 
 1.65600000e+00  5.19258697e-03 
 1.65700000e+00  5.19746744e-03 
 1.65800000e+00  5.20234724e-03 
 1.65900000e+00  5.20722637e-03 
 1.66000000e+00  5.21210483e-03 
 1.66100000e+00  5.21698262e-03 
 1.66200000e+00  5.22185974e-03 
 1.66300000e+00  5.22673618e-03 
 1.66400000e+00  5.23161195e-03 
 1.66500000e+00  5.23648705e-03 
 1.66600000e+00  5.24136147e-03 
 1.66700000e+00  5.24623521e-03 
 1.66800000e+00  5.25110827e-03 
 1.66900000e+00  5.25598066e-03 
 1.67000000e+00  5.26085237e-03 
 1.67100000e+00  5.26572339e-03 
 1.67200000e+00  5.27059374e-03 
 1.67300000e+00  5.27546341e-03 
 1.67400000e+00  5.28033239e-03 
 1.67500000e+00  5.28520068e-03 
 1.67600000e+00  5.29006830e-03 
 1.67700000e+00  5.29493523e-03 
 1.67800000e+00  5.29980147e-03 
 1.67900000e+00  5.30466702e-03 
 1.68000000e+00  5.30953189e-03 
 1.68100000e+00  5.31439607e-03 
 1.68200000e+00  5.31925956e-03 
 1.68300000e+00  5.32412235e-03 
 1.68400000e+00  5.32898446e-03 
 1.68500000e+00  5.33384587e-03 
 1.68600000e+00  5.33870660e-03 
 1.68700000e+00  5.34356662e-03 
 1.68800000e+00  5.34842596e-03 
 1.68900000e+00  5.35328459e-03 
 1.69000000e+00  5.35814253e-03 
 1.69100000e+00  5.36299978e-03 
 1.69200000e+00  5.36785632e-03 
 1.69300000e+00  5.37271217e-03 
 1.69400000e+00  5.37756732e-03 
 1.69500000e+00  5.38242176e-03 
 1.69600000e+00  5.38727551e-03 
 1.69700000e+00  5.39212855e-03 
 1.69800000e+00  5.39698089e-03 
 1.69900000e+00  5.40183253e-03 
 1.70000000e+00  5.40668346e-03 
 1.70100000e+00  5.41153369e-03 
 1.70200000e+00  5.41638321e-03 
 1.70300000e+00  5.42123202e-03 
 1.70400000e+00  5.42608012e-03 
 1.70500000e+00  5.43092752e-03 
 1.70600000e+00  5.43577421e-03 
 1.70700000e+00  5.44062018e-03 
 1.70800000e+00  5.44546545e-03 
 1.70900000e+00  5.45031000e-03 
 1.71000000e+00  5.45515385e-03 
 1.71100000e+00  5.45999697e-03 
 1.71200000e+00  5.46483939e-03 
 1.71300000e+00  5.46968109e-03 
 1.71400000e+00  5.47452207e-03 
 1.71500000e+00  5.47936234e-03 
 1.71600000e+00  5.48420189e-03 
 1.71700000e+00  5.48904072e-03 
 1.71800000e+00  5.49387883e-03 
 1.71900000e+00  5.49871622e-03 
 1.72000000e+00  5.50355290e-03 
 1.72100000e+00  5.50838885e-03 
 1.72200000e+00  5.51322408e-03 
 1.72300000e+00  5.51805858e-03 
 1.72400000e+00  5.52289237e-03 
 1.72500000e+00  5.52772543e-03 
 1.72600000e+00  5.53255776e-03 
 1.72700000e+00  5.53738937e-03 
 1.72800000e+00  5.54222025e-03 
 1.72900000e+00  5.54705040e-03 
 1.73000000e+00  5.55187983e-03 
 1.73100000e+00  5.55670853e-03 
 1.73200000e+00  5.56153650e-03 
 1.73300000e+00  5.56636373e-03 
 1.73400000e+00  5.57119024e-03 
 1.73500000e+00  5.57601602e-03 
 1.73600000e+00  5.58084106e-03 
 1.73700000e+00  5.58566537e-03 
 1.73800000e+00  5.59048894e-03 
 1.73900000e+00  5.59531178e-03 
 1.74000000e+00  5.60013389e-03 
 1.74100000e+00  5.60495526e-03 
 1.74200000e+00  5.60977589e-03 
 1.74300000e+00  5.61459579e-03 
 1.74400000e+00  5.61941494e-03 
 1.74500000e+00  5.62423336e-03 
 1.74600000e+00  5.62905104e-03 
 1.74700000e+00  5.63386797e-03 
 1.74800000e+00  5.63868417e-03 
 1.74900000e+00  5.64349962e-03 
 1.75000000e+00  5.64831433e-03 
 1.75100000e+00  5.65312830e-03 
 1.75200000e+00  5.65794152e-03 
 1.75300000e+00  5.66275400e-03 
 1.75400000e+00  5.66756573e-03 
 1.75500000e+00  5.67237672e-03 
 1.75600000e+00  5.67718696e-03 
 1.75700000e+00  5.68199645e-03 
 1.75800000e+00  5.68680520e-03 
 1.75900000e+00  5.69161319e-03 
 1.76000000e+00  5.69642044e-03 
 1.76100000e+00  5.70122693e-03 
 1.76200000e+00  5.70603267e-03 
 1.76300000e+00  5.71083767e-03 
 1.76400000e+00  5.71564190e-03 
 1.76500000e+00  5.72044539e-03 
 1.76600000e+00  5.72524812e-03 
 1.76700000e+00  5.73005010e-03 
 1.76800000e+00  5.73485132e-03 
 1.76900000e+00  5.73965179e-03 
 1.77000000e+00  5.74445149e-03 
 1.77100000e+00  5.74925045e-03 
 1.77200000e+00  5.75404864e-03 
 1.77300000e+00  5.75884607e-03 
 1.77400000e+00  5.76364275e-03 
 1.77500000e+00  5.76843867e-03 
 1.77600000e+00  5.77323382e-03 
 1.77700000e+00  5.77802821e-03 
 1.77800000e+00  5.78282185e-03 
 1.77900000e+00  5.78761471e-03 
 1.78000000e+00  5.79240682e-03 
 1.78100000e+00  5.79719816e-03 
 1.78200000e+00  5.80198874e-03 
 1.78300000e+00  5.80677855e-03 
 1.78400000e+00  5.81156759e-03 
 1.78500000e+00  5.81635587e-03 
 1.78600000e+00  5.82114338e-03 
 1.78700000e+00  5.82593012e-03 
 1.78800000e+00  5.83071610e-03 
 1.78900000e+00  5.83550130e-03 
 1.79000000e+00  5.84028574e-03 
 1.79100000e+00  5.84506940e-03 
 1.79200000e+00  5.84985229e-03 
 1.79300000e+00  5.85463441e-03 
 1.79400000e+00  5.85941576e-03 
 1.79500000e+00  5.86419634e-03 
 1.79600000e+00  5.86897614e-03 
 1.79700000e+00  5.87375516e-03 
 1.79800000e+00  5.87853341e-03 
 1.79900000e+00  5.88331089e-03 
 1.80000000e+00  5.88808759e-03 
