 0.00000000e+00  3.24340183e-13 
 1.00000000e-03  3.32415039e-13 
 2.00000000e-03  3.40690907e-13 
 3.00000000e-03  3.49172792e-13 
 4.00000000e-03  3.57865821e-13 
 5.00000000e-03  3.66775249e-13 
 6.00000000e-03  3.75906461e-13 
 7.00000000e-03  3.85264979e-13 
 8.00000000e-03  3.94856460e-13 
 9.00000000e-03  4.04686701e-13 
 1.00000000e-02  4.14761645e-13 
 1.10000000e-02  4.25087383e-13 
 1.20000000e-02  4.35670157e-13 
 1.30000000e-02  4.46516363e-13 
 1.40000000e-02  4.57632558e-13 
 1.50000000e-02  4.69025461e-13 
 1.60000000e-02  4.80701959e-13 
 1.70000000e-02  4.92669111e-13 
 1.80000000e-02  5.04934149e-13 
 1.90000000e-02  5.17504487e-13 
 2.00000000e-02  5.30387724e-13 
 2.10000000e-02  5.43591647e-13 
 2.20000000e-02  5.57124235e-13 
 2.30000000e-02  5.70993670e-13 
 2.40000000e-02  5.85208333e-13 
 2.50000000e-02  5.99776816e-13 
 2.60000000e-02  6.14707924e-13 
 2.70000000e-02  6.30010681e-13 
 2.80000000e-02  6.45694337e-13 
 2.90000000e-02  6.61768370e-13 
 3.00000000e-02  6.78242495e-13 
 3.10000000e-02  6.95126667e-13 
 3.20000000e-02  7.12431092e-13 
 3.30000000e-02  7.30166226e-13 
 3.40000000e-02  7.48342789e-13 
 3.50000000e-02  7.66971764e-13 
 3.60000000e-02  7.86064409e-13 
 3.70000000e-02  8.05632262e-13 
 3.80000000e-02  8.25687149e-13 
 3.90000000e-02  8.46241187e-13 
 4.00000000e-02  8.67306799e-13 
 4.10000000e-02  8.88896712e-13 
 4.20000000e-02  9.11023974e-13 
 4.30000000e-02  9.33701955e-13 
 4.40000000e-02  9.56944358e-13 
 4.50000000e-02  9.80765226e-13 
 4.60000000e-02  1.00517895e-12 
 4.70000000e-02  1.03020029e-12 
 4.80000000e-02  1.05584436e-12 
 4.90000000e-02  1.08212665e-12 
 5.00000000e-02  1.10906304e-12 
 5.10000000e-02  1.13666981e-12 
 5.20000000e-02  1.16496364e-12 
 5.30000000e-02  1.19396161e-12 
 5.40000000e-02  1.22368126e-12 
 5.50000000e-02  1.25414052e-12 
 5.60000000e-02  1.28535782e-12 
 5.70000000e-02  1.31735200e-12 
 5.80000000e-02  1.35014239e-12 
 5.90000000e-02  1.38374880e-12 
 6.00000000e-02  1.41819153e-12 
 6.10000000e-02  1.45349139e-12 
 6.20000000e-02  1.48966970e-12 
 6.30000000e-02  1.52674831e-12 
 6.40000000e-02  1.56474963e-12 
 6.50000000e-02  1.60369660e-12 
 6.60000000e-02  1.64361275e-12 
 6.70000000e-02  1.68452219e-12 
 6.80000000e-02  1.72644963e-12 
 6.90000000e-02  1.76942039e-12 
 7.00000000e-02  1.81346042e-12 
 7.10000000e-02  1.85859633e-12 
 7.20000000e-02  1.90485536e-12 
 7.30000000e-02  1.95226547e-12 
 7.40000000e-02  2.00085527e-12 
 7.50000000e-02  2.05065411e-12 
 7.60000000e-02  2.10169207e-12 
 7.70000000e-02  2.15399997e-12 
 7.80000000e-02  2.20760939e-12 
 7.90000000e-02  2.26255270e-12 
 8.00000000e-02  2.31886309e-12 
 8.10000000e-02  2.37657454e-12 
 8.20000000e-02  2.43572191e-12 
 8.30000000e-02  2.49634091e-12 
 8.40000000e-02  2.55846814e-12 
 8.50000000e-02  2.62214110e-12 
 8.60000000e-02  2.68739825e-12 
 8.70000000e-02  2.75427898e-12 
 8.80000000e-02  2.82282365e-12 
 8.90000000e-02  2.89307366e-12 
 9.00000000e-02  2.96507142e-12 
 9.10000000e-02  3.03886037e-12 
 9.20000000e-02  3.11448507e-12 
 9.30000000e-02  3.19199117e-12 
 9.40000000e-02  3.27142544e-12 
 9.50000000e-02  3.35283583e-12 
 9.60000000e-02  3.43627149e-12 
 9.70000000e-02  3.52178276e-12 
 9.80000000e-02  3.60942126e-12 
 9.90000000e-02  3.69923987e-12 
 1.00000000e-01  3.79129281e-12 
 1.01000000e-01  3.88563563e-12 
 1.02000000e-01  3.98232525e-12 
 1.03000000e-01  4.08142003e-12 
 1.04000000e-01  4.18297976e-12 
 1.05000000e-01  4.28706572e-12 
 1.06000000e-01  4.39374071e-12 
 1.07000000e-01  4.50306911e-12 
 1.08000000e-01  4.61511687e-12 
 1.09000000e-01  4.72995159e-12 
 1.10000000e-01  4.84764255e-12 
 1.11000000e-01  4.96826076e-12 
 1.12000000e-01  5.09187898e-12 
 1.13000000e-01  5.21857178e-12 
 1.14000000e-01  5.34841558e-12 
 1.15000000e-01  5.48148870e-12 
 1.16000000e-01  5.61787142e-12 
 1.17000000e-01  5.75764598e-12 
 1.18000000e-01  5.90089669e-12 
 1.19000000e-01  6.04770995e-12 
 1.20000000e-01  6.19817430e-12 
 1.21000000e-01  6.35238047e-12 
 1.22000000e-01  6.51042146e-12 
 1.23000000e-01  6.67239256e-12 
 1.24000000e-01  6.83839145e-12 
 1.25000000e-01  7.00851821e-12 
 1.26000000e-01  7.18287541e-12 
 1.27000000e-01  7.36156818e-12 
 1.28000000e-01  7.54470426e-12 
 1.29000000e-01  7.73239404e-12 
 1.30000000e-01  7.92475066e-12 
 1.31000000e-01  8.12189009e-12 
 1.32000000e-01  8.32393115e-12 
 1.33000000e-01  8.53099563e-12 
 1.34000000e-01  8.74320832e-12 
 1.35000000e-01  8.96069712e-12 
 1.36000000e-01  9.18359311e-12 
 1.37000000e-01  9.41203062e-12 
 1.38000000e-01  9.64614729e-12 
 1.39000000e-01  9.88608420e-12 
 1.40000000e-01  1.01319859e-11 
 1.41000000e-01  1.03840006e-11 
 1.42000000e-01  1.06422801e-11 
 1.43000000e-01  1.09069801e-11 
 1.44000000e-01  1.11782599e-11 
 1.45000000e-01  1.14562830e-11 
 1.46000000e-01  1.17412168e-11 
 1.47000000e-01  1.20332330e-11 
 1.48000000e-01  1.23325075e-11 
 1.49000000e-01  1.26392205e-11 
 1.50000000e-01  1.29535567e-11 
 1.51000000e-01  1.32757054e-11 
 1.52000000e-01  1.36058606e-11 
 1.53000000e-01  1.39442211e-11 
 1.54000000e-01  1.42909906e-11 
 1.55000000e-01  1.46463779e-11 
 1.56000000e-01  1.50105969e-11 
 1.57000000e-01  1.53838669e-11 
 1.58000000e-01  1.57664125e-11 
 1.59000000e-01  1.61584641e-11 
 1.60000000e-01  1.65602575e-11 
 1.61000000e-01  1.69720347e-11 
 1.62000000e-01  1.73940433e-11 
 1.63000000e-01  1.78265374e-11 
 1.64000000e-01  1.82697771e-11 
 1.65000000e-01  1.87240292e-11 
 1.66000000e-01  1.91895670e-11 
 1.67000000e-01  1.96666705e-11 
 1.68000000e-01  2.01556267e-11 
 1.69000000e-01  2.06567297e-11 
 1.70000000e-01  2.11702809e-11 
 1.71000000e-01  2.16965891e-11 
 1.72000000e-01  2.22359710e-11 
 1.73000000e-01  2.27887507e-11 
 1.74000000e-01  2.33552608e-11 
 1.75000000e-01  2.39358417e-11 
 1.76000000e-01  2.45308426e-11 
 1.77000000e-01  2.51406211e-11 
 1.78000000e-01  2.57655438e-11 
 1.79000000e-01  2.64059862e-11 
 1.80000000e-01  2.70623333e-11 
 1.81000000e-01  2.77349795e-11 
 1.82000000e-01  2.84243290e-11 
 1.83000000e-01  2.91307959e-11 
 1.84000000e-01  2.98548048e-11 
 1.85000000e-01  3.05967906e-11 
 1.86000000e-01  3.13571990e-11 
 1.87000000e-01  3.21364867e-11 
 1.88000000e-01  3.29351217e-11 
 1.89000000e-01  3.37535837e-11 
 1.90000000e-01  3.45923642e-11 
 1.91000000e-01  3.54519666e-11 
 1.92000000e-01  3.63329073e-11 
 1.93000000e-01  3.72357149e-11 
 1.94000000e-01  3.81609314e-11 
 1.95000000e-01  3.91091121e-11 
 1.96000000e-01  4.00808260e-11 
 1.97000000e-01  4.10766563e-11 
 1.98000000e-01  4.20972005e-11 
 1.99000000e-01  4.31430708e-11 
 2.00000000e-01  4.42148947e-11 
 2.01000000e-01  4.53133150e-11 
 2.02000000e-01  4.64389907e-11 
 2.03000000e-01  4.75925966e-11 
 2.04000000e-01  4.87748248e-11 
 2.05000000e-01  4.99863838e-11 
 2.06000000e-01  5.12280002e-11 
 2.07000000e-01  5.25004181e-11 
 2.08000000e-01  5.38044002e-11 
 2.09000000e-01  5.51407281e-11 
 2.10000000e-01  5.65102024e-11 
 2.11000000e-01  5.79136438e-11 
 2.12000000e-01  5.93518931e-11 
 2.13000000e-01  6.08258117e-11 
 2.14000000e-01  6.23362825e-11 
 2.15000000e-01  6.38842101e-11 
 2.16000000e-01  6.54705213e-11 
 2.17000000e-01  6.70961661e-11 
 2.18000000e-01  6.87621174e-11 
 2.19000000e-01  7.04693727e-11 
 2.20000000e-01  7.22189535e-11 
 2.21000000e-01  7.40119070e-11 
 2.22000000e-01  7.58493059e-11 
 2.23000000e-01  7.77322494e-11 
 2.24000000e-01  7.96618639e-11 
 2.25000000e-01  8.16393035e-11 
 2.26000000e-01  8.36657506e-11 
 2.27000000e-01  8.57424170e-11 
 2.28000000e-01  8.78705441e-11 
 2.29000000e-01  9.00514041e-11 
 2.30000000e-01  9.22863003e-11 
 2.31000000e-01  9.45765683e-11 
 2.32000000e-01  9.69235765e-11 
 2.33000000e-01  9.93287269e-11 
 2.34000000e-01  1.01793456e-10 
 2.35000000e-01  1.04319236e-10 
 2.36000000e-01  1.06907575e-10 
 2.37000000e-01  1.09560019e-10 
 2.38000000e-01  1.12278149e-10 
 2.39000000e-01  1.15063590e-10 
 2.40000000e-01  1.17918002e-10 
 2.41000000e-01  1.20843090e-10 
 2.42000000e-01  1.23840597e-10 
 2.43000000e-01  1.26912312e-10 
 2.44000000e-01  1.30060066e-10 
 2.45000000e-01  1.33285736e-10 
 2.46000000e-01  1.36591245e-10 
 2.47000000e-01  1.39978563e-10 
 2.48000000e-01  1.43449708e-10 
 2.49000000e-01  1.47006748e-10 
 2.50000000e-01  1.50651803e-10 
 2.51000000e-01  1.54387043e-10 
 2.52000000e-01  1.58214692e-10 
 2.53000000e-01  1.62137028e-10 
 2.54000000e-01  1.66156387e-10 
 2.55000000e-01  1.70275161e-10 
 2.56000000e-01  1.74495799e-10 
 2.57000000e-01  1.78820813e-10 
 2.58000000e-01  1.83252774e-10 
 2.59000000e-01  1.87794319e-10 
 2.60000000e-01  1.92448146e-10 
 2.61000000e-01  1.97217022e-10 
 2.62000000e-01  2.02103781e-10 
 2.63000000e-01  2.07111325e-10 
 2.64000000e-01  2.12242630e-10 
 2.65000000e-01  2.17500742e-10 
 2.66000000e-01  2.22888783e-10 
 2.67000000e-01  2.28409950e-10 
 2.68000000e-01  2.34067522e-10 
 2.69000000e-01  2.39864853e-10 
 2.70000000e-01  2.45805383e-10 
 2.71000000e-01  2.51892635e-10 
 2.72000000e-01  2.58130217e-10 
 2.73000000e-01  2.64521826e-10 
 2.74000000e-01  2.71071251e-10 
 2.75000000e-01  2.77782370e-10 
 2.76000000e-01  2.84659159e-10 
 2.77000000e-01  2.91705689e-10 
 2.78000000e-01  2.98926133e-10 
 2.79000000e-01  3.06324762e-10 
 2.80000000e-01  3.13905955e-10 
 2.81000000e-01  3.21674195e-10 
 2.82000000e-01  3.29634077e-10 
 2.83000000e-01  3.37790305e-10 
 2.84000000e-01  3.46147700e-10 
 2.85000000e-01  3.54711201e-10 
 2.86000000e-01  3.63485864e-10 
 2.87000000e-01  3.72476872e-10 
 2.88000000e-01  3.81689533e-10 
 2.89000000e-01  3.91129282e-10 
 2.90000000e-01  4.00801690e-10 
 2.91000000e-01  4.10712460e-10 
 2.92000000e-01  4.20867437e-10 
 2.93000000e-01  4.31272607e-10 
 2.94000000e-01  4.41934099e-10 
 2.95000000e-01  4.52858196e-10 
 2.96000000e-01  4.64051329e-10 
 2.97000000e-01  4.75520088e-10 
 2.98000000e-01  4.87271222e-10 
 2.99000000e-01  4.99311644e-10 
 3.00000000e-01  5.11648436e-10 
 3.01000000e-01  5.24288849e-10 
 3.02000000e-01  5.37240313e-10 
 3.03000000e-01  5.50510437e-10 
 3.04000000e-01  5.64107013e-10 
 3.05000000e-01  5.78038025e-10 
 3.06000000e-01  5.92311648e-10 
 3.07000000e-01  6.06936255e-10 
 3.08000000e-01  6.21920423e-10 
 3.09000000e-01  6.37272936e-10 
 3.10000000e-01  6.53002791e-10 
 3.11000000e-01  6.69119201e-10 
 3.12000000e-01  6.85631604e-10 
 3.13000000e-01  7.02549666e-10 
 3.14000000e-01  7.19883284e-10 
 3.15000000e-01  7.37642596e-10 
 3.16000000e-01  7.55837985e-10 
 3.17000000e-01  7.74480084e-10 
 3.18000000e-01  7.93579783e-10 
 3.19000000e-01  8.13148234e-10 
 3.20000000e-01  8.33196859e-10 
 3.21000000e-01  8.53737354e-10 
 3.22000000e-01  8.74781698e-10 
 3.23000000e-01  8.96342157e-10 
 3.24000000e-01  9.18431294e-10 
 3.25000000e-01  9.41061973e-10 
 3.26000000e-01  9.64247369e-10 
 3.27000000e-01  9.88000971e-10 
 3.28000000e-01  1.01233659e-09 
 3.29000000e-01  1.03726839e-09 
 3.30000000e-01  1.06281084e-09 
 3.31000000e-01  1.08897877e-09 
 3.32000000e-01  1.11578739e-09 
 3.33000000e-01  1.14325224e-09 
 3.34000000e-01  1.17138926e-09 
 3.35000000e-01  1.20021475e-09 
 3.36000000e-01  1.22974540e-09 
 3.37000000e-01  1.25999833e-09 
 3.38000000e-01  1.29099105e-09 
 3.39000000e-01  1.32274146e-09 
 3.40000000e-01  1.35526795e-09 
 3.41000000e-01  1.38858929e-09 
 3.42000000e-01  1.42272474e-09 
 3.43000000e-01  1.45769400e-09 
 3.44000000e-01  1.49351724e-09 
 3.45000000e-01  1.53021511e-09 
 3.46000000e-01  1.56780877e-09 
 3.47000000e-01  1.60631987e-09 
 3.48000000e-01  1.64577056e-09 
 3.49000000e-01  1.68618356e-09 
 3.50000000e-01  1.72758208e-09 
 3.51000000e-01  1.76998993e-09 
 3.52000000e-01  1.81343145e-09 
 3.53000000e-01  1.85793157e-09 
 3.54000000e-01  1.90351581e-09 
 3.55000000e-01  1.95021031e-09 
 3.56000000e-01  1.99804181e-09 
 3.57000000e-01  2.04703770e-09 
 3.58000000e-01  2.09722600e-09 
 3.59000000e-01  2.14863541e-09 
 3.60000000e-01  2.20129531e-09 
 3.61000000e-01  2.25523576e-09 
 3.62000000e-01  2.31048754e-09 
 3.63000000e-01  2.36708215e-09 
 3.64000000e-01  2.42505186e-09 
 3.65000000e-01  2.48442966e-09 
 3.66000000e-01  2.54524935e-09 
 3.67000000e-01  2.60754550e-09 
 3.68000000e-01  2.67135353e-09 
 3.69000000e-01  2.73670967e-09 
 3.70000000e-01  2.80365099e-09 
 3.71000000e-01  2.87221546e-09 
 3.72000000e-01  2.94244193e-09 
 3.73000000e-01  3.01437015e-09 
 3.74000000e-01  3.08804082e-09 
 3.75000000e-01  3.16349558e-09 
 3.76000000e-01  3.24077707e-09 
 3.77000000e-01  3.31992889e-09 
 3.78000000e-01  3.40099570e-09 
 3.79000000e-01  3.48402317e-09 
 3.80000000e-01  3.56905806e-09 
 3.81000000e-01  3.65614822e-09 
 3.82000000e-01  3.74534260e-09 
 3.83000000e-01  3.83669131e-09 
 3.84000000e-01  3.93024562e-09 
 3.85000000e-01  4.02605799e-09 
 3.86000000e-01  4.12418210e-09 
 3.87000000e-01  4.22467290e-09 
 3.88000000e-01  4.32758657e-09 
 3.89000000e-01  4.43298065e-09 
 3.90000000e-01  4.54091397e-09 
 3.91000000e-01  4.65144675e-09 
 3.92000000e-01  4.76464059e-09 
 3.93000000e-01  4.88055853e-09 
 3.94000000e-01  4.99926505e-09 
 3.95000000e-01  5.12082613e-09 
 3.96000000e-01  5.24530928e-09 
 3.97000000e-01  5.37278355e-09 
 3.98000000e-01  5.50331959e-09 
 3.99000000e-01  5.63698969e-09 
 4.00000000e-01  5.77386779e-09 
 4.01000000e-01  5.91402952e-09 
 4.02000000e-01  6.05755228e-09 
 4.03000000e-01  6.20451521e-09 
 4.04000000e-01  6.35499928e-09 
 4.05000000e-01  6.50908733e-09 
 4.06000000e-01  6.66686408e-09 
 4.07000000e-01  6.82841619e-09 
 4.08000000e-01  6.99383231e-09 
 4.09000000e-01  7.16320309e-09 
 4.10000000e-01  7.33662128e-09 
 4.11000000e-01  7.51418173e-09 
 4.12000000e-01  7.69598144e-09 
 4.13000000e-01  7.88211964e-09 
 4.14000000e-01  8.07269779e-09 
 4.15000000e-01  8.26781967e-09 
 4.16000000e-01  8.46759143e-09 
 4.17000000e-01  8.67212158e-09 
 4.18000000e-01  8.88152114e-09 
 4.19000000e-01  9.09590361e-09 
 4.20000000e-01  9.31538506e-09 
 4.21000000e-01  9.54008419e-09 
 4.22000000e-01  9.77012237e-09 
 4.23000000e-01  1.00056237e-08 
 4.24000000e-01  1.02467151e-08 
 4.25000000e-01  1.04935264e-08 
 4.26000000e-01  1.07461901e-08 
 4.27000000e-01  1.10048420e-08 
 4.28000000e-01  1.12696207e-08 
 4.29000000e-01  1.15406681e-08 
 4.30000000e-01  1.18181291e-08 
 4.31000000e-01  1.21021520e-08 
 4.32000000e-01  1.23928882e-08 
 4.33000000e-01  1.26904928e-08 
 4.34000000e-01  1.29951240e-08 
 4.35000000e-01  1.33069437e-08 
 4.36000000e-01  1.36261175e-08 
 4.37000000e-01  1.39528145e-08 
 4.38000000e-01  1.42872076e-08 
 4.39000000e-01  1.46294736e-08 
 4.40000000e-01  1.49797932e-08 
 4.41000000e-01  1.53383510e-08 
 4.42000000e-01  1.57053359e-08 
 4.43000000e-01  1.60809406e-08 
 4.44000000e-01  1.64653624e-08 
 4.45000000e-01  1.68588028e-08 
 4.46000000e-01  1.72614678e-08 
 4.47000000e-01  1.76735679e-08 
 4.48000000e-01  1.80953181e-08 
 4.49000000e-01  1.85269383e-08 
 4.50000000e-01  1.89686531e-08 
 4.51000000e-01  1.94206920e-08 
 4.52000000e-01  1.98832897e-08 
 4.53000000e-01  2.03566858e-08 
 4.54000000e-01  2.08411253e-08 
 4.55000000e-01  2.13368584e-08 
 4.56000000e-01  2.18441407e-08 
 4.57000000e-01  2.23632337e-08 
 4.58000000e-01  2.28944042e-08 
 4.59000000e-01  2.34379249e-08 
 4.60000000e-01  2.39940745e-08 
 4.61000000e-01  2.45631377e-08 
 4.62000000e-01  2.51454051e-08 
 4.63000000e-01  2.57411741e-08 
 4.64000000e-01  2.63507479e-08 
 4.65000000e-01  2.69744368e-08 
 4.66000000e-01  2.76125573e-08 
 4.67000000e-01  2.82654330e-08 
 4.68000000e-01  2.89333944e-08 
 4.69000000e-01  2.96167789e-08 
 4.70000000e-01  3.03159315e-08 
 4.71000000e-01  3.10312042e-08 
 4.72000000e-01  3.17629566e-08 
 4.73000000e-01  3.25115562e-08 
 4.74000000e-01  3.32773781e-08 
 4.75000000e-01  3.40608055e-08 
 4.76000000e-01  3.48622297e-08 
 4.77000000e-01  3.56820504e-08 
 4.78000000e-01  3.65206756e-08 
 4.79000000e-01  3.73785221e-08 
 4.80000000e-01  3.82560155e-08 
 4.81000000e-01  3.91535904e-08 
 4.82000000e-01  4.00716905e-08 
 4.83000000e-01  4.10107690e-08 
 4.84000000e-01  4.19712886e-08 
 4.85000000e-01  4.29537217e-08 
 4.86000000e-01  4.39585507e-08 
 4.87000000e-01  4.49862679e-08 
 4.88000000e-01  4.60373764e-08 
 4.89000000e-01  4.71123893e-08 
 4.90000000e-01  4.82118310e-08 
 4.91000000e-01  4.93362363e-08 
 4.92000000e-01  5.04861515e-08 
 4.93000000e-01  5.16621344e-08 
 4.94000000e-01  5.28647542e-08 
 4.95000000e-01  5.40945920e-08 
 4.96000000e-01  5.53522410e-08 
 4.97000000e-01  5.66383068e-08 
 4.98000000e-01  5.79534074e-08 
 4.99000000e-01  5.92981739e-08 
 5.00000000e-01  6.06732501e-08 
 5.01000000e-01  6.20792935e-08 
 5.02000000e-01  6.35169748e-08 
 5.03000000e-01  6.49869789e-08 
 5.04000000e-01  6.64900047e-08 
 5.05000000e-01  6.80267654e-08 
 5.06000000e-01  6.95979889e-08 
 5.07000000e-01  7.12044183e-08 
 5.08000000e-01  7.28468116e-08 
 5.09000000e-01  7.45259427e-08 
 5.10000000e-01  7.62426012e-08 
 5.11000000e-01  7.79975928e-08 
 5.12000000e-01  7.97917398e-08 
 5.13000000e-01  8.16258813e-08 
 5.14000000e-01  8.35008735e-08 
 5.15000000e-01  8.54175901e-08 
 5.16000000e-01  8.73769226e-08 
 5.17000000e-01  8.93797806e-08 
 5.18000000e-01  9.14270922e-08 
 5.19000000e-01  9.35198046e-08 
 5.20000000e-01  9.56588838e-08 
 5.21000000e-01  9.78453158e-08 
 5.22000000e-01  1.00080106e-07 
 5.23000000e-01  1.02364282e-07 
 5.24000000e-01  1.04698889e-07 
 5.25000000e-01  1.07084995e-07 
 5.26000000e-01  1.09523692e-07 
 5.27000000e-01  1.12016089e-07 
 5.28000000e-01  1.14563322e-07 
 5.29000000e-01  1.17166546e-07 
 5.30000000e-01  1.19826943e-07 
 5.31000000e-01  1.22545716e-07 
 5.32000000e-01  1.25324093e-07 
 5.33000000e-01  1.28163327e-07 
 5.34000000e-01  1.31064696e-07 
 5.35000000e-01  1.34029503e-07 
 5.36000000e-01  1.37059077e-07 
 5.37000000e-01  1.40154775e-07 
 5.38000000e-01  1.43317979e-07 
 5.39000000e-01  1.46550101e-07 
 5.40000000e-01  1.49852579e-07 
 5.41000000e-01  1.53226881e-07 
 5.42000000e-01  1.56674503e-07 
 5.43000000e-01  1.60196972e-07 
 5.44000000e-01  1.63795845e-07 
 5.45000000e-01  1.67472709e-07 
 5.46000000e-01  1.71229183e-07 
 5.47000000e-01  1.75066918e-07 
 5.48000000e-01  1.78987598e-07 
 5.49000000e-01  1.82992940e-07 
 5.50000000e-01  1.87084695e-07 
 5.51000000e-01  1.91264648e-07 
 5.52000000e-01  1.95534620e-07 
 5.53000000e-01  1.99896467e-07 
 5.54000000e-01  2.04352082e-07 
 5.55000000e-01  2.08903394e-07 
 5.56000000e-01  2.13552372e-07 
 5.57000000e-01  2.18301021e-07 
 5.58000000e-01  2.23151387e-07 
 5.59000000e-01  2.28105555e-07 
 5.60000000e-01  2.33165652e-07 
 5.61000000e-01  2.38333843e-07 
 5.62000000e-01  2.43612340e-07 
 5.63000000e-01  2.49003394e-07 
 5.64000000e-01  2.54509301e-07 
 5.65000000e-01  2.60132402e-07 
 5.66000000e-01  2.65875081e-07 
 5.67000000e-01  2.71739771e-07 
 5.68000000e-01  2.77728950e-07 
 5.69000000e-01  2.83845143e-07 
 5.70000000e-01  2.90090926e-07 
 5.71000000e-01  2.96468921e-07 
 5.72000000e-01  3.02981803e-07 
 5.73000000e-01  3.09632297e-07 
 5.74000000e-01  3.16423178e-07 
 5.75000000e-01  3.23357277e-07 
 5.76000000e-01  3.30437476e-07 
 5.77000000e-01  3.37666713e-07 
 5.78000000e-01  3.45047980e-07 
 5.79000000e-01  3.52584327e-07 
 5.80000000e-01  3.60278860e-07 
 5.81000000e-01  3.68134743e-07 
 5.82000000e-01  3.76155201e-07 
 5.83000000e-01  3.84343517e-07 
 5.84000000e-01  3.92703035e-07 
 5.85000000e-01  4.01237162e-07 
 5.86000000e-01  4.09949367e-07 
 5.87000000e-01  4.18843184e-07 
 5.88000000e-01  4.27922210e-07 
 5.89000000e-01  4.37190110e-07 
 5.90000000e-01  4.46650613e-07 
 5.91000000e-01  4.56307518e-07 
 5.92000000e-01  4.66164693e-07 
 5.93000000e-01  4.76226074e-07 
 5.94000000e-01  4.86495667e-07 
 5.95000000e-01  4.96977553e-07 
 5.96000000e-01  5.07675883e-07 
 5.97000000e-01  5.18594881e-07 
 5.98000000e-01  5.29738849e-07 
 5.99000000e-01  5.41112162e-07 
 6.00000000e-01  5.52719270e-07 
 6.01000000e-01  5.64564706e-07 
 6.02000000e-01  5.76653075e-07 
 6.03000000e-01  5.88989066e-07 
 6.04000000e-01  6.01577448e-07 
 6.05000000e-01  6.14423068e-07 
 6.06000000e-01  6.27530860e-07 
 6.07000000e-01  6.40905837e-07 
 6.08000000e-01  6.54553099e-07 
 6.09000000e-01  6.68477830e-07 
 6.10000000e-01  6.82685300e-07 
 6.11000000e-01  6.97180865e-07 
 6.12000000e-01  7.11969971e-07 
 6.13000000e-01  7.27058150e-07 
 6.14000000e-01  7.42451025e-07 
 6.15000000e-01  7.58154309e-07 
 6.16000000e-01  7.74173803e-07 
 6.17000000e-01  7.90515405e-07 
 6.18000000e-01  8.07185100e-07 
 6.19000000e-01  8.24188971e-07 
 6.20000000e-01  8.41533191e-07 
 6.21000000e-01  8.59224030e-07 
 6.22000000e-01  8.77267851e-07 
 6.23000000e-01  8.95671115e-07 
 6.24000000e-01  9.14440377e-07 
 6.25000000e-01  9.33582291e-07 
 6.26000000e-01  9.53103606e-07 
 6.27000000e-01  9.73011171e-07 
 6.28000000e-01  9.93311932e-07 
 6.29000000e-01  1.01401293e-06 
 6.30000000e-01  1.03512132e-06 
 6.31000000e-01  1.05664433e-06 
 6.32000000e-01  1.07858932e-06 
 6.33000000e-01  1.10096371e-06 
 6.34000000e-01  1.12377506e-06 
 6.35000000e-01  1.14703101e-06 
 6.36000000e-01  1.17073929e-06 
 6.37000000e-01  1.19490775e-06 
 6.38000000e-01  1.21954433e-06 
 6.39000000e-01  1.24465708e-06 
 6.40000000e-01  1.27025414e-06 
 6.41000000e-01  1.29634373e-06 
 6.42000000e-01  1.32293422e-06 
 6.43000000e-01  1.35003403e-06 
 6.44000000e-01  1.37765171e-06 
 6.45000000e-01  1.40579589e-06 
 6.46000000e-01  1.43447530e-06 
 6.47000000e-01  1.46369878e-06 
 6.48000000e-01  1.49347525e-06 
 6.49000000e-01  1.52381373e-06 
 6.50000000e-01  1.55472334e-06 
 6.51000000e-01  1.58621330e-06 
 6.52000000e-01  1.61829291e-06 
 6.53000000e-01  1.65097156e-06 
 6.54000000e-01  1.68425875e-06 
 6.55000000e-01  1.71816404e-06 
 6.56000000e-01  1.75269711e-06 
 6.57000000e-01  1.78786771e-06 
 6.58000000e-01  1.82368568e-06 
 6.59000000e-01  1.86016094e-06 
 6.60000000e-01  1.89730350e-06 
 6.61000000e-01  1.93512345e-06 
 6.62000000e-01  1.97363096e-06 
 6.63000000e-01  2.01283627e-06 
 6.64000000e-01  2.05274971e-06 
 6.65000000e-01  2.09338166e-06 
 6.66000000e-01  2.13474261e-06 
 6.67000000e-01  2.17684309e-06 
 6.68000000e-01  2.21969370e-06 
 6.69000000e-01  2.26330513e-06 
 6.70000000e-01  2.30768810e-06 
 6.71000000e-01  2.35285341e-06 
 6.72000000e-01  2.39881193e-06 
 6.73000000e-01  2.44557456e-06 
 6.74000000e-01  2.49315227e-06 
 6.75000000e-01  2.54155608e-06 
 6.76000000e-01  2.59079706e-06 
 6.77000000e-01  2.64088631e-06 
 6.78000000e-01  2.69183499e-06 
 6.79000000e-01  2.74365429e-06 
 6.80000000e-01  2.79635545e-06 
 6.81000000e-01  2.84994972e-06 
 6.82000000e-01  2.90444841e-06 
 6.83000000e-01  2.95986283e-06 
 6.84000000e-01  3.01620433e-06 
 6.85000000e-01  3.07348428e-06 
 6.86000000e-01  3.13171406e-06 
 6.87000000e-01  3.19090507e-06 
 6.88000000e-01  3.25106871e-06 
 6.89000000e-01  3.31221641e-06 
 6.90000000e-01  3.37435957e-06 
 6.91000000e-01  3.43750963e-06 
 6.92000000e-01  3.50167799e-06 
 6.93000000e-01  3.56687606e-06 
 6.94000000e-01  3.63311524e-06 
 6.95000000e-01  3.70040690e-06 
 6.96000000e-01  3.76876242e-06 
 6.97000000e-01  3.83819312e-06 
 6.98000000e-01  3.90871032e-06 
 6.99000000e-01  3.98032530e-06 
 7.00000000e-01  4.05304931e-06 
 7.01000000e-01  4.12689356e-06 
 7.02000000e-01  4.20186922e-06 
 7.03000000e-01  4.27798740e-06 
 7.04000000e-01  4.35525918e-06 
 7.05000000e-01  4.43369557e-06 
 7.06000000e-01  4.51330754e-06 
 7.07000000e-01  4.59410597e-06 
 7.08000000e-01  4.67610171e-06 
 7.09000000e-01  4.75930550e-06 
 7.10000000e-01  4.84372804e-06 
 7.11000000e-01  4.92937995e-06 
 7.12000000e-01  5.01627173e-06 
 7.13000000e-01  5.10441385e-06 
 7.14000000e-01  5.19381664e-06 
 7.15000000e-01  5.28449038e-06 
 7.16000000e-01  5.37644522e-06 
 7.17000000e-01  5.46969122e-06 
 7.18000000e-01  5.56423835e-06 
 7.19000000e-01  5.66009645e-06 
 7.20000000e-01  5.75727526e-06 
 7.21000000e-01  5.85578440e-06 
 7.22000000e-01  5.95563337e-06 
 7.23000000e-01  6.05683157e-06 
 7.24000000e-01  6.15938823e-06 
 7.25000000e-01  6.26331250e-06 
 7.26000000e-01  6.36861335e-06 
 7.27000000e-01  6.47529965e-06 
 7.28000000e-01  6.58338012e-06 
 7.29000000e-01  6.69286333e-06 
 7.30000000e-01  6.80375771e-06 
 7.31000000e-01  6.91607155e-06 
 7.32000000e-01  7.02981297e-06 
 7.33000000e-01  7.14498996e-06 
 7.34000000e-01  7.26161033e-06 
 7.35000000e-01  7.37968175e-06 
 7.36000000e-01  7.49921171e-06 
 7.37000000e-01  7.62020756e-06 
 7.38000000e-01  7.74267645e-06 
 7.39000000e-01  7.86662539e-06 
 7.40000000e-01  7.99206121e-06 
 7.41000000e-01  8.11899055e-06 
 7.42000000e-01  8.24741990e-06 
 7.43000000e-01  8.37735556e-06 
 7.44000000e-01  8.50880364e-06 
 7.45000000e-01  8.64177009e-06 
 7.46000000e-01  8.77626066e-06 
 7.47000000e-01  8.91228094e-06 
 7.48000000e-01  9.04983629e-06 
 7.49000000e-01  9.18893192e-06 
 7.50000000e-01  9.32957285e-06 
 7.51000000e-01  9.47176389e-06 
 7.52000000e-01  9.61550967e-06 
 7.53000000e-01  9.76081463e-06 
 7.54000000e-01  9.90768302e-06 
 7.55000000e-01  1.00561189e-05 
 7.56000000e-01  1.02061261e-05 
 7.57000000e-01  1.03577083e-05 
 7.58000000e-01  1.05108690e-05 
 7.59000000e-01  1.06656114e-05 
 7.60000000e-01  1.08219386e-05 
 7.61000000e-01  1.09798535e-05 
 7.62000000e-01  1.11393588e-05 
 7.63000000e-01  1.13004570e-05 
 7.64000000e-01  1.14631503e-05 
 7.65000000e-01  1.16274409e-05 
 7.66000000e-01  1.17933306e-05 
 7.67000000e-01  1.19608213e-05 
 7.68000000e-01  1.21299143e-05 
 7.69000000e-01  1.23006110e-05 
 7.70000000e-01  1.24729125e-05 
 7.71000000e-01  1.26468198e-05 
 7.72000000e-01  1.28223336e-05 
 7.73000000e-01  1.29994544e-05 
 7.74000000e-01  1.31781827e-05 
 7.75000000e-01  1.33585185e-05 
 7.76000000e-01  1.35404620e-05 
 7.77000000e-01  1.37240128e-05 
 7.78000000e-01  1.39091705e-05 
 7.79000000e-01  1.40959348e-05 
 7.80000000e-01  1.42843046e-05 
 7.81000000e-01  1.44742793e-05 
 7.82000000e-01  1.46658575e-05 
 7.83000000e-01  1.48590381e-05 
 7.84000000e-01  1.50538196e-05 
 7.85000000e-01  1.52502004e-05 
 7.86000000e-01  1.54481786e-05 
 7.87000000e-01  1.56477523e-05 
 7.88000000e-01  1.58489193e-05 
 7.89000000e-01  1.60516773e-05 
 7.90000000e-01  1.62560239e-05 
 7.91000000e-01  1.64619564e-05 
 7.92000000e-01  1.66694721e-05 
 7.93000000e-01  1.68785679e-05 
 7.94000000e-01  1.70892408e-05 
 7.95000000e-01  1.73014876e-05 
 7.96000000e-01  1.75153048e-05 
 7.97000000e-01  1.77306888e-05 
 7.98000000e-01  1.79476361e-05 
 7.99000000e-01  1.81661426e-05 
 8.00000000e-01  1.83862046e-05 
 8.01000000e-01  1.86078178e-05 
 8.02000000e-01  1.88309780e-05 
 8.03000000e-01  1.90556808e-05 
 8.04000000e-01  1.92819217e-05 
 8.05000000e-01  1.95096960e-05 
 8.06000000e-01  1.97389991e-05 
 8.07000000e-01  1.99698260e-05 
 8.08000000e-01  2.02021717e-05 
 8.09000000e-01  2.04360311e-05 
 8.10000000e-01  2.06713989e-05 
 8.11000000e-01  2.09082698e-05 
 8.12000000e-01  2.11466384e-05 
 8.13000000e-01  2.13864992e-05 
 8.14000000e-01  2.16278463e-05 
 8.15000000e-01  2.18706741e-05 
 8.16000000e-01  2.21149768e-05 
 8.17000000e-01  2.23607483e-05 
 8.18000000e-01  2.26079826e-05 
 8.19000000e-01  2.28566736e-05 
 8.20000000e-01  2.31068150e-05 
 8.21000000e-01  2.33584006e-05 
 8.22000000e-01  2.36114240e-05 
 8.23000000e-01  2.38658786e-05 
 8.24000000e-01  2.41217580e-05 
 8.25000000e-01  2.43790556e-05 
 8.26000000e-01  2.46377646e-05 
 8.27000000e-01  2.48978783e-05 
 8.28000000e-01  2.51593898e-05 
 8.29000000e-01  2.54222924e-05 
 8.30000000e-01  2.56865791e-05 
 8.31000000e-01  2.59522428e-05 
 8.32000000e-01  2.62192765e-05 
 8.33000000e-01  2.64876731e-05 
 8.34000000e-01  2.67574255e-05 
 8.35000000e-01  2.70285264e-05 
 8.36000000e-01  2.73009685e-05 
 8.37000000e-01  2.75747447e-05 
 8.38000000e-01  2.78498476e-05 
 8.39000000e-01  2.81262697e-05 
 8.40000000e-01  2.84040037e-05 
 8.41000000e-01  2.86830422e-05 
 8.42000000e-01  2.89633776e-05 
 8.43000000e-01  2.92450025e-05 
 8.44000000e-01  2.95279093e-05 
 8.45000000e-01  2.98120905e-05 
 8.46000000e-01  3.00975385e-05 
 8.47000000e-01  3.03842458e-05 
 8.48000000e-01  3.06722045e-05 
 8.49000000e-01  3.09614073e-05 
 8.50000000e-01  3.12518463e-05 
 8.51000000e-01  3.15435140e-05 
 8.52000000e-01  3.18364027e-05 
 8.53000000e-01  3.21305046e-05 
 8.54000000e-01  3.24258121e-05 
 8.55000000e-01  3.27223176e-05 
 8.56000000e-01  3.30200132e-05 
 8.57000000e-01  3.33188914e-05 
 8.58000000e-01  3.36189443e-05 
 8.59000000e-01  3.39201644e-05 
 8.60000000e-01  3.42225439e-05 
 8.61000000e-01  3.45260751e-05 
 8.62000000e-01  3.48307503e-05 
 8.63000000e-01  3.51365619e-05 
 8.64000000e-01  3.54435022e-05 
 8.65000000e-01  3.57515636e-05 
 8.66000000e-01  3.60607383e-05 
 8.67000000e-01  3.63710189e-05 
 8.68000000e-01  3.66823975e-05 
 8.69000000e-01  3.69948668e-05 
 8.70000000e-01  3.73084190e-05 
 8.71000000e-01  3.76230466e-05 
 8.72000000e-01  3.79387421e-05 
 8.73000000e-01  3.82554979e-05 
 8.74000000e-01  3.85733066e-05 
 8.75000000e-01  3.88921607e-05 
 8.76000000e-01  3.92120527e-05 
 8.77000000e-01  3.95329752e-05 
 8.78000000e-01  3.98549208e-05 
 8.79000000e-01  4.01778822e-05 
 8.80000000e-01  4.05018519e-05 
 8.81000000e-01  4.08268227e-05 
 8.82000000e-01  4.11527874e-05 
 8.83000000e-01  4.14797385e-05 
 8.84000000e-01  4.18076690e-05 
 8.85000000e-01  4.21365717e-05 
 8.86000000e-01  4.24664393e-05 
 8.87000000e-01  4.27972648e-05 
 8.88000000e-01  4.31290411e-05 
 8.89000000e-01  4.34617612e-05 
 8.90000000e-01  4.37954180e-05 
 8.91000000e-01  4.41300046e-05 
 8.92000000e-01  4.44655140e-05 
 8.93000000e-01  4.48019393e-05 
 8.94000000e-01  4.51392738e-05 
 8.95000000e-01  4.54775105e-05 
 8.96000000e-01  4.58166426e-05 
 8.97000000e-01  4.61566635e-05 
 8.98000000e-01  4.64975665e-05 
 8.99000000e-01  4.68393449e-05 
 9.00000000e-01  4.71819920e-05 
 9.01000000e-01  4.75255014e-05 
 9.02000000e-01  4.78698664e-05 
 9.03000000e-01  4.82150807e-05 
 9.04000000e-01  4.85611377e-05 
 9.05000000e-01  4.89080310e-05 
 9.06000000e-01  4.92557544e-05 
 9.07000000e-01  4.96043014e-05 
 9.08000000e-01  4.99536659e-05 
 9.09000000e-01  5.03038416e-05 
 9.10000000e-01  5.06548223e-05 
 9.11000000e-01  5.10066018e-05 
 9.12000000e-01  5.13591742e-05 
 9.13000000e-01  5.17125333e-05 
 9.14000000e-01  5.20666732e-05 
 9.15000000e-01  5.24215879e-05 
 9.16000000e-01  5.27772715e-05 
 9.17000000e-01  5.31337181e-05 
 9.18000000e-01  5.34909220e-05 
 9.19000000e-01  5.38488773e-05 
 9.20000000e-01  5.42075783e-05 
 9.21000000e-01  5.45670194e-05 
 9.22000000e-01  5.49271949e-05 
 9.23000000e-01  5.52880992e-05 
 9.24000000e-01  5.56497268e-05 
 9.25000000e-01  5.60120723e-05 
 9.26000000e-01  5.63751300e-05 
 9.27000000e-01  5.67388947e-05 
 9.28000000e-01  5.71033610e-05 
 9.29000000e-01  5.74685235e-05 
 9.30000000e-01  5.78343771e-05 
 9.31000000e-01  5.82009164e-05 
 9.32000000e-01  5.85681364e-05 
 9.33000000e-01  5.89360318e-05 
 9.34000000e-01  5.93045975e-05 
 9.35000000e-01  5.96738286e-05 
 9.36000000e-01  6.00437201e-05 
 9.37000000e-01  6.04142670e-05 
 9.38000000e-01  6.07854643e-05 
 9.39000000e-01  6.11573072e-05 
 9.40000000e-01  6.15297909e-05 
 9.41000000e-01  6.19029107e-05 
 9.42000000e-01  6.22766617e-05 
 9.43000000e-01  6.26510393e-05 
 9.44000000e-01  6.30260388e-05 
 9.45000000e-01  6.34016557e-05 
 9.46000000e-01  6.37778854e-05 
 9.47000000e-01  6.41547233e-05 
 9.48000000e-01  6.45321650e-05 
 9.49000000e-01  6.49102060e-05 
 9.50000000e-01  6.52888420e-05 
 9.51000000e-01  6.56680685e-05 
 9.52000000e-01  6.60478814e-05 
 9.53000000e-01  6.64282763e-05 
 9.54000000e-01  6.68092489e-05 
 9.55000000e-01  6.71907952e-05 
 9.56000000e-01  6.75729108e-05 
 9.57000000e-01  6.79555919e-05 
 9.58000000e-01  6.83388342e-05 
 9.59000000e-01  6.87226337e-05 
 9.60000000e-01  6.91069865e-05 
 9.61000000e-01  6.94918885e-05 
 9.62000000e-01  6.98773360e-05 
 9.63000000e-01  7.02633249e-05 
 9.64000000e-01  7.06498515e-05 
 9.65000000e-01  7.10369120e-05 
 9.66000000e-01  7.14245026e-05 
 9.67000000e-01  7.18126196e-05 
 9.68000000e-01  7.22012592e-05 
 9.69000000e-01  7.25904179e-05 
 9.70000000e-01  7.29800919e-05 
 9.71000000e-01  7.33702778e-05 
 9.72000000e-01  7.37609720e-05 
 9.73000000e-01  7.41521710e-05 
 9.74000000e-01  7.45438713e-05 
 9.75000000e-01  7.49360694e-05 
 9.76000000e-01  7.53287619e-05 
 9.77000000e-01  7.57219456e-05 
 9.78000000e-01  7.61156170e-05 
 9.79000000e-01  7.65097727e-05 
 9.80000000e-01  7.69044097e-05 
 9.81000000e-01  7.72995245e-05 
 9.82000000e-01  7.76951141e-05 
 9.83000000e-01  7.80911752e-05 
 9.84000000e-01  7.84877046e-05 
 9.85000000e-01  7.88846993e-05 
 9.86000000e-01  7.92821562e-05 
 9.87000000e-01  7.96800722e-05 
 9.88000000e-01  8.00784443e-05 
 9.89000000e-01  8.04772695e-05 
 9.90000000e-01  8.08765448e-05 
 9.91000000e-01  8.12762674e-05 
 9.92000000e-01  8.16764343e-05 
 9.93000000e-01  8.20770426e-05 
 9.94000000e-01  8.24780894e-05 
 9.95000000e-01  8.28795721e-05 
 9.96000000e-01  8.32814877e-05 
 9.97000000e-01  8.36838336e-05 
 9.98000000e-01  8.40866069e-05 
 9.99000000e-01  8.44898050e-05 
 1.00000000e+00  8.48934252e-05 
 1.00100000e+00  8.52974648e-05 
 1.00200000e+00  8.57019212e-05 
 1.00300000e+00  8.61067918e-05 
 1.00400000e+00  8.65120741e-05 
 1.00500000e+00  8.69177654e-05 
 1.00600000e+00  8.73238632e-05 
 1.00700000e+00  8.77303651e-05 
 1.00800000e+00  8.81372686e-05 
 1.00900000e+00  8.85445712e-05 
 1.01000000e+00  8.89522704e-05 
 1.01100000e+00  8.93603640e-05 
 1.01200000e+00  8.97688494e-05 
 1.01300000e+00  9.01777243e-05 
 1.01400000e+00  9.05869865e-05 
 1.01500000e+00  9.09966335e-05 
 1.01600000e+00  9.14066631e-05 
 1.01700000e+00  9.18170731e-05 
 1.01800000e+00  9.22278611e-05 
 1.01900000e+00  9.26390249e-05 
 1.02000000e+00  9.30505624e-05 
 1.02100000e+00  9.34624713e-05 
 1.02200000e+00  9.38747495e-05 
 1.02300000e+00  9.42873949e-05 
 1.02400000e+00  9.47004052e-05 
 1.02500000e+00  9.51137785e-05 
 1.02600000e+00  9.55275126e-05 
 1.02700000e+00  9.59416055e-05 
 1.02800000e+00  9.63560551e-05 
 1.02900000e+00  9.67708594e-05 
 1.03000000e+00  9.71860164e-05 
 1.03100000e+00  9.76015241e-05 
 1.03200000e+00  9.80173806e-05 
 1.03300000e+00  9.84335838e-05 
 1.03400000e+00  9.88501318e-05 
 1.03500000e+00  9.92670228e-05 
 1.03600000e+00  9.96842548e-05 
 1.03700000e+00  1.00101826e-04 
 1.03800000e+00  1.00519734e-04 
 1.03900000e+00  1.00937978e-04 
 1.04000000e+00  1.01356556e-04 
 1.04100000e+00  1.01775465e-04 
 1.04200000e+00  1.02194704e-04 
 1.04300000e+00  1.02614272e-04 
 1.04400000e+00  1.03034165e-04 
 1.04500000e+00  1.03454384e-04 
 1.04600000e+00  1.03874925e-04 
 1.04700000e+00  1.04295788e-04 
 1.04800000e+00  1.04716970e-04 
 1.04900000e+00  1.05138470e-04 
 1.05000000e+00  1.05560286e-04 
 1.05100000e+00  1.05982417e-04 
 1.05200000e+00  1.06404860e-04 
 1.05300000e+00  1.06827615e-04 
 1.05400000e+00  1.07250679e-04 
 1.05500000e+00  1.07674051e-04 
 1.05600000e+00  1.08097730e-04 
 1.05700000e+00  1.08521713e-04 
 1.05800000e+00  1.08946000e-04 
 1.05900000e+00  1.09370588e-04 
 1.06000000e+00  1.09795476e-04 
 1.06100000e+00  1.10220663e-04 
 1.06200000e+00  1.10646147e-04 
 1.06300000e+00  1.11071927e-04 
 1.06400000e+00  1.11498000e-04 
 1.06500000e+00  1.11924366e-04 
 1.06600000e+00  1.12351024e-04 
 1.06700000e+00  1.12777971e-04 
 1.06800000e+00  1.13205206e-04 
 1.06900000e+00  1.13632728e-04 
 1.07000000e+00  1.14060535e-04 
 1.07100000e+00  1.14488626e-04 
 1.07200000e+00  1.14917000e-04 
 1.07300000e+00  1.15345655e-04 
 1.07400000e+00  1.15774590e-04 
 1.07500000e+00  1.16203803e-04 
 1.07600000e+00  1.16633293e-04 
 1.07700000e+00  1.17063059e-04 
 1.07800000e+00  1.17493099e-04 
 1.07900000e+00  1.17923412e-04 
 1.08000000e+00  1.18353997e-04 
 1.08100000e+00  1.18784852e-04 
 1.08200000e+00  1.19215976e-04 
 1.08300000e+00  1.19647368e-04 
 1.08400000e+00  1.20079027e-04 
 1.08500000e+00  1.20510951e-04 
 1.08600000e+00  1.20943138e-04 
 1.08700000e+00  1.21375589e-04 
 1.08800000e+00  1.21808301e-04 
 1.08900000e+00  1.22241273e-04 
 1.09000000e+00  1.22674504e-04 
 1.09100000e+00  1.23107993e-04 
 1.09200000e+00  1.23541738e-04 
 1.09300000e+00  1.23975739e-04 
 1.09400000e+00  1.24409994e-04 
 1.09500000e+00  1.24844501e-04 
 1.09600000e+00  1.25279261e-04 
 1.09700000e+00  1.25714271e-04 
 1.09800000e+00  1.26149531e-04 
 1.09900000e+00  1.26585039e-04 
 1.10000000e+00  1.27020794e-04 
 1.10100000e+00  1.27456795e-04 
 1.10200000e+00  1.27893041e-04 
 1.10300000e+00  1.28329530e-04 
 1.10400000e+00  1.28766263e-04 
 1.10500000e+00  1.29203236e-04 
 1.10600000e+00  1.29640450e-04 
 1.10700000e+00  1.30077904e-04 
 1.10800000e+00  1.30515595e-04 
 1.10900000e+00  1.30953524e-04 
 1.11000000e+00  1.31391688e-04 
 1.11100000e+00  1.31830088e-04 
 1.11200000e+00  1.32268721e-04 
 1.11300000e+00  1.32707587e-04 
 1.11400000e+00  1.33146685e-04 
 1.11500000e+00  1.33586014e-04 
 1.11600000e+00  1.34025572e-04 
 1.11700000e+00  1.34465359e-04 
 1.11800000e+00  1.34905373e-04 
 1.11900000e+00  1.35345614e-04 
 1.12000000e+00  1.35786081e-04 
 1.12100000e+00  1.36226772e-04 
 1.12200000e+00  1.36667686e-04 
 1.12300000e+00  1.37108823e-04 
 1.12400000e+00  1.37550182e-04 
 1.12500000e+00  1.37991761e-04 
 1.12600000e+00  1.38433559e-04 
 1.12700000e+00  1.38875577e-04 
 1.12800000e+00  1.39317811e-04 
 1.12900000e+00  1.39760262e-04 
 1.13000000e+00  1.40202929e-04 
 1.13100000e+00  1.40645811e-04 
 1.13200000e+00  1.41088906e-04 
 1.13300000e+00  1.41532214e-04 
 1.13400000e+00  1.41975734e-04 
 1.13500000e+00  1.42419464e-04 
 1.13600000e+00  1.42863405e-04 
 1.13700000e+00  1.43307555e-04 
 1.13800000e+00  1.43751912e-04 
 1.13900000e+00  1.44196477e-04 
 1.14000000e+00  1.44641248e-04 
 1.14100000e+00  1.45086224e-04 
 1.14200000e+00  1.45531405e-04 
 1.14300000e+00  1.45976789e-04 
 1.14400000e+00  1.46422376e-04 
 1.14500000e+00  1.46868164e-04 
 1.14600000e+00  1.47314153e-04 
 1.14700000e+00  1.47760343e-04 
 1.14800000e+00  1.48206731e-04 
 1.14900000e+00  1.48653317e-04 
 1.15000000e+00  1.49100100e-04 
 1.15100000e+00  1.49547080e-04 
 1.15200000e+00  1.49994256e-04 
 1.15300000e+00  1.50441626e-04 
 1.15400000e+00  1.50889190e-04 
 1.15500000e+00  1.51336946e-04 
 1.15600000e+00  1.51784895e-04 
 1.15700000e+00  1.52233035e-04 
 1.15800000e+00  1.52681366e-04 
 1.15900000e+00  1.53129886e-04 
 1.16000000e+00  1.53578594e-04 
 1.16100000e+00  1.54027491e-04 
 1.16200000e+00  1.54476575e-04 
 1.16300000e+00  1.54925844e-04 
 1.16400000e+00  1.55375299e-04 
 1.16500000e+00  1.55824939e-04 
 1.16600000e+00  1.56274762e-04 
 1.16700000e+00  1.56724769e-04 
 1.16800000e+00  1.57174957e-04 
 1.16900000e+00  1.57625327e-04 
 1.17000000e+00  1.58075877e-04 
 1.17100000e+00  1.58526606e-04 
 1.17200000e+00  1.58977515e-04 
 1.17300000e+00  1.59428602e-04 
 1.17400000e+00  1.59879866e-04 
 1.17500000e+00  1.60331306e-04 
 1.17600000e+00  1.60782923e-04 
 1.17700000e+00  1.61234714e-04 
 1.17800000e+00  1.61686679e-04 
 1.17900000e+00  1.62138818e-04 
 1.18000000e+00  1.62591129e-04 
 1.18100000e+00  1.63043612e-04 
 1.18200000e+00  1.63496266e-04 
 1.18300000e+00  1.63949090e-04 
 1.18400000e+00  1.64402084e-04 
 1.18500000e+00  1.64855247e-04 
 1.18600000e+00  1.65308577e-04 
 1.18700000e+00  1.65762075e-04 
 1.18800000e+00  1.66215739e-04 
 1.18900000e+00  1.66669569e-04 
 1.19000000e+00  1.67123564e-04 
 1.19100000e+00  1.67577723e-04 
 1.19200000e+00  1.68032046e-04 
 1.19300000e+00  1.68486531e-04 
 1.19400000e+00  1.68941179e-04 
 1.19500000e+00  1.69395987e-04 
 1.19600000e+00  1.69850956e-04 
 1.19700000e+00  1.70306085e-04 
 1.19800000e+00  1.70761374e-04 
 1.19900000e+00  1.71216820e-04 
 1.20000000e+00  1.71672424e-04 
 1.20100000e+00  1.72128185e-04 
 1.20200000e+00  1.72584102e-04 
 1.20300000e+00  1.73040175e-04 
 1.20400000e+00  1.73496402e-04 
 1.20500000e+00  1.73952784e-04 
 1.20600000e+00  1.74409318e-04 
 1.20700000e+00  1.74866006e-04 
 1.20800000e+00  1.75322845e-04 
 1.20900000e+00  1.75779836e-04 
 1.21000000e+00  1.76236977e-04 
 1.21100000e+00  1.76694267e-04 
 1.21200000e+00  1.77151708e-04 
 1.21300000e+00  1.77609296e-04 
 1.21400000e+00  1.78067032e-04 
 1.21500000e+00  1.78524915e-04 
 1.21600000e+00  1.78982945e-04 
 1.21700000e+00  1.79441120e-04 
 1.21800000e+00  1.79899440e-04 
 1.21900000e+00  1.80357905e-04 
 1.22000000e+00  1.80816513e-04 
 1.22100000e+00  1.81275265e-04 
 1.22200000e+00  1.81734158e-04 
 1.22300000e+00  1.82193193e-04 
 1.22400000e+00  1.82652369e-04 
 1.22500000e+00  1.83111685e-04 
 1.22600000e+00  1.83571141e-04 
 1.22700000e+00  1.84030736e-04 
 1.22800000e+00  1.84490469e-04 
 1.22900000e+00  1.84950340e-04 
 1.23000000e+00  1.85410348e-04 
 1.23100000e+00  1.85870492e-04 
 1.23200000e+00  1.86330772e-04 
 1.23300000e+00  1.86791186e-04 
 1.23400000e+00  1.87251735e-04 
 1.23500000e+00  1.87712418e-04 
 1.23600000e+00  1.88173234e-04 
 1.23700000e+00  1.88634182e-04 
 1.23800000e+00  1.89095262e-04 
 1.23900000e+00  1.89556473e-04 
 1.24000000e+00  1.90017815e-04 
 1.24100000e+00  1.90479286e-04 
 1.24200000e+00  1.90940886e-04 
 1.24300000e+00  1.91402616e-04 
 1.24400000e+00  1.91864473e-04 
 1.24500000e+00  1.92326457e-04 
 1.24600000e+00  1.92788568e-04 
 1.24700000e+00  1.93250805e-04 
 1.24800000e+00  1.93713168e-04 
 1.24900000e+00  1.94175655e-04 
 1.25000000e+00  1.94638267e-04 
 1.25100000e+00  1.95101002e-04 
 1.25200000e+00  1.95563860e-04 
 1.25300000e+00  1.96026840e-04 
 1.25400000e+00  1.96489943e-04 
 1.25500000e+00  1.96953166e-04 
 1.25600000e+00  1.97416509e-04 
 1.25700000e+00  1.97879973e-04 
 1.25800000e+00  1.98343556e-04 
 1.25900000e+00  1.98807257e-04 
 1.26000000e+00  1.99271077e-04 
 1.26100000e+00  1.99735014e-04 
 1.26200000e+00  2.00199068e-04 
 1.26300000e+00  2.00663238e-04 
 1.26400000e+00  2.01127524e-04 
 1.26500000e+00  2.01591924e-04 
 1.26600000e+00  2.02056440e-04 
 1.26700000e+00  2.02521069e-04 
 1.26800000e+00  2.02985811e-04 
 1.26900000e+00  2.03450666e-04 
 1.27000000e+00  2.03915633e-04 
 1.27100000e+00  2.04380712e-04 
 1.27200000e+00  2.04845902e-04 
 1.27300000e+00  2.05311202e-04 
 1.27400000e+00  2.05776611e-04 
 1.27500000e+00  2.06242130e-04 
 1.27600000e+00  2.06707758e-04 
 1.27700000e+00  2.07173493e-04 
 1.27800000e+00  2.07639336e-04 
 1.27900000e+00  2.08105286e-04 
 1.28000000e+00  2.08571342e-04 
 1.28100000e+00  2.09037504e-04 
 1.28200000e+00  2.09503771e-04 
 1.28300000e+00  2.09970143e-04 
 1.28400000e+00  2.10436618e-04 
 1.28500000e+00  2.10903197e-04 
 1.28600000e+00  2.11369879e-04 
 1.28700000e+00  2.11836663e-04 
 1.28800000e+00  2.12303549e-04 
 1.28900000e+00  2.12770537e-04 
 1.29000000e+00  2.13237624e-04 
 1.29100000e+00  2.13704812e-04 
 1.29200000e+00  2.14172100e-04 
 1.29300000e+00  2.14639486e-04 
 1.29400000e+00  2.15106971e-04 
 1.29500000e+00  2.15574554e-04 
 1.29600000e+00  2.16042234e-04 
 1.29700000e+00  2.16510011e-04 
 1.29800000e+00  2.16977884e-04 
 1.29900000e+00  2.17445853e-04 
 1.30000000e+00  2.17913917e-04 
 1.30100000e+00  2.18382076e-04 
 1.30200000e+00  2.18850328e-04 
 1.30300000e+00  2.19318674e-04 
 1.30400000e+00  2.19787113e-04 
 1.30500000e+00  2.20255645e-04 
 1.30600000e+00  2.20724268e-04 
 1.30700000e+00  2.21192983e-04 
 1.30800000e+00  2.21661789e-04 
 1.30900000e+00  2.22130685e-04 
 1.31000000e+00  2.22599671e-04 
 1.31100000e+00  2.23068746e-04 
 1.31200000e+00  2.23537910e-04 
 1.31300000e+00  2.24007162e-04 
 1.31400000e+00  2.24476501e-04 
 1.31500000e+00  2.24945928e-04 
 1.31600000e+00  2.25415442e-04 
 1.31700000e+00  2.25885041e-04 
 1.31800000e+00  2.26354726e-04 
 1.31900000e+00  2.26824497e-04 
 1.32000000e+00  2.27294352e-04 
 1.32100000e+00  2.27764290e-04 
 1.32200000e+00  2.28234313e-04 
 1.32300000e+00  2.28704418e-04 
 1.32400000e+00  2.29174606e-04 
 1.32500000e+00  2.29644876e-04 
 1.32600000e+00  2.30115228e-04 
 1.32700000e+00  2.30585660e-04 
 1.32800000e+00  2.31056173e-04 
 1.32900000e+00  2.31526766e-04 
 1.33000000e+00  2.31997438e-04 
 1.33100000e+00  2.32468190e-04 
 1.33200000e+00  2.32939020e-04 
 1.33300000e+00  2.33409927e-04 
 1.33400000e+00  2.33880913e-04 
 1.33500000e+00  2.34351975e-04 
 1.33600000e+00  2.34823114e-04 
 1.33700000e+00  2.35294328e-04 
 1.33800000e+00  2.35765619e-04 
 1.33900000e+00  2.36236984e-04 
 1.34000000e+00  2.36708424e-04 
 1.34100000e+00  2.37179938e-04 
 1.34200000e+00  2.37651525e-04 
 1.34300000e+00  2.38123186e-04 
 1.34400000e+00  2.38594919e-04 
 1.34500000e+00  2.39066724e-04 
 1.34600000e+00  2.39538600e-04 
 1.34700000e+00  2.40010548e-04 
 1.34800000e+00  2.40482567e-04 
 1.34900000e+00  2.40954655e-04 
 1.35000000e+00  2.41426814e-04 
 1.35100000e+00  2.41899041e-04 
 1.35200000e+00  2.42371338e-04 
 1.35300000e+00  2.42843702e-04 
 1.35400000e+00  2.43316135e-04 
 1.35500000e+00  2.43788635e-04 
 1.35600000e+00  2.44261201e-04 
 1.35700000e+00  2.44733834e-04 
 1.35800000e+00  2.45206533e-04 
 1.35900000e+00  2.45679297e-04 
 1.36000000e+00  2.46152127e-04 
 1.36100000e+00  2.46625021e-04 
 1.36200000e+00  2.47097979e-04 
 1.36300000e+00  2.47571000e-04 
 1.36400000e+00  2.48044085e-04 
 1.36500000e+00  2.48517232e-04 
 1.36600000e+00  2.48990442e-04 
 1.36700000e+00  2.49463713e-04 
 1.36800000e+00  2.49937046e-04 
 1.36900000e+00  2.50410439e-04 
 1.37000000e+00  2.50883893e-04 
 1.37100000e+00  2.51357407e-04 
 1.37200000e+00  2.51830981e-04 
 1.37300000e+00  2.52304613e-04 
 1.37400000e+00  2.52778304e-04 
 1.37500000e+00  2.53252054e-04 
 1.37600000e+00  2.53725861e-04 
 1.37700000e+00  2.54199725e-04 
 1.37800000e+00  2.54673646e-04 
 1.37900000e+00  2.55147623e-04 
 1.38000000e+00  2.55621657e-04 
 1.38100000e+00  2.56095746e-04 
 1.38200000e+00  2.56569890e-04 
 1.38300000e+00  2.57044088e-04 
 1.38400000e+00  2.57518341e-04 
 1.38500000e+00  2.57992648e-04 
 1.38600000e+00  2.58467008e-04 
 1.38700000e+00  2.58941421e-04 
 1.38800000e+00  2.59415886e-04 
 1.38900000e+00  2.59890403e-04 
 1.39000000e+00  2.60364972e-04 
 1.39100000e+00  2.60839592e-04 
 1.39200000e+00  2.61314263e-04 
 1.39300000e+00  2.61788984e-04 
 1.39400000e+00  2.62263755e-04 
 1.39500000e+00  2.62738576e-04 
 1.39600000e+00  2.63213445e-04 
 1.39700000e+00  2.63688363e-04 
 1.39800000e+00  2.64163330e-04 
 1.39900000e+00  2.64638344e-04 
 1.40000000e+00  2.65113405e-04 
 1.40100000e+00  2.65588514e-04 
 1.40200000e+00  2.66063669e-04 
 1.40300000e+00  2.66538870e-04 
 1.40400000e+00  2.67014117e-04 
 1.40500000e+00  2.67489409e-04 
 1.40600000e+00  2.67964746e-04 
 1.40700000e+00  2.68440127e-04 
 1.40800000e+00  2.68915553e-04 
 1.40900000e+00  2.69391022e-04 
 1.41000000e+00  2.69866535e-04 
 1.41100000e+00  2.70342090e-04 
 1.41200000e+00  2.70817688e-04 
 1.41300000e+00  2.71293327e-04 
 1.41400000e+00  2.71769009e-04 
 1.41500000e+00  2.72244731e-04 
 1.41600000e+00  2.72720495e-04 
 1.41700000e+00  2.73196298e-04 
 1.41800000e+00  2.73672142e-04 
 1.41900000e+00  2.74148026e-04 
 1.42000000e+00  2.74623949e-04 
 1.42100000e+00  2.75099910e-04 
 1.42200000e+00  2.75575910e-04 
 1.42300000e+00  2.76051948e-04 
 1.42400000e+00  2.76528024e-04 
 1.42500000e+00  2.77004137e-04 
 1.42600000e+00  2.77480287e-04 
 1.42700000e+00  2.77956473e-04 
 1.42800000e+00  2.78432695e-04 
 1.42900000e+00  2.78908953e-04 
 1.43000000e+00  2.79385247e-04 
 1.43100000e+00  2.79861575e-04 
 1.43200000e+00  2.80337938e-04 
 1.43300000e+00  2.80814335e-04 
 1.43400000e+00  2.81290766e-04 
 1.43500000e+00  2.81767230e-04 
 1.43600000e+00  2.82243728e-04 
 1.43700000e+00  2.82720257e-04 
 1.43800000e+00  2.83196820e-04 
 1.43900000e+00  2.83673414e-04 
 1.44000000e+00  2.84150039e-04 
 1.44100000e+00  2.84626696e-04 
 1.44200000e+00  2.85103384e-04 
 1.44300000e+00  2.85580102e-04 
 1.44400000e+00  2.86056850e-04 
 1.44500000e+00  2.86533627e-04 
 1.44600000e+00  2.87010434e-04 
 1.44700000e+00  2.87487270e-04 
 1.44800000e+00  2.87964134e-04 
 1.44900000e+00  2.88441027e-04 
 1.45000000e+00  2.88917947e-04 
 1.45100000e+00  2.89394895e-04 
 1.45200000e+00  2.89871870e-04 
 1.45300000e+00  2.90348871e-04 
 1.45400000e+00  2.90825899e-04 
 1.45500000e+00  2.91302953e-04 
 1.45600000e+00  2.91780032e-04 
 1.45700000e+00  2.92257137e-04 
 1.45800000e+00  2.92734267e-04 
 1.45900000e+00  2.93211421e-04 
 1.46000000e+00  2.93688600e-04 
 1.46100000e+00  2.94165802e-04 
 1.46200000e+00  2.94643028e-04 
 1.46300000e+00  2.95120277e-04 
 1.46400000e+00  2.95597549e-04 
 1.46500000e+00  2.96074843e-04 
 1.46600000e+00  2.96552159e-04 
 1.46700000e+00  2.97029497e-04 
 1.46800000e+00  2.97506857e-04 
 1.46900000e+00  2.97984237e-04 
 1.47000000e+00  2.98461638e-04 
 1.47100000e+00  2.98939060e-04 
 1.47200000e+00  2.99416501e-04 
 1.47300000e+00  2.99893962e-04 
 1.47400000e+00  3.00371443e-04 
 1.47500000e+00  3.00848942e-04 
 1.47600000e+00  3.01326460e-04 
 1.47700000e+00  3.01803997e-04 
 1.47800000e+00  3.02281551e-04 
 1.47900000e+00  3.02759123e-04 
 1.48000000e+00  3.03236712e-04 
 1.48100000e+00  3.03714318e-04 
 1.48200000e+00  3.04191941e-04 
 1.48300000e+00  3.04669580e-04 
 1.48400000e+00  3.05147235e-04 
 1.48500000e+00  3.05624905e-04 
 1.48600000e+00  3.06102591e-04 
 1.48700000e+00  3.06580292e-04 
 1.48800000e+00  3.07058007e-04 
 1.48900000e+00  3.07535737e-04 
 1.49000000e+00  3.08013480e-04 
 1.49100000e+00  3.08491237e-04 
 1.49200000e+00  3.08969008e-04 
 1.49300000e+00  3.09446791e-04 
 1.49400000e+00  3.09924587e-04 
 1.49500000e+00  3.10402395e-04 
 1.49600000e+00  3.10880216e-04 
 1.49700000e+00  3.11358048e-04 
 1.49800000e+00  3.11835891e-04 
 1.49900000e+00  3.12313746e-04 
 1.50000000e+00  3.12791611e-04 
 1.50100000e+00  3.13269486e-04 
 1.50200000e+00  3.13747372e-04 
 1.50300000e+00  3.14225267e-04 
 1.50400000e+00  3.14703172e-04 
 1.50500000e+00  3.15181086e-04 
 1.50600000e+00  3.15659008e-04 
 1.50700000e+00  3.16136940e-04 
 1.50800000e+00  3.16614879e-04 
 1.50900000e+00  3.17092826e-04 
 1.51000000e+00  3.17570781e-04 
 1.51100000e+00  3.18048743e-04 
 1.51200000e+00  3.18526712e-04 
 1.51300000e+00  3.19004687e-04 
 1.51400000e+00  3.19482669e-04 
 1.51500000e+00  3.19960657e-04 
 1.51600000e+00  3.20438651e-04 
 1.51700000e+00  3.20916650e-04 
 1.51800000e+00  3.21394654e-04 
 1.51900000e+00  3.21872663e-04 
 1.52000000e+00  3.22350676e-04 
 1.52100000e+00  3.22828694e-04 
 1.52200000e+00  3.23306715e-04 
 1.52300000e+00  3.23784740e-04 
 1.52400000e+00  3.24262768e-04 
 1.52500000e+00  3.24740800e-04 
 1.52600000e+00  3.25218833e-04 
 1.52700000e+00  3.25696870e-04 
 1.52800000e+00  3.26174908e-04 
 1.52900000e+00  3.26652948e-04 
 1.53000000e+00  3.27130990e-04 
 1.53100000e+00  3.27609033e-04 
 1.53200000e+00  3.28087077e-04 
 1.53300000e+00  3.28565121e-04 
 1.53400000e+00  3.29043166e-04 
 1.53500000e+00  3.29521211e-04 
 1.53600000e+00  3.29999255e-04 
 1.53700000e+00  3.30477299e-04 
 1.53800000e+00  3.30955342e-04 
 1.53900000e+00  3.31433384e-04 
 1.54000000e+00  3.31911425e-04 
 1.54100000e+00  3.32389464e-04 
 1.54200000e+00  3.32867501e-04 
 1.54300000e+00  3.33345535e-04 
 1.54400000e+00  3.33823567e-04 
 1.54500000e+00  3.34301597e-04 
 1.54600000e+00  3.34779623e-04 
 1.54700000e+00  3.35257645e-04 
 1.54800000e+00  3.35735664e-04 
 1.54900000e+00  3.36213680e-04 
 1.55000000e+00  3.36691690e-04 
 1.55100000e+00  3.37169697e-04 
 1.55200000e+00  3.37647698e-04 
 1.55300000e+00  3.38125695e-04 
 1.55400000e+00  3.38603686e-04 
 1.55500000e+00  3.39081671e-04 
 1.55600000e+00  3.39559651e-04 
 1.55700000e+00  3.40037624e-04 
 1.55800000e+00  3.40515591e-04 
 1.55900000e+00  3.40993551e-04 
 1.56000000e+00  3.41471504e-04 
 1.56100000e+00  3.41949450e-04 
 1.56200000e+00  3.42427388e-04 
 1.56300000e+00  3.42905319e-04 
 1.56400000e+00  3.43383241e-04 
 1.56500000e+00  3.43861155e-04 
 1.56600000e+00  3.44339060e-04 
 1.56700000e+00  3.44816957e-04 
 1.56800000e+00  3.45294844e-04 
 1.56900000e+00  3.45772722e-04 
 1.57000000e+00  3.46250591e-04 
 1.57100000e+00  3.46728449e-04 
 1.57200000e+00  3.47206297e-04 
 1.57300000e+00  3.47684135e-04 
 1.57400000e+00  3.48161961e-04 
 1.57500000e+00  3.48639777e-04 
 1.57600000e+00  3.49117582e-04 
 1.57700000e+00  3.49595375e-04 
 1.57800000e+00  3.50073156e-04 
 1.57900000e+00  3.50550925e-04 
 1.58000000e+00  3.51028682e-04 
 1.58100000e+00  3.51506427e-04 
 1.58200000e+00  3.51984158e-04 
 1.58300000e+00  3.52461877e-04 
 1.58400000e+00  3.52939582e-04 
 1.58500000e+00  3.53417273e-04 
 1.58600000e+00  3.53894951e-04 
 1.58700000e+00  3.54372615e-04 
 1.58800000e+00  3.54850264e-04 
 1.58900000e+00  3.55327899e-04 
 1.59000000e+00  3.55805518e-04 
 1.59100000e+00  3.56283123e-04 
 1.59200000e+00  3.56760712e-04 
 1.59300000e+00  3.57238286e-04 
 1.59400000e+00  3.57715844e-04 
 1.59500000e+00  3.58193386e-04 
 1.59600000e+00  3.58670911e-04 
 1.59700000e+00  3.59148420e-04 
 1.59800000e+00  3.59625912e-04 
 1.59900000e+00  3.60103387e-04 
 1.60000000e+00  3.60580845e-04 
 1.60100000e+00  3.61058285e-04 
 1.60200000e+00  3.61535707e-04 
 1.60300000e+00  3.62013111e-04 
 1.60400000e+00  3.62490497e-04 
 1.60500000e+00  3.62967864e-04 
 1.60600000e+00  3.63445212e-04 
 1.60700000e+00  3.63922542e-04 
 1.60800000e+00  3.64399852e-04 
 1.60900000e+00  3.64877143e-04 
 1.61000000e+00  3.65354413e-04 
 1.61100000e+00  3.65831664e-04 
 1.61200000e+00  3.66308895e-04 
 1.61300000e+00  3.66786105e-04 
 1.61400000e+00  3.67263295e-04 
 1.61500000e+00  3.67740463e-04 
 1.61600000e+00  3.68217611e-04 
 1.61700000e+00  3.68694737e-04 
 1.61800000e+00  3.69171841e-04 
 1.61900000e+00  3.69648923e-04 
 1.62000000e+00  3.70125984e-04 
 1.62100000e+00  3.70603022e-04 
 1.62200000e+00  3.71080037e-04 
 1.62300000e+00  3.71557030e-04 
 1.62400000e+00  3.72033999e-04 
 1.62500000e+00  3.72510946e-04 
 1.62600000e+00  3.72987869e-04 
 1.62700000e+00  3.73464768e-04 
 1.62800000e+00  3.73941643e-04 
 1.62900000e+00  3.74418494e-04 
 1.63000000e+00  3.74895321e-04 
 1.63100000e+00  3.75372123e-04 
 1.63200000e+00  3.75848900e-04 
 1.63300000e+00  3.76325652e-04 
 1.63400000e+00  3.76802379e-04 
 1.63500000e+00  3.77279080e-04 
 1.63600000e+00  3.77755755e-04 
 1.63700000e+00  3.78232405e-04 
 1.63800000e+00  3.78709028e-04 
 1.63900000e+00  3.79185625e-04 
 1.64000000e+00  3.79662195e-04 
 1.64100000e+00  3.80138738e-04 
 1.64200000e+00  3.80615255e-04 
 1.64300000e+00  3.81091744e-04 
 1.64400000e+00  3.81568205e-04 
 1.64500000e+00  3.82044639e-04 
 1.64600000e+00  3.82521045e-04 
 1.64700000e+00  3.82997422e-04 
 1.64800000e+00  3.83473771e-04 
 1.64900000e+00  3.83950092e-04 
 1.65000000e+00  3.84426384e-04 
 1.65100000e+00  3.84902646e-04 
 1.65200000e+00  3.85378880e-04 
 1.65300000e+00  3.85855084e-04 
 1.65400000e+00  3.86331258e-04 
 1.65500000e+00  3.86807403e-04 
 1.65600000e+00  3.87283517e-04 
 1.65700000e+00  3.87759601e-04 
 1.65800000e+00  3.88235655e-04 
 1.65900000e+00  3.88711677e-04 
 1.66000000e+00  3.89187669e-04 
 1.66100000e+00  3.89663630e-04 
 1.66200000e+00  3.90139559e-04 
 1.66300000e+00  3.90615457e-04 
 1.66400000e+00  3.91091323e-04 
 1.66500000e+00  3.91567157e-04 
 1.66600000e+00  3.92042958e-04 
 1.66700000e+00  3.92518728e-04 
 1.66800000e+00  3.92994464e-04 
 1.66900000e+00  3.93470168e-04 
 1.67000000e+00  3.93945839e-04 
 1.67100000e+00  3.94421477e-04 
 1.67200000e+00  3.94897081e-04 
 1.67300000e+00  3.95372651e-04 
 1.67400000e+00  3.95848188e-04 
 1.67500000e+00  3.96323691e-04 
 1.67600000e+00  3.96799159e-04 
 1.67700000e+00  3.97274593e-04 
 1.67800000e+00  3.97749993e-04 
 1.67900000e+00  3.98225357e-04 
 1.68000000e+00  3.98700687e-04 
 1.68100000e+00  3.99175981e-04 
 1.68200000e+00  3.99651240e-04 
 1.68300000e+00  4.00126463e-04 
 1.68400000e+00  4.00601650e-04 
 1.68500000e+00  4.01076801e-04 
 1.68600000e+00  4.01551916e-04 
 1.68700000e+00  4.02026995e-04 
 1.68800000e+00  4.02502037e-04 
 1.68900000e+00  4.02977042e-04 
 1.69000000e+00  4.03452010e-04 
 1.69100000e+00  4.03926941e-04 
 1.69200000e+00  4.04401834e-04 
 1.69300000e+00  4.04876690e-04 
 1.69400000e+00  4.05351508e-04 
 1.69500000e+00  4.05826288e-04 
 1.69600000e+00  4.06301030e-04 
 1.69700000e+00  4.06775733e-04 
 1.69800000e+00  4.07250398e-04 
 1.69900000e+00  4.07725024e-04 
 1.70000000e+00  4.08199612e-04 
 1.70100000e+00  4.08674160e-04 
 1.70200000e+00  4.09148668e-04 
 1.70300000e+00  4.09623138e-04 
 1.70400000e+00  4.10097567e-04 
 1.70500000e+00  4.10571957e-04 
 1.70600000e+00  4.11046306e-04 
 1.70700000e+00  4.11520616e-04 
 1.70800000e+00  4.11994884e-04 
 1.70900000e+00  4.12469113e-04 
 1.71000000e+00  4.12943300e-04 
 1.71100000e+00  4.13417446e-04 
 1.71200000e+00  4.13891551e-04 
 1.71300000e+00  4.14365615e-04 
 1.71400000e+00  4.14839637e-04 
 1.71500000e+00  4.15313618e-04 
 1.71600000e+00  4.15787556e-04 
 1.71700000e+00  4.16261453e-04 
 1.71800000e+00  4.16735307e-04 
 1.71900000e+00  4.17209118e-04 
 1.72000000e+00  4.17682887e-04 
 1.72100000e+00  4.18156613e-04 
 1.72200000e+00  4.18630296e-04 
 1.72300000e+00  4.19103936e-04 
 1.72400000e+00  4.19577533e-04 
 1.72500000e+00  4.20051085e-04 
 1.72600000e+00  4.20524595e-04 
 1.72700000e+00  4.20998060e-04 
 1.72800000e+00  4.21471481e-04 
 1.72900000e+00  4.21944858e-04 
 1.73000000e+00  4.22418190e-04 
 1.73100000e+00  4.22891478e-04 
 1.73200000e+00  4.23364721e-04 
 1.73300000e+00  4.23837919e-04 
 1.73400000e+00  4.24311071e-04 
 1.73500000e+00  4.24784179e-04 
 1.73600000e+00  4.25257241e-04 
 1.73700000e+00  4.25730257e-04 
 1.73800000e+00  4.26203227e-04 
 1.73900000e+00  4.26676151e-04 
 1.74000000e+00  4.27149029e-04 
 1.74100000e+00  4.27621861e-04 
 1.74200000e+00  4.28094646e-04 
 1.74300000e+00  4.28567385e-04 
 1.74400000e+00  4.29040076e-04 
 1.74500000e+00  4.29512721e-04 
 1.74600000e+00  4.29985318e-04 
 1.74700000e+00  4.30457868e-04 
 1.74800000e+00  4.30930370e-04 
 1.74900000e+00  4.31402824e-04 
 1.75000000e+00  4.31875231e-04 
 1.75100000e+00  4.32347589e-04 
 1.75200000e+00  4.32819899e-04 
 1.75300000e+00  4.33292161e-04 
 1.75400000e+00  4.33764374e-04 
 1.75500000e+00  4.34236538e-04 
 1.75600000e+00  4.34708654e-04 
 1.75700000e+00  4.35180720e-04 
 1.75800000e+00  4.35652737e-04 
 1.75900000e+00  4.36124705e-04 
 1.76000000e+00  4.36596623e-04 
 1.76100000e+00  4.37068491e-04 
 1.76200000e+00  4.37540309e-04 
 1.76300000e+00  4.38012078e-04 
 1.76400000e+00  4.38483795e-04 
 1.76500000e+00  4.38955463e-04 
 1.76600000e+00  4.39427080e-04 
 1.76700000e+00  4.39898646e-04 
 1.76800000e+00  4.40370162e-04 
 1.76900000e+00  4.40841626e-04 
 1.77000000e+00  4.41313039e-04 
 1.77100000e+00  4.41784400e-04 
 1.77200000e+00  4.42255710e-04 
 1.77300000e+00  4.42726969e-04 
 1.77400000e+00  4.43198175e-04 
 1.77500000e+00  4.43669330e-04 
 1.77600000e+00  4.44140432e-04 
 1.77700000e+00  4.44611482e-04 
 1.77800000e+00  4.45082479e-04 
 1.77900000e+00  4.45553424e-04 
 1.78000000e+00  4.46024315e-04 
 1.78100000e+00  4.46495154e-04 
 1.78200000e+00  4.46965940e-04 
 1.78300000e+00  4.47436672e-04 
 1.78400000e+00  4.47907351e-04 
 1.78500000e+00  4.48377976e-04 
 1.78600000e+00  4.48848548e-04 
 1.78700000e+00  4.49319065e-04 
 1.78800000e+00  4.49789529e-04 
 1.78900000e+00  4.50259938e-04 
 1.79000000e+00  4.50730293e-04 
 1.79100000e+00  4.51200593e-04 
 1.79200000e+00  4.51670839e-04 
 1.79300000e+00  4.52141029e-04 
 1.79400000e+00  4.52611165e-04 
 1.79500000e+00  4.53081245e-04 
 1.79600000e+00  4.53551270e-04 
 1.79700000e+00  4.54021240e-04 
 1.79800000e+00  4.54491154e-04 
 1.79900000e+00  4.54961012e-04 
 1.80000000e+00  4.55430815e-04 
