 0.00000000e+00  3.57109550e-11 
 1.00000000e-03  3.66033551e-11 
 2.00000000e-03  3.75180479e-11 
 3.00000000e-03  3.84555899e-11 
 4.00000000e-03  3.94165515e-11 
 5.00000000e-03  4.04015175e-11 
 6.00000000e-03  4.14110872e-11 
 7.00000000e-03  4.24458747e-11 
 8.00000000e-03  4.35065097e-11 
 9.00000000e-03  4.45936374e-11 
 1.00000000e-02  4.57079191e-11 
 1.10000000e-02  4.68500326e-11 
 1.20000000e-02  4.80206728e-11 
 1.30000000e-02  4.92205517e-11 
 1.40000000e-02  5.04503991e-11 
 1.50000000e-02  5.17109630e-11 
 1.60000000e-02  5.30030102e-11 
 1.70000000e-02  5.43273265e-11 
 1.80000000e-02  5.56847171e-11 
 1.90000000e-02  5.70760077e-11 
 2.00000000e-02  5.85020443e-11 
 2.10000000e-02  5.99636940e-11 
 2.20000000e-02  6.14618456e-11 
 2.30000000e-02  6.29974101e-11 
 2.40000000e-02  6.45713210e-11 
 2.50000000e-02  6.61845354e-11 
 2.60000000e-02  6.78380339e-11 
 2.70000000e-02  6.95328219e-11 
 2.80000000e-02  7.12699295e-11 
 2.90000000e-02  7.30504127e-11 
 3.00000000e-02  7.48753538e-11 
 3.10000000e-02  7.67458621e-11 
 3.20000000e-02  7.86630743e-11 
 3.30000000e-02  8.06281559e-11 
 3.40000000e-02  8.26423009e-11 
 3.50000000e-02  8.47067335e-11 
 3.60000000e-02  8.68227081e-11 
 3.70000000e-02  8.89915105e-11 
 3.80000000e-02  9.12144586e-11 
 3.90000000e-02  9.34929029e-11 
 4.00000000e-02  9.58282278e-11 
 4.10000000e-02  9.82218520e-11 
 4.20000000e-02  1.00675230e-10 
 4.30000000e-02  1.03189851e-10 
 4.40000000e-02  1.05767244e-10 
 4.50000000e-02  1.08408973e-10 
 4.60000000e-02  1.11116644e-10 
 4.70000000e-02  1.13891901e-10 
 4.80000000e-02  1.16736428e-10 
 4.90000000e-02  1.19651954e-10 
 5.00000000e-02  1.22640249e-10 
 5.10000000e-02  1.25703127e-10 
 5.20000000e-02  1.28842449e-10 
 5.30000000e-02  1.32060119e-10 
 5.40000000e-02  1.35358091e-10 
 5.50000000e-02  1.38738368e-10 
 5.60000000e-02  1.42203001e-10 
 5.70000000e-02  1.45754094e-10 
 5.80000000e-02  1.49393800e-10 
 5.90000000e-02  1.53124330e-10 
 6.00000000e-02  1.56947948e-10 
 6.10000000e-02  1.60866972e-10 
 6.20000000e-02  1.64883783e-10 
 6.30000000e-02  1.69000815e-10 
 6.40000000e-02  1.73220568e-10 
 6.50000000e-02  1.77545601e-10 
 6.60000000e-02  1.81978539e-10 
 6.70000000e-02  1.86522068e-10 
 6.80000000e-02  1.91178946e-10 
 6.90000000e-02  1.95951997e-10 
 7.00000000e-02  2.00844115e-10 
 7.10000000e-02  2.05858267e-10 
 7.20000000e-02  2.10997493e-10 
 7.30000000e-02  2.16264909e-10 
 7.40000000e-02  2.21663708e-10 
 7.50000000e-02  2.27197163e-10 
 7.60000000e-02  2.32868628e-10 
 7.70000000e-02  2.38681541e-10 
 7.80000000e-02  2.44639425e-10 
 7.90000000e-02  2.50745890e-10 
 8.00000000e-02  2.57004636e-10 
 8.10000000e-02  2.63419455e-10 
 8.20000000e-02  2.69994235e-10 
 8.30000000e-02  2.76732958e-10 
 8.40000000e-02  2.83639706e-10 
 8.50000000e-02  2.90718662e-10 
 8.60000000e-02  2.97974114e-10 
 8.70000000e-02  3.05410455e-10 
 8.80000000e-02  3.13032189e-10 
 8.90000000e-02  3.20843930e-10 
 9.00000000e-02  3.28850408e-10 
 9.10000000e-02  3.37056469e-10 
 9.20000000e-02  3.45467081e-10 
 9.30000000e-02  3.54087334e-10 
 9.40000000e-02  3.62922445e-10 
 9.50000000e-02  3.71977760e-10 
 9.60000000e-02  3.81258758e-10 
 9.70000000e-02  3.90771055e-10 
 9.80000000e-02  4.00520404e-10 
 9.90000000e-02  4.10512704e-10 
 1.00000000e-01  4.20753996e-10 
 1.01000000e-01  4.31250476e-10 
 1.02000000e-01  4.42008489e-10 
 1.03000000e-01  4.53034541e-10 
 1.04000000e-01  4.64335297e-10 
 1.05000000e-01  4.75917588e-10 
 1.06000000e-01  4.87788415e-10 
 1.07000000e-01  4.99954952e-10 
 1.08000000e-01  5.12424551e-10 
 1.09000000e-01  5.25204745e-10 
 1.10000000e-01  5.38303257e-10 
 1.11000000e-01  5.51727997e-10 
 1.12000000e-01  5.65487076e-10 
 1.13000000e-01  5.79588801e-10 
 1.14000000e-01  5.94041688e-10 
 1.15000000e-01  6.08854463e-10 
 1.16000000e-01  6.24036069e-10 
 1.17000000e-01  6.39595668e-10 
 1.18000000e-01  6.55542652e-10 
 1.19000000e-01  6.71886644e-10 
 1.20000000e-01  6.88637504e-10 
 1.21000000e-01  7.05805340e-10 
 1.22000000e-01  7.23400506e-10 
 1.23000000e-01  7.41433614e-10 
 1.24000000e-01  7.59915538e-10 
 1.25000000e-01  7.78857423e-10 
 1.26000000e-01  7.98270688e-10 
 1.27000000e-01  8.18167034e-10 
 1.28000000e-01  8.38558453e-10 
 1.29000000e-01  8.59457232e-10 
 1.30000000e-01  8.80875962e-10 
 1.31000000e-01  9.02827548e-10 
 1.32000000e-01  9.25325210e-10 
 1.33000000e-01  9.48382497e-10 
 1.34000000e-01  9.72013293e-10 
 1.35000000e-01  9.96231824e-10 
 1.36000000e-01  1.02105267e-09 
 1.37000000e-01  1.04649076e-09 
 1.38000000e-01  1.07256141e-09 
 1.39000000e-01  1.09928031e-09 
 1.40000000e-01  1.12666352e-09 
 1.41000000e-01  1.15472751e-09 
 1.42000000e-01  1.18348917e-09 
 1.43000000e-01  1.21296577e-09 
 1.44000000e-01  1.24317505e-09 
 1.45000000e-01  1.27413515e-09 
 1.46000000e-01  1.30586468e-09 
 1.47000000e-01  1.33838271e-09 
 1.48000000e-01  1.37170876e-09 
 1.49000000e-01  1.40586285e-09 
 1.50000000e-01  1.44086548e-09 
 1.51000000e-01  1.47673768e-09 
 1.52000000e-01  1.51350096e-09 
 1.53000000e-01  1.55117740e-09 
 1.54000000e-01  1.58978959e-09 
 1.55000000e-01  1.62936070e-09 
 1.56000000e-01  1.66991445e-09 
 1.57000000e-01  1.71147518e-09 
 1.58000000e-01  1.75406778e-09 
 1.59000000e-01  1.79771779e-09 
 1.60000000e-01  1.84245136e-09 
 1.61000000e-01  1.88829529e-09 
 1.62000000e-01  1.93527705e-09 
 1.63000000e-01  1.98342476e-09 
 1.64000000e-01  2.03276725e-09 
 1.65000000e-01  2.08333405e-09 
 1.66000000e-01  2.13515543e-09 
 1.67000000e-01  2.18826238e-09 
 1.68000000e-01  2.24268667e-09 
 1.69000000e-01  2.29846085e-09 
 1.70000000e-01  2.35561826e-09 
 1.71000000e-01  2.41419307e-09 
 1.72000000e-01  2.47422026e-09 
 1.73000000e-01  2.53573572e-09 
 1.74000000e-01  2.59877617e-09 
 1.75000000e-01  2.66337925e-09 
 1.76000000e-01  2.72958354e-09 
 1.77000000e-01  2.79742854e-09 
 1.78000000e-01  2.86695472e-09 
 1.79000000e-01  2.93820357e-09 
 1.80000000e-01  3.01121756e-09 
 1.81000000e-01  3.08604022e-09 
 1.82000000e-01  3.16271615e-09 
 1.83000000e-01  3.24129102e-09 
 1.84000000e-01  3.32181165e-09 
 1.85000000e-01  3.40432598e-09 
 1.86000000e-01  3.48888312e-09 
 1.87000000e-01  3.57553341e-09 
 1.88000000e-01  3.66432839e-09 
 1.89000000e-01  3.75532088e-09 
 1.90000000e-01  3.84856497e-09 
 1.91000000e-01  3.94411610e-09 
 1.92000000e-01  4.04203105e-09 
 1.93000000e-01  4.14236797e-09 
 1.94000000e-01  4.24518645e-09 
 1.95000000e-01  4.35054753e-09 
 1.96000000e-01  4.45851374e-09 
 1.97000000e-01  4.56914913e-09 
 1.98000000e-01  4.68251931e-09 
 1.99000000e-01  4.79869151e-09 
 2.00000000e-01  4.91773456e-09 
 2.01000000e-01  5.03971900e-09 
 2.02000000e-01  5.16471708e-09 
 2.03000000e-01  5.29280280e-09 
 2.04000000e-01  5.42405196e-09 
 2.05000000e-01  5.55854222e-09 
 2.06000000e-01  5.69635312e-09 
 2.07000000e-01  5.83756613e-09 
 2.08000000e-01  5.98226469e-09 
 2.09000000e-01  6.13053430e-09 
 2.10000000e-01  6.28246252e-09 
 2.11000000e-01  6.43813901e-09 
 2.12000000e-01  6.59765565e-09 
 2.13000000e-01  6.76110652e-09 
 2.14000000e-01  6.92858800e-09 
 2.15000000e-01  7.10019879e-09 
 2.16000000e-01  7.27603999e-09 
 2.17000000e-01  7.45621516e-09 
 2.18000000e-01  7.64083036e-09 
 2.19000000e-01  7.82999420e-09 
 2.20000000e-01  8.02381795e-09 
 2.21000000e-01  8.22241555e-09 
 2.22000000e-01  8.42590372e-09 
 2.23000000e-01  8.63440197e-09 
 2.24000000e-01  8.84803271e-09 
 2.25000000e-01  9.06692133e-09 
 2.26000000e-01  9.29119621e-09 
 2.27000000e-01  9.52098886e-09 
 2.28000000e-01  9.75643395e-09 
 2.29000000e-01  9.99766939e-09 
 2.30000000e-01  1.02448364e-08 
 2.31000000e-01  1.04980797e-08 
 2.32000000e-01  1.07575474e-08 
 2.33000000e-01  1.10233912e-08 
 2.34000000e-01  1.12957664e-08 
 2.35000000e-01  1.15748321e-08 
 2.36000000e-01  1.18607512e-08 
 2.37000000e-01  1.21536906e-08 
 2.38000000e-01  1.24538211e-08 
 2.39000000e-01  1.27613177e-08 
 2.40000000e-01  1.30763594e-08 
 2.41000000e-01  1.33991298e-08 
 2.42000000e-01  1.37298166e-08 
 2.43000000e-01  1.40686123e-08 
 2.44000000e-01  1.44157136e-08 
 2.45000000e-01  1.47713225e-08 
 2.46000000e-01  1.51356452e-08 
 2.47000000e-01  1.55088933e-08 
 2.48000000e-01  1.58912832e-08 
 2.49000000e-01  1.62830366e-08 
 2.50000000e-01  1.66843805e-08 
 2.51000000e-01  1.70955472e-08 
 2.52000000e-01  1.75167747e-08 
 2.53000000e-01  1.79483066e-08 
 2.54000000e-01  1.83903923e-08 
 2.55000000e-01  1.88432871e-08 
 2.56000000e-01  1.93072526e-08 
 2.57000000e-01  1.97825562e-08 
 2.58000000e-01  2.02694721e-08 
 2.59000000e-01  2.07682808e-08 
 2.60000000e-01  2.12792696e-08 
 2.61000000e-01  2.18027324e-08 
 2.62000000e-01  2.23389703e-08 
 2.63000000e-01  2.28882914e-08 
 2.64000000e-01  2.34510111e-08 
 2.65000000e-01  2.40274525e-08 
 2.66000000e-01  2.46179461e-08 
 2.67000000e-01  2.52228304e-08 
 2.68000000e-01  2.58424517e-08 
 2.69000000e-01  2.64771646e-08 
 2.70000000e-01  2.71273322e-08 
 2.71000000e-01  2.77933260e-08 
 2.72000000e-01  2.84755264e-08 
 2.73000000e-01  2.91743226e-08 
 2.74000000e-01  2.98901131e-08 
 2.75000000e-01  3.06233059e-08 
 2.76000000e-01  3.13743183e-08 
 2.77000000e-01  3.21435777e-08 
 2.78000000e-01  3.29315214e-08 
 2.79000000e-01  3.37385971e-08 
 2.80000000e-01  3.45652628e-08 
 2.81000000e-01  3.54119874e-08 
 2.82000000e-01  3.62792510e-08 
 2.83000000e-01  3.71675444e-08 
 2.84000000e-01  3.80773705e-08 
 2.85000000e-01  3.90092436e-08 
 2.86000000e-01  3.99636902e-08 
 2.87000000e-01  4.09412489e-08 
 2.88000000e-01  4.19424711e-08 
 2.89000000e-01  4.29679210e-08 
 2.90000000e-01  4.40181760e-08 
 2.91000000e-01  4.50938269e-08 
 2.92000000e-01  4.61954782e-08 
 2.93000000e-01  4.73237487e-08 
 2.94000000e-01  4.84792713e-08 
 2.95000000e-01  4.96626939e-08 
 2.96000000e-01  5.08746792e-08 
 2.97000000e-01  5.21159055e-08 
 2.98000000e-01  5.33870667e-08 
 2.99000000e-01  5.46888727e-08 
 3.00000000e-01  5.60220502e-08 
 3.01000000e-01  5.73873423e-08 
 3.02000000e-01  5.87855095e-08 
 3.03000000e-01  6.02173299e-08 
 3.04000000e-01  6.16835995e-08 
 3.05000000e-01  6.31851327e-08 
 3.06000000e-01  6.47227626e-08 
 3.07000000e-01  6.62973417e-08 
 3.08000000e-01  6.79097419e-08 
 3.09000000e-01  6.95608552e-08 
 3.10000000e-01  7.12515943e-08 
 3.11000000e-01  7.29828927e-08 
 3.12000000e-01  7.47557053e-08 
 3.13000000e-01  7.65710091e-08 
 3.14000000e-01  7.84298032e-08 
 3.15000000e-01  8.03331098e-08 
 3.16000000e-01  8.22819744e-08 
 3.17000000e-01  8.42774665e-08 
 3.18000000e-01  8.63206799e-08 
 3.19000000e-01  8.84127335e-08 
 3.20000000e-01  9.05547717e-08 
 3.21000000e-01  9.27479649e-08 
 3.22000000e-01  9.49935102e-08 
 3.23000000e-01  9.72926319e-08 
 3.24000000e-01  9.96465823e-08 
 3.25000000e-01  1.02056642e-07 
 3.26000000e-01  1.04524121e-07 
 3.27000000e-01  1.07050358e-07 
 3.28000000e-01  1.09636723e-07 
 3.29000000e-01  1.12284618e-07 
 3.30000000e-01  1.14995474e-07 
 3.31000000e-01  1.17770757e-07 
 3.32000000e-01  1.20611964e-07 
 3.33000000e-01  1.23520627e-07 
 3.34000000e-01  1.26498313e-07 
 3.35000000e-01  1.29546623e-07 
 3.36000000e-01  1.32667196e-07 
 3.37000000e-01  1.35861705e-07 
 3.38000000e-01  1.39131863e-07 
 3.39000000e-01  1.42479421e-07 
 3.40000000e-01  1.45906169e-07 
 3.41000000e-01  1.49413936e-07 
 3.42000000e-01  1.53004595e-07 
 3.43000000e-01  1.56680058e-07 
 3.44000000e-01  1.60442281e-07 
 3.45000000e-01  1.64293264e-07 
 3.46000000e-01  1.68235051e-07 
 3.47000000e-01  1.72269732e-07 
 3.48000000e-01  1.76399444e-07 
 3.49000000e-01  1.80626371e-07 
 3.50000000e-01  1.84952745e-07 
 3.51000000e-01  1.89380850e-07 
 3.52000000e-01  1.93913019e-07 
 3.53000000e-01  1.98551637e-07 
 3.54000000e-01  2.03299142e-07 
 3.55000000e-01  2.08158026e-07 
 3.56000000e-01  2.13130837e-07 
 3.57000000e-01  2.18220179e-07 
 3.58000000e-01  2.23428714e-07 
 3.59000000e-01  2.28759161e-07 
 3.60000000e-01  2.34214302e-07 
 3.61000000e-01  2.39796979e-07 
 3.62000000e-01  2.45510096e-07 
 3.63000000e-01  2.51356622e-07 
 3.64000000e-01  2.57339593e-07 
 3.65000000e-01  2.63462109e-07 
 3.66000000e-01  2.69727339e-07 
 3.67000000e-01  2.76138523e-07 
 3.68000000e-01  2.82698971e-07 
 3.69000000e-01  2.89412067e-07 
 3.70000000e-01  2.96281268e-07 
 3.71000000e-01  3.03310107e-07 
 3.72000000e-01  3.10502196e-07 
 3.73000000e-01  3.17861224e-07 
 3.74000000e-01  3.25390962e-07 
 3.75000000e-01  3.33095265e-07 
 3.76000000e-01  3.40978069e-07 
 3.77000000e-01  3.49043398e-07 
 3.78000000e-01  3.57295365e-07 
 3.79000000e-01  3.65738172e-07 
 3.80000000e-01  3.74376110e-07 
 3.81000000e-01  3.83213569e-07 
 3.82000000e-01  3.92255030e-07 
 3.83000000e-01  4.01505074e-07 
 3.84000000e-01  4.10968382e-07 
 3.85000000e-01  4.20649736e-07 
 3.86000000e-01  4.30554023e-07 
 3.87000000e-01  4.40686235e-07 
 3.88000000e-01  4.51051473e-07 
 3.89000000e-01  4.61654952e-07 
 3.90000000e-01  4.72501995e-07 
 3.91000000e-01  4.83598045e-07 
 3.92000000e-01  4.94948661e-07 
 3.93000000e-01  5.06559523e-07 
 3.94000000e-01  5.18436436e-07 
 3.95000000e-01  5.30585330e-07 
 3.96000000e-01  5.43012261e-07 
 3.97000000e-01  5.55723421e-07 
 3.98000000e-01  5.68725132e-07 
 3.99000000e-01  5.82023857e-07 
 4.00000000e-01  5.95626196e-07 
 4.01000000e-01  6.09538893e-07 
 4.02000000e-01  6.23768838e-07 
 4.03000000e-01  6.38323072e-07 
 4.04000000e-01  6.53208785e-07 
 4.05000000e-01  6.68433325e-07 
 4.06000000e-01  6.84004200e-07 
 4.07000000e-01  6.99929078e-07 
 4.08000000e-01  7.16215794e-07 
 4.09000000e-01  7.32872353e-07 
 4.10000000e-01  7.49906933e-07 
 4.11000000e-01  7.67327889e-07 
 4.12000000e-01  7.85143756e-07 
 4.13000000e-01  8.03363256e-07 
 4.14000000e-01  8.21995296e-07 
 4.15000000e-01  8.41048978e-07 
 4.16000000e-01  8.60533602e-07 
 4.17000000e-01  8.80458667e-07 
 4.18000000e-01  9.00833877e-07 
 4.19000000e-01  9.21669149e-07 
 4.20000000e-01  9.42974612e-07 
 4.21000000e-01  9.64760614e-07 
 4.22000000e-01  9.87037729e-07 
 4.23000000e-01  1.00981676e-06 
 4.24000000e-01  1.03310874e-06 
 4.25000000e-01  1.05692494e-06 
 4.26000000e-01  1.08127688e-06 
 4.27000000e-01  1.10617633e-06 
 4.28000000e-01  1.13163530e-06 
 4.29000000e-01  1.15766609e-06 
 4.30000000e-01  1.18428124e-06 
 4.31000000e-01  1.21149357e-06 
 4.32000000e-01  1.23931617e-06 
 4.33000000e-01  1.26776242e-06 
 4.34000000e-01  1.29684600e-06 
 4.35000000e-01  1.32658087e-06 
 4.36000000e-01  1.35698130e-06 
 4.37000000e-01  1.38806186e-06 
 4.38000000e-01  1.41983745e-06 
 4.39000000e-01  1.45232328e-06 
 4.40000000e-01  1.48553490e-06 
 4.41000000e-01  1.51948818e-06 
 4.42000000e-01  1.55419936e-06 
 4.43000000e-01  1.58968500e-06 
 4.44000000e-01  1.62596205e-06 
 4.45000000e-01  1.66304780e-06 
 4.46000000e-01  1.70095992e-06 
 4.47000000e-01  1.73971649e-06 
 4.48000000e-01  1.77933593e-06 
 4.49000000e-01  1.81983711e-06 
 4.50000000e-01  1.86123927e-06 
 4.51000000e-01  1.90356210e-06 
 4.52000000e-01  1.94682567e-06 
 4.53000000e-01  1.99105054e-06 
 4.54000000e-01  2.03625766e-06 
 4.55000000e-01  2.08246847e-06 
 4.56000000e-01  2.12970485e-06 
 4.57000000e-01  2.17798918e-06 
 4.58000000e-01  2.22734429e-06 
 4.59000000e-01  2.27779352e-06 
 4.60000000e-01  2.32936071e-06 
 4.61000000e-01  2.38207020e-06 
 4.62000000e-01  2.43594689e-06 
 4.63000000e-01  2.49101618e-06 
 4.64000000e-01  2.54730402e-06 
 4.65000000e-01  2.60483693e-06 
 4.66000000e-01  2.66364200e-06 
 4.67000000e-01  2.72374688e-06 
 4.68000000e-01  2.78517983e-06 
 4.69000000e-01  2.84796971e-06 
 4.70000000e-01  2.91214600e-06 
 4.71000000e-01  2.97773879e-06 
 4.72000000e-01  3.04477884e-06 
 4.73000000e-01  3.11329754e-06 
 4.74000000e-01  3.18332696e-06 
 4.75000000e-01  3.25489984e-06 
 4.76000000e-01  3.32804963e-06 
 4.77000000e-01  3.40281047e-06 
 4.78000000e-01  3.47921723e-06 
 4.79000000e-01  3.55730551e-06 
 4.80000000e-01  3.63711166e-06 
 4.81000000e-01  3.71867279e-06 
 4.82000000e-01  3.80202681e-06 
 4.83000000e-01  3.88721237e-06 
 4.84000000e-01  3.97426899e-06 
 4.85000000e-01  4.06323696e-06 
 4.86000000e-01  4.15415744e-06 
 4.87000000e-01  4.24707242e-06 
 4.88000000e-01  4.34202476e-06 
 4.89000000e-01  4.43905822e-06 
 4.90000000e-01  4.53821743e-06 
 4.91000000e-01  4.63954796e-06 
 4.92000000e-01  4.74309629e-06 
 4.93000000e-01  4.84890985e-06 
 4.94000000e-01  4.95703705e-06 
 4.95000000e-01  5.06752724e-06 
 4.96000000e-01  5.18043079e-06 
 4.97000000e-01  5.29579907e-06 
 4.98000000e-01  5.41368449e-06 
 4.99000000e-01  5.53414048e-06 
 5.00000000e-01  5.65722154e-06 
 5.01000000e-01  5.78298324e-06 
 5.02000000e-01  5.91148225e-06 
 5.03000000e-01  6.04277634e-06 
 5.04000000e-01  6.17692440e-06 
 5.05000000e-01  6.31398647e-06 
 5.06000000e-01  6.45402373e-06 
 5.07000000e-01  6.59709856e-06 
 5.08000000e-01  6.74327450e-06 
 5.09000000e-01  6.89261631e-06 
 5.10000000e-01  7.04518996e-06 
 5.11000000e-01  7.20106266e-06 
 5.12000000e-01  7.36030289e-06 
 5.13000000e-01  7.52298036e-06 
 5.14000000e-01  7.68916610e-06 
 5.15000000e-01  7.85893240e-06 
 5.16000000e-01  8.03235291e-06 
 5.17000000e-01  8.20950255e-06 
 5.18000000e-01  8.39045763e-06 
 5.19000000e-01  8.57529579e-06 
 5.20000000e-01  8.76409604e-06 
 5.21000000e-01  8.95693879e-06 
 5.22000000e-01  9.15390581e-06 
 5.23000000e-01  9.35508031e-06 
 5.24000000e-01  9.56054691e-06 
 5.25000000e-01  9.77039166e-06 
 5.26000000e-01  9.98470205e-06 
 5.27000000e-01  1.02035670e-05 
 5.28000000e-01  1.04270770e-05 
 5.29000000e-01  1.06553239e-05 
 5.30000000e-01  1.08884010e-05 
 5.31000000e-01  1.11264033e-05 
 5.32000000e-01  1.13694270e-05 
 5.33000000e-01  1.16175701e-05 
 5.34000000e-01  1.18709319e-05 
 5.35000000e-01  1.21296133e-05 
 5.36000000e-01  1.23937168e-05 
 5.37000000e-01  1.26633464e-05 
 5.38000000e-01  1.29386074e-05 
 5.39000000e-01  1.32196070e-05 
 5.40000000e-01  1.35064537e-05 
 5.41000000e-01  1.37992576e-05 
 5.42000000e-01  1.40981304e-05 
 5.43000000e-01  1.44031853e-05 
 5.44000000e-01  1.47145369e-05 
 5.45000000e-01  1.50323016e-05 
 5.46000000e-01  1.53565972e-05 
 5.47000000e-01  1.56875429e-05 
 5.48000000e-01  1.60252597e-05 
 5.49000000e-01  1.63698699e-05 
 5.50000000e-01  1.67214974e-05 
 5.51000000e-01  1.70802675e-05 
 5.52000000e-01  1.74463071e-05 
 5.53000000e-01  1.78197447e-05 
 5.54000000e-01  1.82007099e-05 
 5.55000000e-01  1.85893341e-05 
 5.56000000e-01  1.89857499e-05 
 5.57000000e-01  1.93900916e-05 
 5.58000000e-01  1.98024946e-05 
 5.59000000e-01  2.02230959e-05 
 5.60000000e-01  2.06520338e-05 
 5.61000000e-01  2.10894479e-05 
 5.62000000e-01  2.15354793e-05 
 5.63000000e-01  2.19902701e-05 
 5.64000000e-01  2.24539639e-05 
 5.65000000e-01  2.29267056e-05 
 5.66000000e-01  2.34086411e-05 
 5.67000000e-01  2.38999178e-05 
 5.68000000e-01  2.44006839e-05 
 5.69000000e-01  2.49110890e-05 
 5.70000000e-01  2.54312837e-05 
 5.71000000e-01  2.59614198e-05 
 5.72000000e-01  2.65016499e-05 
 5.73000000e-01  2.70521277e-05 
 5.74000000e-01  2.76130080e-05 
 5.75000000e-01  2.81844462e-05 
 5.76000000e-01  2.87665988e-05 
 5.77000000e-01  2.93596232e-05 
 5.78000000e-01  2.99636774e-05 
 5.79000000e-01  3.05789201e-05 
 5.80000000e-01  3.12055110e-05 
 5.81000000e-01  3.18436101e-05 
 5.82000000e-01  3.24933783e-05 
 5.83000000e-01  3.31549768e-05 
 5.84000000e-01  3.38285674e-05 
 5.85000000e-01  3.45143124e-05 
 5.86000000e-01  3.52123744e-05 
 5.87000000e-01  3.59229164e-05 
 5.88000000e-01  3.66461016e-05 
 5.89000000e-01  3.73820936e-05 
 5.90000000e-01  3.81310559e-05 
 5.91000000e-01  3.88931524e-05 
 5.92000000e-01  3.96685468e-05 
 5.93000000e-01  4.04574028e-05 
 5.94000000e-01  4.12598843e-05 
 5.95000000e-01  4.20761548e-05 
 5.96000000e-01  4.29063777e-05 
 5.97000000e-01  4.37507160e-05 
 5.98000000e-01  4.46093325e-05 
 5.99000000e-01  4.54823896e-05 
 6.00000000e-01  4.63700493e-05 
 6.01000000e-01  4.72724729e-05 
 6.02000000e-01  4.81898212e-05 
 6.03000000e-01  4.91222543e-05 
 6.04000000e-01  5.00699317e-05 
 6.05000000e-01  5.10330118e-05 
 6.06000000e-01  5.20116526e-05 
 6.07000000e-01  5.30060107e-05 
 6.08000000e-01  5.40162420e-05 
 6.09000000e-01  5.50425011e-05 
 6.10000000e-01  5.60849417e-05 
 6.11000000e-01  5.71437162e-05 
 6.12000000e-01  5.82189755e-05 
 6.13000000e-01  5.93108694e-05 
 6.14000000e-01  6.04195464e-05 
 6.15000000e-01  6.15451531e-05 
 6.16000000e-01  6.26878349e-05 
 6.17000000e-01  6.38477354e-05 
 6.18000000e-01  6.50249967e-05 
 6.19000000e-01  6.62197589e-05 
 6.20000000e-01  6.74321605e-05 
 6.21000000e-01  6.86623379e-05 
 6.22000000e-01  6.99104259e-05 
 6.23000000e-01  7.11765568e-05 
 6.24000000e-01  7.24608613e-05 
 6.25000000e-01  7.37634676e-05 
 6.26000000e-01  7.50845020e-05 
 6.27000000e-01  7.64240883e-05 
 6.28000000e-01  7.77823481e-05 
 6.29000000e-01  7.91594007e-05 
 6.30000000e-01  8.05553629e-05 
 6.31000000e-01  8.19703489e-05 
 6.32000000e-01  8.34044705e-05 
 6.33000000e-01  8.48578370e-05 
 6.34000000e-01  8.63305548e-05 
 6.35000000e-01  8.78227279e-05 
 6.36000000e-01  8.93344572e-05 
 6.37000000e-01  9.08658413e-05 
 6.38000000e-01  9.24169755e-05 
 6.39000000e-01  9.39879525e-05 
 6.40000000e-01  9.55788620e-05 
 6.41000000e-01  9.71897908e-05 
 6.42000000e-01  9.88208227e-05 
 6.43000000e-01  1.00472038e-04 
 6.44000000e-01  1.02143516e-04 
 6.45000000e-01  1.03835329e-04 
 6.46000000e-01  1.05547550e-04 
 6.47000000e-01  1.07280246e-04 
 6.48000000e-01  1.09033484e-04 
 6.49000000e-01  1.10807324e-04 
 6.50000000e-01  1.12601826e-04 
 6.51000000e-01  1.14417045e-04 
 6.52000000e-01  1.16253033e-04 
 6.53000000e-01  1.18109840e-04 
 6.54000000e-01  1.19987509e-04 
 6.55000000e-01  1.21886085e-04 
 6.56000000e-01  1.23805605e-04 
 6.57000000e-01  1.25746105e-04 
 6.58000000e-01  1.27707618e-04 
 6.59000000e-01  1.29690172e-04 
 6.60000000e-01  1.31693793e-04 
 6.61000000e-01  1.33718504e-04 
 6.62000000e-01  1.35764321e-04 
 6.63000000e-01  1.37831263e-04 
 6.64000000e-01  1.39919339e-04 
 6.65000000e-01  1.42028559e-04 
 6.66000000e-01  1.44158929e-04 
 6.67000000e-01  1.46310451e-04 
 6.68000000e-01  1.48483122e-04 
 6.69000000e-01  1.50676940e-04 
 6.70000000e-01  1.52891895e-04 
 6.71000000e-01  1.55127977e-04 
 6.72000000e-01  1.57385171e-04 
 6.73000000e-01  1.59663460e-04 
 6.74000000e-01  1.61962823e-04 
 6.75000000e-01  1.64283236e-04 
 6.76000000e-01  1.66624672e-04 
 6.77000000e-01  1.68987100e-04 
 6.78000000e-01  1.71370487e-04 
 6.79000000e-01  1.73774798e-04 
 6.80000000e-01  1.76199991e-04 
 6.81000000e-01  1.78646025e-04 
 6.82000000e-01  1.81112854e-04 
 6.83000000e-01  1.83600430e-04 
 6.84000000e-01  1.86108701e-04 
 6.85000000e-01  1.88637614e-04 
 6.86000000e-01  1.91187110e-04 
 6.87000000e-01  1.93757131e-04 
 6.88000000e-01  1.96347614e-04 
 6.89000000e-01  1.98958494e-04 
 6.90000000e-01  2.01589702e-04 
 6.91000000e-01  2.04241168e-04 
 6.92000000e-01  2.06912820e-04 
 6.93000000e-01  2.09604581e-04 
 6.94000000e-01  2.12316373e-04 
 6.95000000e-01  2.15048116e-04 
 6.96000000e-01  2.17799728e-04 
 6.97000000e-01  2.20571122e-04 
 6.98000000e-01  2.23362212e-04 
 6.99000000e-01  2.26172907e-04 
 7.00000000e-01  2.29003117e-04 
 7.01000000e-01  2.31852746e-04 
 7.02000000e-01  2.34721700e-04 
 7.03000000e-01  2.37609879e-04 
 7.04000000e-01  2.40517184e-04 
 7.05000000e-01  2.43443513e-04 
 7.06000000e-01  2.46388762e-04 
 7.07000000e-01  2.49352825e-04 
 7.08000000e-01  2.52335596e-04 
 7.09000000e-01  2.55336966e-04 
 7.10000000e-01  2.58356822e-04 
 7.11000000e-01  2.61395055e-04 
 7.12000000e-01  2.64451548e-04 
 7.13000000e-01  2.67526189e-04 
 7.14000000e-01  2.70618859e-04 
 7.15000000e-01  2.73729440e-04 
 7.16000000e-01  2.76857814e-04 
 7.17000000e-01  2.80003860e-04 
 7.18000000e-01  2.83167456e-04 
 7.19000000e-01  2.86348480e-04 
 7.20000000e-01  2.89546806e-04 
 7.21000000e-01  2.92762310e-04 
 7.22000000e-01  2.95994866e-04 
 7.23000000e-01  2.99244348e-04 
 7.24000000e-01  3.02510626e-04 
 7.25000000e-01  3.05793572e-04 
 7.26000000e-01  3.09093058e-04 
 7.27000000e-01  3.12408952e-04 
 7.28000000e-01  3.15741123e-04 
 7.29000000e-01  3.19089441e-04 
 7.30000000e-01  3.22453772e-04 
 7.31000000e-01  3.25833985e-04 
 7.32000000e-01  3.29229945e-04 
 7.33000000e-01  3.32641521e-04 
 7.34000000e-01  3.36068576e-04 
 7.35000000e-01  3.39510977e-04 
 7.36000000e-01  3.42968590e-04 
 7.37000000e-01  3.46441279e-04 
 7.38000000e-01  3.49928909e-04 
 7.39000000e-01  3.53431345e-04 
 7.40000000e-01  3.56948451e-04 
 7.41000000e-01  3.60480093e-04 
 7.42000000e-01  3.64026133e-04 
 7.43000000e-01  3.67586436e-04 
 7.44000000e-01  3.71160868e-04 
 7.45000000e-01  3.74749292e-04 
 7.46000000e-01  3.78351573e-04 
 7.47000000e-01  3.81967575e-04 
 7.48000000e-01  3.85597164e-04 
 7.49000000e-01  3.89240204e-04 
 7.50000000e-01  3.92896562e-04 
 7.51000000e-01  3.96566101e-04 
 7.52000000e-01  4.00248689e-04 
 7.53000000e-01  4.03944192e-04 
 7.54000000e-01  4.07652476e-04 
 7.55000000e-01  4.11373409e-04 
 7.56000000e-01  4.15106857e-04 
 7.57000000e-01  4.18852689e-04 
 7.58000000e-01  4.22610774e-04 
 7.59000000e-01  4.26380979e-04 
 7.60000000e-01  4.30163176e-04 
 7.61000000e-01  4.33957233e-04 
 7.62000000e-01  4.37763021e-04 
 7.63000000e-01  4.41580412e-04 
 7.64000000e-01  4.45409278e-04 
 7.65000000e-01  4.49249491e-04 
 7.66000000e-01  4.53100925e-04 
 7.67000000e-01  4.56963453e-04 
 7.68000000e-01  4.60836951e-04 
 7.69000000e-01  4.64721293e-04 
 7.70000000e-01  4.68616356e-04 
 7.71000000e-01  4.72522018e-04 
 7.72000000e-01  4.76438155e-04 
 7.73000000e-01  4.80364647e-04 
 7.74000000e-01  4.84301372e-04 
 7.75000000e-01  4.88248212e-04 
 7.76000000e-01  4.92205048e-04 
 7.77000000e-01  4.96171761e-04 
 7.78000000e-01  5.00148234e-04 
 7.79000000e-01  5.04134352e-04 
 7.80000000e-01  5.08130000e-04 
 7.81000000e-01  5.12135062e-04 
 7.82000000e-01  5.16149426e-04 
 7.83000000e-01  5.20172978e-04 
 7.84000000e-01  5.24205609e-04 
 7.85000000e-01  5.28247206e-04 
 7.86000000e-01  5.32297662e-04 
 7.87000000e-01  5.36356866e-04 
 7.88000000e-01  5.40424712e-04 
 7.89000000e-01  5.44501093e-04 
 7.90000000e-01  5.48585904e-04 
 7.91000000e-01  5.52679039e-04 
 7.92000000e-01  5.56780396e-04 
 7.93000000e-01  5.60889872e-04 
 7.94000000e-01  5.65007365e-04 
 7.95000000e-01  5.69132774e-04 
 7.96000000e-01  5.73266002e-04 
 7.97000000e-01  5.77406948e-04 
 7.98000000e-01  5.81555515e-04 
 7.99000000e-01  5.85711608e-04 
 8.00000000e-01  5.89875131e-04 
 8.01000000e-01  5.94045989e-04 
 8.02000000e-01  5.98224089e-04 
 8.03000000e-01  6.02409339e-04 
 8.04000000e-01  6.06601647e-04 
 8.05000000e-01  6.10800925e-04 
 8.06000000e-01  6.15007081e-04 
 8.07000000e-01  6.19220029e-04 
 8.08000000e-01  6.23439681e-04 
 8.09000000e-01  6.27665951e-04 
 8.10000000e-01  6.31898754e-04 
 8.11000000e-01  6.36138006e-04 
 8.12000000e-01  6.40383623e-04 
 8.13000000e-01  6.44635525e-04 
 8.14000000e-01  6.48893629e-04 
 8.15000000e-01  6.53157857e-04 
 8.16000000e-01  6.57428128e-04 
 8.17000000e-01  6.61704365e-04 
 8.18000000e-01  6.65986491e-04 
 8.19000000e-01  6.70274430e-04 
 8.20000000e-01  6.74568106e-04 
 8.21000000e-01  6.78867446e-04 
 8.22000000e-01  6.83172376e-04 
 8.23000000e-01  6.87482825e-04 
 8.24000000e-01  6.91798721e-04 
 8.25000000e-01  6.96119994e-04 
 8.26000000e-01  7.00446575e-04 
 8.27000000e-01  7.04778394e-04 
 8.28000000e-01  7.09115386e-04 
 8.29000000e-01  7.13457484e-04 
 8.30000000e-01  7.17804621e-04 
 8.31000000e-01  7.22156733e-04 
 8.32000000e-01  7.26513758e-04 
 8.33000000e-01  7.30875630e-04 
 8.34000000e-01  7.35242290e-04 
 8.35000000e-01  7.39613676e-04 
 8.36000000e-01  7.43989727e-04 
 8.37000000e-01  7.48370384e-04 
 8.38000000e-01  7.52755589e-04 
 8.39000000e-01  7.57145284e-04 
 8.40000000e-01  7.61539413e-04 
 8.41000000e-01  7.65937919e-04 
 8.42000000e-01  7.70340748e-04 
 8.43000000e-01  7.74747845e-04 
 8.44000000e-01  7.79159157e-04 
 8.45000000e-01  7.83574631e-04 
 8.46000000e-01  7.87994215e-04 
 8.47000000e-01  7.92417859e-04 
 8.48000000e-01  7.96845512e-04 
 8.49000000e-01  8.01277124e-04 
 8.50000000e-01  8.05712646e-04 
 8.51000000e-01  8.10152032e-04 
 8.52000000e-01  8.14595233e-04 
 8.53000000e-01  8.19042203e-04 
 8.54000000e-01  8.23492897e-04 
 8.55000000e-01  8.27947268e-04 
 8.56000000e-01  8.32405274e-04 
 8.57000000e-01  8.36866870e-04 
 8.58000000e-01  8.41332013e-04 
 8.59000000e-01  8.45800661e-04 
 8.60000000e-01  8.50272773e-04 
 8.61000000e-01  8.54748308e-04 
 8.62000000e-01  8.59227225e-04 
 8.63000000e-01  8.63709485e-04 
 8.64000000e-01  8.68195048e-04 
 8.65000000e-01  8.72683878e-04 
 8.66000000e-01  8.77175935e-04 
 8.67000000e-01  8.81671184e-04 
 8.68000000e-01  8.86169587e-04 
 8.69000000e-01  8.90671108e-04 
 8.70000000e-01  8.95175714e-04 
 8.71000000e-01  8.99683368e-04 
 8.72000000e-01  9.04194037e-04 
 8.73000000e-01  9.08707687e-04 
 8.74000000e-01  9.13224286e-04 
 8.75000000e-01  9.17743801e-04 
 8.76000000e-01  9.22266200e-04 
 8.77000000e-01  9.26791452e-04 
 8.78000000e-01  9.31319526e-04 
 8.79000000e-01  9.35850393e-04 
 8.80000000e-01  9.40384022e-04 
 8.81000000e-01  9.44920384e-04 
 8.82000000e-01  9.49459451e-04 
 8.83000000e-01  9.54001195e-04 
 8.84000000e-01  9.58545587e-04 
 8.85000000e-01  9.63092600e-04 
 8.86000000e-01  9.67642209e-04 
 8.87000000e-01  9.72194385e-04 
 8.88000000e-01  9.76749105e-04 
 8.89000000e-01  9.81306342e-04 
 8.90000000e-01  9.85866072e-04 
 8.91000000e-01  9.90428269e-04 
 8.92000000e-01  9.94992911e-04 
 8.93000000e-01  9.99559973e-04 
 8.94000000e-01  1.00412943e-03 
 8.95000000e-01  1.00870126e-03 
 8.96000000e-01  1.01327545e-03 
 8.97000000e-01  1.01785197e-03 
 8.98000000e-01  1.02243079e-03 
 8.99000000e-01  1.02701190e-03 
 9.00000000e-01  1.03159528e-03 
 9.01000000e-01  1.03618090e-03 
 9.02000000e-01  1.04076875e-03 
 9.03000000e-01  1.04535881e-03 
 9.04000000e-01  1.04995105e-03 
 9.05000000e-01  1.05454546e-03 
 9.06000000e-01  1.05914202e-03 
 9.07000000e-01  1.06374071e-03 
 9.08000000e-01  1.06834151e-03 
 9.09000000e-01  1.07294441e-03 
 9.10000000e-01  1.07754939e-03 
 9.11000000e-01  1.08215642e-03 
 9.12000000e-01  1.08676550e-03 
 9.13000000e-01  1.09137661e-03 
 9.14000000e-01  1.09598973e-03 
 9.15000000e-01  1.10060484e-03 
 9.16000000e-01  1.10522194e-03 
 9.17000000e-01  1.10984099e-03 
 9.18000000e-01  1.11446200e-03 
 9.19000000e-01  1.11908495e-03 
 9.20000000e-01  1.12370981e-03 
 9.21000000e-01  1.12833658e-03 
 9.22000000e-01  1.13296524e-03 
 9.23000000e-01  1.13759578e-03 
 9.24000000e-01  1.14222818e-03 
 9.25000000e-01  1.14686244e-03 
 9.26000000e-01  1.15149853e-03 
 9.27000000e-01  1.15613645e-03 
 9.28000000e-01  1.16077619e-03 
 9.29000000e-01  1.16541772e-03 
 9.30000000e-01  1.17006105e-03 
 9.31000000e-01  1.17470615e-03 
 9.32000000e-01  1.17935302e-03 
 9.33000000e-01  1.18400164e-03 
 9.34000000e-01  1.18865200e-03 
 9.35000000e-01  1.19330410e-03 
 9.36000000e-01  1.19795792e-03 
 9.37000000e-01  1.20261344e-03 
 9.38000000e-01  1.20727067e-03 
 9.39000000e-01  1.21192959e-03 
 9.40000000e-01  1.21659018e-03 
 9.41000000e-01  1.22125245e-03 
 9.42000000e-01  1.22591638e-03 
 9.43000000e-01  1.23058195e-03 
 9.44000000e-01  1.23524917e-03 
 9.45000000e-01  1.23991802e-03 
 9.46000000e-01  1.24458849e-03 
 9.47000000e-01  1.24926057e-03 
 9.48000000e-01  1.25393426e-03 
 9.49000000e-01  1.25860954e-03 
 9.50000000e-01  1.26328641e-03 
 9.51000000e-01  1.26796486e-03 
 9.52000000e-01  1.27264488e-03 
 9.53000000e-01  1.27732647e-03 
 9.54000000e-01  1.28200961e-03 
 9.55000000e-01  1.28669429e-03 
 9.56000000e-01  1.29138052e-03 
 9.57000000e-01  1.29606827e-03 
 9.58000000e-01  1.30075755e-03 
 9.59000000e-01  1.30544835e-03 
 9.60000000e-01  1.31014066e-03 
 9.61000000e-01  1.31483447e-03 
 9.62000000e-01  1.31952978e-03 
 9.63000000e-01  1.32422657e-03 
 9.64000000e-01  1.32892485e-03 
 9.65000000e-01  1.33362460e-03 
 9.66000000e-01  1.33832582e-03 
 9.67000000e-01  1.34302850e-03 
 9.68000000e-01  1.34773264e-03 
 9.69000000e-01  1.35243823e-03 
 9.70000000e-01  1.35714526e-03 
 9.71000000e-01  1.36185373e-03 
 9.72000000e-01  1.36656363e-03 
 9.73000000e-01  1.37127495e-03 
 9.74000000e-01  1.37598769e-03 
 9.75000000e-01  1.38070185e-03 
 9.76000000e-01  1.38541742e-03 
 9.77000000e-01  1.39013439e-03 
 9.78000000e-01  1.39485275e-03 
 9.79000000e-01  1.39957251e-03 
 9.80000000e-01  1.40429365e-03 
 9.81000000e-01  1.40901618e-03 
 9.82000000e-01  1.41374007e-03 
 9.83000000e-01  1.41846534e-03 
 9.84000000e-01  1.42319198e-03 
 9.85000000e-01  1.42791997e-03 
 9.86000000e-01  1.43264932e-03 
 9.87000000e-01  1.43738002e-03 
 9.88000000e-01  1.44211207e-03 
 9.89000000e-01  1.44684545e-03 
 9.90000000e-01  1.45158017e-03 
 9.91000000e-01  1.45631622e-03 
 9.92000000e-01  1.46105360e-03 
 9.93000000e-01  1.46579230e-03 
 9.94000000e-01  1.47053232e-03 
 9.95000000e-01  1.47527365e-03 
 9.96000000e-01  1.48001628e-03 
 9.97000000e-01  1.48476023e-03 
 9.98000000e-01  1.48950547e-03 
 9.99000000e-01  1.49425200e-03 
 1.00000000e+00  1.49899983e-03 
 1.00100000e+00  1.50374894e-03 
 1.00200000e+00  1.50849933e-03 
 1.00300000e+00  1.51325101e-03 
 1.00400000e+00  1.51800395e-03 
 1.00500000e+00  1.52275817e-03 
 1.00600000e+00  1.52751365e-03 
 1.00700000e+00  1.53227039e-03 
 1.00800000e+00  1.53702840e-03 
 1.00900000e+00  1.54178765e-03 
 1.01000000e+00  1.54654815e-03 
 1.01100000e+00  1.55130990e-03 
 1.01200000e+00  1.55607290e-03 
 1.01300000e+00  1.56083713e-03 
 1.01400000e+00  1.56560259e-03 
 1.01500000e+00  1.57036928e-03 
 1.01600000e+00  1.57513720e-03 
 1.01700000e+00  1.57990635e-03 
 1.01800000e+00  1.58467671e-03 
 1.01900000e+00  1.58944828e-03 
 1.02000000e+00  1.59422107e-03 
 1.02100000e+00  1.59899507e-03 
 1.02200000e+00  1.60377027e-03 
 1.02300000e+00  1.60854667e-03 
 1.02400000e+00  1.61332427e-03 
 1.02500000e+00  1.61810306e-03 
 1.02600000e+00  1.62288304e-03 
 1.02700000e+00  1.62766421e-03 
 1.02800000e+00  1.63244656e-03 
 1.02900000e+00  1.63723009e-03 
 1.03000000e+00  1.64201479e-03 
 1.03100000e+00  1.64680066e-03 
 1.03200000e+00  1.65158771e-03 
 1.03300000e+00  1.65637592e-03 
 1.03400000e+00  1.66116529e-03 
 1.03500000e+00  1.66595581e-03 
 1.03600000e+00  1.67074750e-03 
 1.03700000e+00  1.67554033e-03 
 1.03800000e+00  1.68033431e-03 
 1.03900000e+00  1.68512944e-03 
 1.04000000e+00  1.68992570e-03 
 1.04100000e+00  1.69472310e-03 
 1.04200000e+00  1.69952164e-03 
 1.04300000e+00  1.70432131e-03 
 1.04400000e+00  1.70912210e-03 
 1.04500000e+00  1.71392402e-03 
 1.04600000e+00  1.71872706e-03 
 1.04700000e+00  1.72353121e-03 
 1.04800000e+00  1.72833648e-03 
 1.04900000e+00  1.73314286e-03 
 1.05000000e+00  1.73795034e-03 
 1.05100000e+00  1.74275893e-03 
 1.05200000e+00  1.74756862e-03 
 1.05300000e+00  1.75237940e-03 
 1.05400000e+00  1.75719128e-03 
 1.05500000e+00  1.76200425e-03 
 1.05600000e+00  1.76681830e-03 
 1.05700000e+00  1.77163344e-03 
 1.05800000e+00  1.77644965e-03 
 1.05900000e+00  1.78126695e-03 
 1.06000000e+00  1.78608531e-03 
 1.06100000e+00  1.79090475e-03 
 1.06200000e+00  1.79572525e-03 
 1.06300000e+00  1.80054682e-03 
 1.06400000e+00  1.80536944e-03 
 1.06500000e+00  1.81019312e-03 
 1.06600000e+00  1.81501786e-03 
 1.06700000e+00  1.81984364e-03 
 1.06800000e+00  1.82467047e-03 
 1.06900000e+00  1.82949835e-03 
 1.07000000e+00  1.83432726e-03 
 1.07100000e+00  1.83915721e-03 
 1.07200000e+00  1.84398819e-03 
 1.07300000e+00  1.84882020e-03 
 1.07400000e+00  1.85365324e-03 
 1.07500000e+00  1.85848730e-03 
 1.07600000e+00  1.86332238e-03 
 1.07700000e+00  1.86815848e-03 
 1.07800000e+00  1.87299559e-03 
 1.07900000e+00  1.87783371e-03 
 1.08000000e+00  1.88267283e-03 
 1.08100000e+00  1.88751296e-03 
 1.08200000e+00  1.89235409e-03 
 1.08300000e+00  1.89719621e-03 
 1.08400000e+00  1.90203933e-03 
 1.08500000e+00  1.90688343e-03 
 1.08600000e+00  1.91172852e-03 
 1.08700000e+00  1.91657459e-03 
 1.08800000e+00  1.92142164e-03 
 1.08900000e+00  1.92626967e-03 
 1.09000000e+00  1.93111867e-03 
 1.09100000e+00  1.93596864e-03 
 1.09200000e+00  1.94081957e-03 
 1.09300000e+00  1.94567147e-03 
 1.09400000e+00  1.95052432e-03 
 1.09500000e+00  1.95537813e-03 
 1.09600000e+00  1.96023289e-03 
 1.09700000e+00  1.96508860e-03 
 1.09800000e+00  1.96994526e-03 
 1.09900000e+00  1.97480285e-03 
 1.10000000e+00  1.97966138e-03 
 1.10100000e+00  1.98452085e-03 
 1.10200000e+00  1.98938125e-03 
 1.10300000e+00  1.99424258e-03 
 1.10400000e+00  1.99910483e-03 
 1.10500000e+00  2.00396800e-03 
 1.10600000e+00  2.00883209e-03 
 1.10700000e+00  2.01369709e-03 
 1.10800000e+00  2.01856301e-03 
 1.10900000e+00  2.02342983e-03 
 1.11000000e+00  2.02829755e-03 
 1.11100000e+00  2.03316618e-03 
 1.11200000e+00  2.03803570e-03 
 1.11300000e+00  2.04290611e-03 
 1.11400000e+00  2.04777741e-03 
 1.11500000e+00  2.05264960e-03 
 1.11600000e+00  2.05752267e-03 
 1.11700000e+00  2.06239662e-03 
 1.11800000e+00  2.06727145e-03 
 1.11900000e+00  2.07214714e-03 
 1.12000000e+00  2.07702371e-03 
 1.12100000e+00  2.08190114e-03 
 1.12200000e+00  2.08677943e-03 
 1.12300000e+00  2.09165858e-03 
 1.12400000e+00  2.09653858e-03 
 1.12500000e+00  2.10141944e-03 
 1.12600000e+00  2.10630114e-03 
 1.12700000e+00  2.11118369e-03 
 1.12800000e+00  2.11606707e-03 
 1.12900000e+00  2.12095130e-03 
 1.13000000e+00  2.12583635e-03 
 1.13100000e+00  2.13072224e-03 
 1.13200000e+00  2.13560895e-03 
 1.13300000e+00  2.14049648e-03 
 1.13400000e+00  2.14538483e-03 
 1.13500000e+00  2.15027400e-03 
 1.13600000e+00  2.15516398e-03 
 1.13700000e+00  2.16005477e-03 
 1.13800000e+00  2.16494636e-03 
 1.13900000e+00  2.16983875e-03 
 1.14000000e+00  2.17473194e-03 
 1.14100000e+00  2.17962593e-03 
 1.14200000e+00  2.18452070e-03 
 1.14300000e+00  2.18941626e-03 
 1.14400000e+00  2.19431260e-03 
 1.14500000e+00  2.19920973e-03 
 1.14600000e+00  2.20410762e-03 
 1.14700000e+00  2.20900629e-03 
 1.14800000e+00  2.21390573e-03 
 1.14900000e+00  2.21880594e-03 
 1.15000000e+00  2.22370690e-03 
 1.15100000e+00  2.22860863e-03 
 1.15200000e+00  2.23351110e-03 
 1.15300000e+00  2.23841433e-03 
 1.15400000e+00  2.24331830e-03 
 1.15500000e+00  2.24822302e-03 
 1.15600000e+00  2.25312848e-03 
 1.15700000e+00  2.25803467e-03 
 1.15800000e+00  2.26294160e-03 
 1.15900000e+00  2.26784925e-03 
 1.16000000e+00  2.27275763e-03 
 1.16100000e+00  2.27766673e-03 
 1.16200000e+00  2.28257655e-03 
 1.16300000e+00  2.28748708e-03 
 1.16400000e+00  2.29239832e-03 
 1.16500000e+00  2.29731027e-03 
 1.16600000e+00  2.30222293e-03 
 1.16700000e+00  2.30713628e-03 
 1.16800000e+00  2.31205033e-03 
 1.16900000e+00  2.31696507e-03 
 1.17000000e+00  2.32188050e-03 
 1.17100000e+00  2.32679661e-03 
 1.17200000e+00  2.33171341e-03 
 1.17300000e+00  2.33663088e-03 
 1.17400000e+00  2.34154903e-03 
 1.17500000e+00  2.34646784e-03 
 1.17600000e+00  2.35138733e-03 
 1.17700000e+00  2.35630748e-03 
 1.17800000e+00  2.36122828e-03 
 1.17900000e+00  2.36614974e-03 
 1.18000000e+00  2.37107186e-03 
 1.18100000e+00  2.37599462e-03 
 1.18200000e+00  2.38091803e-03 
 1.18300000e+00  2.38584208e-03 
 1.18400000e+00  2.39076676e-03 
 1.18500000e+00  2.39569208e-03 
 1.18600000e+00  2.40061803e-03 
 1.18700000e+00  2.40554461e-03 
 1.18800000e+00  2.41047181e-03 
 1.18900000e+00  2.41539963e-03 
 1.19000000e+00  2.42032806e-03 
 1.19100000e+00  2.42525711e-03 
 1.19200000e+00  2.43018676e-03 
 1.19300000e+00  2.43511702e-03 
 1.19400000e+00  2.44004788e-03 
 1.19500000e+00  2.44497934e-03 
 1.19600000e+00  2.44991139e-03 
 1.19700000e+00  2.45484403e-03 
 1.19800000e+00  2.45977725e-03 
 1.19900000e+00  2.46471106e-03 
 1.20000000e+00  2.46964545e-03 
 1.20100000e+00  2.47458041e-03 
 1.20200000e+00  2.47951595e-03 
 1.20300000e+00  2.48445205e-03 
 1.20400000e+00  2.48938872e-03 
 1.20500000e+00  2.49432594e-03 
 1.20600000e+00  2.49926373e-03 
 1.20700000e+00  2.50420207e-03 
 1.20800000e+00  2.50914096e-03 
 1.20900000e+00  2.51408039e-03 
 1.21000000e+00  2.51902037e-03 
 1.21100000e+00  2.52396088e-03 
 1.21200000e+00  2.52890193e-03 
 1.21300000e+00  2.53384352e-03 
 1.21400000e+00  2.53878563e-03 
 1.21500000e+00  2.54372826e-03 
 1.21600000e+00  2.54867142e-03 
 1.21700000e+00  2.55361509e-03 
 1.21800000e+00  2.55855928e-03 
 1.21900000e+00  2.56350397e-03 
 1.22000000e+00  2.56844918e-03 
 1.22100000e+00  2.57339488e-03 
 1.22200000e+00  2.57834109e-03 
 1.22300000e+00  2.58328779e-03 
 1.22400000e+00  2.58823498e-03 
 1.22500000e+00  2.59318266e-03 
 1.22600000e+00  2.59813082e-03 
 1.22700000e+00  2.60307947e-03 
 1.22800000e+00  2.60802859e-03 
 1.22900000e+00  2.61297819e-03 
 1.23000000e+00  2.61792825e-03 
 1.23100000e+00  2.62287879e-03 
 1.23200000e+00  2.62782978e-03 
 1.23300000e+00  2.63278124e-03 
 1.23400000e+00  2.63773315e-03 
 1.23500000e+00  2.64268552e-03 
 1.23600000e+00  2.64763833e-03 
 1.23700000e+00  2.65259159e-03 
 1.23800000e+00  2.65754529e-03 
 1.23900000e+00  2.66249942e-03 
 1.24000000e+00  2.66745400e-03 
 1.24100000e+00  2.67240900e-03 
 1.24200000e+00  2.67736443e-03 
 1.24300000e+00  2.68232028e-03 
 1.24400000e+00  2.68727656e-03 
 1.24500000e+00  2.69223325e-03 
 1.24600000e+00  2.69719035e-03 
 1.24700000e+00  2.70214787e-03 
 1.24800000e+00  2.70710579e-03 
 1.24900000e+00  2.71206411e-03 
 1.25000000e+00  2.71702283e-03 
 1.25100000e+00  2.72198195e-03 
 1.25200000e+00  2.72694146e-03 
 1.25300000e+00  2.73190136e-03 
 1.25400000e+00  2.73686164e-03 
 1.25500000e+00  2.74182231e-03 
 1.25600000e+00  2.74678335e-03 
 1.25700000e+00  2.75174477e-03 
 1.25800000e+00  2.75670655e-03 
 1.25900000e+00  2.76166871e-03 
 1.26000000e+00  2.76663123e-03 
 1.26100000e+00  2.77159411e-03 
 1.26200000e+00  2.77655735e-03 
 1.26300000e+00  2.78152094e-03 
 1.26400000e+00  2.78648488e-03 
 1.26500000e+00  2.79144916e-03 
 1.26600000e+00  2.79641380e-03 
 1.26700000e+00  2.80137877e-03 
 1.26800000e+00  2.80634407e-03 
 1.26900000e+00  2.81130971e-03 
 1.27000000e+00  2.81627568e-03 
 1.27100000e+00  2.82124198e-03 
 1.27200000e+00  2.82620860e-03 
 1.27300000e+00  2.83117553e-03 
 1.27400000e+00  2.83614278e-03 
 1.27500000e+00  2.84111035e-03 
 1.27600000e+00  2.84607822e-03 
 1.27700000e+00  2.85104640e-03 
 1.27800000e+00  2.85601488e-03 
 1.27900000e+00  2.86098366e-03 
 1.28000000e+00  2.86595274e-03 
 1.28100000e+00  2.87092211e-03 
 1.28200000e+00  2.87589176e-03 
 1.28300000e+00  2.88086170e-03 
 1.28400000e+00  2.88583193e-03 
 1.28500000e+00  2.89080243e-03 
 1.28600000e+00  2.89577320e-03 
 1.28700000e+00  2.90074425e-03 
 1.28800000e+00  2.90571557e-03 
 1.28900000e+00  2.91068715e-03 
 1.29000000e+00  2.91565899e-03 
 1.29100000e+00  2.92063109e-03 
 1.29200000e+00  2.92560345e-03 
 1.29300000e+00  2.93057606e-03 
 1.29400000e+00  2.93554891e-03 
 1.29500000e+00  2.94052201e-03 
 1.29600000e+00  2.94549536e-03 
 1.29700000e+00  2.95046894e-03 
 1.29800000e+00  2.95544275e-03 
 1.29900000e+00  2.96041680e-03 
 1.30000000e+00  2.96539108e-03 
 1.30100000e+00  2.97036558e-03 
 1.30200000e+00  2.97534031e-03 
 1.30300000e+00  2.98031525e-03 
 1.30400000e+00  2.98529041e-03 
 1.30500000e+00  2.99026578e-03 
 1.30600000e+00  2.99524136e-03 
 1.30700000e+00  3.00021714e-03 
 1.30800000e+00  3.00519313e-03 
 1.30900000e+00  3.01016932e-03 
 1.31000000e+00  3.01514570e-03 
 1.31100000e+00  3.02012227e-03 
 1.31200000e+00  3.02509904e-03 
 1.31300000e+00  3.03007599e-03 
 1.31400000e+00  3.03505313e-03 
 1.31500000e+00  3.04003044e-03 
 1.31600000e+00  3.04500793e-03 
 1.31700000e+00  3.04998560e-03 
 1.31800000e+00  3.05496343e-03 
 1.31900000e+00  3.05994143e-03 
 1.32000000e+00  3.06491960e-03 
 1.32100000e+00  3.06989793e-03 
 1.32200000e+00  3.07487641e-03 
 1.32300000e+00  3.07985505e-03 
 1.32400000e+00  3.08483384e-03 
 1.32500000e+00  3.08981278e-03 
 1.32600000e+00  3.09479186e-03 
 1.32700000e+00  3.09977109e-03 
 1.32800000e+00  3.10475045e-03 
 1.32900000e+00  3.10972995e-03 
 1.33000000e+00  3.11470959e-03 
 1.33100000e+00  3.11968935e-03 
 1.33200000e+00  3.12466924e-03 
 1.33300000e+00  3.12964925e-03 
 1.33400000e+00  3.13462938e-03 
 1.33500000e+00  3.13960963e-03 
 1.33600000e+00  3.14458999e-03 
 1.33700000e+00  3.14957047e-03 
 1.33800000e+00  3.15455105e-03 
 1.33900000e+00  3.15953174e-03 
 1.34000000e+00  3.16451253e-03 
 1.34100000e+00  3.16949342e-03 
 1.34200000e+00  3.17447440e-03 
 1.34300000e+00  3.17945547e-03 
 1.34400000e+00  3.18443664e-03 
 1.34500000e+00  3.18941789e-03 
 1.34600000e+00  3.19439923e-03 
 1.34700000e+00  3.19938065e-03 
 1.34800000e+00  3.20436214e-03 
 1.34900000e+00  3.20934371e-03 
 1.35000000e+00  3.21432535e-03 
 1.35100000e+00  3.21930706e-03 
 1.35200000e+00  3.22428883e-03 
 1.35300000e+00  3.22927067e-03 
 1.35400000e+00  3.23425257e-03 
 1.35500000e+00  3.23923452e-03 
 1.35600000e+00  3.24421653e-03 
 1.35700000e+00  3.24919859e-03 
 1.35800000e+00  3.25418070e-03 
 1.35900000e+00  3.25916285e-03 
 1.36000000e+00  3.26414504e-03 
 1.36100000e+00  3.26912728e-03 
 1.36200000e+00  3.27410955e-03 
 1.36300000e+00  3.27909185e-03 
 1.36400000e+00  3.28407418e-03 
 1.36500000e+00  3.28905654e-03 
 1.36600000e+00  3.29403893e-03 
 1.36700000e+00  3.29902133e-03 
 1.36800000e+00  3.30400376e-03 
 1.36900000e+00  3.30898620e-03 
 1.37000000e+00  3.31396866e-03 
 1.37100000e+00  3.31895112e-03 
 1.37200000e+00  3.32393359e-03 
 1.37300000e+00  3.32891607e-03 
 1.37400000e+00  3.33389855e-03 
 1.37500000e+00  3.33888103e-03 
 1.37600000e+00  3.34386350e-03 
 1.37700000e+00  3.34884597e-03 
 1.37800000e+00  3.35382843e-03 
 1.37900000e+00  3.35881087e-03 
 1.38000000e+00  3.36379331e-03 
 1.38100000e+00  3.36877572e-03 
 1.38200000e+00  3.37375811e-03 
 1.38300000e+00  3.37874048e-03 
 1.38400000e+00  3.38372282e-03 
 1.38500000e+00  3.38870513e-03 
 1.38600000e+00  3.39368741e-03 
 1.38700000e+00  3.39866966e-03 
 1.38800000e+00  3.40365187e-03 
 1.38900000e+00  3.40863404e-03 
 1.39000000e+00  3.41361617e-03 
 1.39100000e+00  3.41859825e-03 
 1.39200000e+00  3.42358028e-03 
 1.39300000e+00  3.42856226e-03 
 1.39400000e+00  3.43354419e-03 
 1.39500000e+00  3.43852606e-03 
 1.39600000e+00  3.44350787e-03 
 1.39700000e+00  3.44848962e-03 
 1.39800000e+00  3.45347131e-03 
 1.39900000e+00  3.45845293e-03 
 1.40000000e+00  3.46343448e-03 
 1.40100000e+00  3.46841596e-03 
 1.40200000e+00  3.47339736e-03 
 1.40300000e+00  3.47837868e-03 
 1.40400000e+00  3.48335993e-03 
 1.40500000e+00  3.48834109e-03 
 1.40600000e+00  3.49332216e-03 
 1.40700000e+00  3.49830315e-03 
 1.40800000e+00  3.50328404e-03 
 1.40900000e+00  3.50826484e-03 
 1.41000000e+00  3.51324555e-03 
 1.41100000e+00  3.51822615e-03 
 1.41200000e+00  3.52320666e-03 
 1.41300000e+00  3.52818706e-03 
 1.41400000e+00  3.53316736e-03 
 1.41500000e+00  3.53814754e-03 
 1.41600000e+00  3.54312761e-03 
 1.41700000e+00  3.54810757e-03 
 1.41800000e+00  3.55308742e-03 
 1.41900000e+00  3.55806714e-03 
 1.42000000e+00  3.56304674e-03 
 1.42100000e+00  3.56802622e-03 
 1.42200000e+00  3.57300557e-03 
 1.42300000e+00  3.57798478e-03 
 1.42400000e+00  3.58296387e-03 
 1.42500000e+00  3.58794282e-03 
 1.42600000e+00  3.59292164e-03 
 1.42700000e+00  3.59790032e-03 
 1.42800000e+00  3.60287885e-03 
 1.42900000e+00  3.60785724e-03 
 1.43000000e+00  3.61283548e-03 
 1.43100000e+00  3.61781357e-03 
 1.43200000e+00  3.62279151e-03 
 1.43300000e+00  3.62776930e-03 
 1.43400000e+00  3.63274693e-03 
 1.43500000e+00  3.63772440e-03 
 1.43600000e+00  3.64270170e-03 
 1.43700000e+00  3.64767885e-03 
 1.43800000e+00  3.65265582e-03 
 1.43900000e+00  3.65763263e-03 
 1.44000000e+00  3.66260926e-03 
 1.44100000e+00  3.66758572e-03 
 1.44200000e+00  3.67256201e-03 
 1.44300000e+00  3.67753811e-03 
 1.44400000e+00  3.68251404e-03 
 1.44500000e+00  3.68748978e-03 
 1.44600000e+00  3.69246533e-03 
 1.44700000e+00  3.69744070e-03 
 1.44800000e+00  3.70241587e-03 
 1.44900000e+00  3.70739085e-03 
 1.45000000e+00  3.71236564e-03 
 1.45100000e+00  3.71734023e-03 
 1.45200000e+00  3.72231461e-03 
 1.45300000e+00  3.72728880e-03 
 1.45400000e+00  3.73226278e-03 
 1.45500000e+00  3.73723655e-03 
 1.45600000e+00  3.74221011e-03 
 1.45700000e+00  3.74718346e-03 
 1.45800000e+00  3.75215660e-03 
 1.45900000e+00  3.75712952e-03 
 1.46000000e+00  3.76210222e-03 
 1.46100000e+00  3.76707470e-03 
 1.46200000e+00  3.77204695e-03 
 1.46300000e+00  3.77701898e-03 
 1.46400000e+00  3.78199078e-03 
 1.46500000e+00  3.78696235e-03 
 1.46600000e+00  3.79193369e-03 
 1.46700000e+00  3.79690479e-03 
 1.46800000e+00  3.80187566e-03 
 1.46900000e+00  3.80684629e-03 
 1.47000000e+00  3.81181667e-03 
 1.47100000e+00  3.81678681e-03 
 1.47200000e+00  3.82175671e-03 
 1.47300000e+00  3.82672635e-03 
 1.47400000e+00  3.83169575e-03 
 1.47500000e+00  3.83666489e-03 
 1.47600000e+00  3.84163378e-03 
 1.47700000e+00  3.84660241e-03 
 1.47800000e+00  3.85157078e-03 
 1.47900000e+00  3.85653888e-03 
 1.48000000e+00  3.86150673e-03 
 1.48100000e+00  3.86647431e-03 
 1.48200000e+00  3.87144162e-03 
 1.48300000e+00  3.87640866e-03 
 1.48400000e+00  3.88137542e-03 
 1.48500000e+00  3.88634192e-03 
 1.48600000e+00  3.89130813e-03 
 1.48700000e+00  3.89627407e-03 
 1.48800000e+00  3.90123972e-03 
 1.48900000e+00  3.90620509e-03 
 1.49000000e+00  3.91117018e-03 
 1.49100000e+00  3.91613497e-03 
 1.49200000e+00  3.92109948e-03 
 1.49300000e+00  3.92606370e-03 
 1.49400000e+00  3.93102762e-03 
 1.49500000e+00  3.93599125e-03 
 1.49600000e+00  3.94095457e-03 
 1.49700000e+00  3.94591760e-03 
 1.49800000e+00  3.95088032e-03 
 1.49900000e+00  3.95584274e-03 
 1.50000000e+00  3.96080486e-03 
 1.50100000e+00  3.96576666e-03 
 1.50200000e+00  3.97072816e-03 
 1.50300000e+00  3.97568934e-03 
 1.50400000e+00  3.98065020e-03 
 1.50500000e+00  3.98561075e-03 
 1.50600000e+00  3.99057098e-03 
 1.50700000e+00  3.99553089e-03 
 1.50800000e+00  4.00049047e-03 
 1.50900000e+00  4.00544974e-03 
 1.51000000e+00  4.01040867e-03 
 1.51100000e+00  4.01536727e-03 
 1.51200000e+00  4.02032555e-03 
 1.51300000e+00  4.02528348e-03 
 1.51400000e+00  4.03024109e-03 
 1.51500000e+00  4.03519836e-03 
 1.51600000e+00  4.04015528e-03 
 1.51700000e+00  4.04511187e-03 
 1.51800000e+00  4.05006811e-03 
 1.51900000e+00  4.05502401e-03 
 1.52000000e+00  4.05997956e-03 
 1.52100000e+00  4.06493476e-03 
 1.52200000e+00  4.06988961e-03 
 1.52300000e+00  4.07484411e-03 
 1.52400000e+00  4.07979825e-03 
 1.52500000e+00  4.08475204e-03 
 1.52600000e+00  4.08970547e-03 
 1.52700000e+00  4.09465853e-03 
 1.52800000e+00  4.09961123e-03 
 1.52900000e+00  4.10456357e-03 
 1.53000000e+00  4.10951554e-03 
 1.53100000e+00  4.11446714e-03 
 1.53200000e+00  4.11941838e-03 
 1.53300000e+00  4.12436924e-03 
 1.53400000e+00  4.12931972e-03 
 1.53500000e+00  4.13426983e-03 
 1.53600000e+00  4.13921956e-03 
 1.53700000e+00  4.14416891e-03 
 1.53800000e+00  4.14911788e-03 
 1.53900000e+00  4.15406647e-03 
 1.54000000e+00  4.15901466e-03 
 1.54100000e+00  4.16396248e-03 
 1.54200000e+00  4.16890990e-03 
 1.54300000e+00  4.17385693e-03 
 1.54400000e+00  4.17880357e-03 
 1.54500000e+00  4.18374981e-03 
 1.54600000e+00  4.18869566e-03 
 1.54700000e+00  4.19364110e-03 
 1.54800000e+00  4.19858615e-03 
 1.54900000e+00  4.20353080e-03 
 1.55000000e+00  4.20847504e-03 
 1.55100000e+00  4.21341887e-03 
 1.55200000e+00  4.21836230e-03 
 1.55300000e+00  4.22330531e-03 
 1.55400000e+00  4.22824792e-03 
 1.55500000e+00  4.23319011e-03 
 1.55600000e+00  4.23813189e-03 
 1.55700000e+00  4.24307325e-03 
 1.55800000e+00  4.24801419e-03 
 1.55900000e+00  4.25295471e-03 
 1.56000000e+00  4.25789481e-03 
 1.56100000e+00  4.26283448e-03 
 1.56200000e+00  4.26777373e-03 
 1.56300000e+00  4.27271256e-03 
 1.56400000e+00  4.27765095e-03 
 1.56500000e+00  4.28258891e-03 
 1.56600000e+00  4.28752644e-03 
 1.56700000e+00  4.29246353e-03 
 1.56800000e+00  4.29740019e-03 
 1.56900000e+00  4.30233641e-03 
 1.57000000e+00  4.30727219e-03 
 1.57100000e+00  4.31220753e-03 
 1.57200000e+00  4.31714242e-03 
 1.57300000e+00  4.32207687e-03 
 1.57400000e+00  4.32701088e-03 
 1.57500000e+00  4.33194443e-03 
 1.57600000e+00  4.33687754e-03 
 1.57700000e+00  4.34181019e-03 
 1.57800000e+00  4.34674239e-03 
 1.57900000e+00  4.35167414e-03 
 1.58000000e+00  4.35660542e-03 
 1.58100000e+00  4.36153625e-03 
 1.58200000e+00  4.36646662e-03 
 1.58300000e+00  4.37139653e-03 
 1.58400000e+00  4.37632597e-03 
 1.58500000e+00  4.38125495e-03 
 1.58600000e+00  4.38618346e-03 
 1.58700000e+00  4.39111151e-03 
 1.58800000e+00  4.39603908e-03 
 1.58900000e+00  4.40096618e-03 
 1.59000000e+00  4.40589281e-03 
 1.59100000e+00  4.41081896e-03 
 1.59200000e+00  4.41574464e-03 
 1.59300000e+00  4.42066983e-03 
 1.59400000e+00  4.42559455e-03 
 1.59500000e+00  4.43051878e-03 
 1.59600000e+00  4.43544254e-03 
 1.59700000e+00  4.44036580e-03 
 1.59800000e+00  4.44528858e-03 
 1.59900000e+00  4.45021088e-03 
 1.60000000e+00  4.45513268e-03 
 1.60100000e+00  4.46005399e-03 
 1.60200000e+00  4.46497481e-03 
 1.60300000e+00  4.46989513e-03 
 1.60400000e+00  4.47481496e-03 
 1.60500000e+00  4.47973429e-03 
 1.60600000e+00  4.48465312e-03 
 1.60700000e+00  4.48957145e-03 
 1.60800000e+00  4.49448928e-03 
 1.60900000e+00  4.49940660e-03 
 1.61000000e+00  4.50432342e-03 
 1.61100000e+00  4.50923973e-03 
 1.61200000e+00  4.51415553e-03 
 1.61300000e+00  4.51907082e-03 
 1.61400000e+00  4.52398560e-03 
 1.61500000e+00  4.52889987e-03 
 1.61600000e+00  4.53381362e-03 
 1.61700000e+00  4.53872686e-03 
 1.61800000e+00  4.54363957e-03 
 1.61900000e+00  4.54855177e-03 
 1.62000000e+00  4.55346345e-03 
 1.62100000e+00  4.55837460e-03 
 1.62200000e+00  4.56328523e-03 
 1.62300000e+00  4.56819534e-03 
 1.62400000e+00  4.57310492e-03 
 1.62500000e+00  4.57801397e-03 
 1.62600000e+00  4.58292249e-03 
 1.62700000e+00  4.58783047e-03 
 1.62800000e+00  4.59273793e-03 
 1.62900000e+00  4.59764485e-03 
 1.63000000e+00  4.60255123e-03 
 1.63100000e+00  4.60745708e-03 
 1.63200000e+00  4.61236239e-03 
 1.63300000e+00  4.61726716e-03 
 1.63400000e+00  4.62217138e-03 
 1.63500000e+00  4.62707506e-03 
 1.63600000e+00  4.63197820e-03 
 1.63700000e+00  4.63688079e-03 
 1.63800000e+00  4.64178284e-03 
 1.63900000e+00  4.64668433e-03 
 1.64000000e+00  4.65158527e-03 
 1.64100000e+00  4.65648567e-03 
 1.64200000e+00  4.66138550e-03 
 1.64300000e+00  4.66628479e-03 
 1.64400000e+00  4.67118351e-03 
 1.64500000e+00  4.67608168e-03 
 1.64600000e+00  4.68097929e-03 
 1.64700000e+00  4.68587634e-03 
 1.64800000e+00  4.69077283e-03 
 1.64900000e+00  4.69566875e-03 
 1.65000000e+00  4.70056411e-03 
 1.65100000e+00  4.70545890e-03 
 1.65200000e+00  4.71035313e-03 
 1.65300000e+00  4.71524678e-03 
 1.65400000e+00  4.72013987e-03 
 1.65500000e+00  4.72503238e-03 
 1.65600000e+00  4.72992432e-03 
 1.65700000e+00  4.73481569e-03 
 1.65800000e+00  4.73970648e-03 
 1.65900000e+00  4.74459669e-03 
 1.66000000e+00  4.74948632e-03 
 1.66100000e+00  4.75437538e-03 
 1.66200000e+00  4.75926385e-03 
 1.66300000e+00  4.76415173e-03 
 1.66400000e+00  4.76903904e-03 
 1.66500000e+00  4.77392576e-03 
 1.66600000e+00  4.77881189e-03 
 1.66700000e+00  4.78369743e-03 
 1.66800000e+00  4.78858239e-03 
 1.66900000e+00  4.79346675e-03 
 1.67000000e+00  4.79835052e-03 
 1.67100000e+00  4.80323369e-03 
 1.67200000e+00  4.80811628e-03 
 1.67300000e+00  4.81299826e-03 
 1.67400000e+00  4.81787965e-03 
 1.67500000e+00  4.82276044e-03 
 1.67600000e+00  4.82764063e-03 
 1.67700000e+00  4.83252021e-03 
 1.67800000e+00  4.83739919e-03 
 1.67900000e+00  4.84227757e-03 
 1.68000000e+00  4.84715535e-03 
 1.68100000e+00  4.85203251e-03 
 1.68200000e+00  4.85690907e-03 
 1.68300000e+00  4.86178502e-03 
 1.68400000e+00  4.86666036e-03 
 1.68500000e+00  4.87153509e-03 
 1.68600000e+00  4.87640920e-03 
 1.68700000e+00  4.88128270e-03 
 1.68800000e+00  4.88615558e-03 
 1.68900000e+00  4.89102784e-03 
 1.69000000e+00  4.89589949e-03 
 1.69100000e+00  4.90077052e-03 
 1.69200000e+00  4.90564092e-03 
 1.69300000e+00  4.91051071e-03 
 1.69400000e+00  4.91537987e-03 
 1.69500000e+00  4.92024840e-03 
 1.69600000e+00  4.92511631e-03 
 1.69700000e+00  4.92998359e-03 
 1.69800000e+00  4.93485025e-03 
 1.69900000e+00  4.93971627e-03 
 1.70000000e+00  4.94458166e-03 
 1.70100000e+00  4.94944642e-03 
 1.70200000e+00  4.95431055e-03 
 1.70300000e+00  4.95917404e-03 
 1.70400000e+00  4.96403689e-03 
 1.70500000e+00  4.96889911e-03 
 1.70600000e+00  4.97376069e-03 
 1.70700000e+00  4.97862163e-03 
 1.70800000e+00  4.98348193e-03 
 1.70900000e+00  4.98834159e-03 
 1.71000000e+00  4.99320060e-03 
 1.71100000e+00  4.99805897e-03 
 1.71200000e+00  5.00291670e-03 
 1.71300000e+00  5.00777377e-03 
 1.71400000e+00  5.01263020e-03 
 1.71500000e+00  5.01748598e-03 
 1.71600000e+00  5.02234111e-03 
 1.71700000e+00  5.02719559e-03 
 1.71800000e+00  5.03204941e-03 
 1.71900000e+00  5.03690258e-03 
 1.72000000e+00  5.04175509e-03 
 1.72100000e+00  5.04660695e-03 
 1.72200000e+00  5.05145815e-03 
 1.72300000e+00  5.05630869e-03 
 1.72400000e+00  5.06115857e-03 
 1.72500000e+00  5.06600779e-03 
 1.72600000e+00  5.07085635e-03 
 1.72700000e+00  5.07570425e-03 
 1.72800000e+00  5.08055148e-03 
 1.72900000e+00  5.08539804e-03 
 1.73000000e+00  5.09024394e-03 
 1.73100000e+00  5.09508916e-03 
 1.73200000e+00  5.09993372e-03 
 1.73300000e+00  5.10477761e-03 
 1.73400000e+00  5.10962083e-03 
 1.73500000e+00  5.11446337e-03 
 1.73600000e+00  5.11930524e-03 
 1.73700000e+00  5.12414644e-03 
 1.73800000e+00  5.12898696e-03 
 1.73900000e+00  5.13382680e-03 
 1.74000000e+00  5.13866596e-03 
 1.74100000e+00  5.14350445e-03 
 1.74200000e+00  5.14834225e-03 
 1.74300000e+00  5.15317937e-03 
 1.74400000e+00  5.15801581e-03 
 1.74500000e+00  5.16285156e-03 
 1.74600000e+00  5.16768663e-03 
 1.74700000e+00  5.17252102e-03 
 1.74800000e+00  5.17735471e-03 
 1.74900000e+00  5.18218772e-03 
 1.75000000e+00  5.18702004e-03 
 1.75100000e+00  5.19185166e-03 
 1.75200000e+00  5.19668260e-03 
 1.75300000e+00  5.20151284e-03 
 1.75400000e+00  5.20634239e-03 
 1.75500000e+00  5.21117124e-03 
 1.75600000e+00  5.21599940e-03 
 1.75700000e+00  5.22082686e-03 
 1.75800000e+00  5.22565362e-03 
 1.75900000e+00  5.23047968e-03 
 1.76000000e+00  5.23530504e-03 
 1.76100000e+00  5.24012970e-03 
 1.76200000e+00  5.24495366e-03 
 1.76300000e+00  5.24977691e-03 
 1.76400000e+00  5.25459946e-03 
 1.76500000e+00  5.25942131e-03 
 1.76600000e+00  5.26424244e-03 
 1.76700000e+00  5.26906287e-03 
 1.76800000e+00  5.27388259e-03 
 1.76900000e+00  5.27870160e-03 
 1.77000000e+00  5.28351990e-03 
 1.77100000e+00  5.28833748e-03 
 1.77200000e+00  5.29315435e-03 
 1.77300000e+00  5.29797051e-03 
 1.77400000e+00  5.30278596e-03 
 1.77500000e+00  5.30760068e-03 
 1.77600000e+00  5.31241469e-03 
 1.77700000e+00  5.31722798e-03 
 1.77800000e+00  5.32204055e-03 
 1.77900000e+00  5.32685240e-03 
 1.78000000e+00  5.33166353e-03 
 1.78100000e+00  5.33647394e-03 
 1.78200000e+00  5.34128362e-03 
 1.78300000e+00  5.34609258e-03 
 1.78400000e+00  5.35090081e-03 
 1.78500000e+00  5.35570832e-03 
 1.78600000e+00  5.36051510e-03 
 1.78700000e+00  5.36532115e-03 
 1.78800000e+00  5.37012647e-03 
 1.78900000e+00  5.37493106e-03 
 1.79000000e+00  5.37973492e-03 
 1.79100000e+00  5.38453804e-03 
 1.79200000e+00  5.38934043e-03 
 1.79300000e+00  5.39414209e-03 
 1.79400000e+00  5.39894301e-03 
 1.79500000e+00  5.40374320e-03 
 1.79600000e+00  5.40854264e-03 
 1.79700000e+00  5.41334135e-03 
 1.79800000e+00  5.41813932e-03 
 1.79900000e+00  5.42293655e-03 
 1.80000000e+00  5.42773303e-03 
