 0.00000000e+00  3.51165088e+04 
 1.00000000e-03  3.57244419e+04 
 2.00000000e-03  3.63536448e+04 
 3.00000000e-03  3.70050615e+04 
 4.00000000e-03  3.76796781e+04 
 5.00000000e-03  3.83785240e+04 
 6.00000000e-03  3.91026725e+04 
 7.00000000e-03  3.98532415e+04 
 8.00000000e-03  4.06313938e+04 
 9.00000000e-03  4.14383373e+04 
 1.00000000e-02  4.22753251e+04 
 1.10000000e-02  4.31436542e+04 
 1.20000000e-02  4.40446651e+04 
 1.30000000e-02  4.49797401e+04 
 1.40000000e-02  4.59503009e+04 
 1.50000000e-02  4.69578061e+04 
 1.60000000e-02  4.80037476e+04 
 1.70000000e-02  4.90896465e+04 
 1.80000000e-02  5.02170477e+04 
 1.90000000e-02  5.13875137e+04 
 2.00000000e-02  5.26026179e+04 
 2.10000000e-02  5.38639360e+04 
 2.20000000e-02  5.51730370e+04 
 2.30000000e-02  5.65314724e+04 
 2.40000000e-02  5.79407650e+04 
 2.50000000e-02  5.94023956e+04 
 2.60000000e-02  6.09177892e+04 
 2.70000000e-02  6.24883002e+04 
 2.80000000e-02  6.41151959e+04 
 2.90000000e-02  6.57996397e+04 
 3.00000000e-02  6.75426737e+04 
 3.10000000e-02  6.93451998e+04 
 3.20000000e-02  7.12079618e+04 
 3.30000000e-02  7.31315265e+04 
 3.40000000e-02  7.51162655e+04 
 3.50000000e-02  7.71623376e+04 
 3.60000000e-02  7.92696718e+04 
 3.70000000e-02  8.14379520e+04 
 3.80000000e-02  8.36666036e+04 
 3.90000000e-02  8.59547815e+04 
 4.00000000e-02  8.83013608e+04 
 4.10000000e-02  9.07049307e+04 
 4.20000000e-02  9.31637908e+04 
 4.30000000e-02  9.56759507e+04 
 4.40000000e-02  9.82391333e+04 
 4.50000000e-02  1.00850782e+05 
 4.60000000e-02  1.03508069e+05 
 4.70000000e-02  1.06207911e+05 
 4.80000000e-02  1.08946986e+05 
 4.90000000e-02  1.11721751e+05 
 5.00000000e-02  1.14528466e+05 
 5.10000000e-02  1.17363220e+05 
 5.20000000e-02  1.20221957e+05 
 5.30000000e-02  1.23100504e+05 
 5.40000000e-02  1.25994602e+05 
 5.50000000e-02  1.28899936e+05 
 5.60000000e-02  1.31812165e+05 
 5.70000000e-02  1.34726950e+05 
 5.80000000e-02  1.37639987e+05 
 5.90000000e-02  1.40547031e+05 
 6.00000000e-02  1.43443926e+05 
 6.10000000e-02  1.46326626e+05 
 6.20000000e-02  1.49191217e+05 
 6.30000000e-02  1.52033940e+05 
 6.40000000e-02  1.54851205e+05 
 6.50000000e-02  1.57639606e+05 
 6.60000000e-02  1.60395937e+05 
 6.70000000e-02  1.63117194e+05 
 6.80000000e-02  1.65800590e+05 
 6.90000000e-02  1.68443554e+05 
 7.00000000e-02  1.71043734e+05 
 7.10000000e-02  1.73599001e+05 
 7.20000000e-02  1.76107443e+05 
 7.30000000e-02  1.78567364e+05 
 7.40000000e-02  1.80977279e+05 
 7.50000000e-02  1.83335905e+05 
 7.60000000e-02  1.85642160e+05 
 7.70000000e-02  1.87895147e+05 
 7.80000000e-02  1.90094151e+05 
 7.90000000e-02  1.92238628e+05 
 8.00000000e-02  1.94328193e+05 
 8.10000000e-02  1.96362613e+05 
 8.20000000e-02  1.98341796e+05 
 8.30000000e-02  2.00265778e+05 
 8.40000000e-02  2.02134718e+05 
 8.50000000e-02  2.03948882e+05 
 8.60000000e-02  2.05708639e+05 
 8.70000000e-02  2.07414449e+05 
 8.80000000e-02  2.09066852e+05 
 8.90000000e-02  2.10666465e+05 
 9.00000000e-02  2.12213967e+05 
 9.10000000e-02  2.13710097e+05 
 9.20000000e-02  2.15155643e+05 
 9.30000000e-02  2.16551438e+05 
 9.40000000e-02  2.17898350e+05 
 9.50000000e-02  2.19197281e+05 
 9.60000000e-02  2.20449157e+05 
 9.70000000e-02  2.21654925e+05 
 9.80000000e-02  2.22815548e+05 
 9.90000000e-02  2.23932002e+05 
 1.00000000e-01  2.25005269e+05 
 1.01000000e-01  2.26036338e+05 
 1.02000000e-01  2.27026197e+05 
 1.03000000e-01  2.27975834e+05 
 1.04000000e-01  2.28886233e+05 
 1.05000000e-01  2.29758371e+05 
 1.06000000e-01  2.30593216e+05 
 1.07000000e-01  2.31391727e+05 
 1.08000000e-01  2.32154853e+05 
 1.09000000e-01  2.32883526e+05 
 1.10000000e-01  2.33578666e+05 
 1.11000000e-01  2.34241179e+05 
 1.12000000e-01  2.34871954e+05 
 1.13000000e-01  2.35471862e+05 
 1.14000000e-01  2.36041758e+05 
 1.15000000e-01  2.36582479e+05 
 1.16000000e-01  2.37094845e+05 
 1.17000000e-01  2.37579657e+05 
 1.18000000e-01  2.38037696e+05 
 1.19000000e-01  2.38469726e+05 
 1.20000000e-01  2.38876492e+05 
 1.21000000e-01  2.39258722e+05 
 1.22000000e-01  2.39617123e+05 
 1.23000000e-01  2.39952385e+05 
 1.24000000e-01  2.40265180e+05 
 1.25000000e-01  2.40556161e+05 
 1.26000000e-01  2.40825965e+05 
 1.27000000e-01  2.41075210e+05 
 1.28000000e-01  2.41304497e+05 
 1.29000000e-01  2.41514413e+05 
 1.30000000e-01  2.41705523e+05 
 1.31000000e-01  2.41878382e+05 
 1.32000000e-01  2.42033525e+05 
 1.33000000e-01  2.42171472e+05 
 1.34000000e-01  2.42292730e+05 
 1.35000000e-01  2.42397789e+05 
 1.36000000e-01  2.42487126e+05 
 1.37000000e-01  2.42561204e+05 
 1.38000000e-01  2.42620471e+05 
 1.39000000e-01  2.42665364e+05 
 1.40000000e-01  2.42696304e+05 
 1.41000000e-01  2.42713703e+05 
 1.42000000e-01  2.42717957e+05 
 1.43000000e-01  2.42709454e+05 
 1.44000000e-01  2.42688568e+05 
 1.45000000e-01  2.42655662e+05 
 1.46000000e-01  2.42611088e+05 
 1.47000000e-01  2.42555190e+05 
 1.48000000e-01  2.42488298e+05 
 1.49000000e-01  2.42410734e+05 
 1.50000000e-01  2.42322811e+05 
 1.51000000e-01  2.42224832e+05 
 1.52000000e-01  2.42117091e+05 
 1.53000000e-01  2.41999872e+05 
 1.54000000e-01  2.41873452e+05 
 1.55000000e-01  2.41738100e+05 
 1.56000000e-01  2.41594077e+05 
 1.57000000e-01  2.41441634e+05 
 1.58000000e-01  2.41281018e+05 
 1.59000000e-01  2.41112466e+05 
 1.60000000e-01  2.40936210e+05 
 1.61000000e-01  2.40752473e+05 
 1.62000000e-01  2.40561474e+05 
 1.63000000e-01  2.40363424e+05 
 1.64000000e-01  2.40158527e+05 
 1.65000000e-01  2.39946983e+05 
 1.66000000e-01  2.39728985e+05 
 1.67000000e-01  2.39504721e+05 
 1.68000000e-01  2.39274374e+05 
 1.69000000e-01  2.39038120e+05 
 1.70000000e-01  2.38796131e+05 
 1.71000000e-01  2.38548575e+05 
 1.72000000e-01  2.38295614e+05 
 1.73000000e-01  2.38037405e+05 
 1.74000000e-01  2.37774102e+05 
 1.75000000e-01  2.37505853e+05 
 1.76000000e-01  2.37232803e+05 
 1.77000000e-01  2.36955093e+05 
 1.78000000e-01  2.36672859e+05 
 1.79000000e-01  2.36386235e+05 
 1.80000000e-01  2.36095348e+05 
 1.81000000e-01  2.35800325e+05 
 1.82000000e-01  2.35501288e+05 
 1.83000000e-01  2.35198355e+05 
 1.84000000e-01  2.34891641e+05 
 1.85000000e-01  2.34581260e+05 
 1.86000000e-01  2.34267320e+05 
 1.87000000e-01  2.33949927e+05 
 1.88000000e-01  2.33629184e+05 
 1.89000000e-01  2.33305193e+05 
 1.90000000e-01  2.32978050e+05 
 1.91000000e-01  2.32647851e+05 
 1.92000000e-01  2.32314689e+05 
 1.93000000e-01  2.31978653e+05 
 1.94000000e-01  2.31639831e+05 
 1.95000000e-01  2.31298310e+05 
 1.96000000e-01  2.30954171e+05 
 1.97000000e-01  2.30607495e+05 
 1.98000000e-01  2.30258362e+05 
 1.99000000e-01  2.29906848e+05 
 2.00000000e-01  2.29553028e+05 
 2.01000000e-01  2.29196975e+05 
 2.02000000e-01  2.28838760e+05 
 2.03000000e-01  2.28478450e+05 
 2.04000000e-01  2.28116115e+05 
 2.05000000e-01  2.27751819e+05 
 2.06000000e-01  2.27385626e+05 
 2.07000000e-01  2.27017599e+05 
 2.08000000e-01  2.26647797e+05 
 2.09000000e-01  2.26276281e+05 
 2.10000000e-01  2.25903107e+05 
 2.11000000e-01  2.25528332e+05 
 2.12000000e-01  2.25152011e+05 
 2.13000000e-01  2.24774196e+05 
 2.14000000e-01  2.24394940e+05 
 2.15000000e-01  2.24014293e+05 
 2.16000000e-01  2.23632306e+05 
 2.17000000e-01  2.23249026e+05 
 2.18000000e-01  2.22864499e+05 
 2.19000000e-01  2.22478773e+05 
 2.20000000e-01  2.22091892e+05 
 2.21000000e-01  2.21703898e+05 
 2.22000000e-01  2.21314836e+05 
 2.23000000e-01  2.20924746e+05 
 2.24000000e-01  2.20533669e+05 
 2.25000000e-01  2.20141644e+05 
 2.26000000e-01  2.19748711e+05 
 2.27000000e-01  2.19354905e+05 
 2.28000000e-01  2.18960266e+05 
 2.29000000e-01  2.18564827e+05 
 2.30000000e-01  2.18168624e+05 
 2.31000000e-01  2.17771692e+05 
 2.32000000e-01  2.17374063e+05 
 2.33000000e-01  2.16975770e+05 
 2.34000000e-01  2.16576845e+05 
 2.35000000e-01  2.16177319e+05 
 2.36000000e-01  2.15777222e+05 
 2.37000000e-01  2.15376584e+05 
 2.38000000e-01  2.14975433e+05 
 2.39000000e-01  2.14573798e+05 
 2.40000000e-01  2.14171706e+05 
 2.41000000e-01  2.13769184e+05 
 2.42000000e-01  2.13366258e+05 
 2.43000000e-01  2.12962954e+05 
 2.44000000e-01  2.12559297e+05 
 2.45000000e-01  2.12155312e+05 
 2.46000000e-01  2.11751021e+05 
 2.47000000e-01  2.11346450e+05 
 2.48000000e-01  2.10941619e+05 
 2.49000000e-01  2.10536552e+05 
 2.50000000e-01  2.10131271e+05 
 2.51000000e-01  2.09725796e+05 
 2.52000000e-01  2.09320149e+05 
 2.53000000e-01  2.08914349e+05 
 2.54000000e-01  2.08508416e+05 
 2.55000000e-01  2.08102371e+05 
 2.56000000e-01  2.07696231e+05 
 2.57000000e-01  2.07290015e+05 
 2.58000000e-01  2.06883742e+05 
 2.59000000e-01  2.06477428e+05 
 2.60000000e-01  2.06071092e+05 
 2.61000000e-01  2.05664750e+05 
 2.62000000e-01  2.05258418e+05 
 2.63000000e-01  2.04852113e+05 
 2.64000000e-01  2.04445850e+05 
 2.65000000e-01  2.04039645e+05 
 2.66000000e-01  2.03633513e+05 
 2.67000000e-01  2.03227468e+05 
 2.68000000e-01  2.02821525e+05 
 2.69000000e-01  2.02415698e+05 
 2.70000000e-01  2.02010001e+05 
 2.71000000e-01  2.01604446e+05 
 2.72000000e-01  2.01199048e+05 
 2.73000000e-01  2.00793819e+05 
 2.74000000e-01  2.00388771e+05 
 2.75000000e-01  1.99983916e+05 
 2.76000000e-01  1.99579268e+05 
 2.77000000e-01  1.99174836e+05 
 2.78000000e-01  1.98770634e+05 
 2.79000000e-01  1.98366671e+05 
 2.80000000e-01  1.97962960e+05 
 2.81000000e-01  1.97559510e+05 
 2.82000000e-01  1.97156331e+05 
 2.83000000e-01  1.96753435e+05 
 2.84000000e-01  1.96350832e+05 
 2.85000000e-01  1.95948530e+05 
 2.86000000e-01  1.95546540e+05 
 2.87000000e-01  1.95144870e+05 
 2.88000000e-01  1.94743530e+05 
 2.89000000e-01  1.94342529e+05 
 2.90000000e-01  1.93941875e+05 
 2.91000000e-01  1.93541578e+05 
 2.92000000e-01  1.93141644e+05 
 2.93000000e-01  1.92742083e+05 
 2.94000000e-01  1.92342903e+05 
 2.95000000e-01  1.91944110e+05 
 2.96000000e-01  1.91545713e+05 
 2.97000000e-01  1.91147719e+05 
 2.98000000e-01  1.90750135e+05 
 2.99000000e-01  1.90352969e+05 
 3.00000000e-01  1.89956226e+05 
 3.01000000e-01  1.89559915e+05 
 3.02000000e-01  1.89164041e+05 
 3.03000000e-01  1.88768612e+05 
 3.04000000e-01  1.88373632e+05 
 3.05000000e-01  1.87979109e+05 
 3.06000000e-01  1.87585049e+05 
 3.07000000e-01  1.87191456e+05 
 3.08000000e-01  1.86798338e+05 
 3.09000000e-01  1.86405700e+05 
 3.10000000e-01  1.86013546e+05 
 3.11000000e-01  1.85621883e+05 
 3.12000000e-01  1.85230715e+05 
 3.13000000e-01  1.84840048e+05 
 3.14000000e-01  1.84449887e+05 
 3.15000000e-01  1.84060237e+05 
 3.16000000e-01  1.83671101e+05 
 3.17000000e-01  1.83282485e+05 
 3.18000000e-01  1.82894394e+05 
 3.19000000e-01  1.82506832e+05 
 3.20000000e-01  1.82119802e+05 
 3.21000000e-01  1.81733310e+05 
 3.22000000e-01  1.81347359e+05 
 3.23000000e-01  1.80961953e+05 
 3.24000000e-01  1.80577096e+05 
 3.25000000e-01  1.80192793e+05 
 3.26000000e-01  1.79809046e+05 
 3.27000000e-01  1.79425859e+05 
 3.28000000e-01  1.79043236e+05 
 3.29000000e-01  1.78661180e+05 
 3.30000000e-01  1.78279694e+05 
 3.31000000e-01  1.77898782e+05 
 3.32000000e-01  1.77518448e+05 
 3.33000000e-01  1.77138693e+05 
 3.34000000e-01  1.76759521e+05 
 3.35000000e-01  1.76380935e+05 
 3.36000000e-01  1.76002937e+05 
 3.37000000e-01  1.75625532e+05 
 3.38000000e-01  1.75248720e+05 
 3.39000000e-01  1.74872505e+05 
 3.40000000e-01  1.74496890e+05 
 3.41000000e-01  1.74121876e+05 
 3.42000000e-01  1.73747467e+05 
 3.43000000e-01  1.73373664e+05 
 3.44000000e-01  1.73000470e+05 
 3.45000000e-01  1.72627887e+05 
 3.46000000e-01  1.72255918e+05 
 3.47000000e-01  1.71884564e+05 
 3.48000000e-01  1.71513827e+05 
 3.49000000e-01  1.71143709e+05 
 3.50000000e-01  1.70774213e+05 
 3.51000000e-01  1.70405339e+05 
 3.52000000e-01  1.70037091e+05 
 3.53000000e-01  1.69669469e+05 
 3.54000000e-01  1.69302475e+05 
 3.55000000e-01  1.68936112e+05 
 3.56000000e-01  1.68570379e+05 
 3.57000000e-01  1.68205280e+05 
 3.58000000e-01  1.67840815e+05 
 3.59000000e-01  1.67476986e+05 
 3.60000000e-01  1.67113795e+05 
 3.61000000e-01  1.66751242e+05 
 3.62000000e-01  1.66389328e+05 
 3.63000000e-01  1.66028056e+05 
 3.64000000e-01  1.65667427e+05 
 3.65000000e-01  1.65307440e+05 
 3.66000000e-01  1.64948098e+05 
 3.67000000e-01  1.64589402e+05 
 3.68000000e-01  1.64231353e+05 
 3.69000000e-01  1.63873951e+05 
 3.70000000e-01  1.63517197e+05 
 3.71000000e-01  1.63161093e+05 
 3.72000000e-01  1.62805640e+05 
 3.73000000e-01  1.62450837e+05 
 3.74000000e-01  1.62096687e+05 
 3.75000000e-01  1.61743189e+05 
 3.76000000e-01  1.61390344e+05 
 3.77000000e-01  1.61038154e+05 
 3.78000000e-01  1.60686618e+05 
 3.79000000e-01  1.60335737e+05 
 3.80000000e-01  1.59985512e+05 
 3.81000000e-01  1.59635944e+05 
 3.82000000e-01  1.59287033e+05 
 3.83000000e-01  1.58938779e+05 
 3.84000000e-01  1.58591182e+05 
 3.85000000e-01  1.58244244e+05 
 3.86000000e-01  1.57897965e+05 
 3.87000000e-01  1.57552345e+05 
 3.88000000e-01  1.57207384e+05 
 3.89000000e-01  1.56863083e+05 
 3.90000000e-01  1.56519441e+05 
 3.91000000e-01  1.56176460e+05 
 3.92000000e-01  1.55834139e+05 
 3.93000000e-01  1.55492479e+05 
 3.94000000e-01  1.55151479e+05 
 3.95000000e-01  1.54811141e+05 
 3.96000000e-01  1.54471463e+05 
 3.97000000e-01  1.54132446e+05 
 3.98000000e-01  1.53794091e+05 
 3.99000000e-01  1.53456397e+05 
 4.00000000e-01  1.53119364e+05 
 4.01000000e-01  1.52782992e+05 
 4.02000000e-01  1.52447282e+05 
 4.03000000e-01  1.52112232e+05 
 4.04000000e-01  1.51777844e+05 
 4.05000000e-01  1.51444117e+05 
 4.06000000e-01  1.51111050e+05 
 4.07000000e-01  1.50778645e+05 
 4.08000000e-01  1.50446900e+05 
 4.09000000e-01  1.50115816e+05 
 4.10000000e-01  1.49785392e+05 
 4.11000000e-01  1.49455628e+05 
 4.12000000e-01  1.49126523e+05 
 4.13000000e-01  1.48798079e+05 
 4.14000000e-01  1.48470294e+05 
 4.15000000e-01  1.48143168e+05 
 4.16000000e-01  1.47816701e+05 
 4.17000000e-01  1.47490892e+05 
 4.18000000e-01  1.47165742e+05 
 4.19000000e-01  1.46841249e+05 
 4.20000000e-01  1.46517414e+05 
 4.21000000e-01  1.46194236e+05 
 4.22000000e-01  1.45871715e+05 
 4.23000000e-01  1.45549850e+05 
 4.24000000e-01  1.45228641e+05 
 4.25000000e-01  1.44908088e+05 
 4.26000000e-01  1.44588189e+05 
 4.27000000e-01  1.44268946e+05 
 4.28000000e-01  1.43950356e+05 
 4.29000000e-01  1.43632420e+05 
 4.30000000e-01  1.43315137e+05 
 4.31000000e-01  1.42998507e+05 
 4.32000000e-01  1.42682529e+05 
 4.33000000e-01  1.42367202e+05 
 4.34000000e-01  1.42052527e+05 
 4.35000000e-01  1.41738502e+05 
 4.36000000e-01  1.41425126e+05 
 4.37000000e-01  1.41112401e+05 
 4.38000000e-01  1.40800323e+05 
 4.39000000e-01  1.40488894e+05 
 4.40000000e-01  1.40178113e+05 
 4.41000000e-01  1.39867978e+05 
 4.42000000e-01  1.39558490e+05 
 4.43000000e-01  1.39249647e+05 
 4.44000000e-01  1.38941449e+05 
 4.45000000e-01  1.38633896e+05 
 4.46000000e-01  1.38326986e+05 
 4.47000000e-01  1.38020719e+05 
 4.48000000e-01  1.37715094e+05 
 4.49000000e-01  1.37410111e+05 
 4.50000000e-01  1.37105769e+05 
 4.51000000e-01  1.36802066e+05 
 4.52000000e-01  1.36499003e+05 
 4.53000000e-01  1.36196579e+05 
 4.54000000e-01  1.35894792e+05 
 4.55000000e-01  1.35593643e+05 
 4.56000000e-01  1.35293130e+05 
 4.57000000e-01  1.34993253e+05 
 4.58000000e-01  1.34694010e+05 
 4.59000000e-01  1.34395402e+05 
 4.60000000e-01  1.34097426e+05 
 4.61000000e-01  1.33800083e+05 
 4.62000000e-01  1.33503372e+05 
 4.63000000e-01  1.33207292e+05 
 4.64000000e-01  1.32911842e+05 
 4.65000000e-01  1.32617020e+05 
 4.66000000e-01  1.32322828e+05 
 4.67000000e-01  1.32029262e+05 
 4.68000000e-01  1.31736324e+05 
 4.69000000e-01  1.31444011e+05 
 4.70000000e-01  1.31152323e+05 
 4.71000000e-01  1.30861260e+05 
 4.72000000e-01  1.30570819e+05 
 4.73000000e-01  1.30281001e+05 
 4.74000000e-01  1.29991805e+05 
 4.75000000e-01  1.29703229e+05 
 4.76000000e-01  1.29415273e+05 
 4.77000000e-01  1.29127935e+05 
 4.78000000e-01  1.28841216e+05 
 4.79000000e-01  1.28555114e+05 
 4.80000000e-01  1.28269627e+05 
 4.81000000e-01  1.27984756e+05 
 4.82000000e-01  1.27700500e+05 
 4.83000000e-01  1.27416856e+05 
 4.84000000e-01  1.27133826e+05 
 4.85000000e-01  1.26851406e+05 
 4.86000000e-01  1.26569598e+05 
 4.87000000e-01  1.26288399e+05 
 4.88000000e-01  1.26007808e+05 
 4.89000000e-01  1.25727826e+05 
 4.90000000e-01  1.25448450e+05 
 4.91000000e-01  1.25169680e+05 
 4.92000000e-01  1.24891515e+05 
 4.93000000e-01  1.24613954e+05 
 4.94000000e-01  1.24336996e+05 
 4.95000000e-01  1.24060641e+05 
 4.96000000e-01  1.23784886e+05 
 4.97000000e-01  1.23509731e+05 
 4.98000000e-01  1.23235176e+05 
 4.99000000e-01  1.22961218e+05 
 5.00000000e-01  1.22687858e+05 
 5.01000000e-01  1.22415094e+05 
 5.02000000e-01  1.22142925e+05 
 5.03000000e-01  1.21871350e+05 
 5.04000000e-01  1.21600369e+05 
 5.05000000e-01  1.21329980e+05 
 5.06000000e-01  1.21060182e+05 
 5.07000000e-01  1.20790974e+05 
 5.08000000e-01  1.20522355e+05 
 5.09000000e-01  1.20254325e+05 
 5.10000000e-01  1.19986882e+05 
 5.11000000e-01  1.19720025e+05 
 5.12000000e-01  1.19453754e+05 
 5.13000000e-01  1.19188066e+05 
 5.14000000e-01  1.18922962e+05 
 5.15000000e-01  1.18658440e+05 
 5.16000000e-01  1.18394499e+05 
 5.17000000e-01  1.18131138e+05 
 5.18000000e-01  1.17868357e+05 
 5.19000000e-01  1.17606153e+05 
 5.20000000e-01  1.17344527e+05 
 5.21000000e-01  1.17083477e+05 
 5.22000000e-01  1.16823001e+05 
 5.23000000e-01  1.16563100e+05 
 5.24000000e-01  1.16303772e+05 
 5.25000000e-01  1.16045015e+05 
 5.26000000e-01  1.15786830e+05 
 5.27000000e-01  1.15529214e+05 
 5.28000000e-01  1.15272167e+05 
 5.29000000e-01  1.15015689e+05 
 5.30000000e-01  1.14759776e+05 
 5.31000000e-01  1.14504430e+05 
 5.32000000e-01  1.14249648e+05 
 5.33000000e-01  1.13995430e+05 
 5.34000000e-01  1.13741775e+05 
 5.35000000e-01  1.13488681e+05 
 5.36000000e-01  1.13236148e+05 
 5.37000000e-01  1.12984175e+05 
 5.38000000e-01  1.12732759e+05 
 5.39000000e-01  1.12481902e+05 
 5.40000000e-01  1.12231600e+05 
 5.41000000e-01  1.11981854e+05 
 5.42000000e-01  1.11732663e+05 
 5.43000000e-01  1.11484024e+05 
 5.44000000e-01  1.11235938e+05 
 5.45000000e-01  1.10988403e+05 
 5.46000000e-01  1.10741418e+05 
 5.47000000e-01  1.10494982e+05 
 5.48000000e-01  1.10249095e+05 
 5.49000000e-01  1.10003754e+05 
 5.50000000e-01  1.09758959e+05 
 5.51000000e-01  1.09514709e+05 
 5.52000000e-01  1.09271003e+05 
 5.53000000e-01  1.09027840e+05 
 5.54000000e-01  1.08785218e+05 
 5.55000000e-01  1.08543138e+05 
 5.56000000e-01  1.08301597e+05 
 5.57000000e-01  1.08060594e+05 
 5.58000000e-01  1.07820129e+05 
 5.59000000e-01  1.07580201e+05 
 5.60000000e-01  1.07340808e+05 
 5.61000000e-01  1.07101950e+05 
 5.62000000e-01  1.06863625e+05 
 5.63000000e-01  1.06625832e+05 
 5.64000000e-01  1.06388571e+05 
 5.65000000e-01  1.06151839e+05 
 5.66000000e-01  1.05915638e+05 
 5.67000000e-01  1.05679964e+05 
 5.68000000e-01  1.05444817e+05 
 5.69000000e-01  1.05210197e+05 
 5.70000000e-01  1.04976101e+05 
 5.71000000e-01  1.04742530e+05 
 5.72000000e-01  1.04509481e+05 
 5.73000000e-01  1.04276955e+05 
 5.74000000e-01  1.04044949e+05 
 5.75000000e-01  1.03813463e+05 
 5.76000000e-01  1.03582496e+05 
 5.77000000e-01  1.03352047e+05 
 5.78000000e-01  1.03122114e+05 
 5.79000000e-01  1.02892697e+05 
 5.80000000e-01  1.02663795e+05 
 5.81000000e-01  1.02435406e+05 
 5.82000000e-01  1.02207530e+05 
 5.83000000e-01  1.01980166e+05 
 5.84000000e-01  1.01753312e+05 
 5.85000000e-01  1.01526967e+05 
 5.86000000e-01  1.01301131e+05 
 5.87000000e-01  1.01075802e+05 
 5.88000000e-01  1.00850979e+05 
 5.89000000e-01  1.00626662e+05 
 5.90000000e-01  1.00402849e+05 
 5.91000000e-01  1.00179540e+05 
 5.92000000e-01  9.99567325e+04 
 5.93000000e-01  9.97344264e+04 
 5.94000000e-01  9.95126204e+04 
 5.95000000e-01  9.92913137e+04 
 5.96000000e-01  9.90705050e+04 
 5.97000000e-01  9.88501935e+04 
 5.98000000e-01  9.86303780e+04 
 5.99000000e-01  9.84110576e+04 
 6.00000000e-01  9.81922313e+04 
 6.01000000e-01  9.79738980e+04 
 6.02000000e-01  9.77560567e+04 
 6.03000000e-01  9.75387063e+04 
 6.04000000e-01  9.73218459e+04 
 6.05000000e-01  9.71054745e+04 
 6.06000000e-01  9.68895910e+04 
 6.07000000e-01  9.66741945e+04 
 6.08000000e-01  9.64592838e+04 
 6.09000000e-01  9.62448581e+04 
 6.10000000e-01  9.60309162e+04 
 6.11000000e-01  9.58174572e+04 
 6.12000000e-01  9.56044801e+04 
 6.13000000e-01  9.53919838e+04 
 6.14000000e-01  9.51799674e+04 
 6.15000000e-01  9.49684298e+04 
 6.16000000e-01  9.47573701e+04 
 6.17000000e-01  9.45467872e+04 
 6.18000000e-01  9.43366801e+04 
 6.19000000e-01  9.41270479e+04 
 6.20000000e-01  9.39178896e+04 
 6.21000000e-01  9.37092041e+04 
 6.22000000e-01  9.35009904e+04 
 6.23000000e-01  9.32932476e+04 
 6.24000000e-01  9.30859746e+04 
 6.25000000e-01  9.28791705e+04 
 6.26000000e-01  9.26728343e+04 
 6.27000000e-01  9.24669650e+04 
 6.28000000e-01  9.22615615e+04 
 6.29000000e-01  9.20566230e+04 
 6.30000000e-01  9.18521484e+04 
 6.31000000e-01  9.16481367e+04 
 6.32000000e-01  9.14445870e+04 
 6.33000000e-01  9.12414983e+04 
 6.34000000e-01  9.10388695e+04 
 6.35000000e-01  9.08366998e+04 
 6.36000000e-01  9.06349881e+04 
 6.37000000e-01  9.04337334e+04 
 6.38000000e-01  9.02329349e+04 
 6.39000000e-01  9.00325914e+04 
 6.40000000e-01  8.98327021e+04 
 6.41000000e-01  8.96332659e+04 
 6.42000000e-01  8.94342820e+04 
 6.43000000e-01  8.92357492e+04 
 6.44000000e-01  8.90376668e+04 
 6.45000000e-01  8.88400336e+04 
 6.46000000e-01  8.86428488e+04 
 6.47000000e-01  8.84461113e+04 
 6.48000000e-01  8.82498202e+04 
 6.49000000e-01  8.80539746e+04 
 6.50000000e-01  8.78585735e+04 
 6.51000000e-01  8.76636159e+04 
 6.52000000e-01  8.74691009e+04 
 6.53000000e-01  8.72750276e+04 
 6.54000000e-01  8.70813949e+04 
 6.55000000e-01  8.68882019e+04 
 6.56000000e-01  8.66954477e+04 
 6.57000000e-01  8.65031313e+04 
 6.58000000e-01  8.63112519e+04 
 6.59000000e-01  8.61198083e+04 
 6.60000000e-01  8.59287998e+04 
 6.61000000e-01  8.57382253e+04 
 6.62000000e-01  8.55480839e+04 
 6.63000000e-01  8.53583747e+04 
 6.64000000e-01  8.51690967e+04 
 6.65000000e-01  8.49802490e+04 
 6.66000000e-01  8.47918307e+04 
 6.67000000e-01  8.46038409e+04 
 6.68000000e-01  8.44162785e+04 
 6.69000000e-01  8.42291427e+04 
 6.70000000e-01  8.40424326e+04 
 6.71000000e-01  8.38561472e+04 
 6.72000000e-01  8.36702856e+04 
 6.73000000e-01  8.34848469e+04 
 6.74000000e-01  8.32998301e+04 
 6.75000000e-01  8.31152344e+04 
 6.76000000e-01  8.29310588e+04 
 6.77000000e-01  8.27473023e+04 
 6.78000000e-01  8.25639642e+04 
 6.79000000e-01  8.23810435e+04 
 6.80000000e-01  8.21985392e+04 
 6.81000000e-01  8.20164504e+04 
 6.82000000e-01  8.18347763e+04 
 6.83000000e-01  8.16535160e+04 
 6.84000000e-01  8.14726684e+04 
 6.85000000e-01  8.12922328e+04 
 6.86000000e-01  8.11122082e+04 
 6.87000000e-01  8.09325938e+04 
 6.88000000e-01  8.07533885e+04 
 6.89000000e-01  8.05745916e+04 
 6.90000000e-01  8.03962021e+04 
 6.91000000e-01  8.02182192e+04 
 6.92000000e-01  8.00406419e+04 
 6.93000000e-01  7.98634694e+04 
 6.94000000e-01  7.96867007e+04 
 6.95000000e-01  7.95103350e+04 
 6.96000000e-01  7.93343714e+04 
 6.97000000e-01  7.91588089e+04 
 6.98000000e-01  7.89836469e+04 
 6.99000000e-01  7.88088842e+04 
 7.00000000e-01  7.86345201e+04 
 7.01000000e-01  7.84605537e+04 
 7.02000000e-01  7.82869841e+04 
 7.03000000e-01  7.81138105e+04 
 7.04000000e-01  7.79410319e+04 
 7.05000000e-01  7.77686475e+04 
 7.06000000e-01  7.75966564e+04 
 7.07000000e-01  7.74250577e+04 
 7.08000000e-01  7.72538507e+04 
 7.09000000e-01  7.70830343e+04 
 7.10000000e-01  7.69126079e+04 
 7.11000000e-01  7.67425704e+04 
 7.12000000e-01  7.65729210e+04 
 7.13000000e-01  7.64036589e+04 
 7.14000000e-01  7.62347832e+04 
 7.15000000e-01  7.60662931e+04 
 7.16000000e-01  7.58981877e+04 
 7.17000000e-01  7.57304662e+04 
 7.18000000e-01  7.55631277e+04 
 7.19000000e-01  7.53961713e+04 
 7.20000000e-01  7.52295962e+04 
 7.21000000e-01  7.50634016e+04 
 7.22000000e-01  7.48975866e+04 
 7.23000000e-01  7.47321505e+04 
 7.24000000e-01  7.45670922e+04 
 7.25000000e-01  7.44024110e+04 
 7.26000000e-01  7.42381061e+04 
 7.27000000e-01  7.40741767e+04 
 7.28000000e-01  7.39106218e+04 
 7.29000000e-01  7.37474407e+04 
 7.30000000e-01  7.35846325e+04 
 7.31000000e-01  7.34221964e+04 
 7.32000000e-01  7.32601316e+04 
 7.33000000e-01  7.30984372e+04 
 7.34000000e-01  7.29371125e+04 
 7.35000000e-01  7.27761565e+04 
 7.36000000e-01  7.26155686e+04 
 7.37000000e-01  7.24553478e+04 
 7.38000000e-01  7.22954933e+04 
 7.39000000e-01  7.21360044e+04 
 7.40000000e-01  7.19768801e+04 
 7.41000000e-01  7.18181198e+04 
 7.42000000e-01  7.16597226e+04 
 7.43000000e-01  7.15016876e+04 
 7.44000000e-01  7.13440141e+04 
 7.45000000e-01  7.11867013e+04 
 7.46000000e-01  7.10297483e+04 
 7.47000000e-01  7.08731544e+04 
 7.48000000e-01  7.07169187e+04 
 7.49000000e-01  7.05610405e+04 
 7.50000000e-01  7.04055190e+04 
 7.51000000e-01  7.02503533e+04 
 7.52000000e-01  7.00955426e+04 
 7.53000000e-01  6.99410863e+04 
 7.54000000e-01  6.97869834e+04 
 7.55000000e-01  6.96332332e+04 
 7.56000000e-01  6.94798349e+04 
 7.57000000e-01  6.93267877e+04 
 7.58000000e-01  6.91740909e+04 
 7.59000000e-01  6.90217435e+04 
 7.60000000e-01  6.88697450e+04 
 7.61000000e-01  6.87180944e+04 
 7.62000000e-01  6.85667910e+04 
 7.63000000e-01  6.84158341e+04 
 7.64000000e-01  6.82652228e+04 
 7.65000000e-01  6.81149563e+04 
 7.66000000e-01  6.79650340e+04 
 7.67000000e-01  6.78154550e+04 
 7.68000000e-01  6.76662185e+04 
 7.69000000e-01  6.75173239e+04 
 7.70000000e-01  6.73687703e+04 
 7.71000000e-01  6.72205569e+04 
 7.72000000e-01  6.70726830e+04 
 7.73000000e-01  6.69251479e+04 
 7.74000000e-01  6.67779507e+04 
 7.75000000e-01  6.66310908e+04 
 7.76000000e-01  6.64845673e+04 
 7.77000000e-01  6.63383795e+04 
 7.78000000e-01  6.61925267e+04 
 7.79000000e-01  6.60470080e+04 
 7.80000000e-01  6.59018228e+04 
 7.81000000e-01  6.57569704e+04 
 7.82000000e-01  6.56124498e+04 
 7.83000000e-01  6.54682605e+04 
 7.84000000e-01  6.53244016e+04 
 7.85000000e-01  6.51808725e+04 
 7.86000000e-01  6.50376723e+04 
 7.87000000e-01  6.48948004e+04 
 7.88000000e-01  6.47522559e+04 
 7.89000000e-01  6.46100382e+04 
 7.90000000e-01  6.44681466e+04 
 7.91000000e-01  6.43265802e+04 
 7.92000000e-01  6.41853384e+04 
 7.93000000e-01  6.40444205e+04 
 7.94000000e-01  6.39038256e+04 
 7.95000000e-01  6.37635531e+04 
 7.96000000e-01  6.36236023e+04 
 7.97000000e-01  6.34839724e+04 
 7.98000000e-01  6.33446627e+04 
 7.99000000e-01  6.32056724e+04 
 8.00000000e-01  6.30670010e+04 
 8.01000000e-01  6.29286476e+04 
 8.02000000e-01  6.27906115e+04 
 8.03000000e-01  6.26528920e+04 
 8.04000000e-01  6.25154884e+04 
 8.05000000e-01  6.23784000e+04 
 8.06000000e-01  6.22416261e+04 
 8.07000000e-01  6.21051659e+04 
 8.08000000e-01  6.19690188e+04 
 8.09000000e-01  6.18331840e+04 
 8.10000000e-01  6.16976609e+04 
 8.11000000e-01  6.15624488e+04 
 8.12000000e-01  6.14275469e+04 
 8.13000000e-01  6.12929545e+04 
 8.14000000e-01  6.11586709e+04 
 8.15000000e-01  6.10246956e+04 
 8.16000000e-01  6.08910276e+04 
 8.17000000e-01  6.07576665e+04 
 8.18000000e-01  6.06246114e+04 
 8.19000000e-01  6.04918616e+04 
 8.20000000e-01  6.03594166e+04 
 8.21000000e-01  6.02272755e+04 
 8.22000000e-01  6.00954378e+04 
 8.23000000e-01  5.99639027e+04 
 8.24000000e-01  5.98326695e+04 
 8.25000000e-01  5.97017376e+04 
 8.26000000e-01  5.95711062e+04 
 8.27000000e-01  5.94407748e+04 
 8.28000000e-01  5.93107426e+04 
 8.29000000e-01  5.91810089e+04 
 8.30000000e-01  5.90515731e+04 
 8.31000000e-01  5.89224345e+04 
 8.32000000e-01  5.87935924e+04 
 8.33000000e-01  5.86650461e+04 
 8.34000000e-01  5.85367951e+04 
 8.35000000e-01  5.84088385e+04 
 8.36000000e-01  5.82811759e+04 
 8.37000000e-01  5.81538064e+04 
 8.38000000e-01  5.80267294e+04 
 8.39000000e-01  5.78999443e+04 
 8.40000000e-01  5.77734503e+04 
 8.41000000e-01  5.76472470e+04 
 8.42000000e-01  5.75213335e+04 
 8.43000000e-01  5.73957092e+04 
 8.44000000e-01  5.72703735e+04 
 8.45000000e-01  5.71453257e+04 
 8.46000000e-01  5.70205652e+04 
 8.47000000e-01  5.68960913e+04 
 8.48000000e-01  5.67719034e+04 
 8.49000000e-01  5.66480008e+04 
 8.50000000e-01  5.65243828e+04 
 8.51000000e-01  5.64010489e+04 
 8.52000000e-01  5.62779984e+04 
 8.53000000e-01  5.61552306e+04 
 8.54000000e-01  5.60327450e+04 
 8.55000000e-01  5.59105407e+04 
 8.56000000e-01  5.57886173e+04 
 8.57000000e-01  5.56669741e+04 
 8.58000000e-01  5.55456105e+04 
 8.59000000e-01  5.54245258e+04 
 8.60000000e-01  5.53037193e+04 
 8.61000000e-01  5.51831905e+04 
 8.62000000e-01  5.50629388e+04 
 8.63000000e-01  5.49429634e+04 
 8.64000000e-01  5.48232638e+04 
 8.65000000e-01  5.47038394e+04 
 8.66000000e-01  5.45846895e+04 
 8.67000000e-01  5.44658135e+04 
 8.68000000e-01  5.43472107e+04 
 8.69000000e-01  5.42288806e+04 
 8.70000000e-01  5.41108226e+04 
 8.71000000e-01  5.39930360e+04 
 8.72000000e-01  5.38755202e+04 
 8.73000000e-01  5.37582745e+04 
 8.74000000e-01  5.36412985e+04 
 8.75000000e-01  5.35245914e+04 
 8.76000000e-01  5.34081527e+04 
 8.77000000e-01  5.32919817e+04 
 8.78000000e-01  5.31760779e+04 
 8.79000000e-01  5.30604406e+04 
 8.80000000e-01  5.29450692e+04 
 8.81000000e-01  5.28299632e+04 
 8.82000000e-01  5.27151218e+04 
 8.83000000e-01  5.26005446e+04 
 8.84000000e-01  5.24862309e+04 
 8.85000000e-01  5.23721802e+04 
 8.86000000e-01  5.22583917e+04 
 8.87000000e-01  5.21448650e+04 
 8.88000000e-01  5.20315995e+04 
 8.89000000e-01  5.19185944e+04 
 8.90000000e-01  5.18058493e+04 
 8.91000000e-01  5.16933636e+04 
 8.92000000e-01  5.15811366e+04 
 8.93000000e-01  5.14691679e+04 
 8.94000000e-01  5.13574567e+04 
 8.95000000e-01  5.12460025e+04 
 8.96000000e-01  5.11348048e+04 
 8.97000000e-01  5.10238628e+04 
 8.98000000e-01  5.09131762e+04 
 8.99000000e-01  5.08027442e+04 
 9.00000000e-01  5.06925663e+04 
 9.01000000e-01  5.05826420e+04 
 9.02000000e-01  5.04729706e+04 
 9.03000000e-01  5.03635516e+04 
 9.04000000e-01  5.02543843e+04 
 9.05000000e-01  5.01454683e+04 
 9.06000000e-01  5.00368030e+04 
 9.07000000e-01  4.99283877e+04 
 9.08000000e-01  4.98202219e+04 
 9.09000000e-01  4.97123051e+04 
 9.10000000e-01  4.96046367e+04 
 9.11000000e-01  4.94972161e+04 
 9.12000000e-01  4.93900427e+04 
 9.13000000e-01  4.92831160e+04 
 9.14000000e-01  4.91764355e+04 
 9.15000000e-01  4.90700005e+04 
 9.16000000e-01  4.89638105e+04 
 9.17000000e-01  4.88578650e+04 
 9.18000000e-01  4.87521633e+04 
 9.19000000e-01  4.86467050e+04 
 9.20000000e-01  4.85414895e+04 
 9.21000000e-01  4.84365163e+04 
 9.22000000e-01  4.83317847e+04 
 9.23000000e-01  4.82272942e+04 
 9.24000000e-01  4.81230443e+04 
 9.25000000e-01  4.80190345e+04 
 9.26000000e-01  4.79152641e+04 
 9.27000000e-01  4.78117327e+04 
 9.28000000e-01  4.77084397e+04 
 9.29000000e-01  4.76053845e+04 
 9.30000000e-01  4.75025666e+04 
 9.31000000e-01  4.73999855e+04 
 9.32000000e-01  4.72976407e+04 
 9.33000000e-01  4.71955315e+04 
 9.34000000e-01  4.70936575e+04 
 9.35000000e-01  4.69920182e+04 
 9.36000000e-01  4.68906129e+04 
 9.37000000e-01  4.67894411e+04 
 9.38000000e-01  4.66885024e+04 
 9.39000000e-01  4.65877962e+04 
 9.40000000e-01  4.64873219e+04 
 9.41000000e-01  4.63870791e+04 
 9.42000000e-01  4.62870672e+04 
 9.43000000e-01  4.61872856e+04 
 9.44000000e-01  4.60877339e+04 
 9.45000000e-01  4.59884116e+04 
 9.46000000e-01  4.58893180e+04 
 9.47000000e-01  4.57904527e+04 
 9.48000000e-01  4.56918152e+04 
 9.49000000e-01  4.55934050e+04 
 9.50000000e-01  4.54952214e+04 
 9.51000000e-01  4.53972641e+04 
 9.52000000e-01  4.52995325e+04 
 9.53000000e-01  4.52020260e+04 
 9.54000000e-01  4.51047442e+04 
 9.55000000e-01  4.50076866e+04 
 9.56000000e-01  4.49108526e+04 
 9.57000000e-01  4.48142417e+04 
 9.58000000e-01  4.47178535e+04 
 9.59000000e-01  4.46216874e+04 
 9.60000000e-01  4.45257428e+04 
 9.61000000e-01  4.44300194e+04 
 9.62000000e-01  4.43345166e+04 
 9.63000000e-01  4.42392339e+04 
 9.64000000e-01  4.41441708e+04 
 9.65000000e-01  4.40493267e+04 
 9.66000000e-01  4.39547013e+04 
 9.67000000e-01  4.38602939e+04 
 9.68000000e-01  4.37661042e+04 
 9.69000000e-01  4.36721315e+04 
 9.70000000e-01  4.35783755e+04 
 9.71000000e-01  4.34848355e+04 
 9.72000000e-01  4.33915112e+04 
 9.73000000e-01  4.32984020e+04 
 9.74000000e-01  4.32055074e+04 
 9.75000000e-01  4.31128270e+04 
 9.76000000e-01  4.30203602e+04 
 9.77000000e-01  4.29281065e+04 
 9.78000000e-01  4.28360656e+04 
 9.79000000e-01  4.27442368e+04 
 9.80000000e-01  4.26526198e+04 
 9.81000000e-01  4.25612140e+04 
 9.82000000e-01  4.24700189e+04 
 9.83000000e-01  4.23790341e+04 
 9.84000000e-01  4.22882590e+04 
 9.85000000e-01  4.21976933e+04 
 9.86000000e-01  4.21073364e+04 
 9.87000000e-01  4.20171878e+04 
 9.88000000e-01  4.19272471e+04 
 9.89000000e-01  4.18375138e+04 
 9.90000000e-01  4.17479874e+04 
 9.91000000e-01  4.16586675e+04 
 9.92000000e-01  4.15695535e+04 
 9.93000000e-01  4.14806451e+04 
 9.94000000e-01  4.13919417e+04 
 9.95000000e-01  4.13034428e+04 
 9.96000000e-01  4.12151481e+04 
 9.97000000e-01  4.11270569e+04 
 9.98000000e-01  4.10391690e+04 
 9.99000000e-01  4.09514837e+04 
 1.00000000e+00  4.08640007e+04 
 1.00100000e+00  4.07767195e+04 
 1.00200000e+00  4.06896396e+04 
 1.00300000e+00  4.06027605e+04 
 1.00400000e+00  4.05160818e+04 
 1.00500000e+00  4.04296031e+04 
 1.00600000e+00  4.03433239e+04 
 1.00700000e+00  4.02572436e+04 
 1.00800000e+00  4.01713620e+04 
 1.00900000e+00  4.00856784e+04 
 1.01000000e+00  4.00001926e+04 
 1.01100000e+00  3.99149039e+04 
 1.01200000e+00  3.98298120e+04 
 1.01300000e+00  3.97449164e+04 
 1.01400000e+00  3.96602166e+04 
 1.01500000e+00  3.95757123e+04 
 1.01600000e+00  3.94914030e+04 
 1.01700000e+00  3.94072881e+04 
 1.01800000e+00  3.93233673e+04 
 1.01900000e+00  3.92396402e+04 
 1.02000000e+00  3.91561062e+04 
 1.02100000e+00  3.90727650e+04 
 1.02200000e+00  3.89896161e+04 
 1.02300000e+00  3.89066591e+04 
 1.02400000e+00  3.88238934e+04 
 1.02500000e+00  3.87413188e+04 
 1.02600000e+00  3.86589347e+04 
 1.02700000e+00  3.85767407e+04 
 1.02800000e+00  3.84947364e+04 
 1.02900000e+00  3.84129214e+04 
 1.03000000e+00  3.83312951e+04 
 1.03100000e+00  3.82498572e+04 
 1.03200000e+00  3.81686073e+04 
 1.03300000e+00  3.80875449e+04 
 1.03400000e+00  3.80066696e+04 
 1.03500000e+00  3.79259809e+04 
 1.03600000e+00  3.78454785e+04 
 1.03700000e+00  3.77651618e+04 
 1.03800000e+00  3.76850306e+04 
 1.03900000e+00  3.76050842e+04 
 1.04000000e+00  3.75253225e+04 
 1.04100000e+00  3.74457448e+04 
 1.04200000e+00  3.73663508e+04 
 1.04300000e+00  3.72871401e+04 
 1.04400000e+00  3.72081122e+04 
 1.04500000e+00  3.71292667e+04 
 1.04600000e+00  3.70506033e+04 
 1.04700000e+00  3.69721214e+04 
 1.04800000e+00  3.68938207e+04 
 1.04900000e+00  3.68157008e+04 
 1.05000000e+00  3.67377612e+04 
 1.05100000e+00  3.66600016e+04 
 1.05200000e+00  3.65824214e+04 
 1.05300000e+00  3.65050204e+04 
 1.05400000e+00  3.64277981e+04 
 1.05500000e+00  3.63507540e+04 
 1.05600000e+00  3.62738878e+04 
 1.05700000e+00  3.61971991e+04 
 1.05800000e+00  3.61206875e+04 
 1.05900000e+00  3.60443525e+04 
 1.06000000e+00  3.59681938e+04 
 1.06100000e+00  3.58922109e+04 
 1.06200000e+00  3.58164035e+04 
 1.06300000e+00  3.57407711e+04 
 1.06400000e+00  3.56653133e+04 
 1.06500000e+00  3.55900298e+04 
 1.06600000e+00  3.55149201e+04 
 1.06700000e+00  3.54399839e+04 
 1.06800000e+00  3.53652207e+04 
 1.06900000e+00  3.52906301e+04 
 1.07000000e+00  3.52162118e+04 
 1.07100000e+00  3.51419654e+04 
 1.07200000e+00  3.50678904e+04 
 1.07300000e+00  3.49939865e+04 
 1.07400000e+00  3.49202532e+04 
 1.07500000e+00  3.48466903e+04 
 1.07600000e+00  3.47732972e+04 
 1.07700000e+00  3.47000736e+04 
 1.07800000e+00  3.46270192e+04 
 1.07900000e+00  3.45541334e+04 
 1.08000000e+00  3.44814160e+04 
 1.08100000e+00  3.44088666e+04 
 1.08200000e+00  3.43364847e+04 
 1.08300000e+00  3.42642700e+04 
 1.08400000e+00  3.41922221e+04 
 1.08500000e+00  3.41203406e+04 
 1.08600000e+00  3.40486251e+04 
 1.08700000e+00  3.39770753e+04 
 1.08800000e+00  3.39056908e+04 
 1.08900000e+00  3.38344711e+04 
 1.09000000e+00  3.37634160e+04 
 1.09100000e+00  3.36925250e+04 
 1.09200000e+00  3.36217977e+04 
 1.09300000e+00  3.35512339e+04 
 1.09400000e+00  3.34808330e+04 
 1.09500000e+00  3.34105948e+04 
 1.09600000e+00  3.33405188e+04 
 1.09700000e+00  3.32706047e+04 
 1.09800000e+00  3.32008521e+04 
 1.09900000e+00  3.31312606e+04 
 1.10000000e+00  3.30618299e+04 
 1.10100000e+00  3.29925597e+04 
 1.10200000e+00  3.29234494e+04 
 1.10300000e+00  3.28544988e+04 
 1.10400000e+00  3.27857075e+04 
 1.10500000e+00  3.27170752e+04 
 1.10600000e+00  3.26486014e+04 
 1.10700000e+00  3.25802858e+04 
 1.10800000e+00  3.25121280e+04 
 1.10900000e+00  3.24441277e+04 
 1.11000000e+00  3.23762846e+04 
 1.11100000e+00  3.23085981e+04 
 1.11200000e+00  3.22410681e+04 
 1.11300000e+00  3.21736941e+04 
 1.11400000e+00  3.21064758e+04 
 1.11500000e+00  3.20394127e+04 
 1.11600000e+00  3.19725047e+04 
 1.11700000e+00  3.19057512e+04 
 1.11800000e+00  3.18391520e+04 
 1.11900000e+00  3.17727066e+04 
 1.12000000e+00  3.17064148e+04 
 1.12100000e+00  3.16402762e+04 
 1.12200000e+00  3.15742904e+04 
 1.12300000e+00  3.15084571e+04 
 1.12400000e+00  3.14427759e+04 
 1.12500000e+00  3.13772465e+04 
 1.12600000e+00  3.13118685e+04 
 1.12700000e+00  3.12466416e+04 
 1.12800000e+00  3.11815654e+04 
 1.12900000e+00  3.11166396e+04 
 1.13000000e+00  3.10518638e+04 
 1.13100000e+00  3.09872378e+04 
 1.13200000e+00  3.09227610e+04 
 1.13300000e+00  3.08584333e+04 
 1.13400000e+00  3.07942542e+04 
 1.13500000e+00  3.07302235e+04 
 1.13600000e+00  3.06663407e+04 
 1.13700000e+00  3.06026056e+04 
 1.13800000e+00  3.05390177e+04 
 1.13900000e+00  3.04755768e+04 
 1.14000000e+00  3.04122826e+04 
 1.14100000e+00  3.03491346e+04 
 1.14200000e+00  3.02861325e+04 
 1.14300000e+00  3.02232761e+04 
 1.14400000e+00  3.01605649e+04 
 1.14500000e+00  3.00979986e+04 
 1.14600000e+00  3.00355770e+04 
 1.14700000e+00  2.99732996e+04 
 1.14800000e+00  2.99111662e+04 
 1.14900000e+00  2.98491763e+04 
 1.15000000e+00  2.97873297e+04 
 1.15100000e+00  2.97256261e+04 
 1.15200000e+00  2.96640651e+04 
 1.15300000e+00  2.96026464e+04 
 1.15400000e+00  2.95413696e+04 
 1.15500000e+00  2.94802345e+04 
 1.15600000e+00  2.94192406e+04 
 1.15700000e+00  2.93583877e+04 
 1.15800000e+00  2.92976755e+04 
 1.15900000e+00  2.92371036e+04 
 1.16000000e+00  2.91766717e+04 
 1.16100000e+00  2.91163795e+04 
 1.16200000e+00  2.90562267e+04 
 1.16300000e+00  2.89962128e+04 
 1.16400000e+00  2.89363377e+04 
 1.16500000e+00  2.88766010e+04 
 1.16600000e+00  2.88170024e+04 
 1.16700000e+00  2.87575415e+04 
 1.16800000e+00  2.86982181e+04 
 1.16900000e+00  2.86390317e+04 
 1.17000000e+00  2.85799822e+04 
 1.17100000e+00  2.85210692e+04 
 1.17200000e+00  2.84622924e+04 
 1.17300000e+00  2.84036514e+04 
 1.17400000e+00  2.83451459e+04 
 1.17500000e+00  2.82867757e+04 
 1.17600000e+00  2.82285404e+04 
 1.17700000e+00  2.81704397e+04 
 1.17800000e+00  2.81124733e+04 
 1.17900000e+00  2.80546409e+04 
 1.18000000e+00  2.79969422e+04 
 1.18100000e+00  2.79393769e+04 
 1.18200000e+00  2.78819446e+04 
 1.18300000e+00  2.78246451e+04 
 1.18400000e+00  2.77674780e+04 
 1.18500000e+00  2.77104430e+04 
 1.18600000e+00  2.76535399e+04 
 1.18700000e+00  2.75967684e+04 
 1.18800000e+00  2.75401280e+04 
 1.18900000e+00  2.74836186e+04 
 1.19000000e+00  2.74272398e+04 
 1.19100000e+00  2.73709913e+04 
 1.19200000e+00  2.73148729e+04 
 1.19300000e+00  2.72588841e+04 
 1.19400000e+00  2.72030248e+04 
 1.19500000e+00  2.71472946e+04 
 1.19600000e+00  2.70916932e+04 
 1.19700000e+00  2.70362203e+04 
 1.19800000e+00  2.69808757e+04 
 1.19900000e+00  2.69256590e+04 
 1.20000000e+00  2.68705699e+04 
 1.20100000e+00  2.68156082e+04 
 1.20200000e+00  2.67607735e+04 
 1.20300000e+00  2.67060655e+04 
 1.20400000e+00  2.66514841e+04 
 1.20500000e+00  2.65970287e+04 
 1.20600000e+00  2.65426993e+04 
 1.20700000e+00  2.64884954e+04 
 1.20800000e+00  2.64344168e+04 
 1.20900000e+00  2.63804633e+04 
 1.21000000e+00  2.63266344e+04 
 1.21100000e+00  2.62729299e+04 
 1.21200000e+00  2.62193496e+04 
 1.21300000e+00  2.61658932e+04 
 1.21400000e+00  2.61125602e+04 
 1.21500000e+00  2.60593506e+04 
 1.21600000e+00  2.60062640e+04 
 1.21700000e+00  2.59533000e+04 
 1.21800000e+00  2.59004585e+04 
 1.21900000e+00  2.58477391e+04 
 1.22000000e+00  2.57951416e+04 
 1.22100000e+00  2.57426656e+04 
 1.22200000e+00  2.56903110e+04 
 1.22300000e+00  2.56380773e+04 
 1.22400000e+00  2.55859644e+04 
 1.22500000e+00  2.55339719e+04 
 1.22600000e+00  2.54820996e+04 
 1.22700000e+00  2.54303472e+04 
 1.22800000e+00  2.53787144e+04 
 1.22900000e+00  2.53272009e+04 
 1.23000000e+00  2.52758065e+04 
 1.23100000e+00  2.52245308e+04 
 1.23200000e+00  2.51733737e+04 
 1.23300000e+00  2.51223348e+04 
 1.23400000e+00  2.50714139e+04 
 1.23500000e+00  2.50206107e+04 
 1.23600000e+00  2.49699248e+04 
 1.23700000e+00  2.49193562e+04 
 1.23800000e+00  2.48689043e+04 
 1.23900000e+00  2.48185691e+04 
 1.24000000e+00  2.47683502e+04 
 1.24100000e+00  2.47182474e+04 
 1.24200000e+00  2.46682604e+04 
 1.24300000e+00  2.46183888e+04 
 1.24400000e+00  2.45686326e+04 
 1.24500000e+00  2.45189913e+04 
 1.24600000e+00  2.44694647e+04 
 1.24700000e+00  2.44200526e+04 
 1.24800000e+00  2.43707547e+04 
 1.24900000e+00  2.43215707e+04 
 1.25000000e+00  2.42725003e+04 
 1.25100000e+00  2.42235434e+04 
 1.25200000e+00  2.41746996e+04 
 1.25300000e+00  2.41259686e+04 
 1.25400000e+00  2.40773503e+04 
 1.25500000e+00  2.40288443e+04 
 1.25600000e+00  2.39804504e+04 
 1.25700000e+00  2.39321683e+04 
 1.25800000e+00  2.38839977e+04 
 1.25900000e+00  2.38359385e+04 
 1.26000000e+00  2.37879903e+04 
 1.26100000e+00  2.37401529e+04 
 1.26200000e+00  2.36924261e+04 
 1.26300000e+00  2.36448095e+04 
 1.26400000e+00  2.35973029e+04 
 1.26500000e+00  2.35499061e+04 
 1.26600000e+00  2.35026188e+04 
 1.26700000e+00  2.34554408e+04 
 1.26800000e+00  2.34083718e+04 
 1.26900000e+00  2.33614115e+04 
 1.27000000e+00  2.33145597e+04 
 1.27100000e+00  2.32678161e+04 
 1.27200000e+00  2.32211805e+04 
 1.27300000e+00  2.31746527e+04 
 1.27400000e+00  2.31282324e+04 
 1.27500000e+00  2.30819193e+04 
 1.27600000e+00  2.30357131e+04 
 1.27700000e+00  2.29896138e+04 
 1.27800000e+00  2.29436209e+04 
 1.27900000e+00  2.28977343e+04 
 1.28000000e+00  2.28519536e+04 
 1.28100000e+00  2.28062787e+04 
 1.28200000e+00  2.27607093e+04 
 1.28300000e+00  2.27152452e+04 
 1.28400000e+00  2.26698861e+04 
 1.28500000e+00  2.26246318e+04 
 1.28600000e+00  2.25794820e+04 
 1.28700000e+00  2.25344364e+04 
 1.28800000e+00  2.24894950e+04 
 1.28900000e+00  2.24446573e+04 
 1.29000000e+00  2.23999232e+04 
 1.29100000e+00  2.23552923e+04 
 1.29200000e+00  2.23107646e+04 
 1.29300000e+00  2.22663397e+04 
 1.29400000e+00  2.22220174e+04 
 1.29500000e+00  2.21777975e+04 
 1.29600000e+00  2.21336796e+04 
 1.29700000e+00  2.20896637e+04 
 1.29800000e+00  2.20457494e+04 
 1.29900000e+00  2.20019365e+04 
 1.30000000e+00  2.19582248e+04 
 1.30100000e+00  2.19146140e+04 
 1.30200000e+00  2.18711039e+04 
 1.30300000e+00  2.18276943e+04 
 1.30400000e+00  2.17843849e+04 
 1.30500000e+00  2.17411756e+04 
 1.30600000e+00  2.16980660e+04 
 1.30700000e+00  2.16550559e+04 
 1.30800000e+00  2.16121451e+04 
 1.30900000e+00  2.15693334e+04 
 1.31000000e+00  2.15266205e+04 
 1.31100000e+00  2.14840063e+04 
 1.31200000e+00  2.14414904e+04 
 1.31300000e+00  2.13990727e+04 
 1.31400000e+00  2.13567529e+04 
 1.31500000e+00  2.13145307e+04 
 1.31600000e+00  2.12724061e+04 
 1.31700000e+00  2.12303787e+04 
 1.31800000e+00  2.11884483e+04 
 1.31900000e+00  2.11466147e+04 
 1.32000000e+00  2.11048776e+04 
 1.32100000e+00  2.10632369e+04 
 1.32200000e+00  2.10216923e+04 
 1.32300000e+00  2.09802436e+04 
 1.32400000e+00  2.09388905e+04 
 1.32500000e+00  2.08976329e+04 
 1.32600000e+00  2.08564705e+04 
 1.32700000e+00  2.08154031e+04 
 1.32800000e+00  2.07744304e+04 
 1.32900000e+00  2.07335524e+04 
 1.33000000e+00  2.06927686e+04 
 1.33100000e+00  2.06520790e+04 
 1.33200000e+00  2.06114832e+04 
 1.33300000e+00  2.05709811e+04 
 1.33400000e+00  2.05305725e+04 
 1.33500000e+00  2.04902571e+04 
 1.33600000e+00  2.04500347e+04 
 1.33700000e+00  2.04099052e+04 
 1.33800000e+00  2.03698682e+04 
 1.33900000e+00  2.03299235e+04 
 1.34000000e+00  2.02900711e+04 
 1.34100000e+00  2.02503105e+04 
 1.34200000e+00  2.02106417e+04 
 1.34300000e+00  2.01710644e+04 
 1.34400000e+00  2.01315784e+04 
 1.34500000e+00  2.00921835e+04 
 1.34600000e+00  2.00528794e+04 
 1.34700000e+00  2.00136660e+04 
 1.34800000e+00  1.99745430e+04 
 1.34900000e+00  1.99355103e+04 
 1.35000000e+00  1.98965676e+04 
 1.35100000e+00  1.98577147e+04 
 1.35200000e+00  1.98189514e+04 
 1.35300000e+00  1.97802775e+04 
 1.35400000e+00  1.97416928e+04 
 1.35500000e+00  1.97031971e+04 
 1.35600000e+00  1.96647901e+04 
 1.35700000e+00  1.96264717e+04 
 1.35800000e+00  1.95882416e+04 
 1.35900000e+00  1.95500997e+04 
 1.36000000e+00  1.95120457e+04 
 1.36100000e+00  1.94740794e+04 
 1.36200000e+00  1.94362007e+04 
 1.36300000e+00  1.93984093e+04 
 1.36400000e+00  1.93607051e+04 
 1.36500000e+00  1.93230877e+04 
 1.36600000e+00  1.92855571e+04 
 1.36700000e+00  1.92481129e+04 
 1.36800000e+00  1.92107551e+04 
 1.36900000e+00  1.91734834e+04 
 1.37000000e+00  1.91362976e+04 
 1.37100000e+00  1.90991975e+04 
 1.37200000e+00  1.90621828e+04 
 1.37300000e+00  1.90252535e+04 
 1.37400000e+00  1.89884093e+04 
 1.37500000e+00  1.89516500e+04 
 1.37600000e+00  1.89149754e+04 
 1.37700000e+00  1.88783853e+04 
 1.37800000e+00  1.88418796e+04 
 1.37900000e+00  1.88054579e+04 
 1.38000000e+00  1.87691202e+04 
 1.38100000e+00  1.87328661e+04 
 1.38200000e+00  1.86966956e+04 
 1.38300000e+00  1.86606084e+04 
 1.38400000e+00  1.86246044e+04 
 1.38500000e+00  1.85886833e+04 
 1.38600000e+00  1.85528449e+04 
 1.38700000e+00  1.85170891e+04 
 1.38800000e+00  1.84814156e+04 
 1.38900000e+00  1.84458243e+04 
 1.39000000e+00  1.84103149e+04 
 1.39100000e+00  1.83748874e+04 
 1.39200000e+00  1.83395414e+04 
 1.39300000e+00  1.83042768e+04 
 1.39400000e+00  1.82690935e+04 
 1.39500000e+00  1.82339911e+04 
 1.39600000e+00  1.81989696e+04 
 1.39700000e+00  1.81640287e+04 
 1.39800000e+00  1.81291682e+04 
 1.39900000e+00  1.80943880e+04 
 1.40000000e+00  1.80596879e+04 
 1.40100000e+00  1.80250677e+04 
 1.40200000e+00  1.79905271e+04 
 1.40300000e+00  1.79560661e+04 
 1.40400000e+00  1.79216843e+04 
 1.40500000e+00  1.78873818e+04 
 1.40600000e+00  1.78531581e+04 
 1.40700000e+00  1.78190133e+04 
 1.40800000e+00  1.77849470e+04 
 1.40900000e+00  1.77509591e+04 
 1.41000000e+00  1.77170494e+04 
 1.41100000e+00  1.76832177e+04 
 1.41200000e+00  1.76494639e+04 
 1.41300000e+00  1.76157878e+04 
 1.41400000e+00  1.75821891e+04 
 1.41500000e+00  1.75486677e+04 
 1.41600000e+00  1.75152235e+04 
 1.41700000e+00  1.74818561e+04 
 1.41800000e+00  1.74485656e+04 
 1.41900000e+00  1.74153516e+04 
 1.42000000e+00  1.73822140e+04 
 1.42100000e+00  1.73491526e+04 
 1.42200000e+00  1.73161673e+04 
 1.42300000e+00  1.72832578e+04 
 1.42400000e+00  1.72504240e+04 
 1.42500000e+00  1.72176657e+04 
 1.42600000e+00  1.71849828e+04 
 1.42700000e+00  1.71523749e+04 
 1.42800000e+00  1.71198421e+04 
 1.42900000e+00  1.70873840e+04 
 1.43000000e+00  1.70550006e+04 
 1.43100000e+00  1.70226916e+04 
 1.43200000e+00  1.69904569e+04 
 1.43300000e+00  1.69582963e+04 
 1.43400000e+00  1.69262096e+04 
 1.43500000e+00  1.68941967e+04 
 1.43600000e+00  1.68622573e+04 
 1.43700000e+00  1.68303913e+04 
 1.43800000e+00  1.67985986e+04 
 1.43900000e+00  1.67668789e+04 
 1.44000000e+00  1.67352321e+04 
 1.44100000e+00  1.67036580e+04 
 1.44200000e+00  1.66721565e+04 
 1.44300000e+00  1.66407273e+04 
 1.44400000e+00  1.66093704e+04 
 1.44500000e+00  1.65780855e+04 
 1.44600000e+00  1.65468724e+04 
 1.44700000e+00  1.65157310e+04 
 1.44800000e+00  1.64846612e+04 
 1.44900000e+00  1.64536627e+04 
 1.45000000e+00  1.64227354e+04 
 1.45100000e+00  1.63918792e+04 
 1.45200000e+00  1.63610938e+04 
 1.45300000e+00  1.63303791e+04 
 1.45400000e+00  1.62997349e+04 
 1.45500000e+00  1.62691610e+04 
 1.45600000e+00  1.62386574e+04 
 1.45700000e+00  1.62082238e+04 
 1.45800000e+00  1.61778601e+04 
 1.45900000e+00  1.61475660e+04 
 1.46000000e+00  1.61173415e+04 
 1.46100000e+00  1.60871863e+04 
 1.46200000e+00  1.60571004e+04 
 1.46300000e+00  1.60270835e+04 
 1.46400000e+00  1.59971355e+04 
 1.46500000e+00  1.59672562e+04 
 1.46600000e+00  1.59374455e+04 
 1.46700000e+00  1.59077032e+04 
 1.46800000e+00  1.58780291e+04 
 1.46900000e+00  1.58484231e+04 
 1.47000000e+00  1.58188850e+04 
 1.47100000e+00  1.57894146e+04 
 1.47200000e+00  1.57600119e+04 
 1.47300000e+00  1.57306766e+04 
 1.47400000e+00  1.57014085e+04 
 1.47500000e+00  1.56722076e+04 
 1.47600000e+00  1.56430737e+04 
 1.47700000e+00  1.56140065e+04 
 1.47800000e+00  1.55850060e+04 
 1.47900000e+00  1.55560720e+04 
 1.48000000e+00  1.55272043e+04 
 1.48100000e+00  1.54984028e+04 
 1.48200000e+00  1.54696674e+04 
 1.48300000e+00  1.54409978e+04 
 1.48400000e+00  1.54123939e+04 
 1.48500000e+00  1.53838555e+04 
 1.48600000e+00  1.53553826e+04 
 1.48700000e+00  1.53269749e+04 
 1.48800000e+00  1.52986323e+04 
 1.48900000e+00  1.52703546e+04 
 1.49000000e+00  1.52421418e+04 
 1.49100000e+00  1.52139935e+04 
 1.49200000e+00  1.51859098e+04 
 1.49300000e+00  1.51578904e+04 
 1.49400000e+00  1.51299351e+04 
 1.49500000e+00  1.51020439e+04 
 1.49600000e+00  1.50742166e+04 
 1.49700000e+00  1.50464530e+04 
 1.49800000e+00  1.50187530e+04 
 1.49900000e+00  1.49911164e+04 
 1.50000000e+00  1.49635430e+04 
 1.50100000e+00  1.49360328e+04 
 1.50200000e+00  1.49085856e+04 
 1.50300000e+00  1.48812012e+04 
 1.50400000e+00  1.48538795e+04 
 1.50500000e+00  1.48266204e+04 
 1.50600000e+00  1.47994236e+04 
 1.50700000e+00  1.47722890e+04 
 1.50800000e+00  1.47452166e+04 
 1.50900000e+00  1.47182061e+04 
 1.51000000e+00  1.46912574e+04 
 1.51100000e+00  1.46643703e+04 
 1.51200000e+00  1.46375448e+04 
 1.51300000e+00  1.46107806e+04 
 1.51400000e+00  1.45840777e+04 
 1.51500000e+00  1.45574358e+04 
 1.51600000e+00  1.45308549e+04 
 1.51700000e+00  1.45043347e+04 
 1.51800000e+00  1.44778752e+04 
 1.51900000e+00  1.44514762e+04 
 1.52000000e+00  1.44251376e+04 
 1.52100000e+00  1.43988592e+04 
 1.52200000e+00  1.43726408e+04 
 1.52300000e+00  1.43464824e+04 
 1.52400000e+00  1.43203838e+04 
 1.52500000e+00  1.42943448e+04 
 1.52600000e+00  1.42683653e+04 
 1.52700000e+00  1.42424452e+04 
 1.52800000e+00  1.42165843e+04 
 1.52900000e+00  1.41907826e+04 
 1.53000000e+00  1.41650397e+04 
 1.53100000e+00  1.41393557e+04 
 1.53200000e+00  1.41137304e+04 
 1.53300000e+00  1.40881635e+04 
 1.53400000e+00  1.40626551e+04 
 1.53500000e+00  1.40372050e+04 
 1.53600000e+00  1.40118129e+04 
 1.53700000e+00  1.39864789e+04 
 1.53800000e+00  1.39612027e+04 
 1.53900000e+00  1.39359841e+04 
 1.54000000e+00  1.39108232e+04 
 1.54100000e+00  1.38857197e+04 
 1.54200000e+00  1.38606735e+04 
 1.54300000e+00  1.38356845e+04 
 1.54400000e+00  1.38107525e+04 
 1.54500000e+00  1.37858774e+04 
 1.54600000e+00  1.37610591e+04 
 1.54700000e+00  1.37362974e+04 
 1.54800000e+00  1.37115922e+04 
 1.54900000e+00  1.36869433e+04 
 1.55000000e+00  1.36623507e+04 
 1.55100000e+00  1.36378142e+04 
 1.55200000e+00  1.36133336e+04 
 1.55300000e+00  1.35889089e+04 
 1.55400000e+00  1.35645399e+04 
 1.55500000e+00  1.35402264e+04 
 1.55600000e+00  1.35159684e+04 
 1.55700000e+00  1.34917656e+04 
 1.55800000e+00  1.34676181e+04 
 1.55900000e+00  1.34435256e+04 
 1.56000000e+00  1.34194880e+04 
 1.56100000e+00  1.33955052e+04 
 1.56200000e+00  1.33715770e+04 
 1.56300000e+00  1.33477034e+04 
 1.56400000e+00  1.33238842e+04 
 1.56500000e+00  1.33001192e+04 
 1.56600000e+00  1.32764084e+04 
 1.56700000e+00  1.32527516e+04 
 1.56800000e+00  1.32291487e+04 
 1.56900000e+00  1.32055995e+04 
 1.57000000e+00  1.31821040e+04 
 1.57100000e+00  1.31586619e+04 
 1.57200000e+00  1.31352733e+04 
 1.57300000e+00  1.31119379e+04 
 1.57400000e+00  1.30886556e+04 
 1.57500000e+00  1.30654263e+04 
 1.57600000e+00  1.30422499e+04 
 1.57700000e+00  1.30191262e+04 
 1.57800000e+00  1.29960552e+04 
 1.57900000e+00  1.29730367e+04 
 1.58000000e+00  1.29500705e+04 
 1.58100000e+00  1.29271566e+04 
 1.58200000e+00  1.29042949e+04 
 1.58300000e+00  1.28814851e+04 
 1.58400000e+00  1.28587272e+04 
 1.58500000e+00  1.28360211e+04 
 1.58600000e+00  1.28133666e+04 
 1.58700000e+00  1.27907636e+04 
 1.58800000e+00  1.27682120e+04 
 1.58900000e+00  1.27457117e+04 
 1.59000000e+00  1.27232626e+04 
 1.59100000e+00  1.27008645e+04 
 1.59200000e+00  1.26785172e+04 
 1.59300000e+00  1.26562208e+04 
 1.59400000e+00  1.26339751e+04 
 1.59500000e+00  1.26117799e+04 
 1.59600000e+00  1.25896351e+04 
 1.59700000e+00  1.25675406e+04 
 1.59800000e+00  1.25454963e+04 
 1.59900000e+00  1.25235021e+04 
 1.60000000e+00  1.25015579e+04 
 1.60100000e+00  1.24796635e+04 
 1.60200000e+00  1.24578188e+04 
 1.60300000e+00  1.24360237e+04 
 1.60400000e+00  1.24142781e+04 
 1.60500000e+00  1.23925818e+04 
 1.60600000e+00  1.23709348e+04 
 1.60700000e+00  1.23493370e+04 
 1.60800000e+00  1.23277881e+04 
 1.60900000e+00  1.23062882e+04 
 1.61000000e+00  1.22848370e+04 
 1.61100000e+00  1.22634346e+04 
 1.61200000e+00  1.22420806e+04 
 1.61300000e+00  1.22207751e+04 
 1.61400000e+00  1.21995180e+04 
 1.61500000e+00  1.21783090e+04 
 1.61600000e+00  1.21571482e+04 
 1.61700000e+00  1.21360353e+04 
 1.61800000e+00  1.21149703e+04 
 1.61900000e+00  1.20939530e+04 
 1.62000000e+00  1.20729834e+04 
 1.62100000e+00  1.20520614e+04 
 1.62200000e+00  1.20311867e+04 
 1.62300000e+00  1.20103594e+04 
 1.62400000e+00  1.19895792e+04 
 1.62500000e+00  1.19688462e+04 
 1.62600000e+00  1.19481601e+04 
 1.62700000e+00  1.19275208e+04 
 1.62800000e+00  1.19069283e+04 
 1.62900000e+00  1.18863825e+04 
 1.63000000e+00  1.18658832e+04 
 1.63100000e+00  1.18454303e+04 
 1.63200000e+00  1.18250237e+04 
 1.63300000e+00  1.18046633e+04 
 1.63400000e+00  1.17843490e+04 
 1.63500000e+00  1.17640806e+04 
 1.63600000e+00  1.17438582e+04 
 1.63700000e+00  1.17236815e+04 
 1.63800000e+00  1.17035505e+04 
 1.63900000e+00  1.16834650e+04 
 1.64000000e+00  1.16634249e+04 
 1.64100000e+00  1.16434302e+04 
 1.64200000e+00  1.16234807e+04 
 1.64300000e+00  1.16035763e+04 
 1.64400000e+00  1.15837170e+04 
 1.64500000e+00  1.15639025e+04 
 1.64600000e+00  1.15441329e+04 
 1.64700000e+00  1.15244079e+04 
 1.64800000e+00  1.15047275e+04 
 1.64900000e+00  1.14850916e+04 
 1.65000000e+00  1.14655001e+04 
 1.65100000e+00  1.14459528e+04 
 1.65200000e+00  1.14264497e+04 
 1.65300000e+00  1.14069907e+04 
 1.65400000e+00  1.13875756e+04 
 1.65500000e+00  1.13682044e+04 
 1.65600000e+00  1.13488769e+04 
 1.65700000e+00  1.13295931e+04 
 1.65800000e+00  1.13103528e+04 
 1.65900000e+00  1.12911560e+04 
 1.66000000e+00  1.12720025e+04 
 1.66100000e+00  1.12528922e+04 
 1.66200000e+00  1.12338250e+04 
 1.66300000e+00  1.12148009e+04 
 1.66400000e+00  1.11958197e+04 
 1.66500000e+00  1.11768814e+04 
 1.66600000e+00  1.11579857e+04 
 1.66700000e+00  1.11391327e+04 
 1.66800000e+00  1.11203222e+04 
 1.66900000e+00  1.11015542e+04 
 1.67000000e+00  1.10828284e+04 
 1.67100000e+00  1.10641449e+04 
 1.67200000e+00  1.10455035e+04 
 1.67300000e+00  1.10269041e+04 
 1.67400000e+00  1.10083467e+04 
 1.67500000e+00  1.09898310e+04 
 1.67600000e+00  1.09713571e+04 
 1.67700000e+00  1.09529249e+04 
 1.67800000e+00  1.09345341e+04 
 1.67900000e+00  1.09161848e+04 
 1.68000000e+00  1.08978768e+04 
 1.68100000e+00  1.08796100e+04 
 1.68200000e+00  1.08613844e+04 
 1.68300000e+00  1.08431998e+04 
 1.68400000e+00  1.08250561e+04 
 1.68500000e+00  1.08069533e+04 
 1.68600000e+00  1.07888913e+04 
 1.68700000e+00  1.07708699e+04 
 1.68800000e+00  1.07528890e+04 
 1.68900000e+00  1.07349486e+04 
 1.69000000e+00  1.07170486e+04 
 1.69100000e+00  1.06991888e+04 
 1.69200000e+00  1.06813692e+04 
 1.69300000e+00  1.06635897e+04 
 1.69400000e+00  1.06458502e+04 
 1.69500000e+00  1.06281506e+04 
 1.69600000e+00  1.06104907e+04 
 1.69700000e+00  1.05928706e+04 
 1.69800000e+00  1.05752900e+04 
 1.69900000e+00  1.05577490e+04 
 1.70000000e+00  1.05402474e+04 
 1.70100000e+00  1.05227851e+04 
 1.70200000e+00  1.05053620e+04 
 1.70300000e+00  1.04879781e+04 
 1.70400000e+00  1.04706332e+04 
 1.70500000e+00  1.04533273e+04 
 1.70600000e+00  1.04360603e+04 
 1.70700000e+00  1.04188320e+04 
 1.70800000e+00  1.04016424e+04 
 1.70900000e+00  1.03844913e+04 
 1.71000000e+00  1.03673788e+04 
 1.71100000e+00  1.03503047e+04 
 1.71200000e+00  1.03332689e+04 
 1.71300000e+00  1.03162713e+04 
 1.71400000e+00  1.02993119e+04 
 1.71500000e+00  1.02823905e+04 
 1.71600000e+00  1.02655070e+04 
 1.71700000e+00  1.02486614e+04 
 1.71800000e+00  1.02318536e+04 
 1.71900000e+00  1.02150834e+04 
 1.72000000e+00  1.01983509e+04 
 1.72100000e+00  1.01816559e+04 
 1.72200000e+00  1.01649982e+04 
 1.72300000e+00  1.01483779e+04 
 1.72400000e+00  1.01317949e+04 
 1.72500000e+00  1.01152490e+04 
 1.72600000e+00  1.00987402e+04 
 1.72700000e+00  1.00822683e+04 
 1.72800000e+00  1.00658333e+04 
 1.72900000e+00  1.00494352e+04 
 1.73000000e+00  1.00330737e+04 
 1.73100000e+00  1.00167489e+04 
 1.73200000e+00  1.00004606e+04 
 1.73300000e+00  9.98420875e+03 
 1.73400000e+00  9.96799329e+03 
 1.73500000e+00  9.95181411e+03 
 1.73600000e+00  9.93567112e+03 
 1.73700000e+00  9.91956425e+03 
 1.73800000e+00  9.90349341e+03 
 1.73900000e+00  9.88745850e+03 
 1.74000000e+00  9.87145945e+03 
 1.74100000e+00  9.85549617e+03 
 1.74200000e+00  9.83956858e+03 
 1.74300000e+00  9.82367659e+03 
 1.74400000e+00  9.80782012e+03 
 1.74500000e+00  9.79199908e+03 
 1.74600000e+00  9.77621339e+03 
 1.74700000e+00  9.76046296e+03 
 1.74800000e+00  9.74474773e+03 
 1.74900000e+00  9.72906759e+03 
 1.75000000e+00  9.71342246e+03 
 1.75100000e+00  9.69781227e+03 
 1.75200000e+00  9.68223694e+03 
 1.75300000e+00  9.66669637e+03 
 1.75400000e+00  9.65119049e+03 
 1.75500000e+00  9.63571921e+03 
 1.75600000e+00  9.62028246e+03 
 1.75700000e+00  9.60488015e+03 
 1.75800000e+00  9.58951220e+03 
 1.75900000e+00  9.57417853e+03 
 1.76000000e+00  9.55887905e+03 
 1.76100000e+00  9.54361370e+03 
 1.76200000e+00  9.52838238e+03 
 1.76300000e+00  9.51318502e+03 
 1.76400000e+00  9.49802153e+03 
 1.76500000e+00  9.48289184e+03 
 1.76600000e+00  9.46779586e+03 
 1.76700000e+00  9.45273352e+03 
 1.76800000e+00  9.43770474e+03 
 1.76900000e+00  9.42270944e+03 
 1.77000000e+00  9.40774753e+03 
 1.77100000e+00  9.39281895e+03 
 1.77200000e+00  9.37792360e+03 
 1.77300000e+00  9.36306142e+03 
 1.77400000e+00  9.34823232e+03 
 1.77500000e+00  9.33343623e+03 
 1.77600000e+00  9.31867306e+03 
 1.77700000e+00  9.30394275e+03 
 1.77800000e+00  9.28924521e+03 
 1.77900000e+00  9.27458036e+03 
 1.78000000e+00  9.25994813e+03 
 1.78100000e+00  9.24534844e+03 
 1.78200000e+00  9.23078122e+03 
 1.78300000e+00  9.21624639e+03 
 1.78400000e+00  9.20174386e+03 
 1.78500000e+00  9.18727357e+03 
 1.78600000e+00  9.17283544e+03 
 1.78700000e+00  9.15842939e+03 
 1.78800000e+00  9.14405535e+03 
 1.78900000e+00  9.12971324e+03 
 1.79000000e+00  9.11540298e+03 
 1.79100000e+00  9.10112451e+03 
 1.79200000e+00  9.08687774e+03 
 1.79300000e+00  9.07266261e+03 
 1.79400000e+00  9.05847903e+03 
 1.79500000e+00  9.04432693e+03 
 1.79600000e+00  9.03020624e+03 
 1.79700000e+00  9.01611688e+03 
 1.79800000e+00  9.00205878e+03 
 1.79900000e+00  8.98803187e+03 
 1.80000000e+00  8.97403607e+03 
