 0.00000000e+00  7.87886734e+04 
 1.00000000e-03  8.02918709e+04 
 2.00000000e-03  8.18504535e+04 
 3.00000000e-03  8.34670765e+04 
 4.00000000e-03  8.51445316e+04 
 5.00000000e-03  8.68857523e+04 
 6.00000000e-03  8.86938192e+04 
 7.00000000e-03  9.05719654e+04 
 8.00000000e-03  9.25235813e+04 
 9.00000000e-03  9.45522189e+04 
 1.00000000e-02  9.66615959e+04 
 1.10000000e-02  9.88555990e+04 
 1.20000000e-02  1.01138287e+05 
 1.30000000e-02  1.03513890e+05 
 1.40000000e-02  1.05986813e+05 
 1.50000000e-02  1.08561634e+05 
 1.60000000e-02  1.11243100e+05 
 1.70000000e-02  1.14036125e+05 
 1.80000000e-02  1.16945781e+05 
 1.90000000e-02  1.19977291e+05 
 2.00000000e-02  1.23136020e+05 
 2.10000000e-02  1.26427458e+05 
 2.20000000e-02  1.29857203e+05 
 2.30000000e-02  1.33430943e+05 
 2.40000000e-02  1.37154433e+05 
 2.50000000e-02  1.41033465e+05 
 2.60000000e-02  1.45073837e+05 
 2.70000000e-02  1.49281321e+05 
 2.80000000e-02  1.53661622e+05 
 2.90000000e-02  1.58220336e+05 
 3.00000000e-02  1.62962903e+05 
 3.10000000e-02  1.67894559e+05 
 3.20000000e-02  1.73020280e+05 
 3.30000000e-02  1.78344729e+05 
 3.40000000e-02  1.83872197e+05 
 3.50000000e-02  1.89606544e+05 
 3.60000000e-02  1.95551140e+05 
 3.70000000e-02  2.01708803e+05 
 3.80000000e-02  2.08081744e+05 
 3.90000000e-02  2.14671508e+05 
 4.00000000e-02  2.21478921e+05 
 4.10000000e-02  2.28504042e+05 
 4.20000000e-02  2.35746121e+05 
 4.30000000e-02  2.43203559e+05 
 4.40000000e-02  2.50873882e+05 
 4.50000000e-02  2.58753718e+05 
 4.60000000e-02  2.66838783e+05 
 4.70000000e-02  2.75123881e+05 
 4.80000000e-02  2.83602910e+05 
 4.90000000e-02  2.92268880e+05 
 5.00000000e-02  3.01113937e+05 
 5.10000000e-02  3.10129402e+05 
 5.20000000e-02  3.19305816e+05 
 5.30000000e-02  3.28632995e+05 
 5.40000000e-02  3.38100094e+05 
 5.50000000e-02  3.47695671e+05 
 5.60000000e-02  3.57407766e+05 
 5.70000000e-02  3.67223981e+05 
 5.80000000e-02  3.77131558e+05 
 5.90000000e-02  3.87117467e+05 
 6.00000000e-02  3.97168492e+05 
 6.10000000e-02  4.07271313e+05 
 6.20000000e-02  4.17412591e+05 
 6.30000000e-02  4.27579047e+05 
 6.40000000e-02  4.37757543e+05 
 6.50000000e-02  4.47935148e+05 
 6.60000000e-02  4.58099211e+05 
 6.70000000e-02  4.68237418e+05 
 6.80000000e-02  4.78337852e+05 
 6.90000000e-02  4.88389037e+05 
 7.00000000e-02  4.98379985e+05 
 7.10000000e-02  5.08300226e+05 
 7.20000000e-02  5.18139843e+05 
 7.30000000e-02  5.27889493e+05 
 7.40000000e-02  5.37540420e+05 
 7.50000000e-02  5.47084470e+05 
 7.60000000e-02  5.56514097e+05 
 7.70000000e-02  5.65822358e+05 
 7.80000000e-02  5.75002918e+05 
 7.90000000e-02  5.84050030e+05 
 8.00000000e-02  5.92958535e+05 
 8.10000000e-02  6.01723839e+05 
 8.20000000e-02  6.10341900e+05 
 8.30000000e-02  6.18809206e+05 
 8.40000000e-02  6.27122753e+05 
 8.50000000e-02  6.35280024e+05 
 8.60000000e-02  6.43278964e+05 
 8.70000000e-02  6.51117954e+05 
 8.80000000e-02  6.58795787e+05 
 8.90000000e-02  6.66311643e+05 
 9.00000000e-02  6.73665062e+05 
 9.10000000e-02  6.80855920e+05 
 9.20000000e-02  6.87884404e+05 
 9.30000000e-02  6.94750987e+05 
 9.40000000e-02  7.01456408e+05 
 9.50000000e-02  7.08001644e+05 
 9.60000000e-02  7.14387894e+05 
 9.70000000e-02  7.20616553e+05 
 9.80000000e-02  7.26689198e+05 
 9.90000000e-02  7.32607564e+05 
 1.00000000e-01  7.38373528e+05 
 1.01000000e-01  7.43989094e+05 
 1.02000000e-01  7.49456377e+05 
 1.03000000e-01  7.54777587e+05 
 1.04000000e-01  7.59955016e+05 
 1.05000000e-01  7.64991024e+05 
 1.06000000e-01  7.69888031e+05 
 1.07000000e-01  7.74648505e+05 
 1.08000000e-01  7.79274946e+05 
 1.09000000e-01  7.83769888e+05 
 1.10000000e-01  7.88135880e+05 
 1.11000000e-01  7.92375486e+05 
 1.12000000e-01  7.96491272e+05 
 1.13000000e-01  8.00485805e+05 
 1.14000000e-01  8.04361643e+05 
 1.15000000e-01  8.08121335e+05 
 1.16000000e-01  8.11767411e+05 
 1.17000000e-01  8.15302379e+05 
 1.18000000e-01  8.18728726e+05 
 1.19000000e-01  8.22048909e+05 
 1.20000000e-01  8.25265356e+05 
 1.21000000e-01  8.28380460e+05 
 1.22000000e-01  8.31396581e+05 
 1.23000000e-01  8.34316042e+05 
 1.24000000e-01  8.37141128e+05 
 1.25000000e-01  8.39874083e+05 
 1.26000000e-01  8.42517111e+05 
 1.27000000e-01  8.45072375e+05 
 1.28000000e-01  8.47541996e+05 
 1.29000000e-01  8.49928051e+05 
 1.30000000e-01  8.52232577e+05 
 1.31000000e-01  8.54457565e+05 
 1.32000000e-01  8.56604964e+05 
 1.33000000e-01  8.58676681e+05 
 1.34000000e-01  8.60674578e+05 
 1.35000000e-01  8.62600477e+05 
 1.36000000e-01  8.64456156e+05 
 1.37000000e-01  8.66243352e+05 
 1.38000000e-01  8.67963759e+05 
 1.39000000e-01  8.69619033e+05 
 1.40000000e-01  8.71210787e+05 
 1.41000000e-01  8.72740597e+05 
 1.42000000e-01  8.74209998e+05 
 1.43000000e-01  8.75620487e+05 
 1.44000000e-01  8.76973524e+05 
 1.45000000e-01  8.78270532e+05 
 1.46000000e-01  8.79512897e+05 
 1.47000000e-01  8.80701971e+05 
 1.48000000e-01  8.81839071e+05 
 1.49000000e-01  8.82925479e+05 
 1.50000000e-01  8.83962444e+05 
 1.51000000e-01  8.84951184e+05 
 1.52000000e-01  8.85892885e+05 
 1.53000000e-01  8.86788700e+05 
 1.54000000e-01  8.87639754e+05 
 1.55000000e-01  8.88447143e+05 
 1.56000000e-01  8.89211933e+05 
 1.57000000e-01  8.89935162e+05 
 1.58000000e-01  8.90617841e+05 
 1.59000000e-01  8.91260956e+05 
 1.60000000e-01  8.91865464e+05 
 1.61000000e-01  8.92432300e+05 
 1.62000000e-01  8.92962374e+05 
 1.63000000e-01  8.93456569e+05 
 1.64000000e-01  8.93915749e+05 
 1.65000000e-01  8.94340753e+05 
 1.66000000e-01  8.94732399e+05 
 1.67000000e-01  8.95091482e+05 
 1.68000000e-01  8.95418779e+05 
 1.69000000e-01  8.95715045e+05 
 1.70000000e-01  8.95981014e+05 
 1.71000000e-01  8.96217405e+05 
 1.72000000e-01  8.96424913e+05 
 1.73000000e-01  8.96604221e+05 
 1.74000000e-01  8.96755989e+05 
 1.75000000e-01  8.96880863e+05 
 1.76000000e-01  8.96979472e+05 
 1.77000000e-01  8.97052427e+05 
 1.78000000e-01  8.97100327e+05 
 1.79000000e-01  8.97123752e+05 
 1.80000000e-01  8.97123269e+05 
 1.81000000e-01  8.97099430e+05 
 1.82000000e-01  8.97052774e+05 
 1.83000000e-01  8.96983826e+05 
 1.84000000e-01  8.96893097e+05 
 1.85000000e-01  8.96781085e+05 
 1.86000000e-01  8.96648278e+05 
 1.87000000e-01  8.96495148e+05 
 1.88000000e-01  8.96322158e+05 
 1.89000000e-01  8.96129760e+05 
 1.90000000e-01  8.95918391e+05 
 1.91000000e-01  8.95688482e+05 
 1.92000000e-01  8.95440450e+05 
 1.93000000e-01  8.95174703e+05 
 1.94000000e-01  8.94891639e+05 
 1.95000000e-01  8.94591646e+05 
 1.96000000e-01  8.94275104e+05 
 1.97000000e-01  8.93942381e+05 
 1.98000000e-01  8.93593839e+05 
 1.99000000e-01  8.93229830e+05 
 2.00000000e-01  8.92850697e+05 
 2.01000000e-01  8.92456775e+05 
 2.02000000e-01  8.92048393e+05 
 2.03000000e-01  8.91625869e+05 
 2.04000000e-01  8.91189516e+05 
 2.05000000e-01  8.90739638e+05 
 2.06000000e-01  8.90276534e+05 
 2.07000000e-01  8.89800493e+05 
 2.08000000e-01  8.89311800e+05 
 2.09000000e-01  8.88810731e+05 
 2.10000000e-01  8.88297559e+05 
 2.11000000e-01  8.87772546e+05 
 2.12000000e-01  8.87235953e+05 
 2.13000000e-01  8.86688030e+05 
 2.14000000e-01  8.86129026e+05 
 2.15000000e-01  8.85559182e+05 
 2.16000000e-01  8.84978732e+05 
 2.17000000e-01  8.84387908e+05 
 2.18000000e-01  8.83786934e+05 
 2.19000000e-01  8.83176032e+05 
 2.20000000e-01  8.82555416e+05 
 2.21000000e-01  8.81925296e+05 
 2.22000000e-01  8.81285879e+05 
 2.23000000e-01  8.80637365e+05 
 2.24000000e-01  8.79979952e+05 
 2.25000000e-01  8.79313832e+05 
 2.26000000e-01  8.78639193e+05 
 2.27000000e-01  8.77956219e+05 
 2.28000000e-01  8.77265091e+05 
 2.29000000e-01  8.76565984e+05 
 2.30000000e-01  8.75859072e+05 
 2.31000000e-01  8.75144522e+05 
 2.32000000e-01  8.74422501e+05 
 2.33000000e-01  8.73693169e+05 
 2.34000000e-01  8.72956685e+05 
 2.35000000e-01  8.72213204e+05 
 2.36000000e-01  8.71462877e+05 
 2.37000000e-01  8.70705853e+05 
 2.38000000e-01  8.69942276e+05 
 2.39000000e-01  8.69172289e+05 
 2.40000000e-01  8.68396031e+05 
 2.41000000e-01  8.67613639e+05 
 2.42000000e-01  8.66825246e+05 
 2.43000000e-01  8.66030982e+05 
 2.44000000e-01  8.65230977e+05 
 2.45000000e-01  8.64425354e+05 
 2.46000000e-01  8.63614238e+05 
 2.47000000e-01  8.62797748e+05 
 2.48000000e-01  8.61976002e+05 
 2.49000000e-01  8.61149116e+05 
 2.50000000e-01  8.60317204e+05 
 2.51000000e-01  8.59480375e+05 
 2.52000000e-01  8.58638739e+05 
 2.53000000e-01  8.57792403e+05 
 2.54000000e-01  8.56941470e+05 
 2.55000000e-01  8.56086043e+05 
 2.56000000e-01  8.55226222e+05 
 2.57000000e-01  8.54362106e+05 
 2.58000000e-01  8.53493791e+05 
 2.59000000e-01  8.52621372e+05 
 2.60000000e-01  8.51744941e+05 
 2.61000000e-01  8.50864589e+05 
 2.62000000e-01  8.49980405e+05 
 2.63000000e-01  8.49092477e+05 
 2.64000000e-01  8.48200890e+05 
 2.65000000e-01  8.47305728e+05 
 2.66000000e-01  8.46407074e+05 
 2.67000000e-01  8.45505008e+05 
 2.68000000e-01  8.44599610e+05 
 2.69000000e-01  8.43690958e+05 
 2.70000000e-01  8.42779127e+05 
 2.71000000e-01  8.41864193e+05 
 2.72000000e-01  8.40946230e+05 
 2.73000000e-01  8.40025309e+05 
 2.74000000e-01  8.39101500e+05 
 2.75000000e-01  8.38174874e+05 
 2.76000000e-01  8.37245499e+05 
 2.77000000e-01  8.36313441e+05 
 2.78000000e-01  8.35378766e+05 
 2.79000000e-01  8.34441538e+05 
 2.80000000e-01  8.33501821e+05 
 2.81000000e-01  8.32559677e+05 
 2.82000000e-01  8.31615166e+05 
 2.83000000e-01  8.30668348e+05 
 2.84000000e-01  8.29719282e+05 
 2.85000000e-01  8.28768026e+05 
 2.86000000e-01  8.27814635e+05 
 2.87000000e-01  8.26859167e+05 
 2.88000000e-01  8.25901675e+05 
 2.89000000e-01  8.24942212e+05 
 2.90000000e-01  8.23980832e+05 
 2.91000000e-01  8.23017586e+05 
 2.92000000e-01  8.22052525e+05 
 2.93000000e-01  8.21085699e+05 
 2.94000000e-01  8.20117156e+05 
 2.95000000e-01  8.19146945e+05 
 2.96000000e-01  8.18175113e+05 
 2.97000000e-01  8.17201706e+05 
 2.98000000e-01  8.16226770e+05 
 2.99000000e-01  8.15250349e+05 
 3.00000000e-01  8.14272489e+05 
 3.01000000e-01  8.13293231e+05 
 3.02000000e-01  8.12312618e+05 
 3.03000000e-01  8.11330693e+05 
 3.04000000e-01  8.10347495e+05 
 3.05000000e-01  8.09363066e+05 
 3.06000000e-01  8.08377444e+05 
 3.07000000e-01  8.07390670e+05 
 3.08000000e-01  8.06402781e+05 
 3.09000000e-01  8.05413814e+05 
 3.10000000e-01  8.04423806e+05 
 3.11000000e-01  8.03432795e+05 
 3.12000000e-01  8.02440815e+05 
 3.13000000e-01  8.01447902e+05 
 3.14000000e-01  8.00454089e+05 
 3.15000000e-01  7.99459412e+05 
 3.16000000e-01  7.98463903e+05 
 3.17000000e-01  7.97467595e+05 
 3.18000000e-01  7.96470520e+05 
 3.19000000e-01  7.95472710e+05 
 3.20000000e-01  7.94474196e+05 
 3.21000000e-01  7.93475008e+05 
 3.22000000e-01  7.92475177e+05 
 3.23000000e-01  7.91474732e+05 
 3.24000000e-01  7.90473703e+05 
 3.25000000e-01  7.89472117e+05 
 3.26000000e-01  7.88470003e+05 
 3.27000000e-01  7.87467389e+05 
 3.28000000e-01  7.86464302e+05 
 3.29000000e-01  7.85460769e+05 
 3.30000000e-01  7.84456815e+05 
 3.31000000e-01  7.83452467e+05 
 3.32000000e-01  7.82447750e+05 
 3.33000000e-01  7.81442690e+05 
 3.34000000e-01  7.80437310e+05 
 3.35000000e-01  7.79431635e+05 
 3.36000000e-01  7.78425689e+05 
 3.37000000e-01  7.77419495e+05 
 3.38000000e-01  7.76413076e+05 
 3.39000000e-01  7.75406456e+05 
 3.40000000e-01  7.74399655e+05 
 3.41000000e-01  7.73392697e+05 
 3.42000000e-01  7.72385602e+05 
 3.43000000e-01  7.71378392e+05 
 3.44000000e-01  7.70371088e+05 
 3.45000000e-01  7.69363710e+05 
 3.46000000e-01  7.68356278e+05 
 3.47000000e-01  7.67348813e+05 
 3.48000000e-01  7.66341334e+05 
 3.49000000e-01  7.65333860e+05 
 3.50000000e-01  7.64326409e+05 
 3.51000000e-01  7.63319002e+05 
 3.52000000e-01  7.62311655e+05 
 3.53000000e-01  7.61304388e+05 
 3.54000000e-01  7.60297217e+05 
 3.55000000e-01  7.59290160e+05 
 3.56000000e-01  7.58283235e+05 
 3.57000000e-01  7.57276458e+05 
 3.58000000e-01  7.56269846e+05 
 3.59000000e-01  7.55263415e+05 
 3.60000000e-01  7.54257181e+05 
 3.61000000e-01  7.53251160e+05 
 3.62000000e-01  7.52245368e+05 
 3.63000000e-01  7.51239820e+05 
 3.64000000e-01  7.50234531e+05 
 3.65000000e-01  7.49229517e+05 
 3.66000000e-01  7.48224790e+05 
 3.67000000e-01  7.47220367e+05 
 3.68000000e-01  7.46216261e+05 
 3.69000000e-01  7.45212486e+05 
 3.70000000e-01  7.44209056e+05 
 3.71000000e-01  7.43205983e+05 
 3.72000000e-01  7.42203283e+05 
 3.73000000e-01  7.41200967e+05 
 3.74000000e-01  7.40199048e+05 
 3.75000000e-01  7.39197539e+05 
 3.76000000e-01  7.38196453e+05 
 3.77000000e-01  7.37195802e+05 
 3.78000000e-01  7.36195597e+05 
 3.79000000e-01  7.35195852e+05 
 3.80000000e-01  7.34196576e+05 
 3.81000000e-01  7.33197782e+05 
 3.82000000e-01  7.32199482e+05 
 3.83000000e-01  7.31201685e+05 
 3.84000000e-01  7.30204404e+05 
 3.85000000e-01  7.29207649e+05 
 3.86000000e-01  7.28211431e+05 
 3.87000000e-01  7.27215759e+05 
 3.88000000e-01  7.26220645e+05 
 3.89000000e-01  7.25226098e+05 
 3.90000000e-01  7.24232129e+05 
 3.91000000e-01  7.23238746e+05 
 3.92000000e-01  7.22245961e+05 
 3.93000000e-01  7.21253781e+05 
 3.94000000e-01  7.20262217e+05 
 3.95000000e-01  7.19271278e+05 
 3.96000000e-01  7.18280973e+05 
 3.97000000e-01  7.17291311e+05 
 3.98000000e-01  7.16302299e+05 
 3.99000000e-01  7.15313948e+05 
 4.00000000e-01  7.14326265e+05 
 4.01000000e-01  7.13339260e+05 
 4.02000000e-01  7.12352939e+05 
 4.03000000e-01  7.11367311e+05 
 4.04000000e-01  7.10382384e+05 
 4.05000000e-01  7.09398166e+05 
 4.06000000e-01  7.08414664e+05 
 4.07000000e-01  7.07431887e+05 
 4.08000000e-01  7.06449841e+05 
 4.09000000e-01  7.05468534e+05 
 4.10000000e-01  7.04487973e+05 
 4.11000000e-01  7.03508165e+05 
 4.12000000e-01  7.02529117e+05 
 4.13000000e-01  7.01550836e+05 
 4.14000000e-01  7.00573329e+05 
 4.15000000e-01  6.99596602e+05 
 4.16000000e-01  6.98620662e+05 
 4.17000000e-01  6.97645515e+05 
 4.18000000e-01  6.96671167e+05 
 4.19000000e-01  6.95697626e+05 
 4.20000000e-01  6.94724896e+05 
 4.21000000e-01  6.93752984e+05 
 4.22000000e-01  6.92781896e+05 
 4.23000000e-01  6.91811638e+05 
 4.24000000e-01  6.90842215e+05 
 4.25000000e-01  6.89873632e+05 
 4.26000000e-01  6.88905897e+05 
 4.27000000e-01  6.87939013e+05 
 4.28000000e-01  6.86972986e+05 
 4.29000000e-01  6.86007822e+05 
 4.30000000e-01  6.85043526e+05 
 4.31000000e-01  6.84080102e+05 
 4.32000000e-01  6.83117556e+05 
 4.33000000e-01  6.82155893e+05 
 4.34000000e-01  6.81195118e+05 
 4.35000000e-01  6.80235234e+05 
 4.36000000e-01  6.79276247e+05 
 4.37000000e-01  6.78318162e+05 
 4.38000000e-01  6.77360983e+05 
 4.39000000e-01  6.76404714e+05 
 4.40000000e-01  6.75449360e+05 
 4.41000000e-01  6.74494925e+05 
 4.42000000e-01  6.73541413e+05 
 4.43000000e-01  6.72588829e+05 
 4.44000000e-01  6.71637176e+05 
 4.45000000e-01  6.70686458e+05 
 4.46000000e-01  6.69736680e+05 
 4.47000000e-01  6.68787845e+05 
 4.48000000e-01  6.67839957e+05 
 4.49000000e-01  6.66893019e+05 
 4.50000000e-01  6.65947036e+05 
 4.51000000e-01  6.65002011e+05 
 4.52000000e-01  6.64057947e+05 
 4.53000000e-01  6.63114848e+05 
 4.54000000e-01  6.62172717e+05 
 4.55000000e-01  6.61231558e+05 
 4.56000000e-01  6.60291373e+05 
 4.57000000e-01  6.59352167e+05 
 4.58000000e-01  6.58413942e+05 
 4.59000000e-01  6.57476701e+05 
 4.60000000e-01  6.56540447e+05 
 4.61000000e-01  6.55605184e+05 
 4.62000000e-01  6.54670913e+05 
 4.63000000e-01  6.53737639e+05 
 4.64000000e-01  6.52805364e+05 
 4.65000000e-01  6.51874090e+05 
 4.66000000e-01  6.50943821e+05 
 4.67000000e-01  6.50014558e+05 
 4.68000000e-01  6.49086305e+05 
 4.69000000e-01  6.48159064e+05 
 4.70000000e-01  6.47232838e+05 
 4.71000000e-01  6.46307629e+05 
 4.72000000e-01  6.45383439e+05 
 4.73000000e-01  6.44460271e+05 
 4.74000000e-01  6.43538127e+05 
 4.75000000e-01  6.42617010e+05 
 4.76000000e-01  6.41696920e+05 
 4.77000000e-01  6.40777862e+05 
 4.78000000e-01  6.39859836e+05 
 4.79000000e-01  6.38942846e+05 
 4.80000000e-01  6.38026892e+05 
 4.81000000e-01  6.37111977e+05 
 4.82000000e-01  6.36198103e+05 
 4.83000000e-01  6.35285272e+05 
 4.84000000e-01  6.34373485e+05 
 4.85000000e-01  6.33462745e+05 
 4.86000000e-01  6.32553052e+05 
 4.87000000e-01  6.31644410e+05 
 4.88000000e-01  6.30736819e+05 
 4.89000000e-01  6.29830282e+05 
 4.90000000e-01  6.28924800e+05 
 4.91000000e-01  6.28020374e+05 
 4.92000000e-01  6.27117006e+05 
 4.93000000e-01  6.26214697e+05 
 4.94000000e-01  6.25313449e+05 
 4.95000000e-01  6.24413264e+05 
 4.96000000e-01  6.23514143e+05 
 4.97000000e-01  6.22616087e+05 
 4.98000000e-01  6.21719097e+05 
 4.99000000e-01  6.20823175e+05 
 5.00000000e-01  6.19928323e+05 
 5.01000000e-01  6.19034540e+05 
 5.02000000e-01  6.18141829e+05 
 5.03000000e-01  6.17250191e+05 
 5.04000000e-01  6.16359626e+05 
 5.05000000e-01  6.15470137e+05 
 5.06000000e-01  6.14581723e+05 
 5.07000000e-01  6.13694386e+05 
 5.08000000e-01  6.12808127e+05 
 5.09000000e-01  6.11922947e+05 
 5.10000000e-01  6.11038847e+05 
 5.11000000e-01  6.10155828e+05 
 5.12000000e-01  6.09273891e+05 
 5.13000000e-01  6.08393036e+05 
 5.14000000e-01  6.07513265e+05 
 5.15000000e-01  6.06634577e+05 
 5.16000000e-01  6.05756975e+05 
 5.17000000e-01  6.04880459e+05 
 5.18000000e-01  6.04005029e+05 
 5.19000000e-01  6.03130686e+05 
 5.20000000e-01  6.02257431e+05 
 5.21000000e-01  6.01385264e+05 
 5.22000000e-01  6.00514187e+05 
 5.23000000e-01  5.99644199e+05 
 5.24000000e-01  5.98775301e+05 
 5.25000000e-01  5.97907495e+05 
 5.26000000e-01  5.97040779e+05 
 5.27000000e-01  5.96175156e+05 
 5.28000000e-01  5.95310625e+05 
 5.29000000e-01  5.94447186e+05 
 5.30000000e-01  5.93584841e+05 
 5.31000000e-01  5.92723589e+05 
 5.32000000e-01  5.91863431e+05 
 5.33000000e-01  5.91004368e+05 
 5.34000000e-01  5.90146400e+05 
 5.35000000e-01  5.89289526e+05 
 5.36000000e-01  5.88433748e+05 
 5.37000000e-01  5.87579065e+05 
 5.38000000e-01  5.86725478e+05 
 5.39000000e-01  5.85872987e+05 
 5.40000000e-01  5.85021593e+05 
 5.41000000e-01  5.84171295e+05 
 5.42000000e-01  5.83322093e+05 
 5.43000000e-01  5.82473989e+05 
 5.44000000e-01  5.81626982e+05 
 5.45000000e-01  5.80781071e+05 
 5.46000000e-01  5.79936258e+05 
 5.47000000e-01  5.79092542e+05 
 5.48000000e-01  5.78249924e+05 
 5.49000000e-01  5.77408402e+05 
 5.50000000e-01  5.76567979e+05 
 5.51000000e-01  5.75728652e+05 
 5.52000000e-01  5.74890424e+05 
 5.53000000e-01  5.74053292e+05 
 5.54000000e-01  5.73217258e+05 
 5.55000000e-01  5.72382322e+05 
 5.56000000e-01  5.71548482e+05 
 5.57000000e-01  5.70715740e+05 
 5.58000000e-01  5.69884095e+05 
 5.59000000e-01  5.69053547e+05 
 5.60000000e-01  5.68224095e+05 
 5.61000000e-01  5.67395740e+05 
 5.62000000e-01  5.66568482e+05 
 5.63000000e-01  5.65742320e+05 
 5.64000000e-01  5.64917255e+05 
 5.65000000e-01  5.64093285e+05 
 5.66000000e-01  5.63270411e+05 
 5.67000000e-01  5.62448632e+05 
 5.68000000e-01  5.61627949e+05 
 5.69000000e-01  5.60808360e+05 
 5.70000000e-01  5.59989867e+05 
 5.71000000e-01  5.59172467e+05 
 5.72000000e-01  5.58356162e+05 
 5.73000000e-01  5.57540950e+05 
 5.74000000e-01  5.56726832e+05 
 5.75000000e-01  5.55913807e+05 
 5.76000000e-01  5.55101875e+05 
 5.77000000e-01  5.54291035e+05 
 5.78000000e-01  5.53481287e+05 
 5.79000000e-01  5.52672631e+05 
 5.80000000e-01  5.51865066e+05 
 5.81000000e-01  5.51058592e+05 
 5.82000000e-01  5.50253208e+05 
 5.83000000e-01  5.49448914e+05 
 5.84000000e-01  5.48645709e+05 
 5.85000000e-01  5.47843594e+05 
 5.86000000e-01  5.47042567e+05 
 5.87000000e-01  5.46242628e+05 
 5.88000000e-01  5.45443776e+05 
 5.89000000e-01  5.44646012e+05 
 5.90000000e-01  5.43849334e+05 
 5.91000000e-01  5.43053742e+05 
 5.92000000e-01  5.42259236e+05 
 5.93000000e-01  5.41465814e+05 
 5.94000000e-01  5.40673477e+05 
 5.95000000e-01  5.39882224e+05 
 5.96000000e-01  5.39092054e+05 
 5.97000000e-01  5.38302966e+05 
 5.98000000e-01  5.37514961e+05 
 5.99000000e-01  5.36728037e+05 
 6.00000000e-01  5.35942193e+05 
 6.01000000e-01  5.35157430e+05 
 6.02000000e-01  5.34373747e+05 
 6.03000000e-01  5.33591143e+05 
 6.04000000e-01  5.32809616e+05 
 6.05000000e-01  5.32029168e+05 
 6.06000000e-01  5.31249796e+05 
 6.07000000e-01  5.30471501e+05 
 6.08000000e-01  5.29694281e+05 
 6.09000000e-01  5.28918136e+05 
 6.10000000e-01  5.28143066e+05 
 6.11000000e-01  5.27369068e+05 
 6.12000000e-01  5.26596144e+05 
 6.13000000e-01  5.25824292e+05 
 6.14000000e-01  5.25053511e+05 
 6.15000000e-01  5.24283800e+05 
 6.16000000e-01  5.23515160e+05 
 6.17000000e-01  5.22747589e+05 
 6.18000000e-01  5.21981085e+05 
 6.19000000e-01  5.21215650e+05 
 6.20000000e-01  5.20451281e+05 
 6.21000000e-01  5.19687978e+05 
 6.22000000e-01  5.18925741e+05 
 6.23000000e-01  5.18164568e+05 
 6.24000000e-01  5.17404459e+05 
 6.25000000e-01  5.16645412e+05 
 6.26000000e-01  5.15887427e+05 
 6.27000000e-01  5.15130504e+05 
 6.28000000e-01  5.14374641e+05 
 6.29000000e-01  5.13619837e+05 
 6.30000000e-01  5.12866093e+05 
 6.31000000e-01  5.12113406e+05 
 6.32000000e-01  5.11361776e+05 
 6.33000000e-01  5.10611202e+05 
 6.34000000e-01  5.09861683e+05 
 6.35000000e-01  5.09113219e+05 
 6.36000000e-01  5.08365809e+05 
 6.37000000e-01  5.07619451e+05 
 6.38000000e-01  5.06874144e+05 
 6.39000000e-01  5.06129889e+05 
 6.40000000e-01  5.05386684e+05 
 6.41000000e-01  5.04644527e+05 
 6.42000000e-01  5.03903419e+05 
 6.43000000e-01  5.03163358e+05 
 6.44000000e-01  5.02424344e+05 
 6.45000000e-01  5.01686375e+05 
 6.46000000e-01  5.00949450e+05 
 6.47000000e-01  5.00213569e+05 
 6.48000000e-01  4.99478730e+05 
 6.49000000e-01  4.98744934e+05 
 6.50000000e-01  4.98012178e+05 
 6.51000000e-01  4.97280461e+05 
 6.52000000e-01  4.96549784e+05 
 6.53000000e-01  4.95820144e+05 
 6.54000000e-01  4.95091542e+05 
 6.55000000e-01  4.94363975e+05 
 6.56000000e-01  4.93637443e+05 
 6.57000000e-01  4.92911946e+05 
 6.58000000e-01  4.92187481e+05 
 6.59000000e-01  4.91464048e+05 
 6.60000000e-01  4.90741646e+05 
 6.61000000e-01  4.90020275e+05 
 6.62000000e-01  4.89299932e+05 
 6.63000000e-01  4.88580618e+05 
 6.64000000e-01  4.87862330e+05 
 6.65000000e-01  4.87145069e+05 
 6.66000000e-01  4.86428833e+05 
 6.67000000e-01  4.85713620e+05 
 6.68000000e-01  4.84999431e+05 
 6.69000000e-01  4.84286263e+05 
 6.70000000e-01  4.83574117e+05 
 6.71000000e-01  4.82862990e+05 
 6.72000000e-01  4.82152883e+05 
 6.73000000e-01  4.81443793e+05 
 6.74000000e-01  4.80735720e+05 
 6.75000000e-01  4.80028663e+05 
 6.76000000e-01  4.79322621e+05 
 6.77000000e-01  4.78617592e+05 
 6.78000000e-01  4.77913576e+05 
 6.79000000e-01  4.77210571e+05 
 6.80000000e-01  4.76508577e+05 
 6.81000000e-01  4.75807593e+05 
 6.82000000e-01  4.75107617e+05 
 6.83000000e-01  4.74408648e+05 
 6.84000000e-01  4.73710685e+05 
 6.85000000e-01  4.73013728e+05 
 6.86000000e-01  4.72317775e+05 
 6.87000000e-01  4.71622825e+05 
 6.88000000e-01  4.70928877e+05 
 6.89000000e-01  4.70235929e+05 
 6.90000000e-01  4.69543982e+05 
 6.91000000e-01  4.68853033e+05 
 6.92000000e-01  4.68163082e+05 
 6.93000000e-01  4.67474128e+05 
 6.94000000e-01  4.66786169e+05 
 6.95000000e-01  4.66099204e+05 
 6.96000000e-01  4.65413233e+05 
 6.97000000e-01  4.64728254e+05 
 6.98000000e-01  4.64044266e+05 
 6.99000000e-01  4.63361268e+05 
 7.00000000e-01  4.62679258e+05 
 7.01000000e-01  4.61998237e+05 
 7.02000000e-01  4.61318202e+05 
 7.03000000e-01  4.60639153e+05 
 7.04000000e-01  4.59961088e+05 
 7.05000000e-01  4.59284006e+05 
 7.06000000e-01  4.58607907e+05 
 7.07000000e-01  4.57932789e+05 
 7.08000000e-01  4.57258650e+05 
 7.09000000e-01  4.56585491e+05 
 7.10000000e-01  4.55913309e+05 
 7.11000000e-01  4.55242104e+05 
 7.12000000e-01  4.54571874e+05 
 7.13000000e-01  4.53902619e+05 
 7.14000000e-01  4.53234337e+05 
 7.15000000e-01  4.52567027e+05 
 7.16000000e-01  4.51900688e+05 
 7.17000000e-01  4.51235318e+05 
 7.18000000e-01  4.50570918e+05 
 7.19000000e-01  4.49907485e+05 
 7.20000000e-01  4.49245018e+05 
 7.21000000e-01  4.48583517e+05 
 7.22000000e-01  4.47922980e+05 
 7.23000000e-01  4.47263405e+05 
 7.24000000e-01  4.46604793e+05 
 7.25000000e-01  4.45947141e+05 
 7.26000000e-01  4.45290449e+05 
 7.27000000e-01  4.44634715e+05 
 7.28000000e-01  4.43979939e+05 
 7.29000000e-01  4.43326118e+05 
 7.30000000e-01  4.42673253e+05 
 7.31000000e-01  4.42021341e+05 
 7.32000000e-01  4.41370382e+05 
 7.33000000e-01  4.40720375e+05 
 7.34000000e-01  4.40071318e+05 
 7.35000000e-01  4.39423210e+05 
 7.36000000e-01  4.38776050e+05 
 7.37000000e-01  4.38129837e+05 
 7.38000000e-01  4.37484570e+05 
 7.39000000e-01  4.36840247e+05 
 7.40000000e-01  4.36196868e+05 
 7.41000000e-01  4.35554431e+05 
 7.42000000e-01  4.34912935e+05 
 7.43000000e-01  4.34272379e+05 
 7.44000000e-01  4.33632761e+05 
 7.45000000e-01  4.32994082e+05 
 7.46000000e-01  4.32356339e+05 
 7.47000000e-01  4.31719531e+05 
 7.48000000e-01  4.31083657e+05 
 7.49000000e-01  4.30448716e+05 
 7.50000000e-01  4.29814707e+05 
 7.51000000e-01  4.29181629e+05 
 7.52000000e-01  4.28549480e+05 
 7.53000000e-01  4.27918259e+05 
 7.54000000e-01  4.27287966e+05 
 7.55000000e-01  4.26658598e+05 
 7.56000000e-01  4.26030155e+05 
 7.57000000e-01  4.25402636e+05 
 7.58000000e-01  4.24776039e+05 
 7.59000000e-01  4.24150364e+05 
 7.60000000e-01  4.23525609e+05 
 7.61000000e-01  4.22901772e+05 
 7.62000000e-01  4.22278854e+05 
 7.63000000e-01  4.21656852e+05 
 7.64000000e-01  4.21035765e+05 
 7.65000000e-01  4.20415593e+05 
 7.66000000e-01  4.19796333e+05 
 7.67000000e-01  4.19177986e+05 
 7.68000000e-01  4.18560550e+05 
 7.69000000e-01  4.17944023e+05 
 7.70000000e-01  4.17328404e+05 
 7.71000000e-01  4.16713693e+05 
 7.72000000e-01  4.16099887e+05 
 7.73000000e-01  4.15486987e+05 
 7.74000000e-01  4.14874990e+05 
 7.75000000e-01  4.14263896e+05 
 7.76000000e-01  4.13653703e+05 
 7.77000000e-01  4.13044411e+05 
 7.78000000e-01  4.12436017e+05 
 7.79000000e-01  4.11828521e+05 
 7.80000000e-01  4.11221922e+05 
 7.81000000e-01  4.10616219e+05 
 7.82000000e-01  4.10011410e+05 
 7.83000000e-01  4.09407494e+05 
 7.84000000e-01  4.08804470e+05 
 7.85000000e-01  4.08202336e+05 
 7.86000000e-01  4.07601093e+05 
 7.87000000e-01  4.07000738e+05 
 7.88000000e-01  4.06401270e+05 
 7.89000000e-01  4.05802688e+05 
 7.90000000e-01  4.05204992e+05 
 7.91000000e-01  4.04608179e+05 
 7.92000000e-01  4.04012248e+05 
 7.93000000e-01  4.03417199e+05 
 7.94000000e-01  4.02823031e+05 
 7.95000000e-01  4.02229741e+05 
 7.96000000e-01  4.01637330e+05 
 7.97000000e-01  4.01045795e+05 
 7.98000000e-01  4.00455136e+05 
 7.99000000e-01  3.99865351e+05 
 8.00000000e-01  3.99276440e+05 
 8.01000000e-01  3.98688400e+05 
 8.02000000e-01  3.98101232e+05 
 8.03000000e-01  3.97514933e+05 
 8.04000000e-01  3.96929503e+05 
 8.05000000e-01  3.96344940e+05 
 8.06000000e-01  3.95761244e+05 
 8.07000000e-01  3.95178412e+05 
 8.08000000e-01  3.94596445e+05 
 8.09000000e-01  3.94015340e+05 
 8.10000000e-01  3.93435097e+05 
 8.11000000e-01  3.92855714e+05 
 8.12000000e-01  3.92277191e+05 
 8.13000000e-01  3.91699526e+05 
 8.14000000e-01  3.91122717e+05 
 8.15000000e-01  3.90546764e+05 
 8.16000000e-01  3.89971666e+05 
 8.17000000e-01  3.89397422e+05 
 8.18000000e-01  3.88824030e+05 
 8.19000000e-01  3.88251488e+05 
 8.20000000e-01  3.87679797e+05 
 8.21000000e-01  3.87108955e+05 
 8.22000000e-01  3.86538960e+05 
 8.23000000e-01  3.85969812e+05 
 8.24000000e-01  3.85401509e+05 
 8.25000000e-01  3.84834050e+05 
 8.26000000e-01  3.84267434e+05 
 8.27000000e-01  3.83701660e+05 
 8.28000000e-01  3.83136727e+05 
 8.29000000e-01  3.82572633e+05 
 8.30000000e-01  3.82009378e+05 
 8.31000000e-01  3.81446960e+05 
 8.32000000e-01  3.80885378e+05 
 8.33000000e-01  3.80324630e+05 
 8.34000000e-01  3.79764717e+05 
 8.35000000e-01  3.79205637e+05 
 8.36000000e-01  3.78647387e+05 
 8.37000000e-01  3.78089968e+05 
 8.38000000e-01  3.77533379e+05 
 8.39000000e-01  3.76977617e+05 
 8.40000000e-01  3.76422682e+05 
 8.41000000e-01  3.75868573e+05 
 8.42000000e-01  3.75315289e+05 
 8.43000000e-01  3.74762828e+05 
 8.44000000e-01  3.74211189e+05 
 8.45000000e-01  3.73660371e+05 
 8.46000000e-01  3.73110374e+05 
 8.47000000e-01  3.72561195e+05 
 8.48000000e-01  3.72012834e+05 
 8.49000000e-01  3.71465290e+05 
 8.50000000e-01  3.70918561e+05 
 8.51000000e-01  3.70372646e+05 
 8.52000000e-01  3.69827545e+05 
 8.53000000e-01  3.69283255e+05 
 8.54000000e-01  3.68739777e+05 
 8.55000000e-01  3.68197108e+05 
 8.56000000e-01  3.67655248e+05 
 8.57000000e-01  3.67114195e+05 
 8.58000000e-01  3.66573948e+05 
 8.59000000e-01  3.66034507e+05 
 8.60000000e-01  3.65495870e+05 
 8.61000000e-01  3.64958036e+05 
 8.62000000e-01  3.64421004e+05 
 8.63000000e-01  3.63884772e+05 
 8.64000000e-01  3.63349340e+05 
 8.65000000e-01  3.62814707e+05 
 8.66000000e-01  3.62280870e+05 
 8.67000000e-01  3.61747830e+05 
 8.68000000e-01  3.61215585e+05 
 8.69000000e-01  3.60684134e+05 
 8.70000000e-01  3.60153476e+05 
 8.71000000e-01  3.59623609e+05 
 8.72000000e-01  3.59094533e+05 
 8.73000000e-01  3.58566247e+05 
 8.74000000e-01  3.58038749e+05 
 8.75000000e-01  3.57512038e+05 
 8.76000000e-01  3.56986113e+05 
 8.77000000e-01  3.56460973e+05 
 8.78000000e-01  3.55936617e+05 
 8.79000000e-01  3.55413044e+05 
 8.80000000e-01  3.54890252e+05 
 8.81000000e-01  3.54368241e+05 
 8.82000000e-01  3.53847009e+05 
 8.83000000e-01  3.53326556e+05 
 8.84000000e-01  3.52806880e+05 
 8.85000000e-01  3.52287979e+05 
 8.86000000e-01  3.51769854e+05 
 8.87000000e-01  3.51252503e+05 
 8.88000000e-01  3.50735925e+05 
 8.89000000e-01  3.50220118e+05 
 8.90000000e-01  3.49705081e+05 
 8.91000000e-01  3.49190815e+05 
 8.92000000e-01  3.48677316e+05 
 8.93000000e-01  3.48164585e+05 
 8.94000000e-01  3.47652620e+05 
 8.95000000e-01  3.47141420e+05 
 8.96000000e-01  3.46630984e+05 
 8.97000000e-01  3.46121311e+05 
 8.98000000e-01  3.45612399e+05 
 8.99000000e-01  3.45104248e+05 
 9.00000000e-01  3.44596857e+05 
 9.01000000e-01  3.44090224e+05 
 9.02000000e-01  3.43584349e+05 
 9.03000000e-01  3.43079230e+05 
 9.04000000e-01  3.42574866e+05 
 9.05000000e-01  3.42071257e+05 
 9.06000000e-01  3.41568400e+05 
 9.07000000e-01  3.41066296e+05 
 9.08000000e-01  3.40564942e+05 
 9.09000000e-01  3.40064338e+05 
 9.10000000e-01  3.39564483e+05 
 9.11000000e-01  3.39065375e+05 
 9.12000000e-01  3.38567014e+05 
 9.13000000e-01  3.38069398e+05 
 9.14000000e-01  3.37572527e+05 
 9.15000000e-01  3.37076399e+05 
 9.16000000e-01  3.36581013e+05 
 9.17000000e-01  3.36086369e+05 
 9.18000000e-01  3.35592465e+05 
 9.19000000e-01  3.35099299e+05 
 9.20000000e-01  3.34606872e+05 
 9.21000000e-01  3.34115181e+05 
 9.22000000e-01  3.33624226e+05 
 9.23000000e-01  3.33134006e+05 
 9.24000000e-01  3.32644520e+05 
 9.25000000e-01  3.32155766e+05 
 9.26000000e-01  3.31667744e+05 
 9.27000000e-01  3.31180452e+05 
 9.28000000e-01  3.30693890e+05 
 9.29000000e-01  3.30208056e+05 
 9.30000000e-01  3.29722949e+05 
 9.31000000e-01  3.29238569e+05 
 9.32000000e-01  3.28754914e+05 
 9.33000000e-01  3.28271982e+05 
 9.34000000e-01  3.27789774e+05 
 9.35000000e-01  3.27308288e+05 
 9.36000000e-01  3.26827523e+05 
 9.37000000e-01  3.26347478e+05 
 9.38000000e-01  3.25868152e+05 
 9.39000000e-01  3.25389543e+05 
 9.40000000e-01  3.24911652e+05 
 9.41000000e-01  3.24434476e+05 
 9.42000000e-01  3.23958014e+05 
 9.43000000e-01  3.23482266e+05 
 9.44000000e-01  3.23007231e+05 
 9.45000000e-01  3.22532908e+05 
 9.46000000e-01  3.22059295e+05 
 9.47000000e-01  3.21586391e+05 
 9.48000000e-01  3.21114196e+05 
 9.49000000e-01  3.20642708e+05 
 9.50000000e-01  3.20171926e+05 
 9.51000000e-01  3.19701850e+05 
 9.52000000e-01  3.19232478e+05 
 9.53000000e-01  3.18763809e+05 
 9.54000000e-01  3.18295843e+05 
 9.55000000e-01  3.17828578e+05 
 9.56000000e-01  3.17362013e+05 
 9.57000000e-01  3.16896146e+05 
 9.58000000e-01  3.16430979e+05 
 9.59000000e-01  3.15966508e+05 
 9.60000000e-01  3.15502733e+05 
 9.61000000e-01  3.15039653e+05 
 9.62000000e-01  3.14577267e+05 
 9.63000000e-01  3.14115575e+05 
 9.64000000e-01  3.13654574e+05 
 9.65000000e-01  3.13194264e+05 
 9.66000000e-01  3.12734644e+05 
 9.67000000e-01  3.12275713e+05 
 9.68000000e-01  3.11817470e+05 
 9.69000000e-01  3.11359913e+05 
 9.70000000e-01  3.10903043e+05 
 9.71000000e-01  3.10446857e+05 
 9.72000000e-01  3.09991356e+05 
 9.73000000e-01  3.09536537e+05 
 9.74000000e-01  3.09082400e+05 
 9.75000000e-01  3.08628944e+05 
 9.76000000e-01  3.08176167e+05 
 9.77000000e-01  3.07724070e+05 
 9.78000000e-01  3.07272650e+05 
 9.79000000e-01  3.06821907e+05 
 9.80000000e-01  3.06371840e+05 
 9.81000000e-01  3.05922448e+05 
 9.82000000e-01  3.05473729e+05 
 9.83000000e-01  3.05025683e+05 
 9.84000000e-01  3.04578310e+05 
 9.85000000e-01  3.04131607e+05 
 9.86000000e-01  3.03685573e+05 
 9.87000000e-01  3.03240209e+05 
 9.88000000e-01  3.02795513e+05 
 9.89000000e-01  3.02351483e+05 
 9.90000000e-01  3.01908119e+05 
 9.91000000e-01  3.01465420e+05 
 9.92000000e-01  3.01023386e+05 
 9.93000000e-01  3.00582014e+05 
 9.94000000e-01  3.00141304e+05 
 9.95000000e-01  2.99701255e+05 
 9.96000000e-01  2.99261865e+05 
 9.97000000e-01  2.98823135e+05 
 9.98000000e-01  2.98385063e+05 
 9.99000000e-01  2.97947648e+05 
 1.00000000e+00  2.97510889e+05 
 1.00100000e+00  2.97074786e+05 
 1.00200000e+00  2.96639336e+05 
 1.00300000e+00  2.96204539e+05 
 1.00400000e+00  2.95770395e+05 
 1.00500000e+00  2.95336902e+05 
 1.00600000e+00  2.94904059e+05 
 1.00700000e+00  2.94471865e+05 
 1.00800000e+00  2.94040320e+05 
 1.00900000e+00  2.93609422e+05 
 1.01000000e+00  2.93179170e+05 
 1.01100000e+00  2.92749564e+05 
 1.01200000e+00  2.92320603e+05 
 1.01300000e+00  2.91892285e+05 
 1.01400000e+00  2.91464609e+05 
 1.01500000e+00  2.91037575e+05 
 1.01600000e+00  2.90611182e+05 
 1.01700000e+00  2.90185428e+05 
 1.01800000e+00  2.89760313e+05 
 1.01900000e+00  2.89335836e+05 
 1.02000000e+00  2.88911995e+05 
 1.02100000e+00  2.88488791e+05 
 1.02200000e+00  2.88066221e+05 
 1.02300000e+00  2.87644286e+05 
 1.02400000e+00  2.87222983e+05 
 1.02500000e+00  2.86802313e+05 
 1.02600000e+00  2.86382274e+05 
 1.02700000e+00  2.85962865e+05 
 1.02800000e+00  2.85544085e+05 
 1.02900000e+00  2.85125933e+05 
 1.03000000e+00  2.84708409e+05 
 1.03100000e+00  2.84291512e+05 
 1.03200000e+00  2.83875240e+05 
 1.03300000e+00  2.83459592e+05 
 1.03400000e+00  2.83044568e+05 
 1.03500000e+00  2.82630167e+05 
 1.03600000e+00  2.82216388e+05 
 1.03700000e+00  2.81803229e+05 
 1.03800000e+00  2.81390691e+05 
 1.03900000e+00  2.80978771e+05 
 1.04000000e+00  2.80567470e+05 
 1.04100000e+00  2.80156786e+05 
 1.04200000e+00  2.79746717e+05 
 1.04300000e+00  2.79337265e+05 
 1.04400000e+00  2.78928426e+05 
 1.04500000e+00  2.78520202e+05 
 1.04600000e+00  2.78112589e+05 
 1.04700000e+00  2.77705589e+05 
 1.04800000e+00  2.77299199e+05 
 1.04900000e+00  2.76893418e+05 
 1.05000000e+00  2.76488247e+05 
 1.05100000e+00  2.76083684e+05 
 1.05200000e+00  2.75679728e+05 
 1.05300000e+00  2.75276378e+05 
 1.05400000e+00  2.74873633e+05 
 1.05500000e+00  2.74471492e+05 
 1.05600000e+00  2.74069955e+05 
 1.05700000e+00  2.73669021e+05 
 1.05800000e+00  2.73268688e+05 
 1.05900000e+00  2.72868956e+05 
 1.06000000e+00  2.72469824e+05 
 1.06100000e+00  2.72071291e+05 
 1.06200000e+00  2.71673355e+05 
 1.06300000e+00  2.71276017e+05 
 1.06400000e+00  2.70879275e+05 
 1.06500000e+00  2.70483129e+05 
 1.06600000e+00  2.70087577e+05 
 1.06700000e+00  2.69692618e+05 
 1.06800000e+00  2.69298252e+05 
 1.06900000e+00  2.68904478e+05 
 1.07000000e+00  2.68511295e+05 
 1.07100000e+00  2.68118702e+05 
 1.07200000e+00  2.67726698e+05 
 1.07300000e+00  2.67335282e+05 
 1.07400000e+00  2.66944453e+05 
 1.07500000e+00  2.66554211e+05 
 1.07600000e+00  2.66164555e+05 
 1.07700000e+00  2.65775483e+05 
 1.07800000e+00  2.65386995e+05 
 1.07900000e+00  2.64999090e+05 
 1.08000000e+00  2.64611767e+05 
 1.08100000e+00  2.64225026e+05 
 1.08200000e+00  2.63838864e+05 
 1.08300000e+00  2.63453283e+05 
 1.08400000e+00  2.63068279e+05 
 1.08500000e+00  2.62683854e+05 
 1.08600000e+00  2.62300005e+05 
 1.08700000e+00  2.61916732e+05 
 1.08800000e+00  2.61534034e+05 
 1.08900000e+00  2.61151911e+05 
 1.09000000e+00  2.60770361e+05 
 1.09100000e+00  2.60389384e+05 
 1.09200000e+00  2.60008978e+05 
 1.09300000e+00  2.59629143e+05 
 1.09400000e+00  2.59249878e+05 
 1.09500000e+00  2.58871181e+05 
 1.09600000e+00  2.58493054e+05 
 1.09700000e+00  2.58115493e+05 
 1.09800000e+00  2.57738499e+05 
 1.09900000e+00  2.57362071e+05 
 1.10000000e+00  2.56986208e+05 
 1.10100000e+00  2.56610908e+05 
 1.10200000e+00  2.56236172e+05 
 1.10300000e+00  2.55861998e+05 
 1.10400000e+00  2.55488385e+05 
 1.10500000e+00  2.55115333e+05 
 1.10600000e+00  2.54742840e+05 
 1.10700000e+00  2.54370907e+05 
 1.10800000e+00  2.53999531e+05 
 1.10900000e+00  2.53628713e+05 
 1.11000000e+00  2.53258451e+05 
 1.11100000e+00  2.52888744e+05 
 1.11200000e+00  2.52519593e+05 
 1.11300000e+00  2.52150995e+05 
 1.11400000e+00  2.51782950e+05 
 1.11500000e+00  2.51415457e+05 
 1.11600000e+00  2.51048516e+05 
 1.11700000e+00  2.50682125e+05 
 1.11800000e+00  2.50316284e+05 
 1.11900000e+00  2.49950991e+05 
 1.12000000e+00  2.49586247e+05 
 1.12100000e+00  2.49222050e+05 
 1.12200000e+00  2.48858399e+05 
 1.12300000e+00  2.48495294e+05 
 1.12400000e+00  2.48132733e+05 
 1.12500000e+00  2.47770717e+05 
 1.12600000e+00  2.47409243e+05 
 1.12700000e+00  2.47048312e+05 
 1.12800000e+00  2.46687922e+05 
 1.12900000e+00  2.46328073e+05 
 1.13000000e+00  2.45968764e+05 
 1.13100000e+00  2.45609994e+05 
 1.13200000e+00  2.45251761e+05 
 1.13300000e+00  2.44894067e+05 
 1.13400000e+00  2.44536908e+05 
 1.13500000e+00  2.44180286e+05 
 1.13600000e+00  2.43824198e+05 
 1.13700000e+00  2.43468645e+05 
 1.13800000e+00  2.43113625e+05 
 1.13900000e+00  2.42759137e+05 
 1.14000000e+00  2.42405181e+05 
 1.14100000e+00  2.42051756e+05 
 1.14200000e+00  2.41698862e+05 
 1.14300000e+00  2.41346496e+05 
 1.14400000e+00  2.40994659e+05 
 1.14500000e+00  2.40643350e+05 
 1.14600000e+00  2.40292567e+05 
 1.14700000e+00  2.39942311e+05 
 1.14800000e+00  2.39592580e+05 
 1.14900000e+00  2.39243374e+05 
 1.15000000e+00  2.38894691e+05 
 1.15100000e+00  2.38546531e+05 
 1.15200000e+00  2.38198894e+05 
 1.15300000e+00  2.37851777e+05 
 1.15400000e+00  2.37505182e+05 
 1.15500000e+00  2.37159106e+05 
 1.15600000e+00  2.36813549e+05 
 1.15700000e+00  2.36468510e+05 
 1.15800000e+00  2.36123989e+05 
 1.15900000e+00  2.35779985e+05 
 1.16000000e+00  2.35436496e+05 
 1.16100000e+00  2.35093523e+05 
 1.16200000e+00  2.34751063e+05 
 1.16300000e+00  2.34409118e+05 
 1.16400000e+00  2.34067685e+05 
 1.16500000e+00  2.33726764e+05 
 1.16600000e+00  2.33386354e+05 
 1.16700000e+00  2.33046455e+05 
 1.16800000e+00  2.32707065e+05 
 1.16900000e+00  2.32368184e+05 
 1.17000000e+00  2.32029812e+05 
 1.17100000e+00  2.31691946e+05 
 1.17200000e+00  2.31354588e+05 
 1.17300000e+00  2.31017735e+05 
 1.17400000e+00  2.30681387e+05 
 1.17500000e+00  2.30345543e+05 
 1.17600000e+00  2.30010203e+05 
 1.17700000e+00  2.29675366e+05 
 1.17800000e+00  2.29341031e+05 
 1.17900000e+00  2.29007197e+05 
 1.18000000e+00  2.28673864e+05 
 1.18100000e+00  2.28341030e+05 
 1.18200000e+00  2.28008695e+05 
 1.18300000e+00  2.27676859e+05 
 1.18400000e+00  2.27345519e+05 
 1.18500000e+00  2.27014677e+05 
 1.18600000e+00  2.26684331e+05 
 1.18700000e+00  2.26354480e+05 
 1.18800000e+00  2.26025123e+05 
 1.18900000e+00  2.25696260e+05 
 1.19000000e+00  2.25367890e+05 
 1.19100000e+00  2.25040012e+05 
 1.19200000e+00  2.24712626e+05 
 1.19300000e+00  2.24385730e+05 
 1.19400000e+00  2.24059324e+05 
 1.19500000e+00  2.23733408e+05 
 1.19600000e+00  2.23407980e+05 
 1.19700000e+00  2.23083040e+05 
 1.19800000e+00  2.22758587e+05 
 1.19900000e+00  2.22434620e+05 
 1.20000000e+00  2.22111139e+05 
 1.20100000e+00  2.21788143e+05 
 1.20200000e+00  2.21465630e+05 
 1.20300000e+00  2.21143601e+05 
 1.20400000e+00  2.20822055e+05 
 1.20500000e+00  2.20500991e+05 
 1.20600000e+00  2.20180407e+05 
 1.20700000e+00  2.19860304e+05 
 1.20800000e+00  2.19540681e+05 
 1.20900000e+00  2.19221537e+05 
 1.21000000e+00  2.18902871e+05 
 1.21100000e+00  2.18584683e+05 
 1.21200000e+00  2.18266971e+05 
 1.21300000e+00  2.17949736e+05 
 1.21400000e+00  2.17632976e+05 
 1.21500000e+00  2.17316690e+05 
 1.21600000e+00  2.17000879e+05 
 1.21700000e+00  2.16685540e+05 
 1.21800000e+00  2.16370674e+05 
 1.21900000e+00  2.16056280e+05 
 1.22000000e+00  2.15742357e+05 
 1.22100000e+00  2.15428904e+05 
 1.22200000e+00  2.15115921e+05 
 1.22300000e+00  2.14803407e+05 
 1.22400000e+00  2.14491361e+05 
 1.22500000e+00  2.14179783e+05 
 1.22600000e+00  2.13868671e+05 
 1.22700000e+00  2.13558026e+05 
 1.22800000e+00  2.13247846e+05 
 1.22900000e+00  2.12938130e+05 
 1.23000000e+00  2.12628879e+05 
 1.23100000e+00  2.12320090e+05 
 1.23200000e+00  2.12011765e+05 
 1.23300000e+00  2.11703901e+05 
 1.23400000e+00  2.11396498e+05 
 1.23500000e+00  2.11089556e+05 
 1.23600000e+00  2.10783074e+05 
 1.23700000e+00  2.10477050e+05 
 1.23800000e+00  2.10171485e+05 
 1.23900000e+00  2.09866378e+05 
 1.24000000e+00  2.09561728e+05 
 1.24100000e+00  2.09257534e+05 
 1.24200000e+00  2.08953795e+05 
 1.24300000e+00  2.08650512e+05 
 1.24400000e+00  2.08347683e+05 
 1.24500000e+00  2.08045307e+05 
 1.24600000e+00  2.07743384e+05 
 1.24700000e+00  2.07441914e+05 
 1.24800000e+00  2.07140894e+05 
 1.24900000e+00  2.06840326e+05 
 1.25000000e+00  2.06540208e+05 
 1.25100000e+00  2.06240539e+05 
 1.25200000e+00  2.05941319e+05 
 1.25300000e+00  2.05642547e+05 
 1.25400000e+00  2.05344222e+05 
 1.25500000e+00  2.05046344e+05 
 1.25600000e+00  2.04748912e+05 
 1.25700000e+00  2.04451926e+05 
 1.25800000e+00  2.04155384e+05 
 1.25900000e+00  2.03859286e+05 
 1.26000000e+00  2.03563632e+05 
 1.26100000e+00  2.03268420e+05 
 1.26200000e+00  2.02973650e+05 
 1.26300000e+00  2.02679322e+05 
 1.26400000e+00  2.02385434e+05 
 1.26500000e+00  2.02091986e+05 
 1.26600000e+00  2.01798978e+05 
 1.26700000e+00  2.01506408e+05 
 1.26800000e+00  2.01214276e+05 
 1.26900000e+00  2.00922582e+05 
 1.27000000e+00  2.00631324e+05 
 1.27100000e+00  2.00340502e+05 
 1.27200000e+00  2.00050116e+05 
 1.27300000e+00  1.99760164e+05 
 1.27400000e+00  1.99470646e+05 
 1.27500000e+00  1.99181562e+05 
 1.27600000e+00  1.98892910e+05 
 1.27700000e+00  1.98604691e+05 
 1.27800000e+00  1.98316902e+05 
 1.27900000e+00  1.98029545e+05 
 1.28000000e+00  1.97742618e+05 
 1.28100000e+00  1.97456120e+05 
 1.28200000e+00  1.97170051e+05 
 1.28300000e+00  1.96884410e+05 
 1.28400000e+00  1.96599196e+05 
 1.28500000e+00  1.96314410e+05 
 1.28600000e+00  1.96030049e+05 
 1.28700000e+00  1.95746115e+05 
 1.28800000e+00  1.95462605e+05 
 1.28900000e+00  1.95179519e+05 
 1.29000000e+00  1.94896857e+05 
 1.29100000e+00  1.94614618e+05 
 1.29200000e+00  1.94332801e+05 
 1.29300000e+00  1.94051406e+05 
 1.29400000e+00  1.93770432e+05 
 1.29500000e+00  1.93489879e+05 
 1.29600000e+00  1.93209745e+05 
 1.29700000e+00  1.92930031e+05 
 1.29800000e+00  1.92650735e+05 
 1.29900000e+00  1.92371857e+05 
 1.30000000e+00  1.92093396e+05 
 1.30100000e+00  1.91815352e+05 
 1.30200000e+00  1.91537723e+05 
 1.30300000e+00  1.91260510e+05 
 1.30400000e+00  1.90983712e+05 
 1.30500000e+00  1.90707328e+05 
 1.30600000e+00  1.90431358e+05 
 1.30700000e+00  1.90155800e+05 
 1.30800000e+00  1.89880655e+05 
 1.30900000e+00  1.89605921e+05 
 1.31000000e+00  1.89331598e+05 
 1.31100000e+00  1.89057685e+05 
 1.31200000e+00  1.88784182e+05 
 1.31300000e+00  1.88511089e+05 
 1.31400000e+00  1.88238403e+05 
 1.31500000e+00  1.87966126e+05 
 1.31600000e+00  1.87694256e+05 
 1.31700000e+00  1.87422793e+05 
 1.31800000e+00  1.87151735e+05 
 1.31900000e+00  1.86881083e+05 
 1.32000000e+00  1.86610836e+05 
 1.32100000e+00  1.86340993e+05 
 1.32200000e+00  1.86071553e+05 
 1.32300000e+00  1.85802517e+05 
 1.32400000e+00  1.85533883e+05 
 1.32500000e+00  1.85265650e+05 
 1.32600000e+00  1.84997819e+05 
 1.32700000e+00  1.84730388e+05 
 1.32800000e+00  1.84463358e+05 
 1.32900000e+00  1.84196726e+05 
 1.33000000e+00  1.83930493e+05 
 1.33100000e+00  1.83664658e+05 
 1.33200000e+00  1.83399221e+05 
 1.33300000e+00  1.83134181e+05 
 1.33400000e+00  1.82869537e+05 
 1.33500000e+00  1.82605289e+05 
 1.33600000e+00  1.82341435e+05 
 1.33700000e+00  1.82077977e+05 
 1.33800000e+00  1.81814912e+05 
 1.33900000e+00  1.81552240e+05 
 1.34000000e+00  1.81289962e+05 
 1.34100000e+00  1.81028075e+05 
 1.34200000e+00  1.80766580e+05 
 1.34300000e+00  1.80505476e+05 
 1.34400000e+00  1.80244762e+05 
 1.34500000e+00  1.79984438e+05 
 1.34600000e+00  1.79724503e+05 
 1.34700000e+00  1.79464956e+05 
 1.34800000e+00  1.79205798e+05 
 1.34900000e+00  1.78947027e+05 
 1.35000000e+00  1.78688643e+05 
 1.35100000e+00  1.78430645e+05 
 1.35200000e+00  1.78173032e+05 
 1.35300000e+00  1.77915805e+05 
 1.35400000e+00  1.77658962e+05 
 1.35500000e+00  1.77402503e+05 
 1.35600000e+00  1.77146428e+05 
 1.35700000e+00  1.76890735e+05 
 1.35800000e+00  1.76635424e+05 
 1.35900000e+00  1.76380495e+05 
 1.36000000e+00  1.76125947e+05 
 1.36100000e+00  1.75871779e+05 
 1.36200000e+00  1.75617991e+05 
 1.36300000e+00  1.75364582e+05 
 1.36400000e+00  1.75111552e+05 
 1.36500000e+00  1.74858900e+05 
 1.36600000e+00  1.74606626e+05 
 1.36700000e+00  1.74354729e+05 
 1.36800000e+00  1.74103208e+05 
 1.36900000e+00  1.73852063e+05 
 1.37000000e+00  1.73601293e+05 
 1.37100000e+00  1.73350898e+05 
 1.37200000e+00  1.73100877e+05 
 1.37300000e+00  1.72851230e+05 
 1.37400000e+00  1.72601955e+05 
 1.37500000e+00  1.72353053e+05 
 1.37600000e+00  1.72104523e+05 
 1.37700000e+00  1.71856365e+05 
 1.37800000e+00  1.71608577e+05 
 1.37900000e+00  1.71361159e+05 
 1.38000000e+00  1.71114111e+05 
 1.38100000e+00  1.70867431e+05 
 1.38200000e+00  1.70621121e+05 
 1.38300000e+00  1.70375178e+05 
 1.38400000e+00  1.70129603e+05 
 1.38500000e+00  1.69884395e+05 
 1.38600000e+00  1.69639552e+05 
 1.38700000e+00  1.69395076e+05 
 1.38800000e+00  1.69150965e+05 
 1.38900000e+00  1.68907218e+05 
 1.39000000e+00  1.68663836e+05 
 1.39100000e+00  1.68420817e+05 
 1.39200000e+00  1.68178161e+05 
 1.39300000e+00  1.67935867e+05 
 1.39400000e+00  1.67693936e+05 
 1.39500000e+00  1.67452365e+05 
 1.39600000e+00  1.67211156e+05 
 1.39700000e+00  1.66970307e+05 
 1.39800000e+00  1.66729817e+05 
 1.39900000e+00  1.66489687e+05 
 1.40000000e+00  1.66249915e+05 
 1.40100000e+00  1.66010501e+05 
 1.40200000e+00  1.65771445e+05 
 1.40300000e+00  1.65532746e+05 
 1.40400000e+00  1.65294403e+05 
 1.40500000e+00  1.65056416e+05 
 1.40600000e+00  1.64818784e+05 
 1.40700000e+00  1.64581508e+05 
 1.40800000e+00  1.64344585e+05 
 1.40900000e+00  1.64108017e+05 
 1.41000000e+00  1.63871801e+05 
 1.41100000e+00  1.63635939e+05 
 1.41200000e+00  1.63400428e+05 
 1.41300000e+00  1.63165269e+05 
 1.41400000e+00  1.62930462e+05 
 1.41500000e+00  1.62696004e+05 
 1.41600000e+00  1.62461897e+05 
 1.41700000e+00  1.62228140e+05 
 1.41800000e+00  1.61994731e+05 
 1.41900000e+00  1.61761671e+05 
 1.42000000e+00  1.61528958e+05 
 1.42100000e+00  1.61296593e+05 
 1.42200000e+00  1.61064575e+05 
 1.42300000e+00  1.60832904e+05 
 1.42400000e+00  1.60601578e+05 
 1.42500000e+00  1.60370597e+05 
 1.42600000e+00  1.60139962e+05 
 1.42700000e+00  1.59909670e+05 
 1.42800000e+00  1.59679722e+05 
 1.42900000e+00  1.59450118e+05 
 1.43000000e+00  1.59220856e+05 
 1.43100000e+00  1.58991937e+05 
 1.43200000e+00  1.58763359e+05 
 1.43300000e+00  1.58535122e+05 
 1.43400000e+00  1.58307226e+05 
 1.43500000e+00  1.58079670e+05 
 1.43600000e+00  1.57852453e+05 
 1.43700000e+00  1.57625576e+05 
 1.43800000e+00  1.57399037e+05 
 1.43900000e+00  1.57172837e+05 
 1.44000000e+00  1.56946974e+05 
 1.44100000e+00  1.56721448e+05 
 1.44200000e+00  1.56496258e+05 
 1.44300000e+00  1.56271405e+05 
 1.44400000e+00  1.56046887e+05 
 1.44500000e+00  1.55822704e+05 
 1.44600000e+00  1.55598856e+05 
 1.44700000e+00  1.55375342e+05 
 1.44800000e+00  1.55152161e+05 
 1.44900000e+00  1.54929313e+05 
 1.45000000e+00  1.54706798e+05 
 1.45100000e+00  1.54484615e+05 
 1.45200000e+00  1.54262763e+05 
 1.45300000e+00  1.54041242e+05 
 1.45400000e+00  1.53820052e+05 
 1.45500000e+00  1.53599192e+05 
 1.45600000e+00  1.53378661e+05 
 1.45700000e+00  1.53158459e+05 
 1.45800000e+00  1.52938586e+05 
 1.45900000e+00  1.52719041e+05 
 1.46000000e+00  1.52499823e+05 
 1.46100000e+00  1.52280933e+05 
 1.46200000e+00  1.52062369e+05 
 1.46300000e+00  1.51844131e+05 
 1.46400000e+00  1.51626218e+05 
 1.46500000e+00  1.51408631e+05 
 1.46600000e+00  1.51191368e+05 
 1.46700000e+00  1.50974429e+05 
 1.46800000e+00  1.50757814e+05 
 1.46900000e+00  1.50541522e+05 
 1.47000000e+00  1.50325552e+05 
 1.47100000e+00  1.50109905e+05 
 1.47200000e+00  1.49894579e+05 
 1.47300000e+00  1.49679575e+05 
 1.47400000e+00  1.49464891e+05 
 1.47500000e+00  1.49250527e+05 
 1.47600000e+00  1.49036483e+05 
 1.47700000e+00  1.48822759e+05 
 1.47800000e+00  1.48609353e+05 
 1.47900000e+00  1.48396265e+05 
 1.48000000e+00  1.48183495e+05 
 1.48100000e+00  1.47971042e+05 
 1.48200000e+00  1.47758907e+05 
 1.48300000e+00  1.47547087e+05 
 1.48400000e+00  1.47335584e+05 
 1.48500000e+00  1.47124395e+05 
 1.48600000e+00  1.46913522e+05 
 1.48700000e+00  1.46702963e+05 
 1.48800000e+00  1.46492719e+05 
 1.48900000e+00  1.46282787e+05 
 1.49000000e+00  1.46073169e+05 
 1.49100000e+00  1.45863863e+05 
 1.49200000e+00  1.45654869e+05 
 1.49300000e+00  1.45446187e+05 
 1.49400000e+00  1.45237817e+05 
 1.49500000e+00  1.45029756e+05 
 1.49600000e+00  1.44822006e+05 
 1.49700000e+00  1.44614566e+05 
 1.49800000e+00  1.44407435e+05 
 1.49900000e+00  1.44200613e+05 
 1.50000000e+00  1.43994099e+05 
 1.50100000e+00  1.43787893e+05 
 1.50200000e+00  1.43581994e+05 
 1.50300000e+00  1.43376403e+05 
 1.50400000e+00  1.43171118e+05 
 1.50500000e+00  1.42966139e+05 
 1.50600000e+00  1.42761465e+05 
 1.50700000e+00  1.42557097e+05 
 1.50800000e+00  1.42353033e+05 
 1.50900000e+00  1.42149273e+05 
 1.51000000e+00  1.41945817e+05 
 1.51100000e+00  1.41742665e+05 
 1.51200000e+00  1.41539815e+05 
 1.51300000e+00  1.41337268e+05 
 1.51400000e+00  1.41135022e+05 
 1.51500000e+00  1.40933078e+05 
 1.51600000e+00  1.40731435e+05 
 1.51700000e+00  1.40530092e+05 
 1.51800000e+00  1.40329050e+05 
 1.51900000e+00  1.40128307e+05 
 1.52000000e+00  1.39927864e+05 
 1.52100000e+00  1.39727719e+05 
 1.52200000e+00  1.39527872e+05 
 1.52300000e+00  1.39328323e+05 
 1.52400000e+00  1.39129072e+05 
 1.52500000e+00  1.38930117e+05 
 1.52600000e+00  1.38731460e+05 
 1.52700000e+00  1.38533098e+05 
 1.52800000e+00  1.38335031e+05 
 1.52900000e+00  1.38137260e+05 
 1.53000000e+00  1.37939784e+05 
 1.53100000e+00  1.37742602e+05 
 1.53200000e+00  1.37545713e+05 
 1.53300000e+00  1.37349118e+05 
 1.53400000e+00  1.37152816e+05 
 1.53500000e+00  1.36956807e+05 
 1.53600000e+00  1.36761090e+05 
 1.53700000e+00  1.36565664e+05 
 1.53800000e+00  1.36370529e+05 
 1.53900000e+00  1.36175685e+05 
 1.54000000e+00  1.35981132e+05 
 1.54100000e+00  1.35786868e+05 
 1.54200000e+00  1.35592894e+05 
 1.54300000e+00  1.35399209e+05 
 1.54400000e+00  1.35205812e+05 
 1.54500000e+00  1.35012703e+05 
 1.54600000e+00  1.34819882e+05 
 1.54700000e+00  1.34627349e+05 
 1.54800000e+00  1.34435102e+05 
 1.54900000e+00  1.34243142e+05 
 1.55000000e+00  1.34051467e+05 
 1.55100000e+00  1.33860079e+05 
 1.55200000e+00  1.33668975e+05 
 1.55300000e+00  1.33478156e+05 
 1.55400000e+00  1.33287621e+05 
 1.55500000e+00  1.33097370e+05 
 1.55600000e+00  1.32907402e+05 
 1.55700000e+00  1.32717718e+05 
 1.55800000e+00  1.32528316e+05 
 1.55900000e+00  1.32339196e+05 
 1.56000000e+00  1.32150358e+05 
 1.56100000e+00  1.31961801e+05 
 1.56200000e+00  1.31773525e+05 
 1.56300000e+00  1.31585529e+05 
 1.56400000e+00  1.31397813e+05 
 1.56500000e+00  1.31210377e+05 
 1.56600000e+00  1.31023220e+05 
 1.56700000e+00  1.30836342e+05 
 1.56800000e+00  1.30649743e+05 
 1.56900000e+00  1.30463421e+05 
 1.57000000e+00  1.30277376e+05 
 1.57100000e+00  1.30091609e+05 
 1.57200000e+00  1.29906118e+05 
 1.57300000e+00  1.29720904e+05 
 1.57400000e+00  1.29535965e+05 
 1.57500000e+00  1.29351302e+05 
 1.57600000e+00  1.29166914e+05 
 1.57700000e+00  1.28982801e+05 
 1.57800000e+00  1.28798961e+05 
 1.57900000e+00  1.28615396e+05 
 1.58000000e+00  1.28432103e+05 
 1.58100000e+00  1.28249084e+05 
 1.58200000e+00  1.28066337e+05 
 1.58300000e+00  1.27883863e+05 
 1.58400000e+00  1.27701660e+05 
 1.58500000e+00  1.27519728e+05 
 1.58600000e+00  1.27338067e+05 
 1.58700000e+00  1.27156677e+05 
 1.58800000e+00  1.26975557e+05 
 1.58900000e+00  1.26794707e+05 
 1.59000000e+00  1.26614125e+05 
 1.59100000e+00  1.26433813e+05 
 1.59200000e+00  1.26253769e+05 
 1.59300000e+00  1.26073993e+05 
 1.59400000e+00  1.25894485e+05 
 1.59500000e+00  1.25715244e+05 
 1.59600000e+00  1.25536270e+05 
 1.59700000e+00  1.25357563e+05 
 1.59800000e+00  1.25179121e+05 
 1.59900000e+00  1.25000946e+05 
 1.60000000e+00  1.24823035e+05 
 1.60100000e+00  1.24645389e+05 
 1.60200000e+00  1.24468008e+05 
 1.60300000e+00  1.24290891e+05 
 1.60400000e+00  1.24114037e+05 
 1.60500000e+00  1.23937447e+05 
 1.60600000e+00  1.23761120e+05 
 1.60700000e+00  1.23585055e+05 
 1.60800000e+00  1.23409252e+05 
 1.60900000e+00  1.23233711e+05 
 1.61000000e+00  1.23058432e+05 
 1.61100000e+00  1.22883413e+05 
 1.61200000e+00  1.22708654e+05 
 1.61300000e+00  1.22534156e+05 
 1.61400000e+00  1.22359918e+05 
 1.61500000e+00  1.22185939e+05 
 1.61600000e+00  1.22012219e+05 
 1.61700000e+00  1.21838757e+05 
 1.61800000e+00  1.21665554e+05 
 1.61900000e+00  1.21492608e+05 
 1.62000000e+00  1.21319920e+05 
 1.62100000e+00  1.21147489e+05 
 1.62200000e+00  1.20975315e+05 
 1.62300000e+00  1.20803396e+05 
 1.62400000e+00  1.20631734e+05 
 1.62500000e+00  1.20460327e+05 
 1.62600000e+00  1.20289175e+05 
 1.62700000e+00  1.20118278e+05 
 1.62800000e+00  1.19947636e+05 
 1.62900000e+00  1.19777247e+05 
 1.63000000e+00  1.19607112e+05 
 1.63100000e+00  1.19437230e+05 
 1.63200000e+00  1.19267601e+05 
 1.63300000e+00  1.19098224e+05 
 1.63400000e+00  1.18929099e+05 
 1.63500000e+00  1.18760227e+05 
 1.63600000e+00  1.18591605e+05 
 1.63700000e+00  1.18423234e+05 
 1.63800000e+00  1.18255114e+05 
 1.63900000e+00  1.18087244e+05 
 1.64000000e+00  1.17919624e+05 
 1.64100000e+00  1.17752253e+05 
 1.64200000e+00  1.17585131e+05 
 1.64300000e+00  1.17418258e+05 
 1.64400000e+00  1.17251634e+05 
 1.64500000e+00  1.17085257e+05 
 1.64600000e+00  1.16919128e+05 
 1.64700000e+00  1.16753246e+05 
 1.64800000e+00  1.16587611e+05 
 1.64900000e+00  1.16422222e+05 
 1.65000000e+00  1.16257079e+05 
 1.65100000e+00  1.16092182e+05 
 1.65200000e+00  1.15927531e+05 
 1.65300000e+00  1.15763124e+05 
 1.65400000e+00  1.15598962e+05 
 1.65500000e+00  1.15435044e+05 
 1.65600000e+00  1.15271371e+05 
 1.65700000e+00  1.15107940e+05 
 1.65800000e+00  1.14944753e+05 
 1.65900000e+00  1.14781809e+05 
 1.66000000e+00  1.14619107e+05 
 1.66100000e+00  1.14456647e+05 
 1.66200000e+00  1.14294429e+05 
 1.66300000e+00  1.14132452e+05 
 1.66400000e+00  1.13970716e+05 
 1.66500000e+00  1.13809220e+05 
 1.66600000e+00  1.13647965e+05 
 1.66700000e+00  1.13486950e+05 
 1.66800000e+00  1.13326175e+05 
 1.66900000e+00  1.13165638e+05 
 1.67000000e+00  1.13005341e+05 
 1.67100000e+00  1.12845281e+05 
 1.67200000e+00  1.12685460e+05 
 1.67300000e+00  1.12525877e+05 
 1.67400000e+00  1.12366531e+05 
 1.67500000e+00  1.12207422e+05 
 1.67600000e+00  1.12048550e+05 
 1.67700000e+00  1.11889914e+05 
 1.67800000e+00  1.11731514e+05 
 1.67900000e+00  1.11573350e+05 
 1.68000000e+00  1.11415421e+05 
 1.68100000e+00  1.11257727e+05 
 1.68200000e+00  1.11100267e+05 
 1.68300000e+00  1.10943042e+05 
 1.68400000e+00  1.10786050e+05 
 1.68500000e+00  1.10629292e+05 
 1.68600000e+00  1.10472767e+05 
 1.68700000e+00  1.10316475e+05 
 1.68800000e+00  1.10160416e+05 
 1.68900000e+00  1.10004588e+05 
 1.69000000e+00  1.09848993e+05 
 1.69100000e+00  1.09693628e+05 
 1.69200000e+00  1.09538495e+05 
 1.69300000e+00  1.09383593e+05 
 1.69400000e+00  1.09228921e+05 
 1.69500000e+00  1.09074479e+05 
 1.69600000e+00  1.08920266e+05 
 1.69700000e+00  1.08766283e+05 
 1.69800000e+00  1.08612529e+05 
 1.69900000e+00  1.08459004e+05 
 1.70000000e+00  1.08305707e+05 
 1.70100000e+00  1.08152638e+05 
 1.70200000e+00  1.07999797e+05 
 1.70300000e+00  1.07847183e+05 
 1.70400000e+00  1.07694796e+05 
 1.70500000e+00  1.07542635e+05 
 1.70600000e+00  1.07390701e+05 
 1.70700000e+00  1.07238993e+05 
 1.70800000e+00  1.07087510e+05 
 1.70900000e+00  1.06936253e+05 
 1.71000000e+00  1.06785220e+05 
 1.71100000e+00  1.06634413e+05 
 1.71200000e+00  1.06483829e+05 
 1.71300000e+00  1.06333469e+05 
 1.71400000e+00  1.06183333e+05 
 1.71500000e+00  1.06033420e+05 
 1.71600000e+00  1.05883731e+05 
 1.71700000e+00  1.05734263e+05 
 1.71800000e+00  1.05585018e+05 
 1.71900000e+00  1.05435995e+05 
 1.72000000e+00  1.05287193e+05 
 1.72100000e+00  1.05138613e+05 
 1.72200000e+00  1.04990254e+05 
 1.72300000e+00  1.04842115e+05 
 1.72400000e+00  1.04694197e+05 
 1.72500000e+00  1.04546498e+05 
 1.72600000e+00  1.04399019e+05 
 1.72700000e+00  1.04251760e+05 
 1.72800000e+00  1.04104719e+05 
 1.72900000e+00  1.03957897e+05 
 1.73000000e+00  1.03811293e+05 
 1.73100000e+00  1.03664907e+05 
 1.73200000e+00  1.03518739e+05 
 1.73300000e+00  1.03372788e+05 
 1.73400000e+00  1.03227055e+05 
 1.73500000e+00  1.03081537e+05 
 1.73600000e+00  1.02936237e+05 
 1.73700000e+00  1.02791152e+05 
 1.73800000e+00  1.02646283e+05 
 1.73900000e+00  1.02501629e+05 
 1.74000000e+00  1.02357191e+05 
 1.74100000e+00  1.02212967e+05 
 1.74200000e+00  1.02068957e+05 
 1.74300000e+00  1.01925162e+05 
 1.74400000e+00  1.01781580e+05 
 1.74500000e+00  1.01638212e+05 
 1.74600000e+00  1.01495057e+05 
 1.74700000e+00  1.01352115e+05 
 1.74800000e+00  1.01209385e+05 
 1.74900000e+00  1.01066868e+05 
 1.75000000e+00  1.00924562e+05 
 1.75100000e+00  1.00782468e+05 
 1.75200000e+00  1.00640586e+05 
 1.75300000e+00  1.00498914e+05 
 1.75400000e+00  1.00357452e+05 
 1.75500000e+00  1.00216202e+05 
 1.75600000e+00  1.00075161e+05 
 1.75700000e+00  9.99343292e+04 
 1.75800000e+00  9.97937073e+04 
 1.75900000e+00  9.96532943e+04 
 1.76000000e+00  9.95130901e+04 
 1.76100000e+00  9.93730943e+04 
 1.76200000e+00  9.92333067e+04 
 1.76300000e+00  9.90937268e+04 
 1.76400000e+00  9.89543544e+04 
 1.76500000e+00  9.88151891e+04 
 1.76600000e+00  9.86762308e+04 
 1.76700000e+00  9.85374790e+04 
 1.76800000e+00  9.83989334e+04 
 1.76900000e+00  9.82605938e+04 
 1.77000000e+00  9.81224598e+04 
 1.77100000e+00  9.79845311e+04 
 1.77200000e+00  9.78468075e+04 
 1.77300000e+00  9.77092885e+04 
 1.77400000e+00  9.75719740e+04 
 1.77500000e+00  9.74348636e+04 
 1.77600000e+00  9.72979570e+04 
 1.77700000e+00  9.71612538e+04 
 1.77800000e+00  9.70247539e+04 
 1.77900000e+00  9.68884568e+04 
 1.78000000e+00  9.67523623e+04 
 1.78100000e+00  9.66164702e+04 
 1.78200000e+00  9.64807799e+04 
 1.78300000e+00  9.63452914e+04 
 1.78400000e+00  9.62100042e+04 
 1.78500000e+00  9.60749182e+04 
 1.78600000e+00  9.59400329e+04 
 1.78700000e+00  9.58053480e+04 
 1.78800000e+00  9.56708634e+04 
 1.78900000e+00  9.55365786e+04 
 1.79000000e+00  9.54024934e+04 
 1.79100000e+00  9.52686075e+04 
 1.79200000e+00  9.51349206e+04 
 1.79300000e+00  9.50014323e+04 
 1.79400000e+00  9.48681425e+04 
 1.79500000e+00  9.47350508e+04 
 1.79600000e+00  9.46021568e+04 
 1.79700000e+00  9.44694604e+04 
 1.79800000e+00  9.43369612e+04 
 1.79900000e+00  9.42046588e+04 
 1.80000000e+00  9.40725532e+04 
