 0.00000000e+00  7.40015392e-02 
 1.00000000e-03  7.40019794e-02 
 2.00000000e-03  7.40024256e-02 
 3.00000000e-03  7.40028779e-02 
 4.00000000e-03  7.40033363e-02 
 5.00000000e-03  7.40038009e-02 
 6.00000000e-03  7.40042718e-02 
 7.00000000e-03  7.40047491e-02 
 8.00000000e-03  7.40052329e-02 
 9.00000000e-03  7.40057233e-02 
 1.00000000e-02  7.40062203e-02 
 1.10000000e-02  7.40067241e-02 
 1.20000000e-02  7.40072347e-02 
 1.30000000e-02  7.40077522e-02 
 1.40000000e-02  7.40082768e-02 
 1.50000000e-02  7.40088085e-02 
 1.60000000e-02  7.40093474e-02 
 1.70000000e-02  7.40098936e-02 
 1.80000000e-02  7.40104472e-02 
 1.90000000e-02  7.40110084e-02 
 2.00000000e-02  7.40115771e-02 
 2.10000000e-02  7.40121536e-02 
 2.20000000e-02  7.40127379e-02 
 2.30000000e-02  7.40133302e-02 
 2.40000000e-02  7.40139304e-02 
 2.50000000e-02  7.40145389e-02 
 2.60000000e-02  7.40151555e-02 
 2.70000000e-02  7.40157806e-02 
 2.80000000e-02  7.40164141e-02 
 2.90000000e-02  7.40170562e-02 
 3.00000000e-02  7.40177070e-02 
 3.10000000e-02  7.40183667e-02 
 3.20000000e-02  7.40190353e-02 
 3.30000000e-02  7.40197130e-02 
 3.40000000e-02  7.40203999e-02 
 3.50000000e-02  7.40210961e-02 
 3.60000000e-02  7.40218017e-02 
 3.70000000e-02  7.40225169e-02 
 3.80000000e-02  7.40232418e-02 
 3.90000000e-02  7.40239765e-02 
 4.00000000e-02  7.40247212e-02 
 4.10000000e-02  7.40254760e-02 
 4.20000000e-02  7.40262411e-02 
 4.30000000e-02  7.40270165e-02 
 4.40000000e-02  7.40278024e-02 
 4.50000000e-02  7.40285990e-02 
 4.60000000e-02  7.40294064e-02 
 4.70000000e-02  7.40302247e-02 
 4.80000000e-02  7.40310541e-02 
 4.90000000e-02  7.40318948e-02 
 5.00000000e-02  7.40327469e-02 
 5.10000000e-02  7.40336105e-02 
 5.20000000e-02  7.40344858e-02 
 5.30000000e-02  7.40353730e-02 
 5.40000000e-02  7.40362722e-02 
 5.50000000e-02  7.40371836e-02 
 5.60000000e-02  7.40381073e-02 
 5.70000000e-02  7.40390436e-02 
 5.80000000e-02  7.40399925e-02 
 5.90000000e-02  7.40409543e-02 
 6.00000000e-02  7.40419292e-02 
 6.10000000e-02  7.40429172e-02 
 6.20000000e-02  7.40439186e-02 
 6.30000000e-02  7.40449336e-02 
 6.40000000e-02  7.40459624e-02 
 6.50000000e-02  7.40470051e-02 
 6.60000000e-02  7.40480619e-02 
 6.70000000e-02  7.40491330e-02 
 6.80000000e-02  7.40502186e-02 
 6.90000000e-02  7.40513189e-02 
 7.00000000e-02  7.40524341e-02 
 7.10000000e-02  7.40535644e-02 
 7.20000000e-02  7.40547101e-02 
 7.30000000e-02  7.40558712e-02 
 7.40000000e-02  7.40570480e-02 
 7.50000000e-02  7.40582408e-02 
 7.60000000e-02  7.40594497e-02 
 7.70000000e-02  7.40606750e-02 
 7.80000000e-02  7.40619169e-02 
 7.90000000e-02  7.40631756e-02 
 8.00000000e-02  7.40644513e-02 
 8.10000000e-02  7.40657443e-02 
 8.20000000e-02  7.40670547e-02 
 8.30000000e-02  7.40683829e-02 
 8.40000000e-02  7.40697291e-02 
 8.50000000e-02  7.40710934e-02 
 8.60000000e-02  7.40724762e-02 
 8.70000000e-02  7.40738778e-02 
 8.80000000e-02  7.40752982e-02 
 8.90000000e-02  7.40767379e-02 
 9.00000000e-02  7.40781971e-02 
 9.10000000e-02  7.40796760e-02 
 9.20000000e-02  7.40811748e-02 
 9.30000000e-02  7.40826940e-02 
 9.40000000e-02  7.40842336e-02 
 9.50000000e-02  7.40857941e-02 
 9.60000000e-02  7.40873757e-02 
 9.70000000e-02  7.40889786e-02 
 9.80000000e-02  7.40906032e-02 
 9.90000000e-02  7.40922497e-02 
 1.00000000e-01  7.40939185e-02 
 1.01000000e-01  7.40956099e-02 
 1.02000000e-01  7.40973240e-02 
 1.03000000e-01  7.40990614e-02 
 1.04000000e-01  7.41008221e-02 
 1.05000000e-01  7.41026067e-02 
 1.06000000e-01  7.41044154e-02 
 1.07000000e-01  7.41062484e-02 
 1.08000000e-01  7.41081062e-02 
 1.09000000e-01  7.41099891e-02 
 1.10000000e-01  7.41118974e-02 
 1.11000000e-01  7.41138315e-02 
 1.12000000e-01  7.41157916e-02 
 1.13000000e-01  7.41177782e-02 
 1.14000000e-01  7.41197916e-02 
 1.15000000e-01  7.41218322e-02 
 1.16000000e-01  7.41239003e-02 
 1.17000000e-01  7.41259962e-02 
 1.18000000e-01  7.41281205e-02 
 1.19000000e-01  7.41302733e-02 
 1.20000000e-01  7.41324552e-02 
 1.21000000e-01  7.41346665e-02 
 1.22000000e-01  7.41369076e-02 
 1.23000000e-01  7.41391789e-02 
 1.24000000e-01  7.41414808e-02 
 1.25000000e-01  7.41438137e-02 
 1.26000000e-01  7.41461780e-02 
 1.27000000e-01  7.41485742e-02 
 1.28000000e-01  7.41510027e-02 
 1.29000000e-01  7.41534638e-02 
 1.30000000e-01  7.41559581e-02 
 1.31000000e-01  7.41584859e-02 
 1.32000000e-01  7.41610478e-02 
 1.33000000e-01  7.41636442e-02 
 1.34000000e-01  7.41662754e-02 
 1.35000000e-01  7.41689421e-02 
 1.36000000e-01  7.41716447e-02 
 1.37000000e-01  7.41743836e-02 
 1.38000000e-01  7.41771593e-02 
 1.39000000e-01  7.41799724e-02 
 1.40000000e-01  7.41828233e-02 
 1.41000000e-01  7.41857124e-02 
 1.42000000e-01  7.41886405e-02 
 1.43000000e-01  7.41916078e-02 
 1.44000000e-01  7.41946150e-02 
 1.45000000e-01  7.41976626e-02 
 1.46000000e-01  7.42007512e-02 
 1.47000000e-01  7.42038812e-02 
 1.48000000e-01  7.42070532e-02 
 1.49000000e-01  7.42102678e-02 
 1.50000000e-01  7.42135256e-02 
 1.51000000e-01  7.42168270e-02 
 1.52000000e-01  7.42201728e-02 
 1.53000000e-01  7.42235634e-02 
 1.54000000e-01  7.42269995e-02 
 1.55000000e-01  7.42304816e-02 
 1.56000000e-01  7.42340104e-02 
 1.57000000e-01  7.42375866e-02 
 1.58000000e-01  7.42412106e-02 
 1.59000000e-01  7.42448832e-02 
 1.60000000e-01  7.42486050e-02 
 1.61000000e-01  7.42523766e-02 
 1.62000000e-01  7.42561987e-02 
 1.63000000e-01  7.42600720e-02 
 1.64000000e-01  7.42639971e-02 
 1.65000000e-01  7.42679747e-02 
 1.66000000e-01  7.42720056e-02 
 1.67000000e-01  7.42760903e-02 
 1.68000000e-01  7.42802296e-02 
 1.69000000e-01  7.42844243e-02 
 1.70000000e-01  7.42886751e-02 
 1.71000000e-01  7.42929826e-02 
 1.72000000e-01  7.42973477e-02 
 1.73000000e-01  7.43017710e-02 
 1.74000000e-01  7.43062534e-02 
 1.75000000e-01  7.43107957e-02 
 1.76000000e-01  7.43153985e-02 
 1.77000000e-01  7.43200628e-02 
 1.78000000e-01  7.43247893e-02 
 1.79000000e-01  7.43295788e-02 
 1.80000000e-01  7.43344321e-02 
 1.81000000e-01  7.43393501e-02 
 1.82000000e-01  7.43443336e-02 
 1.83000000e-01  7.43493835e-02 
 1.84000000e-01  7.43545006e-02 
 1.85000000e-01  7.43596859e-02 
 1.86000000e-01  7.43649401e-02 
 1.87000000e-01  7.43702643e-02 
 1.88000000e-01  7.43756592e-02 
 1.89000000e-01  7.43811259e-02 
 1.90000000e-01  7.43866653e-02 
 1.91000000e-01  7.43922782e-02 
 1.92000000e-01  7.43979657e-02 
 1.93000000e-01  7.44037287e-02 
 1.94000000e-01  7.44095682e-02 
 1.95000000e-01  7.44154852e-02 
 1.96000000e-01  7.44214806e-02 
 1.97000000e-01  7.44275556e-02 
 1.98000000e-01  7.44337111e-02 
 1.99000000e-01  7.44399482e-02 
 2.00000000e-01  7.44462678e-02 
 2.01000000e-01  7.44526712e-02 
 2.02000000e-01  7.44591593e-02 
 2.03000000e-01  7.44657333e-02 
 2.04000000e-01  7.44723942e-02 
 2.05000000e-01  7.44791432e-02 
 2.06000000e-01  7.44859813e-02 
 2.07000000e-01  7.44929098e-02 
 2.08000000e-01  7.44999299e-02 
 2.09000000e-01  7.45070425e-02 
 2.10000000e-01  7.45142491e-02 
 2.11000000e-01  7.45215506e-02 
 2.12000000e-01  7.45289485e-02 
 2.13000000e-01  7.45364438e-02 
 2.14000000e-01  7.45440379e-02 
 2.15000000e-01  7.45517319e-02 
 2.16000000e-01  7.45595272e-02 
 2.17000000e-01  7.45674251e-02 
 2.18000000e-01  7.45754268e-02 
 2.19000000e-01  7.45835337e-02 
 2.20000000e-01  7.45917470e-02 
 2.21000000e-01  7.46000682e-02 
 2.22000000e-01  7.46084987e-02 
 2.23000000e-01  7.46170397e-02 
 2.24000000e-01  7.46256926e-02 
 2.25000000e-01  7.46344590e-02 
 2.26000000e-01  7.46433402e-02 
 2.27000000e-01  7.46523376e-02 
 2.28000000e-01  7.46614528e-02 
 2.29000000e-01  7.46706872e-02 
 2.30000000e-01  7.46800422e-02 
 2.31000000e-01  7.46895194e-02 
 2.32000000e-01  7.46991204e-02 
 2.33000000e-01  7.47088467e-02 
 2.34000000e-01  7.47186997e-02 
 2.35000000e-01  7.47286812e-02 
 2.36000000e-01  7.47387927e-02 
 2.37000000e-01  7.47490358e-02 
 2.38000000e-01  7.47594122e-02 
 2.39000000e-01  7.47699235e-02 
 2.40000000e-01  7.47805713e-02 
 2.41000000e-01  7.47913574e-02 
 2.42000000e-01  7.48022835e-02 
 2.43000000e-01  7.48133512e-02 
 2.44000000e-01  7.48245624e-02 
 2.45000000e-01  7.48359188e-02 
 2.46000000e-01  7.48474221e-02 
 2.47000000e-01  7.48590742e-02 
 2.48000000e-01  7.48708769e-02 
 2.49000000e-01  7.48828320e-02 
 2.50000000e-01  7.48949414e-02 
 2.51000000e-01  7.49072070e-02 
 2.52000000e-01  7.49196306e-02 
 2.53000000e-01  7.49322142e-02 
 2.54000000e-01  7.49449597e-02 
 2.55000000e-01  7.49578691e-02 
 2.56000000e-01  7.49709443e-02 
 2.57000000e-01  7.49841873e-02 
 2.58000000e-01  7.49976002e-02 
 2.59000000e-01  7.50111850e-02 
 2.60000000e-01  7.50249437e-02 
 2.61000000e-01  7.50388785e-02 
 2.62000000e-01  7.50529913e-02 
 2.63000000e-01  7.50672845e-02 
 2.64000000e-01  7.50817600e-02 
 2.65000000e-01  7.50964200e-02 
 2.66000000e-01  7.51112668e-02 
 2.67000000e-01  7.51263025e-02 
 2.68000000e-01  7.51415294e-02 
 2.69000000e-01  7.51569497e-02 
 2.70000000e-01  7.51725656e-02 
 2.71000000e-01  7.51883796e-02 
 2.72000000e-01  7.52043938e-02 
 2.73000000e-01  7.52206106e-02 
 2.74000000e-01  7.52370323e-02 
 2.75000000e-01  7.52536614e-02 
 2.76000000e-01  7.52705003e-02 
 2.77000000e-01  7.52875513e-02 
 2.78000000e-01  7.53048168e-02 
 2.79000000e-01  7.53222995e-02 
 2.80000000e-01  7.53400016e-02 
 2.81000000e-01  7.53579258e-02 
 2.82000000e-01  7.53760746e-02 
 2.83000000e-01  7.53944505e-02 
 2.84000000e-01  7.54130561e-02 
 2.85000000e-01  7.54318940e-02 
 2.86000000e-01  7.54509667e-02 
 2.87000000e-01  7.54702770e-02 
 2.88000000e-01  7.54898275e-02 
 2.89000000e-01  7.55096208e-02 
 2.90000000e-01  7.55296597e-02 
 2.91000000e-01  7.55499469e-02 
 2.92000000e-01  7.55704851e-02 
 2.93000000e-01  7.55912771e-02 
 2.94000000e-01  7.56123257e-02 
 2.95000000e-01  7.56336336e-02 
 2.96000000e-01  7.56552038e-02 
 2.97000000e-01  7.56770390e-02 
 2.98000000e-01  7.56991421e-02 
 2.99000000e-01  7.57215160e-02 
 3.00000000e-01  7.57441636e-02 
 3.01000000e-01  7.57670878e-02 
 3.02000000e-01  7.57902916e-02 
 3.03000000e-01  7.58137780e-02 
 3.04000000e-01  7.58375498e-02 
 3.05000000e-01  7.58616103e-02 
 3.06000000e-01  7.58859622e-02 
 3.07000000e-01  7.59106088e-02 
 3.08000000e-01  7.59355530e-02 
 3.09000000e-01  7.59607979e-02 
 3.10000000e-01  7.59863467e-02 
 3.11000000e-01  7.60122024e-02 
 3.12000000e-01  7.60383682e-02 
 3.13000000e-01  7.60648472e-02 
 3.14000000e-01  7.60916426e-02 
 3.15000000e-01  7.61187575e-02 
 3.16000000e-01  7.61461952e-02 
 3.17000000e-01  7.61739588e-02 
 3.18000000e-01  7.62020516e-02 
 3.19000000e-01  7.62304768e-02 
 3.20000000e-01  7.62592376e-02 
 3.21000000e-01  7.62883374e-02 
 3.22000000e-01  7.63177794e-02 
 3.23000000e-01  7.63475669e-02 
 3.24000000e-01  7.63777031e-02 
 3.25000000e-01  7.64081915e-02 
 3.26000000e-01  7.64390353e-02 
 3.27000000e-01  7.64702378e-02 
 3.28000000e-01  7.65018024e-02 
 3.29000000e-01  7.65337324e-02 
 3.30000000e-01  7.65660312e-02 
 3.31000000e-01  7.65987022e-02 
 3.32000000e-01  7.66317487e-02 
 3.33000000e-01  7.66651741e-02 
 3.34000000e-01  7.66989817e-02 
 3.35000000e-01  7.67331750e-02 
 3.36000000e-01  7.67677573e-02 
 3.37000000e-01  7.68027321e-02 
 3.38000000e-01  7.68381026e-02 
 3.39000000e-01  7.68738724e-02 
 3.40000000e-01  7.69100447e-02 
 3.41000000e-01  7.69466230e-02 
 3.42000000e-01  7.69836106e-02 
 3.43000000e-01  7.70210110e-02 
 3.44000000e-01  7.70588275e-02 
 3.45000000e-01  7.70970635e-02 
 3.46000000e-01  7.71357223e-02 
 3.47000000e-01  7.71748073e-02 
 3.48000000e-01  7.72143218e-02 
 3.49000000e-01  7.72542692e-02 
 3.50000000e-01  7.72946529e-02 
 3.51000000e-01  7.73354760e-02 
 3.52000000e-01  7.73767420e-02 
 3.53000000e-01  7.74184540e-02 
 3.54000000e-01  7.74606155e-02 
 3.55000000e-01  7.75032295e-02 
 3.56000000e-01  7.75462994e-02 
 3.57000000e-01  7.75898283e-02 
 3.58000000e-01  7.76338195e-02 
 3.59000000e-01  7.76782761e-02 
 3.60000000e-01  7.77232012e-02 
 3.61000000e-01  7.77685980e-02 
 3.62000000e-01  7.78144695e-02 
 3.63000000e-01  7.78608189e-02 
 3.64000000e-01  7.79076491e-02 
 3.65000000e-01  7.79549631e-02 
 3.66000000e-01  7.80027639e-02 
 3.67000000e-01  7.80510544e-02 
 3.68000000e-01  7.80998375e-02 
 3.69000000e-01  7.81491161e-02 
 3.70000000e-01  7.81988930e-02 
 3.71000000e-01  7.82491708e-02 
 3.72000000e-01  7.82999525e-02 
 3.73000000e-01  7.83512405e-02 
 3.74000000e-01  7.84030376e-02 
 3.75000000e-01  7.84553464e-02 
 3.76000000e-01  7.85081694e-02 
 3.77000000e-01  7.85615090e-02 
 3.78000000e-01  7.86153677e-02 
 3.79000000e-01  7.86697479e-02 
 3.80000000e-01  7.87246518e-02 
 3.81000000e-01  7.87800818e-02 
 3.82000000e-01  7.88360400e-02 
 3.83000000e-01  7.88925285e-02 
 3.84000000e-01  7.89495495e-02 
 3.85000000e-01  7.90071049e-02 
 3.86000000e-01  7.90651966e-02 
 3.87000000e-01  7.91238266e-02 
 3.88000000e-01  7.91829966e-02 
 3.89000000e-01  7.92427083e-02 
 3.90000000e-01  7.93029634e-02 
 3.91000000e-01  7.93637635e-02 
 3.92000000e-01  7.94251100e-02 
 3.93000000e-01  7.94870043e-02 
 3.94000000e-01  7.95494479e-02 
 3.95000000e-01  7.96124419e-02 
 3.96000000e-01  7.96759876e-02 
 3.97000000e-01  7.97400860e-02 
 3.98000000e-01  7.98047380e-02 
 3.99000000e-01  7.98699448e-02 
 4.00000000e-01  7.99357069e-02 
 4.01000000e-01  8.00020253e-02 
 4.02000000e-01  8.00689005e-02 
 4.03000000e-01  8.01363331e-02 
 4.04000000e-01  8.02043235e-02 
 4.05000000e-01  8.02728723e-02 
 4.06000000e-01  8.03419795e-02 
 4.07000000e-01  8.04116454e-02 
 4.08000000e-01  8.04818702e-02 
 4.09000000e-01  8.05526538e-02 
 4.10000000e-01  8.06239960e-02 
 4.11000000e-01  8.06958969e-02 
 4.12000000e-01  8.07683559e-02 
 4.13000000e-01  8.08413728e-02 
 4.14000000e-01  8.09149472e-02 
 4.15000000e-01  8.09890784e-02 
 4.16000000e-01  8.10637657e-02 
 4.17000000e-01  8.11390086e-02 
 4.18000000e-01  8.12148060e-02 
 4.19000000e-01  8.12911572e-02 
 4.20000000e-01  8.13680610e-02 
 4.21000000e-01  8.14455164e-02 
 4.22000000e-01  8.15235223e-02 
 4.23000000e-01  8.16020772e-02 
 4.24000000e-01  8.16811800e-02 
 4.25000000e-01  8.17608292e-02 
 4.26000000e-01  8.18410233e-02 
 4.27000000e-01  8.19217608e-02 
 4.28000000e-01  8.20030399e-02 
 4.29000000e-01  8.20848591e-02 
 4.30000000e-01  8.21672165e-02 
 4.31000000e-01  8.22501104e-02 
 4.32000000e-01  8.23335388e-02 
 4.33000000e-01  8.24174999e-02 
 4.34000000e-01  8.25019917e-02 
 4.35000000e-01  8.25870122e-02 
 4.36000000e-01  8.26725594e-02 
 4.37000000e-01  8.27586312e-02 
 4.38000000e-01  8.28452255e-02 
 4.39000000e-01  8.29323403e-02 
 4.40000000e-01  8.30199734e-02 
 4.41000000e-01  8.31081227e-02 
 4.42000000e-01  8.31967862e-02 
 4.43000000e-01  8.32859617e-02 
 4.44000000e-01  8.33756471e-02 
 4.45000000e-01  8.34658405e-02 
 4.46000000e-01  8.35565398e-02 
 4.47000000e-01  8.36477431e-02 
 4.48000000e-01  8.37394484e-02 
 4.49000000e-01  8.38316540e-02 
 4.50000000e-01  8.39243580e-02 
 4.51000000e-01  8.40175589e-02 
 4.52000000e-01  8.41112549e-02 
 4.53000000e-01  8.42054446e-02 
 4.54000000e-01  8.43001266e-02 
 4.55000000e-01  8.43952997e-02 
 4.56000000e-01  8.44909629e-02 
 4.57000000e-01  8.45871150e-02 
 4.58000000e-01  8.46837555e-02 
 4.59000000e-01  8.47808835e-02 
 4.60000000e-01  8.48784988e-02 
 4.61000000e-01  8.49766010e-02 
 4.62000000e-01  8.50751902e-02 
 4.63000000e-01  8.51742665e-02 
 4.64000000e-01  8.52738304e-02 
 4.65000000e-01  8.53738826e-02 
 4.66000000e-01  8.54744241e-02 
 4.67000000e-01  8.55754560e-02 
 4.68000000e-01  8.56769801e-02 
 4.69000000e-01  8.57789979e-02 
 4.70000000e-01  8.58815119e-02 
 4.71000000e-01  8.59845243e-02 
 4.72000000e-01  8.60880382e-02 
 4.73000000e-01  8.61920568e-02 
 4.74000000e-01  8.62965835e-02 
 4.75000000e-01  8.64016224e-02 
 4.76000000e-01  8.65071780e-02 
 4.77000000e-01  8.66132551e-02 
 4.78000000e-01  8.67198588e-02 
 4.79000000e-01  8.68269949e-02 
 4.80000000e-01  8.69346697e-02 
 4.81000000e-01  8.70428897e-02 
 4.82000000e-01  8.71516621e-02 
 4.83000000e-01  8.72609946e-02 
 4.84000000e-01  8.73708953e-02 
 4.85000000e-01  8.74813730e-02 
 4.86000000e-01  8.75924368e-02 
 4.87000000e-01  8.77040966e-02 
 4.88000000e-01  8.78163628e-02 
 4.89000000e-01  8.79292464e-02 
 4.90000000e-01  8.80427588e-02 
 4.91000000e-01  8.81569122e-02 
 4.92000000e-01  8.82717193e-02 
 4.93000000e-01  8.83871937e-02 
 4.94000000e-01  8.85033491e-02 
 4.95000000e-01  8.86202004e-02 
 4.96000000e-01  8.87377628e-02 
 4.97000000e-01  8.88560522e-02 
 4.98000000e-01  8.89750853e-02 
 4.99000000e-01  8.90948794e-02 
 5.00000000e-01  8.92154522e-02 
 5.01000000e-01  8.93368226e-02 
 5.02000000e-01  8.94590098e-02 
 5.03000000e-01  8.95820338e-02 
 5.04000000e-01  8.97059153e-02 
 5.05000000e-01  8.98306756e-02 
 5.06000000e-01  8.99563368e-02 
 5.07000000e-01  9.00829217e-02 
 5.08000000e-01  9.02104536e-02 
 5.09000000e-01  9.03389567e-02 
 5.10000000e-01  9.04684558e-02 
 5.11000000e-01  9.05989764e-02 
 5.12000000e-01  9.07305447e-02 
 5.13000000e-01  9.08631875e-02 
 5.14000000e-01  9.09969323e-02 
 5.15000000e-01  9.11318073e-02 
 5.16000000e-01  9.12678414e-02 
 5.17000000e-01  9.14050640e-02 
 5.18000000e-01  9.15435053e-02 
 5.19000000e-01  9.16831960e-02 
 5.20000000e-01  9.18241674e-02 
 5.21000000e-01  9.19664517e-02 
 5.22000000e-01  9.21100813e-02 
 5.23000000e-01  9.22550894e-02 
 5.24000000e-01  9.24015098e-02 
 5.25000000e-01  9.25493767e-02 
 5.26000000e-01  9.26987251e-02 
 5.27000000e-01  9.28495902e-02 
 5.28000000e-01  9.30020081e-02 
 5.29000000e-01  9.31560149e-02 
 5.30000000e-01  9.33116478e-02 
 5.31000000e-01  9.34689438e-02 
 5.32000000e-01  9.36279409e-02 
 5.33000000e-01  9.37886772e-02 
 5.34000000e-01  9.39511914e-02 
 5.35000000e-01  9.41155224e-02 
 5.36000000e-01  9.42817096e-02 
 5.37000000e-01  9.44497927e-02 
 5.38000000e-01  9.46198118e-02 
 5.39000000e-01  9.47918072e-02 
 5.40000000e-01  9.49658195e-02 
 5.41000000e-01  9.51418896e-02 
 5.42000000e-01  9.53200588e-02 
 5.43000000e-01  9.55003683e-02 
 5.44000000e-01  9.56828597e-02 
 5.45000000e-01  9.58675748e-02 
 5.46000000e-01  9.60545555e-02 
 5.47000000e-01  9.62438437e-02 
 5.48000000e-01  9.64354818e-02 
 5.49000000e-01  9.66295119e-02 
 5.50000000e-01  9.68259762e-02 
 5.51000000e-01  9.70249173e-02 
 5.52000000e-01  9.72263775e-02 
 5.53000000e-01  9.74303991e-02 
 5.54000000e-01  9.76370245e-02 
 5.55000000e-01  9.78462962e-02 
 5.56000000e-01  9.80582563e-02 
 5.57000000e-01  9.82729471e-02 
 5.58000000e-01  9.84904106e-02 
 5.59000000e-01  9.87106889e-02 
 5.60000000e-01  9.89338238e-02 
 5.61000000e-01  9.91598570e-02 
 5.62000000e-01  9.93888300e-02 
 5.63000000e-01  9.96207841e-02 
 5.64000000e-01  9.98557604e-02 
 5.65000000e-01  1.00093800e-01 
 5.66000000e-01  1.00334943e-01 
 5.67000000e-01  1.00579230e-01 
 5.68000000e-01  1.00826702e-01 
 5.69000000e-01  1.01077397e-01 
 5.70000000e-01  1.01331356e-01 
 5.71000000e-01  1.01588617e-01 
 5.72000000e-01  1.01849219e-01 
 5.73000000e-01  1.02113202e-01 
 5.74000000e-01  1.02380602e-01 
 5.75000000e-01  1.02651457e-01 
 5.76000000e-01  1.02925806e-01 
 5.77000000e-01  1.03203684e-01 
 5.78000000e-01  1.03485128e-01 
 5.79000000e-01  1.03770175e-01 
 5.80000000e-01  1.04058859e-01 
 5.81000000e-01  1.04351216e-01 
 5.82000000e-01  1.04647281e-01 
 5.83000000e-01  1.04947088e-01 
 5.84000000e-01  1.05250670e-01 
 5.85000000e-01  1.05558061e-01 
 5.86000000e-01  1.05869293e-01 
 5.87000000e-01  1.06184399e-01 
 5.88000000e-01  1.06503411e-01 
 5.89000000e-01  1.06826359e-01 
 5.90000000e-01  1.07153275e-01 
 5.91000000e-01  1.07484188e-01 
 5.92000000e-01  1.07819129e-01 
 5.93000000e-01  1.08158125e-01 
 5.94000000e-01  1.08501207e-01 
 5.95000000e-01  1.08848402e-01 
 5.96000000e-01  1.09199737e-01 
 5.97000000e-01  1.09555240e-01 
 5.98000000e-01  1.09914936e-01 
 5.99000000e-01  1.10278852e-01 
 6.00000000e-01  1.10647012e-01 
 6.01000000e-01  1.11019442e-01 
 6.02000000e-01  1.11396166e-01 
 6.03000000e-01  1.11777207e-01 
 6.04000000e-01  1.12162588e-01 
 6.05000000e-01  1.12552332e-01 
 6.06000000e-01  1.12946460e-01 
 6.07000000e-01  1.13344995e-01 
 6.08000000e-01  1.13747956e-01 
 6.09000000e-01  1.14155364e-01 
 6.10000000e-01  1.14567238e-01 
 6.11000000e-01  1.14983598e-01 
 6.12000000e-01  1.15404462e-01 
 6.13000000e-01  1.15829848e-01 
 6.14000000e-01  1.16259773e-01 
 6.15000000e-01  1.16694255e-01 
 6.16000000e-01  1.17133309e-01 
 6.17000000e-01  1.17576951e-01 
 6.18000000e-01  1.18025197e-01 
 6.19000000e-01  1.18478061e-01 
 6.20000000e-01  1.18935557e-01 
 6.21000000e-01  1.19397699e-01 
 6.22000000e-01  1.19864500e-01 
 6.23000000e-01  1.20335971e-01 
 6.24000000e-01  1.20812126e-01 
 6.25000000e-01  1.21292975e-01 
 6.26000000e-01  1.21778530e-01 
 6.27000000e-01  1.22268800e-01 
 6.28000000e-01  1.22763796e-01 
 6.29000000e-01  1.23263526e-01 
 6.30000000e-01  1.23768000e-01 
 6.31000000e-01  1.24277226e-01 
 6.32000000e-01  1.24791211e-01 
 6.33000000e-01  1.25309963e-01 
 6.34000000e-01  1.25833489e-01 
 6.35000000e-01  1.26361794e-01 
 6.36000000e-01  1.26894885e-01 
 6.37000000e-01  1.27432767e-01 
 6.38000000e-01  1.27975444e-01 
 6.39000000e-01  1.28522921e-01 
 6.40000000e-01  1.29075201e-01 
 6.41000000e-01  1.29632289e-01 
 6.42000000e-01  1.30194186e-01 
 6.43000000e-01  1.30760895e-01 
 6.44000000e-01  1.31332418e-01 
 6.45000000e-01  1.31908757e-01 
 6.46000000e-01  1.32489912e-01 
 6.47000000e-01  1.33075885e-01 
 6.48000000e-01  1.33666674e-01 
 6.49000000e-01  1.34262280e-01 
 6.50000000e-01  1.34862702e-01 
 6.51000000e-01  1.35467939e-01 
 6.52000000e-01  1.36077988e-01 
 6.53000000e-01  1.36692849e-01 
 6.54000000e-01  1.37312517e-01 
 6.55000000e-01  1.37936992e-01 
 6.56000000e-01  1.38566268e-01 
 6.57000000e-01  1.39200342e-01 
 6.58000000e-01  1.39839210e-01 
 6.59000000e-01  1.40482868e-01 
 6.60000000e-01  1.41131310e-01 
 6.61000000e-01  1.41784531e-01 
 6.62000000e-01  1.42442526e-01 
 6.63000000e-01  1.43105287e-01 
 6.64000000e-01  1.43772808e-01 
 6.65000000e-01  1.44445083e-01 
 6.66000000e-01  1.45122105e-01 
 6.67000000e-01  1.45803864e-01 
 6.68000000e-01  1.46490354e-01 
 6.69000000e-01  1.47181565e-01 
 6.70000000e-01  1.47877490e-01 
 6.71000000e-01  1.48578119e-01 
 6.72000000e-01  1.49283442e-01 
 6.73000000e-01  1.49993449e-01 
 6.74000000e-01  1.50708131e-01 
 6.75000000e-01  1.51427476e-01 
 6.76000000e-01  1.52151475e-01 
 6.77000000e-01  1.52880114e-01 
 6.78000000e-01  1.53613384e-01 
 6.79000000e-01  1.54351273e-01 
 6.80000000e-01  1.55093767e-01 
 6.81000000e-01  1.55840855e-01 
 6.82000000e-01  1.56592523e-01 
 6.83000000e-01  1.57348759e-01 
 6.84000000e-01  1.58109550e-01 
 6.85000000e-01  1.58874881e-01 
 6.86000000e-01  1.59644738e-01 
 6.87000000e-01  1.60419107e-01 
 6.88000000e-01  1.61197974e-01 
 6.89000000e-01  1.61981324e-01 
 6.90000000e-01  1.62769142e-01 
 6.91000000e-01  1.63561411e-01 
 6.92000000e-01  1.64358118e-01 
 6.93000000e-01  1.65159245e-01 
 6.94000000e-01  1.65964776e-01 
 6.95000000e-01  1.66774695e-01 
 6.96000000e-01  1.67588986e-01 
 6.97000000e-01  1.68407631e-01 
 6.98000000e-01  1.69230613e-01 
 6.99000000e-01  1.70057915e-01 
 7.00000000e-01  1.70889519e-01 
 7.01000000e-01  1.71725408e-01 
 7.02000000e-01  1.72565562e-01 
 7.03000000e-01  1.73409965e-01 
 7.04000000e-01  1.74258597e-01 
 7.05000000e-01  1.75111440e-01 
 7.06000000e-01  1.75968474e-01 
 7.07000000e-01  1.76829682e-01 
 7.08000000e-01  1.77695042e-01 
 7.09000000e-01  1.78564537e-01 
 7.10000000e-01  1.79438146e-01 
 7.11000000e-01  1.80315849e-01 
 7.12000000e-01  1.81197626e-01 
 7.13000000e-01  1.82083458e-01 
 7.14000000e-01  1.82973323e-01 
 7.15000000e-01  1.83867201e-01 
 7.16000000e-01  1.84765072e-01 
 7.17000000e-01  1.85666915e-01 
 7.18000000e-01  1.86572708e-01 
 7.19000000e-01  1.87482431e-01 
 7.20000000e-01  1.88396062e-01 
 7.21000000e-01  1.89313581e-01 
 7.22000000e-01  1.90234964e-01 
 7.23000000e-01  1.91160191e-01 
 7.24000000e-01  1.92089240e-01 
 7.25000000e-01  1.93022089e-01 
 7.26000000e-01  1.93958717e-01 
 7.27000000e-01  1.94899100e-01 
 7.28000000e-01  1.95843217e-01 
 7.29000000e-01  1.96791045e-01 
 7.30000000e-01  1.97742562e-01 
 7.31000000e-01  1.98697746e-01 
 7.32000000e-01  1.99656574e-01 
 7.33000000e-01  2.00619024e-01 
 7.34000000e-01  2.01585072e-01 
 7.35000000e-01  2.02554696e-01 
 7.36000000e-01  2.03527872e-01 
 7.37000000e-01  2.04504579e-01 
 7.38000000e-01  2.05484793e-01 
 7.39000000e-01  2.06468491e-01 
 7.40000000e-01  2.07455650e-01 
 7.41000000e-01  2.08446247e-01 
 7.42000000e-01  2.09440259e-01 
 7.43000000e-01  2.10437662e-01 
 7.44000000e-01  2.11438434e-01 
 7.45000000e-01  2.12442550e-01 
 7.46000000e-01  2.13449989e-01 
 7.47000000e-01  2.14460725e-01 
 7.48000000e-01  2.15474737e-01 
 7.49000000e-01  2.16492001e-01 
 7.50000000e-01  2.17512493e-01 
 7.51000000e-01  2.18536190e-01 
 7.52000000e-01  2.19563070e-01 
 7.53000000e-01  2.20593107e-01 
 7.54000000e-01  2.21626280e-01 
 7.55000000e-01  2.22662565e-01 
 7.56000000e-01  2.23701938e-01 
 7.57000000e-01  2.24744376e-01 
 7.58000000e-01  2.25789857e-01 
 7.59000000e-01  2.26838356e-01 
 7.60000000e-01  2.27889851e-01 
 7.61000000e-01  2.28944318e-01 
 7.62000000e-01  2.30001735e-01 
 7.63000000e-01  2.31062078e-01 
 7.64000000e-01  2.32125324e-01 
 7.65000000e-01  2.33191450e-01 
 7.66000000e-01  2.34260434e-01 
 7.67000000e-01  2.35332251e-01 
 7.68000000e-01  2.36406881e-01 
 7.69000000e-01  2.37484299e-01 
 7.70000000e-01  2.38564483e-01 
 7.71000000e-01  2.39647410e-01 
 7.72000000e-01  2.40733058e-01 
 7.73000000e-01  2.41821405e-01 
 7.74000000e-01  2.42912427e-01 
 7.75000000e-01  2.44006103e-01 
 7.76000000e-01  2.45102410e-01 
 7.77000000e-01  2.46201326e-01 
 7.78000000e-01  2.47302830e-01 
 7.79000000e-01  2.48406898e-01 
 7.80000000e-01  2.49513509e-01 
 7.81000000e-01  2.50622642e-01 
 7.82000000e-01  2.51734274e-01 
 7.83000000e-01  2.52848383e-01 
 7.84000000e-01  2.53964950e-01 
 7.85000000e-01  2.55083951e-01 
 7.86000000e-01  2.56205365e-01 
 7.87000000e-01  2.57329173e-01 
 7.88000000e-01  2.58455351e-01 
 7.89000000e-01  2.59583880e-01 
 7.90000000e-01  2.60714738e-01 
 7.91000000e-01  2.61847905e-01 
 7.92000000e-01  2.62983360e-01 
 7.93000000e-01  2.64121082e-01 
 7.94000000e-01  2.65261052e-01 
 7.95000000e-01  2.66403248e-01 
 7.96000000e-01  2.67547652e-01 
 7.97000000e-01  2.68694242e-01 
 7.98000000e-01  2.69842999e-01 
 7.99000000e-01  2.70993903e-01 
 8.00000000e-01  2.72146934e-01 
 8.01000000e-01  2.73302074e-01 
 8.02000000e-01  2.74459302e-01 
 8.03000000e-01  2.75618600e-01 
 8.04000000e-01  2.76779948e-01 
 8.05000000e-01  2.77943327e-01 
 8.06000000e-01  2.79108719e-01 
 8.07000000e-01  2.80276105e-01 
 8.08000000e-01  2.81445467e-01 
 8.09000000e-01  2.82616786e-01 
 8.10000000e-01  2.83790043e-01 
 8.11000000e-01  2.84965222e-01 
 8.12000000e-01  2.86142303e-01 
 8.13000000e-01  2.87321270e-01 
 8.14000000e-01  2.88502104e-01 
 8.15000000e-01  2.89684788e-01 
 8.16000000e-01  2.90869305e-01 
 8.17000000e-01  2.92055638e-01 
 8.18000000e-01  2.93243769e-01 
 8.19000000e-01  2.94433683e-01 
 8.20000000e-01  2.95625372e-01 
 8.21000000e-01  2.96818809e-01 
 8.22000000e-01  2.98013978e-01 
 8.23000000e-01  2.99210863e-01 
 8.24000000e-01  3.00409448e-01 
 8.25000000e-01  3.01609717e-01 
 8.26000000e-01  3.02811653e-01 
 8.27000000e-01  3.04015242e-01 
 8.28000000e-01  3.05220468e-01 
 8.29000000e-01  3.06427316e-01 
 8.30000000e-01  3.07635770e-01 
 8.31000000e-01  3.08845815e-01 
 8.32000000e-01  3.10057437e-01 
 8.33000000e-01  3.11270621e-01 
 8.34000000e-01  3.12485353e-01 
 8.35000000e-01  3.13701618e-01 
 8.36000000e-01  3.14919402e-01 
 8.37000000e-01  3.16138690e-01 
 8.38000000e-01  3.17359470e-01 
 8.39000000e-01  3.18581726e-01 
 8.40000000e-01  3.19805447e-01 
 8.41000000e-01  3.21030618e-01 
 8.42000000e-01  3.22257225e-01 
 8.43000000e-01  3.23485257e-01 
 8.44000000e-01  3.24714700e-01 
 8.45000000e-01  3.25945541e-01 
 8.46000000e-01  3.27177767e-01 
 8.47000000e-01  3.28411367e-01 
 8.48000000e-01  3.29646327e-01 
 8.49000000e-01  3.30882636e-01 
 8.50000000e-01  3.32120282e-01 
 8.51000000e-01  3.33359252e-01 
 8.52000000e-01  3.34599536e-01 
 8.53000000e-01  3.35841121e-01 
 8.54000000e-01  3.37083996e-01 
 8.55000000e-01  3.38328150e-01 
 8.56000000e-01  3.39573572e-01 
 8.57000000e-01  3.40820251e-01 
 8.58000000e-01  3.42068176e-01 
 8.59000000e-01  3.43317337e-01 
 8.60000000e-01  3.44567722e-01 
 8.61000000e-01  3.45819322e-01 
 8.62000000e-01  3.47072126e-01 
 8.63000000e-01  3.48326125e-01 
 8.64000000e-01  3.49581309e-01 
 8.65000000e-01  3.50837667e-01 
 8.66000000e-01  3.52095190e-01 
 8.67000000e-01  3.53353869e-01 
 8.68000000e-01  3.54613694e-01 
 8.69000000e-01  3.55874657e-01 
 8.70000000e-01  3.57136747e-01 
 8.71000000e-01  3.58399957e-01 
 8.72000000e-01  3.59664277e-01 
 8.73000000e-01  3.60929699e-01 
 8.74000000e-01  3.62196215e-01 
 8.75000000e-01  3.63463815e-01 
 8.76000000e-01  3.64732493e-01 
 8.77000000e-01  3.66002239e-01 
 8.78000000e-01  3.67273046e-01 
 8.79000000e-01  3.68544906e-01 
 8.80000000e-01  3.69817811e-01 
 8.81000000e-01  3.71091754e-01 
 8.82000000e-01  3.72366727e-01 
 8.83000000e-01  3.73642724e-01 
 8.84000000e-01  3.74919736e-01 
 8.85000000e-01  3.76197758e-01 
 8.86000000e-01  3.77476781e-01 
 8.87000000e-01  3.78756800e-01 
 8.88000000e-01  3.80037807e-01 
 8.89000000e-01  3.81319796e-01 
 8.90000000e-01  3.82602761e-01 
 8.91000000e-01  3.83886695e-01 
 8.92000000e-01  3.85171592e-01 
 8.93000000e-01  3.86457447e-01 
 8.94000000e-01  3.87744253e-01 
 8.95000000e-01  3.89032004e-01 
 8.96000000e-01  3.90320695e-01 
 8.97000000e-01  3.91610320e-01 
 8.98000000e-01  3.92900874e-01 
 8.99000000e-01  3.94192351e-01 
 9.00000000e-01  3.95484746e-01 
 9.01000000e-01  3.96778054e-01 
 9.02000000e-01  3.98072270e-01 
 9.03000000e-01  3.99367389e-01 
 9.04000000e-01  4.00663406e-01 
 9.05000000e-01  4.01960316e-01 
 9.06000000e-01  4.03258116e-01 
 9.07000000e-01  4.04556800e-01 
 9.08000000e-01  4.05856364e-01 
 9.09000000e-01  4.07156803e-01 
 9.10000000e-01  4.08458114e-01 
 9.11000000e-01  4.09760293e-01 
 9.12000000e-01  4.11063335e-01 
 9.13000000e-01  4.12367237e-01 
 9.14000000e-01  4.13671994e-01 
 9.15000000e-01  4.14977604e-01 
 9.16000000e-01  4.16284062e-01 
 9.17000000e-01  4.17591365e-01 
 9.18000000e-01  4.18899509e-01 
 9.19000000e-01  4.20208492e-01 
 9.20000000e-01  4.21518310e-01 
 9.21000000e-01  4.22828959e-01 
 9.22000000e-01  4.24140437e-01 
 9.23000000e-01  4.25452741e-01 
 9.24000000e-01  4.26765868e-01 
 9.25000000e-01  4.28079815e-01 
 9.26000000e-01  4.29394579e-01 
 9.27000000e-01  4.30710158e-01 
 9.28000000e-01  4.32026550e-01 
 9.29000000e-01  4.33343751e-01 
 9.30000000e-01  4.34661759e-01 
 9.31000000e-01  4.35980572e-01 
 9.32000000e-01  4.37300188e-01 
 9.33000000e-01  4.38620604e-01 
 9.34000000e-01  4.39941819e-01 
 9.35000000e-01  4.41263830e-01 
 9.36000000e-01  4.42586636e-01 
 9.37000000e-01  4.43910235e-01 
 9.38000000e-01  4.45234624e-01 
 9.39000000e-01  4.46559803e-01 
 9.40000000e-01  4.47885769e-01 
 9.41000000e-01  4.49212520e-01 
 9.42000000e-01  4.50540057e-01 
 9.43000000e-01  4.51868376e-01 
 9.44000000e-01  4.53197476e-01 
 9.45000000e-01  4.54527357e-01 
 9.46000000e-01  4.55858017e-01 
 9.47000000e-01  4.57189454e-01 
 9.48000000e-01  4.58521668e-01 
 9.49000000e-01  4.59854658e-01 
 9.50000000e-01  4.61188422e-01 
 9.51000000e-01  4.62522959e-01 
 9.52000000e-01  4.63858269e-01 
 9.53000000e-01  4.65194351e-01 
 9.54000000e-01  4.66531204e-01 
 9.55000000e-01  4.67868828e-01 
 9.56000000e-01  4.69207220e-01 
 9.57000000e-01  4.70546382e-01 
 9.58000000e-01  4.71886313e-01 
 9.59000000e-01  4.73227011e-01 
 9.60000000e-01  4.74568477e-01 
 9.61000000e-01  4.75910710e-01 
 9.62000000e-01  4.77253709e-01 
 9.63000000e-01  4.78597475e-01 
 9.64000000e-01  4.79942007e-01 
 9.65000000e-01  4.81287305e-01 
 9.66000000e-01  4.82633369e-01 
 9.67000000e-01  4.83980198e-01 
 9.68000000e-01  4.85327793e-01 
 9.69000000e-01  4.86676154e-01 
 9.70000000e-01  4.88025279e-01 
 9.71000000e-01  4.89375171e-01 
 9.72000000e-01  4.90725828e-01 
 9.73000000e-01  4.92077251e-01 
 9.74000000e-01  4.93429440e-01 
 9.75000000e-01  4.94782395e-01 
 9.76000000e-01  4.96136117e-01 
 9.77000000e-01  4.97490605e-01 
 9.78000000e-01  4.98845861e-01 
 9.79000000e-01  5.00201884e-01 
 9.80000000e-01  5.01558674e-01 
 9.81000000e-01  5.02916234e-01 
 9.82000000e-01  5.04274562e-01 
 9.83000000e-01  5.05633659e-01 
 9.84000000e-01  5.06993526e-01 
 9.85000000e-01  5.08354163e-01 
 9.86000000e-01  5.09715572e-01 
 9.87000000e-01  5.11077752e-01 
 9.88000000e-01  5.12440705e-01 
 9.89000000e-01  5.13804430e-01 
 9.90000000e-01  5.15168930e-01 
 9.91000000e-01  5.16534204e-01 
 9.92000000e-01  5.17900253e-01 
 9.93000000e-01  5.19267079e-01 
 9.94000000e-01  5.20634681e-01 
 9.95000000e-01  5.22003062e-01 
 9.96000000e-01  5.23372221e-01 
 9.97000000e-01  5.24742160e-01 
 9.98000000e-01  5.26112880e-01 
 9.99000000e-01  5.27484382e-01 
 1.00000000e+00  5.28856666e-01 
 1.00100000e+00  5.30229734e-01 
 1.00200000e+00  5.31603586e-01 
 1.00300000e+00  5.32978225e-01 
 1.00400000e+00  5.34353650e-01 
 1.00500000e+00  5.35729863e-01 
 1.00600000e+00  5.37106866e-01 
 1.00700000e+00  5.38484659e-01 
 1.00800000e+00  5.39863243e-01 
 1.00900000e+00  5.41242621e-01 
 1.01000000e+00  5.42622792e-01 
 1.01100000e+00  5.44003758e-01 
 1.01200000e+00  5.45385521e-01 
 1.01300000e+00  5.46768082e-01 
 1.01400000e+00  5.48151441e-01 
 1.01500000e+00  5.49535601e-01 
 1.01600000e+00  5.50920562e-01 
 1.01700000e+00  5.52306327e-01 
 1.01800000e+00  5.53692896e-01 
 1.01900000e+00  5.55080270e-01 
 1.02000000e+00  5.56468452e-01 
 1.02100000e+00  5.57857442e-01 
 1.02200000e+00  5.59247242e-01 
 1.02300000e+00  5.60637853e-01 
 1.02400000e+00  5.62029278e-01 
 1.02500000e+00  5.63421516e-01 
 1.02600000e+00  5.64814570e-01 
 1.02700000e+00  5.66208441e-01 
 1.02800000e+00  5.67603132e-01 
 1.02900000e+00  5.68998642e-01 
 1.03000000e+00  5.70394974e-01 
 1.03100000e+00  5.71792129e-01 
 1.03200000e+00  5.73190109e-01 
 1.03300000e+00  5.74588915e-01 
 1.03400000e+00  5.75988549e-01 
 1.03500000e+00  5.77389013e-01 
 1.03600000e+00  5.78790308e-01 
 1.03700000e+00  5.80192435e-01 
 1.03800000e+00  5.81595396e-01 
 1.03900000e+00  5.82999193e-01 
 1.04000000e+00  5.84403828e-01 
 1.04100000e+00  5.85809302e-01 
 1.04200000e+00  5.87215616e-01 
 1.04300000e+00  5.88622773e-01 
 1.04400000e+00  5.90030773e-01 
 1.04500000e+00  5.91439619e-01 
 1.04600000e+00  5.92849312e-01 
 1.04700000e+00  5.94259855e-01 
 1.04800000e+00  5.95671247e-01 
 1.04900000e+00  5.97083492e-01 
 1.05000000e+00  5.98496591e-01 
 1.05100000e+00  5.99910545e-01 
 1.05200000e+00  6.01325356e-01 
 1.05300000e+00  6.02741027e-01 
 1.05400000e+00  6.04157558e-01 
 1.05500000e+00  6.05574951e-01 
 1.05600000e+00  6.06993208e-01 
 1.05700000e+00  6.08412331e-01 
 1.05800000e+00  6.09832322e-01 
 1.05900000e+00  6.11253181e-01 
 1.06000000e+00  6.12674911e-01 
 1.06100000e+00  6.14097514e-01 
 1.06200000e+00  6.15520991e-01 
 1.06300000e+00  6.16945344e-01 
 1.06400000e+00  6.18370575e-01 
 1.06500000e+00  6.19796685e-01 
 1.06600000e+00  6.21223676e-01 
 1.06700000e+00  6.22651550e-01 
 1.06800000e+00  6.24080309e-01 
 1.06900000e+00  6.25509954e-01 
 1.07000000e+00  6.26940487e-01 
 1.07100000e+00  6.28371909e-01 
 1.07200000e+00  6.29804224e-01 
 1.07300000e+00  6.31237431e-01 
 1.07400000e+00  6.32671533e-01 
 1.07500000e+00  6.34106532e-01 
 1.07600000e+00  6.35542430e-01 
 1.07700000e+00  6.36979228e-01 
 1.07800000e+00  6.38416927e-01 
 1.07900000e+00  6.39855530e-01 
 1.08000000e+00  6.41295038e-01 
 1.08100000e+00  6.42735454e-01 
 1.08200000e+00  6.44176778e-01 
 1.08300000e+00  6.45619013e-01 
 1.08400000e+00  6.47062160e-01 
 1.08500000e+00  6.48506221e-01 
 1.08600000e+00  6.49951198e-01 
 1.08700000e+00  6.51397092e-01 
 1.08800000e+00  6.52843905e-01 
 1.08900000e+00  6.54291639e-01 
 1.09000000e+00  6.55740295e-01 
 1.09100000e+00  6.57189876e-01 
 1.09200000e+00  6.58640383e-01 
 1.09300000e+00  6.60091817e-01 
 1.09400000e+00  6.61544181e-01 
 1.09500000e+00  6.62997476e-01 
 1.09600000e+00  6.64451704e-01 
 1.09700000e+00  6.65906866e-01 
 1.09800000e+00  6.67362964e-01 
 1.09900000e+00  6.68820001e-01 
 1.10000000e+00  6.70277976e-01 
 1.10100000e+00  6.71736893e-01 
 1.10200000e+00  6.73196754e-01 
 1.10300000e+00  6.74657558e-01 
 1.10400000e+00  6.76119309e-01 
 1.10500000e+00  6.77582008e-01 
 1.10600000e+00  6.79045657e-01 
 1.10700000e+00  6.80510257e-01 
 1.10800000e+00  6.81975810e-01 
 1.10900000e+00  6.83442317e-01 
 1.11000000e+00  6.84909781e-01 
 1.11100000e+00  6.86378203e-01 
 1.11200000e+00  6.87847584e-01 
 1.11300000e+00  6.89317927e-01 
 1.11400000e+00  6.90789232e-01 
 1.11500000e+00  6.92261502e-01 
 1.11600000e+00  6.93734739e-01 
 1.11700000e+00  6.95208943e-01 
 1.11800000e+00  6.96684116e-01 
 1.11900000e+00  6.98160261e-01 
 1.12000000e+00  6.99637378e-01 
 1.12100000e+00  7.01115469e-01 
 1.12200000e+00  7.02594536e-01 
 1.12300000e+00  7.04074581e-01 
 1.12400000e+00  7.05555605e-01 
 1.12500000e+00  7.07037610e-01 
 1.12600000e+00  7.08520596e-01 
 1.12700000e+00  7.10004567e-01 
 1.12800000e+00  7.11489523e-01 
 1.12900000e+00  7.12975466e-01 
 1.13000000e+00  7.14462398e-01 
 1.13100000e+00  7.15950320e-01 
 1.13200000e+00  7.17439233e-01 
 1.13300000e+00  7.18929140e-01 
 1.13400000e+00  7.20420042e-01 
 1.13500000e+00  7.21911940e-01 
 1.13600000e+00  7.23404836e-01 
 1.13700000e+00  7.24898732e-01 
 1.13800000e+00  7.26393628e-01 
 1.13900000e+00  7.27889527e-01 
 1.14000000e+00  7.29386430e-01 
 1.14100000e+00  7.30884339e-01 
 1.14200000e+00  7.32383255e-01 
 1.14300000e+00  7.33883179e-01 
 1.14400000e+00  7.35384113e-01 
 1.14500000e+00  7.36886060e-01 
 1.14600000e+00  7.38389019e-01 
 1.14700000e+00  7.39892992e-01 
 1.14800000e+00  7.41397982e-01 
 1.14900000e+00  7.42903990e-01 
 1.15000000e+00  7.44411016e-01 
 1.15100000e+00  7.45919063e-01 
 1.15200000e+00  7.47428132e-01 
 1.15300000e+00  7.48938225e-01 
 1.15400000e+00  7.50449342e-01 
 1.15500000e+00  7.51961486e-01 
 1.15600000e+00  7.53474657e-01 
 1.15700000e+00  7.54988858e-01 
 1.15800000e+00  7.56504089e-01 
 1.15900000e+00  7.58020352e-01 
 1.16000000e+00  7.59537649e-01 
 1.16100000e+00  7.61055981e-01 
 1.16200000e+00  7.62575349e-01 
 1.16300000e+00  7.64095755e-01 
 1.16400000e+00  7.65617201e-01 
 1.16500000e+00  7.67139686e-01 
 1.16600000e+00  7.68663214e-01 
 1.16700000e+00  7.70187785e-01 
 1.16800000e+00  7.71713401e-01 
 1.16900000e+00  7.73240063e-01 
 1.17000000e+00  7.74767772e-01 
 1.17100000e+00  7.76296531e-01 
 1.17200000e+00  7.77826339e-01 
 1.17300000e+00  7.79357199e-01 
 1.17400000e+00  7.80889112e-01 
 1.17500000e+00  7.82422080e-01 
 1.17600000e+00  7.83956103e-01 
 1.17700000e+00  7.85491183e-01 
 1.17800000e+00  7.87027321e-01 
 1.17900000e+00  7.88564519e-01 
 1.18000000e+00  7.90102778e-01 
 1.18100000e+00  7.91642100e-01 
 1.18200000e+00  7.93182484e-01 
 1.18300000e+00  7.94723934e-01 
 1.18400000e+00  7.96266450e-01 
 1.18500000e+00  7.97810034e-01 
 1.18600000e+00  7.99354686e-01 
 1.18700000e+00  8.00900409e-01 
 1.18800000e+00  8.02447203e-01 
 1.18900000e+00  8.03995069e-01 
 1.19000000e+00  8.05544010e-01 
 1.19100000e+00  8.07094026e-01 
 1.19200000e+00  8.08645118e-01 
 1.19300000e+00  8.10197288e-01 
 1.19400000e+00  8.11750538e-01 
 1.19500000e+00  8.13304867e-01 
 1.19600000e+00  8.14860278e-01 
 1.19700000e+00  8.16416772e-01 
 1.19800000e+00  8.17974350e-01 
 1.19900000e+00  8.19533013e-01 
 1.20000000e+00  8.21092762e-01 
 1.20100000e+00  8.22653600e-01 
 1.20200000e+00  8.24215526e-01 
 1.20300000e+00  8.25778542e-01 
 1.20400000e+00  8.27342650e-01 
 1.20500000e+00  8.28907851e-01 
 1.20600000e+00  8.30474145e-01 
 1.20700000e+00  8.32041534e-01 
 1.20800000e+00  8.33610019e-01 
 1.20900000e+00  8.35179602e-01 
 1.21000000e+00  8.36750283e-01 
 1.21100000e+00  8.38322065e-01 
 1.21200000e+00  8.39894947e-01 
 1.21300000e+00  8.41468931e-01 
 1.21400000e+00  8.43044018e-01 
 1.21500000e+00  8.44620210e-01 
 1.21600000e+00  8.46197507e-01 
 1.21700000e+00  8.47775912e-01 
 1.21800000e+00  8.49355424e-01 
 1.21900000e+00  8.50936045e-01 
 1.22000000e+00  8.52517777e-01 
 1.22100000e+00  8.54100619e-01 
 1.22200000e+00  8.55684575e-01 
 1.22300000e+00  8.57269644e-01 
 1.22400000e+00  8.58855827e-01 
 1.22500000e+00  8.60443127e-01 
 1.22600000e+00  8.62031544e-01 
 1.22700000e+00  8.63621079e-01 
 1.22800000e+00  8.65211733e-01 
 1.22900000e+00  8.66803507e-01 
 1.23000000e+00  8.68396403e-01 
 1.23100000e+00  8.69990422e-01 
 1.23200000e+00  8.71585564e-01 
 1.23300000e+00  8.73181831e-01 
 1.23400000e+00  8.74779224e-01 
 1.23500000e+00  8.76377743e-01 
 1.23600000e+00  8.77977391e-01 
 1.23700000e+00  8.79578168e-01 
 1.23800000e+00  8.81180076e-01 
 1.23900000e+00  8.82783114e-01 
 1.24000000e+00  8.84387285e-01 
 1.24100000e+00  8.85992589e-01 
 1.24200000e+00  8.87599028e-01 
 1.24300000e+00  8.89206603e-01 
 1.24400000e+00  8.90815314e-01 
 1.24500000e+00  8.92425162e-01 
 1.24600000e+00  8.94036150e-01 
 1.24700000e+00  8.95648277e-01 
 1.24800000e+00  8.97261545e-01 
 1.24900000e+00  8.98875955e-01 
 1.25000000e+00  9.00491508e-01 
 1.25100000e+00  9.02108205e-01 
 1.25200000e+00  9.03726047e-01 
 1.25300000e+00  9.05345034e-01 
 1.25400000e+00  9.06965169e-01 
 1.25500000e+00  9.08586452e-01 
 1.25600000e+00  9.10208884e-01 
 1.25700000e+00  9.11832467e-01 
 1.25800000e+00  9.13457200e-01 
 1.25900000e+00  9.15083085e-01 
 1.26000000e+00  9.16710124e-01 
 1.26100000e+00  9.18338317e-01 
 1.26200000e+00  9.19967665e-01 
 1.26300000e+00  9.21598169e-01 
 1.26400000e+00  9.23229830e-01 
 1.26500000e+00  9.24862650e-01 
 1.26600000e+00  9.26496628e-01 
 1.26700000e+00  9.28131767e-01 
 1.26800000e+00  9.29768067e-01 
 1.26900000e+00  9.31405529e-01 
 1.27000000e+00  9.33044155e-01 
 1.27100000e+00  9.34683944e-01 
 1.27200000e+00  9.36324898e-01 
 1.27300000e+00  9.37967019e-01 
 1.27400000e+00  9.39610306e-01 
 1.27500000e+00  9.41254762e-01 
 1.27600000e+00  9.42900387e-01 
 1.27700000e+00  9.44547181e-01 
 1.27800000e+00  9.46195146e-01 
 1.27900000e+00  9.47844284e-01 
 1.28000000e+00  9.49494594e-01 
 1.28100000e+00  9.51146078e-01 
 1.28200000e+00  9.52798737e-01 
 1.28300000e+00  9.54452571e-01 
 1.28400000e+00  9.56107582e-01 
 1.28500000e+00  9.57763771e-01 
 1.28600000e+00  9.59421138e-01 
 1.28700000e+00  9.61079685e-01 
 1.28800000e+00  9.62739413e-01 
 1.28900000e+00  9.64400321e-01 
 1.29000000e+00  9.66062412e-01 
 1.29100000e+00  9.67725687e-01 
 1.29200000e+00  9.69390145e-01 
 1.29300000e+00  9.71055789e-01 
 1.29400000e+00  9.72722619e-01 
 1.29500000e+00  9.74390636e-01 
 1.29600000e+00  9.76059841e-01 
 1.29700000e+00  9.77730235e-01 
 1.29800000e+00  9.79401818e-01 
 1.29900000e+00  9.81074593e-01 
 1.30000000e+00  9.82748559e-01 
 1.30100000e+00  9.84423717e-01 
 1.30200000e+00  9.86100069e-01 
 1.30300000e+00  9.87777616e-01 
 1.30400000e+00  9.89456358e-01 
 1.30500000e+00  9.91136296e-01 
 1.30600000e+00  9.92817432e-01 
 1.30700000e+00  9.94499765e-01 
 1.30800000e+00  9.96183298e-01 
 1.30900000e+00  9.97868030e-01 
 1.31000000e+00  9.99553963e-01 
 1.31100000e+00  1.00124110e+00 
 1.31200000e+00  1.00292944e+00 
 1.31300000e+00  1.00461898e+00 
 1.31400000e+00  1.00630972e+00 
 1.31500000e+00  1.00800167e+00 
 1.31600000e+00  1.00969483e+00 
 1.31700000e+00  1.01138920e+00 
 1.31800000e+00  1.01308477e+00 
 1.31900000e+00  1.01478155e+00 
 1.32000000e+00  1.01647954e+00 
 1.32100000e+00  1.01817875e+00 
 1.32200000e+00  1.01987916e+00 
 1.32300000e+00  1.02158079e+00 
 1.32400000e+00  1.02328363e+00 
 1.32500000e+00  1.02498768e+00 
 1.32600000e+00  1.02669295e+00 
 1.32700000e+00  1.02839944e+00 
 1.32800000e+00  1.03010714e+00 
 1.32900000e+00  1.03181606e+00 
 1.33000000e+00  1.03352620e+00 
 1.33100000e+00  1.03523756e+00 
 1.33200000e+00  1.03695014e+00 
 1.33300000e+00  1.03866394e+00 
 1.33400000e+00  1.04037896e+00 
 1.33500000e+00  1.04209521e+00 
 1.33600000e+00  1.04381268e+00 
 1.33700000e+00  1.04553138e+00 
 1.33800000e+00  1.04725130e+00 
 1.33900000e+00  1.04897245e+00 
 1.34000000e+00  1.05069483e+00 
 1.34100000e+00  1.05241843e+00 
 1.34200000e+00  1.05414327e+00 
 1.34300000e+00  1.05586934e+00 
 1.34400000e+00  1.05759663e+00 
 1.34500000e+00  1.05932516e+00 
 1.34600000e+00  1.06105492e+00 
 1.34700000e+00  1.06278592e+00 
 1.34800000e+00  1.06451815e+00 
 1.34900000e+00  1.06625162e+00 
 1.35000000e+00  1.06798632e+00 
 1.35100000e+00  1.06972226e+00 
 1.35200000e+00  1.07145944e+00 
 1.35300000e+00  1.07319785e+00 
 1.35400000e+00  1.07493751e+00 
 1.35500000e+00  1.07667841e+00 
 1.35600000e+00  1.07842055e+00 
 1.35700000e+00  1.08016394e+00 
 1.35800000e+00  1.08190856e+00 
 1.35900000e+00  1.08365443e+00 
 1.36000000e+00  1.08540155e+00 
 1.36100000e+00  1.08714991e+00 
 1.36200000e+00  1.08889952e+00 
 1.36300000e+00  1.09065038e+00 
 1.36400000e+00  1.09240249e+00 
 1.36500000e+00  1.09415585e+00 
 1.36600000e+00  1.09591046e+00 
 1.36700000e+00  1.09766631e+00 
 1.36800000e+00  1.09942343e+00 
 1.36900000e+00  1.10118179e+00 
 1.37000000e+00  1.10294141e+00 
 1.37100000e+00  1.10470228e+00 
 1.37200000e+00  1.10646442e+00 
 1.37300000e+00  1.10822780e+00 
 1.37400000e+00  1.10999245e+00 
 1.37500000e+00  1.11175835e+00 
 1.37600000e+00  1.11352551e+00 
 1.37700000e+00  1.11529394e+00 
 1.37800000e+00  1.11706362e+00 
 1.37900000e+00  1.11883457e+00 
 1.38000000e+00  1.12060678e+00 
 1.38100000e+00  1.12238025e+00 
 1.38200000e+00  1.12415499e+00 
 1.38300000e+00  1.12593100e+00 
 1.38400000e+00  1.12770827e+00 
 1.38500000e+00  1.12948681e+00 
 1.38600000e+00  1.13126662e+00 
 1.38700000e+00  1.13304769e+00 
 1.38800000e+00  1.13483004e+00 
 1.38900000e+00  1.13661366e+00 
 1.39000000e+00  1.13839855e+00 
 1.39100000e+00  1.14018471e+00 
 1.39200000e+00  1.14197215e+00 
 1.39300000e+00  1.14376086e+00 
 1.39400000e+00  1.14555085e+00 
 1.39500000e+00  1.14734211e+00 
 1.39600000e+00  1.14913465e+00 
 1.39700000e+00  1.15092847e+00 
 1.39800000e+00  1.15272357e+00 
 1.39900000e+00  1.15451995e+00 
 1.40000000e+00  1.15631761e+00 
 1.40100000e+00  1.15811655e+00 
 1.40200000e+00  1.15991678e+00 
 1.40300000e+00  1.16171829e+00 
 1.40400000e+00  1.16352108e+00 
 1.40500000e+00  1.16532516e+00 
 1.40600000e+00  1.16713052e+00 
 1.40700000e+00  1.16893718e+00 
 1.40800000e+00  1.17074512e+00 
 1.40900000e+00  1.17255435e+00 
 1.41000000e+00  1.17436487e+00 
 1.41100000e+00  1.17617668e+00 
 1.41200000e+00  1.17798979e+00 
 1.41300000e+00  1.17980418e+00 
 1.41400000e+00  1.18161987e+00 
 1.41500000e+00  1.18343686e+00 
 1.41600000e+00  1.18525514e+00 
 1.41700000e+00  1.18707472e+00 
 1.41800000e+00  1.18889559e+00 
 1.41900000e+00  1.19071777e+00 
 1.42000000e+00  1.19254124e+00 
 1.42100000e+00  1.19436601e+00 
 1.42200000e+00  1.19619209e+00 
 1.42300000e+00  1.19801946e+00 
 1.42400000e+00  1.19984814e+00 
 1.42500000e+00  1.20167813e+00 
 1.42600000e+00  1.20350942e+00 
 1.42700000e+00  1.20534201e+00 
 1.42800000e+00  1.20717591e+00 
 1.42900000e+00  1.20901113e+00 
 1.43000000e+00  1.21084764e+00 
 1.43100000e+00  1.21268547e+00 
 1.43200000e+00  1.21452461e+00 
 1.43300000e+00  1.21636506e+00 
 1.43400000e+00  1.21820683e+00 
 1.43500000e+00  1.22004990e+00 
 1.43600000e+00  1.22189430e+00 
 1.43700000e+00  1.22374000e+00 
 1.43800000e+00  1.22558703e+00 
 1.43900000e+00  1.22743537e+00 
 1.44000000e+00  1.22928503e+00 
 1.44100000e+00  1.23113601e+00 
 1.44200000e+00  1.23298831e+00 
 1.44300000e+00  1.23484193e+00 
 1.44400000e+00  1.23669687e+00 
 1.44500000e+00  1.23855314e+00 
 1.44600000e+00  1.24041073e+00 
 1.44700000e+00  1.24226965e+00 
 1.44800000e+00  1.24412989e+00 
 1.44900000e+00  1.24599146e+00 
 1.45000000e+00  1.24785436e+00 
 1.45100000e+00  1.24971858e+00 
 1.45200000e+00  1.25158414e+00 
 1.45300000e+00  1.25345103e+00 
 1.45400000e+00  1.25531925e+00 
 1.45500000e+00  1.25718880e+00 
 1.45600000e+00  1.25905969e+00 
 1.45700000e+00  1.26093191e+00 
 1.45800000e+00  1.26280547e+00 
 1.45900000e+00  1.26468037e+00 
 1.46000000e+00  1.26655660e+00 
 1.46100000e+00  1.26843418e+00 
 1.46200000e+00  1.27031309e+00 
 1.46300000e+00  1.27219334e+00 
 1.46400000e+00  1.27407494e+00 
 1.46500000e+00  1.27595788e+00 
 1.46600000e+00  1.27784217e+00 
 1.46700000e+00  1.27972780e+00 
 1.46800000e+00  1.28161477e+00 
 1.46900000e+00  1.28350310e+00 
 1.47000000e+00  1.28539277e+00 
 1.47100000e+00  1.28728379e+00 
 1.47200000e+00  1.28917616e+00 
 1.47300000e+00  1.29106989e+00 
 1.47400000e+00  1.29296496e+00 
 1.47500000e+00  1.29486139e+00 
 1.47600000e+00  1.29675918e+00 
 1.47700000e+00  1.29865832e+00 
 1.47800000e+00  1.30055882e+00 
 1.47900000e+00  1.30246067e+00 
 1.48000000e+00  1.30436389e+00 
 1.48100000e+00  1.30626846e+00 
 1.48200000e+00  1.30817439e+00 
 1.48300000e+00  1.31008169e+00 
 1.48400000e+00  1.31199035e+00 
 1.48500000e+00  1.31390038e+00 
 1.48600000e+00  1.31581177e+00 
 1.48700000e+00  1.31772452e+00 
 1.48800000e+00  1.31963865e+00 
 1.48900000e+00  1.32155414e+00 
 1.49000000e+00  1.32347100e+00 
 1.49100000e+00  1.32538923e+00 
 1.49200000e+00  1.32730884e+00 
 1.49300000e+00  1.32922982e+00 
 1.49400000e+00  1.33115217e+00 
 1.49500000e+00  1.33307589e+00 
 1.49600000e+00  1.33500100e+00 
 1.49700000e+00  1.33692748e+00 
 1.49800000e+00  1.33885534e+00 
 1.49900000e+00  1.34078457e+00 
 1.50000000e+00  1.34271519e+00 
 1.50100000e+00  1.34464719e+00 
 1.50200000e+00  1.34658058e+00 
 1.50300000e+00  1.34851535e+00 
 1.50400000e+00  1.35045150e+00 
 1.50500000e+00  1.35238904e+00 
 1.50600000e+00  1.35432797e+00 
 1.50700000e+00  1.35626828e+00 
 1.50800000e+00  1.35820999e+00 
 1.50900000e+00  1.36015308e+00 
 1.51000000e+00  1.36209757e+00 
 1.51100000e+00  1.36404346e+00 
 1.51200000e+00  1.36599073e+00 
 1.51300000e+00  1.36793940e+00 
 1.51400000e+00  1.36988947e+00 
 1.51500000e+00  1.37184094e+00 
 1.51600000e+00  1.37379381e+00 
 1.51700000e+00  1.37574807e+00 
 1.51800000e+00  1.37770374e+00 
 1.51900000e+00  1.37966081e+00 
 1.52000000e+00  1.38161928e+00 
 1.52100000e+00  1.38357916e+00 
 1.52200000e+00  1.38554045e+00 
 1.52300000e+00  1.38750314e+00 
 1.52400000e+00  1.38946724e+00 
 1.52500000e+00  1.39143275e+00 
 1.52600000e+00  1.39339967e+00 
 1.52700000e+00  1.39536801e+00 
 1.52800000e+00  1.39733776e+00 
 1.52900000e+00  1.39930892e+00 
 1.53000000e+00  1.40128150e+00 
 1.53100000e+00  1.40325549e+00 
 1.53200000e+00  1.40523091e+00 
 1.53300000e+00  1.40720774e+00 
 1.53400000e+00  1.40918599e+00 
 1.53500000e+00  1.41116567e+00 
 1.53600000e+00  1.41314677e+00 
 1.53700000e+00  1.41512929e+00 
 1.53800000e+00  1.41711324e+00 
 1.53900000e+00  1.41909862e+00 
 1.54000000e+00  1.42108543e+00 
 1.54100000e+00  1.42307366e+00 
 1.54200000e+00  1.42506333e+00 
 1.54300000e+00  1.42705443e+00 
 1.54400000e+00  1.42904696e+00 
 1.54500000e+00  1.43104093e+00 
 1.54600000e+00  1.43303633e+00 
 1.54700000e+00  1.43503317e+00 
 1.54800000e+00  1.43703145e+00 
 1.54900000e+00  1.43903116e+00 
 1.55000000e+00  1.44103232e+00 
 1.55100000e+00  1.44303493e+00 
 1.55200000e+00  1.44503897e+00 
 1.55300000e+00  1.44704446e+00 
 1.55400000e+00  1.44905140e+00 
 1.55500000e+00  1.45105979e+00 
 1.55600000e+00  1.45306962e+00 
 1.55700000e+00  1.45508091e+00 
 1.55800000e+00  1.45709364e+00 
 1.55900000e+00  1.45910783e+00 
 1.56000000e+00  1.46112348e+00 
 1.56100000e+00  1.46314058e+00 
 1.56200000e+00  1.46515914e+00 
 1.56300000e+00  1.46717915e+00 
 1.56400000e+00  1.46920063e+00 
 1.56500000e+00  1.47122357e+00 
 1.56600000e+00  1.47324797e+00 
 1.56700000e+00  1.47527383e+00 
 1.56800000e+00  1.47730116e+00 
 1.56900000e+00  1.47932996e+00 
 1.57000000e+00  1.48136022e+00 
 1.57100000e+00  1.48339196e+00 
 1.57200000e+00  1.48542516e+00 
 1.57300000e+00  1.48745984e+00 
 1.57400000e+00  1.48949599e+00 
 1.57500000e+00  1.49153362e+00 
 1.57600000e+00  1.49357272e+00 
 1.57700000e+00  1.49561330e+00 
 1.57800000e+00  1.49765536e+00 
 1.57900000e+00  1.49969891e+00 
 1.58000000e+00  1.50174393e+00 
 1.58100000e+00  1.50379044e+00 
 1.58200000e+00  1.50583843e+00 
 1.58300000e+00  1.50788791e+00 
 1.58400000e+00  1.50993888e+00 
 1.58500000e+00  1.51199134e+00 
 1.58600000e+00  1.51404529e+00 
 1.58700000e+00  1.51610074e+00 
 1.58800000e+00  1.51815767e+00 
 1.58900000e+00  1.52021610e+00 
 1.59000000e+00  1.52227603e+00 
 1.59100000e+00  1.52433746e+00 
 1.59200000e+00  1.52640039e+00 
 1.59300000e+00  1.52846482e+00 
 1.59400000e+00  1.53053075e+00 
 1.59500000e+00  1.53259819e+00 
 1.59600000e+00  1.53466713e+00 
 1.59700000e+00  1.53673759e+00 
 1.59800000e+00  1.53880955e+00 
 1.59900000e+00  1.54088302e+00 
 1.60000000e+00  1.54295800e+00 
 1.60100000e+00  1.54503450e+00 
 1.60200000e+00  1.54711251e+00 
 1.60300000e+00  1.54919204e+00 
 1.60400000e+00  1.55127309e+00 
 1.60500000e+00  1.55335566e+00 
 1.60600000e+00  1.55543975e+00 
 1.60700000e+00  1.55752537e+00 
 1.60800000e+00  1.55961251e+00 
 1.60900000e+00  1.56170117e+00 
 1.61000000e+00  1.56379136e+00 
 1.61100000e+00  1.56588309e+00 
 1.61200000e+00  1.56797634e+00 
 1.61300000e+00  1.57007113e+00 
 1.61400000e+00  1.57216745e+00 
 1.61500000e+00  1.57426531e+00 
 1.61600000e+00  1.57636470e+00 
 1.61700000e+00  1.57846564e+00 
 1.61800000e+00  1.58056811e+00 
 1.61900000e+00  1.58267213e+00 
 1.62000000e+00  1.58477770e+00 
 1.62100000e+00  1.58688481e+00 
 1.62200000e+00  1.58899346e+00 
 1.62300000e+00  1.59110367e+00 
 1.62400000e+00  1.59321543e+00 
 1.62500000e+00  1.59532874e+00 
 1.62600000e+00  1.59744360e+00 
 1.62700000e+00  1.59956002e+00 
 1.62800000e+00  1.60167800e+00 
 1.62900000e+00  1.60379754e+00 
 1.63000000e+00  1.60591864e+00 
 1.63100000e+00  1.60804130e+00 
 1.63200000e+00  1.61016553e+00 
 1.63300000e+00  1.61229132e+00 
 1.63400000e+00  1.61441869e+00 
 1.63500000e+00  1.61654762e+00 
 1.63600000e+00  1.61867812e+00 
 1.63700000e+00  1.62081020e+00 
 1.63800000e+00  1.62294385e+00 
 1.63900000e+00  1.62507908e+00 
 1.64000000e+00  1.62721589e+00 
 1.64100000e+00  1.62935428e+00 
 1.64200000e+00  1.63149425e+00 
 1.64300000e+00  1.63363580e+00 
 1.64400000e+00  1.63577894e+00 
 1.64500000e+00  1.63792367e+00 
 1.64600000e+00  1.64006999e+00 
 1.64700000e+00  1.64221790e+00 
 1.64800000e+00  1.64436741e+00 
 1.64900000e+00  1.64651850e+00 
 1.65000000e+00  1.64867120e+00 
 1.65100000e+00  1.65082549e+00 
 1.65200000e+00  1.65298139e+00 
 1.65300000e+00  1.65513889e+00 
 1.65400000e+00  1.65729799e+00 
 1.65500000e+00  1.65945870e+00 
 1.65600000e+00  1.66162101e+00 
 1.65700000e+00  1.66378494e+00 
 1.65800000e+00  1.66595048e+00 
 1.65900000e+00  1.66811763e+00 
 1.66000000e+00  1.67028640e+00 
 1.66100000e+00  1.67245679e+00 
 1.66200000e+00  1.67462879e+00 
 1.66300000e+00  1.67680242e+00 
 1.66400000e+00  1.67897767e+00 
 1.66500000e+00  1.68115455e+00 
 1.66600000e+00  1.68333305e+00 
 1.66700000e+00  1.68551318e+00 
 1.66800000e+00  1.68769495e+00 
 1.66900000e+00  1.68987835e+00 
 1.67000000e+00  1.69206338e+00 
 1.67100000e+00  1.69425005e+00 
 1.67200000e+00  1.69643836e+00 
 1.67300000e+00  1.69862831e+00 
 1.67400000e+00  1.70081991e+00 
 1.67500000e+00  1.70301315e+00 
 1.67600000e+00  1.70520803e+00 
 1.67700000e+00  1.70740457e+00 
 1.67800000e+00  1.70960276e+00 
 1.67900000e+00  1.71180260e+00 
 1.68000000e+00  1.71400410e+00 
 1.68100000e+00  1.71620725e+00 
 1.68200000e+00  1.71841207e+00 
 1.68300000e+00  1.72061855e+00 
 1.68400000e+00  1.72282669e+00 
 1.68500000e+00  1.72503649e+00 
 1.68600000e+00  1.72724797e+00 
 1.68700000e+00  1.72946112e+00 
 1.68800000e+00  1.73167593e+00 
 1.68900000e+00  1.73389243e+00 
 1.69000000e+00  1.73611060e+00 
 1.69100000e+00  1.73833044e+00 
 1.69200000e+00  1.74055197e+00 
 1.69300000e+00  1.74277519e+00 
 1.69400000e+00  1.74500008e+00 
 1.69500000e+00  1.74722667e+00 
 1.69600000e+00  1.74945494e+00 
 1.69700000e+00  1.75168491e+00 
 1.69800000e+00  1.75391657e+00 
 1.69900000e+00  1.75614993e+00 
 1.70000000e+00  1.75838498e+00 
 1.70100000e+00  1.76062174e+00 
 1.70200000e+00  1.76286020e+00 
 1.70300000e+00  1.76510037e+00 
 1.70400000e+00  1.76734224e+00 
 1.70500000e+00  1.76958582e+00 
 1.70600000e+00  1.77183111e+00 
 1.70700000e+00  1.77407812e+00 
 1.70800000e+00  1.77632685e+00 
 1.70900000e+00  1.77857729e+00 
 1.71000000e+00  1.78082946e+00 
 1.71100000e+00  1.78308335e+00 
 1.71200000e+00  1.78533896e+00 
 1.71300000e+00  1.78759631e+00 
 1.71400000e+00  1.78985538e+00 
 1.71500000e+00  1.79211619e+00 
 1.71600000e+00  1.79437873e+00 
 1.71700000e+00  1.79664301e+00 
 1.71800000e+00  1.79890903e+00 
 1.71900000e+00  1.80117679e+00 
 1.72000000e+00  1.80344630e+00 
 1.72100000e+00  1.80571755e+00 
 1.72200000e+00  1.80799056e+00 
 1.72300000e+00  1.81026531e+00 
 1.72400000e+00  1.81254183e+00 
 1.72500000e+00  1.81482009e+00 
 1.72600000e+00  1.81710012e+00 
 1.72700000e+00  1.81938191e+00 
 1.72800000e+00  1.82166546e+00 
 1.72900000e+00  1.82395078e+00 
 1.73000000e+00  1.82623787e+00 
 1.73100000e+00  1.82852674e+00 
 1.73200000e+00  1.83081737e+00 
 1.73300000e+00  1.83310978e+00 
 1.73400000e+00  1.83540398e+00 
 1.73500000e+00  1.83769995e+00 
 1.73600000e+00  1.83999771e+00 
 1.73700000e+00  1.84229726e+00 
 1.73800000e+00  1.84459859e+00 
 1.73900000e+00  1.84690172e+00 
 1.74000000e+00  1.84920664e+00 
 1.74100000e+00  1.85151336e+00 
 1.74200000e+00  1.85382188e+00 
 1.74300000e+00  1.85613220e+00 
 1.74400000e+00  1.85844433e+00 
 1.74500000e+00  1.86075827e+00 
 1.74600000e+00  1.86307401e+00 
 1.74700000e+00  1.86539157e+00 
 1.74800000e+00  1.86771095e+00 
 1.74900000e+00  1.87003214e+00 
 1.75000000e+00  1.87235516e+00 
 1.75100000e+00  1.87468000e+00 
 1.75200000e+00  1.87700667e+00 
 1.75300000e+00  1.87933516e+00 
 1.75400000e+00  1.88166549e+00 
 1.75500000e+00  1.88399765e+00 
 1.75600000e+00  1.88633165e+00 
 1.75700000e+00  1.88866749e+00 
 1.75800000e+00  1.89100518e+00 
 1.75900000e+00  1.89334471e+00 
 1.76000000e+00  1.89568609e+00 
 1.76100000e+00  1.89802932e+00 
 1.76200000e+00  1.90037440e+00 
 1.76300000e+00  1.90272134e+00 
 1.76400000e+00  1.90507015e+00 
 1.76500000e+00  1.90742081e+00 
 1.76600000e+00  1.90977334e+00 
 1.76700000e+00  1.91212774e+00 
 1.76800000e+00  1.91448401e+00 
 1.76900000e+00  1.91684216e+00 
 1.77000000e+00  1.91920218e+00 
 1.77100000e+00  1.92156409e+00 
 1.77200000e+00  1.92392787e+00 
 1.77300000e+00  1.92629355e+00 
 1.77400000e+00  1.92866111e+00 
 1.77500000e+00  1.93103056e+00 
 1.77600000e+00  1.93340191e+00 
 1.77700000e+00  1.93577516e+00 
 1.77800000e+00  1.93815031e+00 
 1.77900000e+00  1.94052736e+00 
 1.78000000e+00  1.94290633e+00 
 1.78100000e+00  1.94528720e+00 
 1.78200000e+00  1.94766998e+00 
 1.78300000e+00  1.95005468e+00 
 1.78400000e+00  1.95244130e+00 
 1.78500000e+00  1.95482984e+00 
 1.78600000e+00  1.95722031e+00 
 1.78700000e+00  1.95961271e+00 
 1.78800000e+00  1.96200704e+00 
 1.78900000e+00  1.96440330e+00 
 1.79000000e+00  1.96680150e+00 
 1.79100000e+00  1.96920164e+00 
 1.79200000e+00  1.97160373e+00 
 1.79300000e+00  1.97400777e+00 
 1.79400000e+00  1.97641375e+00 
 1.79500000e+00  1.97882169e+00 
 1.79600000e+00  1.98123159e+00 
 1.79700000e+00  1.98364345e+00 
 1.79800000e+00  1.98605727e+00 
 1.79900000e+00  1.98847306e+00 
 1.80000000e+00  1.99089082e+00 
