 0.00000000e+00  7.12597742e-02 
 1.00000000e-03  7.12602040e-02 
 2.00000000e-03  7.12606398e-02 
 3.00000000e-03  7.12610818e-02 
 4.00000000e-03  7.12615301e-02 
 5.00000000e-03  7.12619846e-02 
 6.00000000e-03  7.12624456e-02 
 7.00000000e-03  7.12629130e-02 
 8.00000000e-03  7.12633871e-02 
 9.00000000e-03  7.12638678e-02 
 1.00000000e-02  7.12643554e-02 
 1.10000000e-02  7.12648498e-02 
 1.20000000e-02  7.12653511e-02 
 1.30000000e-02  7.12658596e-02 
 1.40000000e-02  7.12663752e-02 
 1.50000000e-02  7.12668981e-02 
 1.60000000e-02  7.12674283e-02 
 1.70000000e-02  7.12679661e-02 
 1.80000000e-02  7.12685114e-02 
 1.90000000e-02  7.12690644e-02 
 2.00000000e-02  7.12696252e-02 
 2.10000000e-02  7.12701939e-02 
 2.20000000e-02  7.12707707e-02 
 2.30000000e-02  7.12713555e-02 
 2.40000000e-02  7.12719487e-02 
 2.50000000e-02  7.12725501e-02 
 2.60000000e-02  7.12731601e-02 
 2.70000000e-02  7.12737786e-02 
 2.80000000e-02  7.12744059e-02 
 2.90000000e-02  7.12750420e-02 
 3.00000000e-02  7.12756871e-02 
 3.10000000e-02  7.12763413e-02 
 3.20000000e-02  7.12770047e-02 
 3.30000000e-02  7.12776774e-02 
 3.40000000e-02  7.12783597e-02 
 3.50000000e-02  7.12790515e-02 
 3.60000000e-02  7.12797531e-02 
 3.70000000e-02  7.12804646e-02 
 3.80000000e-02  7.12811861e-02 
 3.90000000e-02  7.12819177e-02 
 4.00000000e-02  7.12826597e-02 
 4.10000000e-02  7.12834122e-02 
 4.20000000e-02  7.12841752e-02 
 4.30000000e-02  7.12849490e-02 
 4.40000000e-02  7.12857337e-02 
 4.50000000e-02  7.12865294e-02 
 4.60000000e-02  7.12873364e-02 
 4.70000000e-02  7.12881547e-02 
 4.80000000e-02  7.12889845e-02 
 4.90000000e-02  7.12898261e-02 
 5.00000000e-02  7.12906794e-02 
 5.10000000e-02  7.12915448e-02 
 5.20000000e-02  7.12924224e-02 
 5.30000000e-02  7.12933124e-02 
 5.40000000e-02  7.12942149e-02 
 5.50000000e-02  7.12951301e-02 
 5.60000000e-02  7.12960581e-02 
 5.70000000e-02  7.12969993e-02 
 5.80000000e-02  7.12979537e-02 
 5.90000000e-02  7.12989215e-02 
 6.00000000e-02  7.12999029e-02 
 6.10000000e-02  7.13008982e-02 
 6.20000000e-02  7.13019075e-02 
 6.30000000e-02  7.13029309e-02 
 6.40000000e-02  7.13039688e-02 
 6.50000000e-02  7.13050213e-02 
 6.60000000e-02  7.13060886e-02 
 6.70000000e-02  7.13071709e-02 
 6.80000000e-02  7.13082685e-02 
 6.90000000e-02  7.13093815e-02 
 7.00000000e-02  7.13105101e-02 
 7.10000000e-02  7.13116546e-02 
 7.20000000e-02  7.13128153e-02 
 7.30000000e-02  7.13139922e-02 
 7.40000000e-02  7.13151857e-02 
 7.50000000e-02  7.13163960e-02 
 7.60000000e-02  7.13176233e-02 
 7.70000000e-02  7.13188679e-02 
 7.80000000e-02  7.13201300e-02 
 7.90000000e-02  7.13214098e-02 
 8.00000000e-02  7.13227076e-02 
 8.10000000e-02  7.13240237e-02 
 8.20000000e-02  7.13253582e-02 
 8.30000000e-02  7.13267115e-02 
 8.40000000e-02  7.13280839e-02 
 8.50000000e-02  7.13294755e-02 
 8.60000000e-02  7.13308867e-02 
 8.70000000e-02  7.13323177e-02 
 8.80000000e-02  7.13337688e-02 
 8.90000000e-02  7.13352403e-02 
 9.00000000e-02  7.13367325e-02 
 9.10000000e-02  7.13382456e-02 
 9.20000000e-02  7.13397800e-02 
 9.30000000e-02  7.13413360e-02 
 9.40000000e-02  7.13429138e-02 
 9.50000000e-02  7.13445137e-02 
 9.60000000e-02  7.13461361e-02 
 9.70000000e-02  7.13477813e-02 
 9.80000000e-02  7.13494496e-02 
 9.90000000e-02  7.13511413e-02 
 1.00000000e-01  7.13528568e-02 
 1.01000000e-01  7.13545963e-02 
 1.02000000e-01  7.13563603e-02 
 1.03000000e-01  7.13581490e-02 
 1.04000000e-01  7.13599628e-02 
 1.05000000e-01  7.13618020e-02 
 1.06000000e-01  7.13636671e-02 
 1.07000000e-01  7.13655583e-02 
 1.08000000e-01  7.13674760e-02 
 1.09000000e-01  7.13694207e-02 
 1.10000000e-01  7.13713926e-02 
 1.11000000e-01  7.13733921e-02 
 1.12000000e-01  7.13754197e-02 
 1.13000000e-01  7.13774757e-02 
 1.14000000e-01  7.13795605e-02 
 1.15000000e-01  7.13816746e-02 
 1.16000000e-01  7.13838182e-02 
 1.17000000e-01  7.13859919e-02 
 1.18000000e-01  7.13881961e-02 
 1.19000000e-01  7.13904311e-02 
 1.20000000e-01  7.13926975e-02 
 1.21000000e-01  7.13949955e-02 
 1.22000000e-01  7.13973258e-02 
 1.23000000e-01  7.13996887e-02 
 1.24000000e-01  7.14020846e-02 
 1.25000000e-01  7.14045141e-02 
 1.26000000e-01  7.14069776e-02 
 1.27000000e-01  7.14094756e-02 
 1.28000000e-01  7.14120085e-02 
 1.29000000e-01  7.14145769e-02 
 1.30000000e-01  7.14171812e-02 
 1.31000000e-01  7.14198219e-02 
 1.32000000e-01  7.14224995e-02 
 1.33000000e-01  7.14252146e-02 
 1.34000000e-01  7.14279677e-02 
 1.35000000e-01  7.14307592e-02 
 1.36000000e-01  7.14335897e-02 
 1.37000000e-01  7.14364598e-02 
 1.38000000e-01  7.14393700e-02 
 1.39000000e-01  7.14423208e-02 
 1.40000000e-01  7.14453129e-02 
 1.41000000e-01  7.14483467e-02 
 1.42000000e-01  7.14514229e-02 
 1.43000000e-01  7.14545421e-02 
 1.44000000e-01  7.14577047e-02 
 1.45000000e-01  7.14609116e-02 
 1.46000000e-01  7.14641631e-02 
 1.47000000e-01  7.14674600e-02 
 1.48000000e-01  7.14708029e-02 
 1.49000000e-01  7.14741925e-02 
 1.50000000e-01  7.14776292e-02 
 1.51000000e-01  7.14811139e-02 
 1.52000000e-01  7.14846472e-02 
 1.53000000e-01  7.14882297e-02 
 1.54000000e-01  7.14918621e-02 
 1.55000000e-01  7.14955451e-02 
 1.56000000e-01  7.14992794e-02 
 1.57000000e-01  7.15030657e-02 
 1.58000000e-01  7.15069047e-02 
 1.59000000e-01  7.15107971e-02 
 1.60000000e-01  7.15147437e-02 
 1.61000000e-01  7.15187452e-02 
 1.62000000e-01  7.15228024e-02 
 1.63000000e-01  7.15269160e-02 
 1.64000000e-01  7.15310867e-02 
 1.65000000e-01  7.15353155e-02 
 1.66000000e-01  7.15396030e-02 
 1.67000000e-01  7.15439500e-02 
 1.68000000e-01  7.15483575e-02 
 1.69000000e-01  7.15528262e-02 
 1.70000000e-01  7.15573568e-02 
 1.71000000e-01  7.15619504e-02 
 1.72000000e-01  7.15666078e-02 
 1.73000000e-01  7.15713297e-02 
 1.74000000e-01  7.15761171e-02 
 1.75000000e-01  7.15809709e-02 
 1.76000000e-01  7.15858920e-02 
 1.77000000e-01  7.15908813e-02 
 1.78000000e-01  7.15959397e-02 
 1.79000000e-01  7.16010682e-02 
 1.80000000e-01  7.16062676e-02 
 1.81000000e-01  7.16115391e-02 
 1.82000000e-01  7.16168835e-02 
 1.83000000e-01  7.16223018e-02 
 1.84000000e-01  7.16277951e-02 
 1.85000000e-01  7.16333643e-02 
 1.86000000e-01  7.16390106e-02 
 1.87000000e-01  7.16447348e-02 
 1.88000000e-01  7.16505381e-02 
 1.89000000e-01  7.16564215e-02 
 1.90000000e-01  7.16623862e-02 
 1.91000000e-01  7.16684331e-02 
 1.92000000e-01  7.16745635e-02 
 1.93000000e-01  7.16807785e-02 
 1.94000000e-01  7.16870791e-02 
 1.95000000e-01  7.16934665e-02 
 1.96000000e-01  7.16999419e-02 
 1.97000000e-01  7.17065065e-02 
 1.98000000e-01  7.17131615e-02 
 1.99000000e-01  7.17199081e-02 
 2.00000000e-01  7.17267475e-02 
 2.01000000e-01  7.17336809e-02 
 2.02000000e-01  7.17407096e-02 
 2.03000000e-01  7.17478349e-02 
 2.04000000e-01  7.17550581e-02 
 2.05000000e-01  7.17623804e-02 
 2.06000000e-01  7.17698032e-02 
 2.07000000e-01  7.17773279e-02 
 2.08000000e-01  7.17849557e-02 
 2.09000000e-01  7.17926881e-02 
 2.10000000e-01  7.18005264e-02 
 2.11000000e-01  7.18084721e-02 
 2.12000000e-01  7.18165265e-02 
 2.13000000e-01  7.18246911e-02 
 2.14000000e-01  7.18329674e-02 
 2.15000000e-01  7.18413569e-02 
 2.16000000e-01  7.18498609e-02 
 2.17000000e-01  7.18584811e-02 
 2.18000000e-01  7.18672190e-02 
 2.19000000e-01  7.18760761e-02 
 2.20000000e-01  7.18850539e-02 
 2.21000000e-01  7.18941542e-02 
 2.22000000e-01  7.19033784e-02 
 2.23000000e-01  7.19127282e-02 
 2.24000000e-01  7.19222052e-02 
 2.25000000e-01  7.19318111e-02 
 2.26000000e-01  7.19415476e-02 
 2.27000000e-01  7.19514164e-02 
 2.28000000e-01  7.19614192e-02 
 2.29000000e-01  7.19715578e-02 
 2.30000000e-01  7.19818339e-02 
 2.31000000e-01  7.19922492e-02 
 2.32000000e-01  7.20028057e-02 
 2.33000000e-01  7.20135051e-02 
 2.34000000e-01  7.20243492e-02 
 2.35000000e-01  7.20353400e-02 
 2.36000000e-01  7.20464794e-02 
 2.37000000e-01  7.20577691e-02 
 2.38000000e-01  7.20692113e-02 
 2.39000000e-01  7.20808078e-02 
 2.40000000e-01  7.20925606e-02 
 2.41000000e-01  7.21044716e-02 
 2.42000000e-01  7.21165431e-02 
 2.43000000e-01  7.21287768e-02 
 2.44000000e-01  7.21411751e-02 
 2.45000000e-01  7.21537398e-02 
 2.46000000e-01  7.21664732e-02 
 2.47000000e-01  7.21793774e-02 
 2.48000000e-01  7.21924546e-02 
 2.49000000e-01  7.22057068e-02 
 2.50000000e-01  7.22191364e-02 
 2.51000000e-01  7.22327456e-02 
 2.52000000e-01  7.22465366e-02 
 2.53000000e-01  7.22605117e-02 
 2.54000000e-01  7.22746732e-02 
 2.55000000e-01  7.22890234e-02 
 2.56000000e-01  7.23035647e-02 
 2.57000000e-01  7.23182995e-02 
 2.58000000e-01  7.23332302e-02 
 2.59000000e-01  7.23483592e-02 
 2.60000000e-01  7.23636889e-02 
 2.61000000e-01  7.23792219e-02 
 2.62000000e-01  7.23949606e-02 
 2.63000000e-01  7.24109076e-02 
 2.64000000e-01  7.24270654e-02 
 2.65000000e-01  7.24434366e-02 
 2.66000000e-01  7.24600239e-02 
 2.67000000e-01  7.24768297e-02 
 2.68000000e-01  7.24938569e-02 
 2.69000000e-01  7.25111081e-02 
 2.70000000e-01  7.25285859e-02 
 2.71000000e-01  7.25462932e-02 
 2.72000000e-01  7.25642327e-02 
 2.73000000e-01  7.25824072e-02 
 2.74000000e-01  7.26008195e-02 
 2.75000000e-01  7.26194724e-02 
 2.76000000e-01  7.26383688e-02 
 2.77000000e-01  7.26575116e-02 
 2.78000000e-01  7.26769038e-02 
 2.79000000e-01  7.26965482e-02 
 2.80000000e-01  7.27164479e-02 
 2.81000000e-01  7.27366058e-02 
 2.82000000e-01  7.27570249e-02 
 2.83000000e-01  7.27777084e-02 
 2.84000000e-01  7.27986593e-02 
 2.85000000e-01  7.28198806e-02 
 2.86000000e-01  7.28413756e-02 
 2.87000000e-01  7.28631473e-02 
 2.88000000e-01  7.28851991e-02 
 2.89000000e-01  7.29075339e-02 
 2.90000000e-01  7.29301552e-02 
 2.91000000e-01  7.29530661e-02 
 2.92000000e-01  7.29762700e-02 
 2.93000000e-01  7.29997701e-02 
 2.94000000e-01  7.30235698e-02 
 2.95000000e-01  7.30476724e-02 
 2.96000000e-01  7.30720813e-02 
 2.97000000e-01  7.30968000e-02 
 2.98000000e-01  7.31218318e-02 
 2.99000000e-01  7.31471802e-02 
 3.00000000e-01  7.31728486e-02 
 3.01000000e-01  7.31988407e-02 
 3.02000000e-01  7.32251599e-02 
 3.03000000e-01  7.32518097e-02 
 3.04000000e-01  7.32787937e-02 
 3.05000000e-01  7.33061155e-02 
 3.06000000e-01  7.33337788e-02 
 3.07000000e-01  7.33617871e-02 
 3.08000000e-01  7.33901441e-02 
 3.09000000e-01  7.34188535e-02 
 3.10000000e-01  7.34479190e-02 
 3.11000000e-01  7.34773443e-02 
 3.12000000e-01  7.35071331e-02 
 3.13000000e-01  7.35372891e-02 
 3.14000000e-01  7.35678162e-02 
 3.15000000e-01  7.35987181e-02 
 3.16000000e-01  7.36299987e-02 
 3.17000000e-01  7.36616617e-02 
 3.18000000e-01  7.36937109e-02 
 3.19000000e-01  7.37261503e-02 
 3.20000000e-01  7.37589837e-02 
 3.21000000e-01  7.37922150e-02 
 3.22000000e-01  7.38258480e-02 
 3.23000000e-01  7.38598866e-02 
 3.24000000e-01  7.38943348e-02 
 3.25000000e-01  7.39291965e-02 
 3.26000000e-01  7.39644756e-02 
 3.27000000e-01  7.40001761e-02 
 3.28000000e-01  7.40363019e-02 
 3.29000000e-01  7.40728569e-02 
 3.30000000e-01  7.41098451e-02 
 3.31000000e-01  7.41472705e-02 
 3.32000000e-01  7.41851371e-02 
 3.33000000e-01  7.42234487e-02 
 3.34000000e-01  7.42622095e-02 
 3.35000000e-01  7.43014233e-02 
 3.36000000e-01  7.43410941e-02 
 3.37000000e-01  7.43812259e-02 
 3.38000000e-01  7.44218227e-02 
 3.39000000e-01  7.44628884e-02 
 3.40000000e-01  7.45044270e-02 
 3.41000000e-01  7.45464423e-02 
 3.42000000e-01  7.45889385e-02 
 3.43000000e-01  7.46319194e-02 
 3.44000000e-01  7.46753888e-02 
 3.45000000e-01  7.47193508e-02 
 3.46000000e-01  7.47638092e-02 
 3.47000000e-01  7.48087679e-02 
 3.48000000e-01  7.48542308e-02 
 3.49000000e-01  7.49002016e-02 
 3.50000000e-01  7.49466843e-02 
 3.51000000e-01  7.49936825e-02 
 3.52000000e-01  7.50412002e-02 
 3.53000000e-01  7.50892410e-02 
 3.54000000e-01  7.51378087e-02 
 3.55000000e-01  7.51869070e-02 
 3.56000000e-01  7.52365395e-02 
 3.57000000e-01  7.52867098e-02 
 3.58000000e-01  7.53374217e-02 
 3.59000000e-01  7.53886786e-02 
 3.60000000e-01  7.54404840e-02 
 3.61000000e-01  7.54928415e-02 
 3.62000000e-01  7.55457545e-02 
 3.63000000e-01  7.55992265e-02 
 3.64000000e-01  7.56532607e-02 
 3.65000000e-01  7.57078604e-02 
 3.66000000e-01  7.57630291e-02 
 3.67000000e-01  7.58187698e-02 
 3.68000000e-01  7.58750857e-02 
 3.69000000e-01  7.59319800e-02 
 3.70000000e-01  7.59894557e-02 
 3.71000000e-01  7.60475158e-02 
 3.72000000e-01  7.61061631e-02 
 3.73000000e-01  7.61654007e-02 
 3.74000000e-01  7.62252312e-02 
 3.75000000e-01  7.62856575e-02 
 3.76000000e-01  7.63466822e-02 
 3.77000000e-01  7.64083079e-02 
 3.78000000e-01  7.64705371e-02 
 3.79000000e-01  7.65333724e-02 
 3.80000000e-01  7.65968160e-02 
 3.81000000e-01  7.66608703e-02 
 3.82000000e-01  7.67255374e-02 
 3.83000000e-01  7.67908197e-02 
 3.84000000e-01  7.68567190e-02 
 3.85000000e-01  7.69232374e-02 
 3.86000000e-01  7.69903768e-02 
 3.87000000e-01  7.70581390e-02 
 3.88000000e-01  7.71265257e-02 
 3.89000000e-01  7.71955384e-02 
 3.90000000e-01  7.72651789e-02 
 3.91000000e-01  7.73354484e-02 
 3.92000000e-01  7.74063484e-02 
 3.93000000e-01  7.74778800e-02 
 3.94000000e-01  7.75500445e-02 
 3.95000000e-01  7.76228430e-02 
 3.96000000e-01  7.76962762e-02 
 3.97000000e-01  7.77703453e-02 
 3.98000000e-01  7.78450508e-02 
 3.99000000e-01  7.79203935e-02 
 4.00000000e-01  7.79963740e-02 
 4.01000000e-01  7.80729926e-02 
 4.02000000e-01  7.81502499e-02 
 4.03000000e-01  7.82281460e-02 
 4.04000000e-01  7.83066811e-02 
 4.05000000e-01  7.83858553e-02 
 4.06000000e-01  7.84656687e-02 
 4.07000000e-01  7.85461210e-02 
 4.08000000e-01  7.86272121e-02 
 4.09000000e-01  7.87089416e-02 
 4.10000000e-01  7.87913093e-02 
 4.11000000e-01  7.88743145e-02 
 4.12000000e-01  7.89579567e-02 
 4.13000000e-01  7.90422353e-02 
 4.14000000e-01  7.91271495e-02 
 4.15000000e-01  7.92126985e-02 
 4.16000000e-01  7.92988814e-02 
 4.17000000e-01  7.93856973e-02 
 4.18000000e-01  7.94731451e-02 
 4.19000000e-01  7.95612237e-02 
 4.20000000e-01  7.96499320e-02 
 4.21000000e-01  7.97392686e-02 
 4.22000000e-01  7.98292324e-02 
 4.23000000e-01  7.99198221e-02 
 4.24000000e-01  8.00110362e-02 
 4.25000000e-01  8.01028734e-02 
 4.26000000e-01  8.01953323e-02 
 4.27000000e-01  8.02884113e-02 
 4.28000000e-01  8.03821091e-02 
 4.29000000e-01  8.04764242e-02 
 4.30000000e-01  8.05713551e-02 
 4.31000000e-01  8.06669004e-02 
 4.32000000e-01  8.07630585e-02 
 4.33000000e-01  8.08598281e-02 
 4.34000000e-01  8.09572078e-02 
 4.35000000e-01  8.10551962e-02 
 4.36000000e-01  8.11537920e-02 
 4.37000000e-01  8.12529941e-02 
 4.38000000e-01  8.13528011e-02 
 4.39000000e-01  8.14532122e-02 
 4.40000000e-01  8.15542261e-02 
 4.41000000e-01  8.16558422e-02 
 4.42000000e-01  8.17580596e-02 
 4.43000000e-01  8.18608777e-02 
 4.44000000e-01  8.19642959e-02 
 4.45000000e-01  8.20683141e-02 
 4.46000000e-01  8.21729319e-02 
 4.47000000e-01  8.22781494e-02 
 4.48000000e-01  8.23839669e-02 
 4.49000000e-01  8.24903847e-02 
 4.50000000e-01  8.25974034e-02 
 4.51000000e-01  8.27050240e-02 
 4.52000000e-01  8.28132476e-02 
 4.53000000e-01  8.29220755e-02 
 4.54000000e-01  8.30315095e-02 
 4.55000000e-01  8.31415515e-02 
 4.56000000e-01  8.32522038e-02 
 4.57000000e-01  8.33634691e-02 
 4.58000000e-01  8.34753502e-02 
 4.59000000e-01  8.35878505e-02 
 4.60000000e-01  8.37009737e-02 
 4.61000000e-01  8.38147238e-02 
 4.62000000e-01  8.39291054e-02 
 4.63000000e-01  8.40441233e-02 
 4.64000000e-01  8.41597830e-02 
 4.65000000e-01  8.42760901e-02 
 4.66000000e-01  8.43930510e-02 
 4.67000000e-01  8.45106724e-02 
 4.68000000e-01  8.46289616e-02 
 4.69000000e-01  8.47479263e-02 
 4.70000000e-01  8.48675748e-02 
 4.71000000e-01  8.49879160e-02 
 4.72000000e-01  8.51089592e-02 
 4.73000000e-01  8.52307143e-02 
 4.74000000e-01  8.53531921e-02 
 4.75000000e-01  8.54764035e-02 
 4.76000000e-01  8.56003603e-02 
 4.77000000e-01  8.57250749e-02 
 4.78000000e-01  8.58505603e-02 
 4.79000000e-01  8.59768302e-02 
 4.80000000e-01  8.61038988e-02 
 4.81000000e-01  8.62317811e-02 
 4.82000000e-01  8.63604928e-02 
 4.83000000e-01  8.64900502e-02 
 4.84000000e-01  8.66204703e-02 
 4.85000000e-01  8.67517708e-02 
 4.86000000e-01  8.68839702e-02 
 4.87000000e-01  8.70170875e-02 
 4.88000000e-01  8.71511427e-02 
 4.89000000e-01  8.72861562e-02 
 4.90000000e-01  8.74221494e-02 
 4.91000000e-01  8.75591442e-02 
 4.92000000e-01  8.76971635e-02 
 4.93000000e-01  8.78362307e-02 
 4.94000000e-01  8.79763700e-02 
 4.95000000e-01  8.81176063e-02 
 4.96000000e-01  8.82599652e-02 
 4.97000000e-01  8.84034733e-02 
 4.98000000e-01  8.85481574e-02 
 4.99000000e-01  8.86940455e-02 
 5.00000000e-01  8.88411661e-02 
 5.01000000e-01  8.89895484e-02 
 5.02000000e-01  8.91392224e-02 
 5.03000000e-01  8.92902186e-02 
 5.04000000e-01  8.94425683e-02 
 5.05000000e-01  8.95963035e-02 
 5.06000000e-01  8.97514568e-02 
 5.07000000e-01  8.99080615e-02 
 5.08000000e-01  9.00661515e-02 
 5.09000000e-01  9.02257613e-02 
 5.10000000e-01  9.03869260e-02 
 5.11000000e-01  9.05496815e-02 
 5.12000000e-01  9.07140639e-02 
 5.13000000e-01  9.08801101e-02 
 5.14000000e-01  9.10478576e-02 
 5.15000000e-01  9.12173444e-02 
 5.16000000e-01  9.13886087e-02 
 5.17000000e-01  9.15616897e-02 
 5.18000000e-01  9.17366266e-02 
 5.19000000e-01  9.19134594e-02 
 5.20000000e-01  9.20922284e-02 
 5.21000000e-01  9.22729742e-02 
 5.22000000e-01  9.24557379e-02 
 5.23000000e-01  9.26405610e-02 
 5.24000000e-01  9.28274852e-02 
 5.25000000e-01  9.30165528e-02 
 5.26000000e-01  9.32078061e-02 
 5.27000000e-01  9.34012878e-02 
 5.28000000e-01  9.35970408e-02 
 5.29000000e-01  9.37951083e-02 
 5.30000000e-01  9.39955338e-02 
 5.31000000e-01  9.41983607e-02 
 5.32000000e-01  9.44036328e-02 
 5.33000000e-01  9.46113939e-02 
 5.34000000e-01  9.48216880e-02 
 5.35000000e-01  9.50345591e-02 
 5.36000000e-01  9.52500514e-02 
 5.37000000e-01  9.54682090e-02 
 5.38000000e-01  9.56890761e-02 
 5.39000000e-01  9.59126968e-02 
 5.40000000e-01  9.61391154e-02 
 5.41000000e-01  9.63683757e-02 
 5.42000000e-01  9.66005220e-02 
 5.43000000e-01  9.68355980e-02 
 5.44000000e-01  9.70736476e-02 
 5.45000000e-01  9.73147144e-02 
 5.46000000e-01  9.75588420e-02 
 5.47000000e-01  9.78060736e-02 
 5.48000000e-01  9.80564523e-02 
 5.49000000e-01  9.83100211e-02 
 5.50000000e-01  9.85668226e-02 
 5.51000000e-01  9.88268991e-02 
 5.52000000e-01  9.90902928e-02 
 5.53000000e-01  9.93570456e-02 
 5.54000000e-01  9.96271988e-02 
 5.55000000e-01  9.99007937e-02 
 5.56000000e-01  1.00177871e-01 
 5.57000000e-01  1.00458471e-01 
 5.58000000e-01  1.00742635e-01 
 5.59000000e-01  1.01030401e-01 
 5.60000000e-01  1.01321809e-01 
 5.61000000e-01  1.01616898e-01 
 5.62000000e-01  1.01915707e-01 
 5.63000000e-01  1.02218272e-01 
 5.64000000e-01  1.02524633e-01 
 5.65000000e-01  1.02834825e-01 
 5.66000000e-01  1.03148886e-01 
 5.67000000e-01  1.03466852e-01 
 5.68000000e-01  1.03788758e-01 
 5.69000000e-01  1.04114638e-01 
 5.70000000e-01  1.04444529e-01 
 5.71000000e-01  1.04778464e-01 
 5.72000000e-01  1.05116475e-01 
 5.73000000e-01  1.05458597e-01 
 5.74000000e-01  1.05804862e-01 
 5.75000000e-01  1.06155301e-01 
 5.76000000e-01  1.06509946e-01 
 5.77000000e-01  1.06868828e-01 
 5.78000000e-01  1.07231976e-01 
 5.79000000e-01  1.07599420e-01 
 5.80000000e-01  1.07971190e-01 
 5.81000000e-01  1.08347313e-01 
 5.82000000e-01  1.08727818e-01 
 5.83000000e-01  1.09112731e-01 
 5.84000000e-01  1.09502080e-01 
 5.85000000e-01  1.09895890e-01 
 5.86000000e-01  1.10294187e-01 
 5.87000000e-01  1.10696995e-01 
 5.88000000e-01  1.11104340e-01 
 5.89000000e-01  1.11516244e-01 
 5.90000000e-01  1.11932730e-01 
 5.91000000e-01  1.12353821e-01 
 5.92000000e-01  1.12779540e-01 
 5.93000000e-01  1.13209906e-01 
 5.94000000e-01  1.13644941e-01 
 5.95000000e-01  1.14084665e-01 
 5.96000000e-01  1.14529097e-01 
 5.97000000e-01  1.14978256e-01 
 5.98000000e-01  1.15432161e-01 
 5.99000000e-01  1.15890828e-01 
 6.00000000e-01  1.16354275e-01 
 6.01000000e-01  1.16822519e-01 
 6.02000000e-01  1.17295575e-01 
 6.03000000e-01  1.17773459e-01 
 6.04000000e-01  1.18256185e-01 
 6.05000000e-01  1.18743768e-01 
 6.06000000e-01  1.19236220e-01 
 6.07000000e-01  1.19733556e-01 
 6.08000000e-01  1.20235786e-01 
 6.09000000e-01  1.20742924e-01 
 6.10000000e-01  1.21254981e-01 
 6.11000000e-01  1.21771966e-01 
 6.12000000e-01  1.22293891e-01 
 6.13000000e-01  1.22820765e-01 
 6.14000000e-01  1.23352596e-01 
 6.15000000e-01  1.23889394e-01 
 6.16000000e-01  1.24431167e-01 
 6.17000000e-01  1.24977921e-01 
 6.18000000e-01  1.25529663e-01 
 6.19000000e-01  1.26086400e-01 
 6.20000000e-01  1.26648138e-01 
 6.21000000e-01  1.27214882e-01 
 6.22000000e-01  1.27786637e-01 
 6.23000000e-01  1.28363406e-01 
 6.24000000e-01  1.28945194e-01 
 6.25000000e-01  1.29532004e-01 
 6.26000000e-01  1.30123838e-01 
 6.27000000e-01  1.30720699e-01 
 6.28000000e-01  1.31322588e-01 
 6.29000000e-01  1.31929507e-01 
 6.30000000e-01  1.32541457e-01 
 6.31000000e-01  1.33158436e-01 
 6.32000000e-01  1.33780446e-01 
 6.33000000e-01  1.34407486e-01 
 6.34000000e-01  1.35039554e-01 
 6.35000000e-01  1.35676649e-01 
 6.36000000e-01  1.36318768e-01 
 6.37000000e-01  1.36965909e-01 
 6.38000000e-01  1.37618070e-01 
 6.39000000e-01  1.38275245e-01 
 6.40000000e-01  1.38937433e-01 
 6.41000000e-01  1.39604628e-01 
 6.42000000e-01  1.40276825e-01 
 6.43000000e-01  1.40954019e-01 
 6.44000000e-01  1.41636205e-01 
 6.45000000e-01  1.42323377e-01 
 6.46000000e-01  1.43015528e-01 
 6.47000000e-01  1.43712651e-01 
 6.48000000e-01  1.44414738e-01 
 6.49000000e-01  1.45121783e-01 
 6.50000000e-01  1.45833777e-01 
 6.51000000e-01  1.46550712e-01 
 6.52000000e-01  1.47272578e-01 
 6.53000000e-01  1.47999367e-01 
 6.54000000e-01  1.48731068e-01 
 6.55000000e-01  1.49467672e-01 
 6.56000000e-01  1.50209169e-01 
 6.57000000e-01  1.50955548e-01 
 6.58000000e-01  1.51706797e-01 
 6.59000000e-01  1.52462905e-01 
 6.60000000e-01  1.53223860e-01 
 6.61000000e-01  1.53989651e-01 
 6.62000000e-01  1.54760264e-01 
 6.63000000e-01  1.55535688e-01 
 6.64000000e-01  1.56315908e-01 
 6.65000000e-01  1.57100911e-01 
 6.66000000e-01  1.57890684e-01 
 6.67000000e-01  1.58685212e-01 
 6.68000000e-01  1.59484481e-01 
 6.69000000e-01  1.60288476e-01 
 6.70000000e-01  1.61097182e-01 
 6.71000000e-01  1.61910584e-01 
 6.72000000e-01  1.62728667e-01 
 6.73000000e-01  1.63551414e-01 
 6.74000000e-01  1.64378809e-01 
 6.75000000e-01  1.65210836e-01 
 6.76000000e-01  1.66047478e-01 
 6.77000000e-01  1.66888718e-01 
 6.78000000e-01  1.67734539e-01 
 6.79000000e-01  1.68584923e-01 
 6.80000000e-01  1.69439852e-01 
 6.81000000e-01  1.70299310e-01 
 6.82000000e-01  1.71163276e-01 
 6.83000000e-01  1.72031734e-01 
 6.84000000e-01  1.72904664e-01 
 6.85000000e-01  1.73782047e-01 
 6.86000000e-01  1.74663864e-01 
 6.87000000e-01  1.75550096e-01 
 6.88000000e-01  1.76440724e-01 
 6.89000000e-01  1.77335727e-01 
 6.90000000e-01  1.78235085e-01 
 6.91000000e-01  1.79138779e-01 
 6.92000000e-01  1.80046788e-01 
 6.93000000e-01  1.80959092e-01 
 6.94000000e-01  1.81875669e-01 
 6.95000000e-01  1.82796500e-01 
 6.96000000e-01  1.83721562e-01 
 6.97000000e-01  1.84650835e-01 
 6.98000000e-01  1.85584298e-01 
 6.99000000e-01  1.86521929e-01 
 7.00000000e-01  1.87463706e-01 
 7.01000000e-01  1.88409607e-01 
 7.02000000e-01  1.89359611e-01 
 7.03000000e-01  1.90313695e-01 
 7.04000000e-01  1.91271838e-01 
 7.05000000e-01  1.92234017e-01 
 7.06000000e-01  1.93200209e-01 
 7.07000000e-01  1.94170392e-01 
 7.08000000e-01  1.95144544e-01 
 7.09000000e-01  1.96122641e-01 
 7.10000000e-01  1.97104661e-01 
 7.11000000e-01  1.98090581e-01 
 7.12000000e-01  1.99080377e-01 
 7.13000000e-01  2.00074028e-01 
 7.14000000e-01  2.01071509e-01 
 7.15000000e-01  2.02072797e-01 
 7.16000000e-01  2.03077868e-01 
 7.17000000e-01  2.04086701e-01 
 7.18000000e-01  2.05099270e-01 
 7.19000000e-01  2.06115554e-01 
 7.20000000e-01  2.07135527e-01 
 7.21000000e-01  2.08159166e-01 
 7.22000000e-01  2.09186448e-01 
 7.23000000e-01  2.10217350e-01 
 7.24000000e-01  2.11251847e-01 
 7.25000000e-01  2.12289915e-01 
 7.26000000e-01  2.13331531e-01 
 7.27000000e-01  2.14376672e-01 
 7.28000000e-01  2.15425312e-01 
 7.29000000e-01  2.16477430e-01 
 7.30000000e-01  2.17533000e-01 
 7.31000000e-01  2.18591999e-01 
 7.32000000e-01  2.19654403e-01 
 7.33000000e-01  2.20720188e-01 
 7.34000000e-01  2.21789331e-01 
 7.35000000e-01  2.22861808e-01 
 7.36000000e-01  2.23937594e-01 
 7.37000000e-01  2.25016667e-01 
 7.38000000e-01  2.26099003e-01 
 7.39000000e-01  2.27184577e-01 
 7.40000000e-01  2.28273367e-01 
 7.41000000e-01  2.29365349e-01 
 7.42000000e-01  2.30460498e-01 
 7.43000000e-01  2.31558793e-01 
 7.44000000e-01  2.32660208e-01 
 7.45000000e-01  2.33764721e-01 
 7.46000000e-01  2.34872308e-01 
 7.47000000e-01  2.35982947e-01 
 7.48000000e-01  2.37096613e-01 
 7.49000000e-01  2.38213285e-01 
 7.50000000e-01  2.39332937e-01 
 7.51000000e-01  2.40455549e-01 
 7.52000000e-01  2.41581096e-01 
 7.53000000e-01  2.42709555e-01 
 7.54000000e-01  2.43840905e-01 
 7.55000000e-01  2.44975122e-01 
 7.56000000e-01  2.46112183e-01 
 7.57000000e-01  2.47252067e-01 
 7.58000000e-01  2.48394750e-01 
 7.59000000e-01  2.49540211e-01 
 7.60000000e-01  2.50688426e-01 
 7.61000000e-01  2.51839375e-01 
 7.62000000e-01  2.52993034e-01 
 7.63000000e-01  2.54149383e-01 
 7.64000000e-01  2.55308398e-01 
 7.65000000e-01  2.56470059e-01 
 7.66000000e-01  2.57634344e-01 
 7.67000000e-01  2.58801231e-01 
 7.68000000e-01  2.59970699e-01 
 7.69000000e-01  2.61142727e-01 
 7.70000000e-01  2.62317294e-01 
 7.71000000e-01  2.63494377e-01 
 7.72000000e-01  2.64673958e-01 
 7.73000000e-01  2.65856015e-01 
 7.74000000e-01  2.67040526e-01 
 7.75000000e-01  2.68227473e-01 
 7.76000000e-01  2.69416834e-01 
 7.77000000e-01  2.70608590e-01 
 7.78000000e-01  2.71802719e-01 
 7.79000000e-01  2.72999203e-01 
 7.80000000e-01  2.74198021e-01 
 7.81000000e-01  2.75399153e-01 
 7.82000000e-01  2.76602581e-01 
 7.83000000e-01  2.77808285e-01 
 7.84000000e-01  2.79016245e-01 
 7.85000000e-01  2.80226442e-01 
 7.86000000e-01  2.81438858e-01 
 7.87000000e-01  2.82653474e-01 
 7.88000000e-01  2.83870270e-01 
 7.89000000e-01  2.85089229e-01 
 7.90000000e-01  2.86310333e-01 
 7.91000000e-01  2.87533562e-01 
 7.92000000e-01  2.88758899e-01 
 7.93000000e-01  2.89986326e-01 
 7.94000000e-01  2.91215825e-01 
 7.95000000e-01  2.92447379e-01 
 7.96000000e-01  2.93680970e-01 
 7.97000000e-01  2.94916581e-01 
 7.98000000e-01  2.96154194e-01 
 7.99000000e-01  2.97393794e-01 
 8.00000000e-01  2.98635362e-01 
 8.01000000e-01  2.99878884e-01 
 8.02000000e-01  3.01124340e-01 
 8.03000000e-01  3.02371717e-01 
 8.04000000e-01  3.03620997e-01 
 8.05000000e-01  3.04872164e-01 
 8.06000000e-01  3.06125203e-01 
 8.07000000e-01  3.07380098e-01 
 8.08000000e-01  3.08636833e-01 
 8.09000000e-01  3.09895393e-01 
 8.10000000e-01  3.11155763e-01 
 8.11000000e-01  3.12417927e-01 
 8.12000000e-01  3.13681872e-01 
 8.13000000e-01  3.14947581e-01 
 8.14000000e-01  3.16215041e-01 
 8.15000000e-01  3.17484238e-01 
 8.16000000e-01  3.18755156e-01 
 8.17000000e-01  3.20027782e-01 
 8.18000000e-01  3.21302101e-01 
 8.19000000e-01  3.22578103e-01 
 8.20000000e-01  3.23855783e-01 
 8.21000000e-01  3.25135115e-01 
 8.22000000e-01  3.26416088e-01 
 8.23000000e-01  3.27698687e-01 
 8.24000000e-01  3.28982900e-01 
 8.25000000e-01  3.30268713e-01 
 8.26000000e-01  3.31556115e-01 
 8.27000000e-01  3.32845093e-01 
 8.28000000e-01  3.34135635e-01 
 8.29000000e-01  3.35427727e-01 
 8.30000000e-01  3.36721359e-01 
 8.31000000e-01  3.38016518e-01 
 8.32000000e-01  3.39313193e-01 
 8.33000000e-01  3.40611372e-01 
 8.34000000e-01  3.41911043e-01 
 8.35000000e-01  3.43212196e-01 
 8.36000000e-01  3.44514819e-01 
 8.37000000e-01  3.45818901e-01 
 8.38000000e-01  3.47124432e-01 
 8.39000000e-01  3.48431401e-01 
 8.40000000e-01  3.49739797e-01 
 8.41000000e-01  3.51049610e-01 
 8.42000000e-01  3.52360829e-01 
 8.43000000e-01  3.53673446e-01 
 8.44000000e-01  3.54987449e-01 
 8.45000000e-01  3.56302828e-01 
 8.46000000e-01  3.57619576e-01 
 8.47000000e-01  3.58937680e-01 
 8.48000000e-01  3.60257134e-01 
 8.49000000e-01  3.61577926e-01 
 8.50000000e-01  3.62900049e-01 
 8.51000000e-01  3.64223493e-01 
 8.52000000e-01  3.65548249e-01 
 8.53000000e-01  3.66874309e-01 
 8.54000000e-01  3.68201664e-01 
 8.55000000e-01  3.69530306e-01 
 8.56000000e-01  3.70860226e-01 
 8.57000000e-01  3.72191417e-01 
 8.58000000e-01  3.73523870e-01 
 8.59000000e-01  3.74857577e-01 
 8.60000000e-01  3.76192532e-01 
 8.61000000e-01  3.77528725e-01 
 8.62000000e-01  3.78866151e-01 
 8.63000000e-01  3.80204800e-01 
 8.64000000e-01  3.81544667e-01 
 8.65000000e-01  3.82885743e-01 
 8.66000000e-01  3.84228023e-01 
 8.67000000e-01  3.85571499e-01 
 8.68000000e-01  3.86916164e-01 
 8.69000000e-01  3.88262012e-01 
 8.70000000e-01  3.89609036e-01 
 8.71000000e-01  3.90957230e-01 
 8.72000000e-01  3.92306588e-01 
 8.73000000e-01  3.93657103e-01 
 8.74000000e-01  3.95008770e-01 
 8.75000000e-01  3.96361583e-01 
 8.76000000e-01  3.97715534e-01 
 8.77000000e-01  3.99070621e-01 
 8.78000000e-01  4.00426835e-01 
 8.79000000e-01  4.01784172e-01 
 8.80000000e-01  4.03142627e-01 
 8.81000000e-01  4.04502194e-01 
 8.82000000e-01  4.05862869e-01 
 8.83000000e-01  4.07224645e-01 
 8.84000000e-01  4.08587519e-01 
 8.85000000e-01  4.09951485e-01 
 8.86000000e-01  4.11316538e-01 
 8.87000000e-01  4.12682675e-01 
 8.88000000e-01  4.14049889e-01 
 8.89000000e-01  4.15418178e-01 
 8.90000000e-01  4.16787536e-01 
 8.91000000e-01  4.18157959e-01 
 8.92000000e-01  4.19529443e-01 
 8.93000000e-01  4.20901985e-01 
 8.94000000e-01  4.22275579e-01 
 8.95000000e-01  4.23650222e-01 
 8.96000000e-01  4.25025911e-01 
 8.97000000e-01  4.26402642e-01 
 8.98000000e-01  4.27780410e-01 
 8.99000000e-01  4.29159213e-01 
 9.00000000e-01  4.30539047e-01 
 9.01000000e-01  4.31919908e-01 
 9.02000000e-01  4.33301794e-01 
 9.03000000e-01  4.34684701e-01 
 9.04000000e-01  4.36068626e-01 
 9.05000000e-01  4.37453566e-01 
 9.06000000e-01  4.38839518e-01 
 9.07000000e-01  4.40226479e-01 
 9.08000000e-01  4.41614446e-01 
 9.09000000e-01  4.43003417e-01 
 9.10000000e-01  4.44393389e-01 
 9.11000000e-01  4.45784360e-01 
 9.12000000e-01  4.47176326e-01 
 9.13000000e-01  4.48569285e-01 
 9.14000000e-01  4.49963236e-01 
 9.15000000e-01  4.51358175e-01 
 9.16000000e-01  4.52754101e-01 
 9.17000000e-01  4.54151011e-01 
 9.18000000e-01  4.55548904e-01 
 9.19000000e-01  4.56947777e-01 
 9.20000000e-01  4.58347628e-01 
 9.21000000e-01  4.59748455e-01 
 9.22000000e-01  4.61150257e-01 
 9.23000000e-01  4.62553032e-01 
 9.24000000e-01  4.63956778e-01 
 9.25000000e-01  4.65361493e-01 
 9.26000000e-01  4.66767176e-01 
 9.27000000e-01  4.68173826e-01 
 9.28000000e-01  4.69581440e-01 
 9.29000000e-01  4.70990018e-01 
 9.30000000e-01  4.72399558e-01 
 9.31000000e-01  4.73810058e-01 
 9.32000000e-01  4.75221518e-01 
 9.33000000e-01  4.76633937e-01 
 9.34000000e-01  4.78047312e-01 
 9.35000000e-01  4.79461644e-01 
 9.36000000e-01  4.80876931e-01 
 9.37000000e-01  4.82293172e-01 
 9.38000000e-01  4.83710366e-01 
 9.39000000e-01  4.85128512e-01 
 9.40000000e-01  4.86547610e-01 
 9.41000000e-01  4.87967658e-01 
 9.42000000e-01  4.89388656e-01 
 9.43000000e-01  4.90810603e-01 
 9.44000000e-01  4.92233498e-01 
 9.45000000e-01  4.93657342e-01 
 9.46000000e-01  4.95082133e-01 
 9.47000000e-01  4.96507870e-01 
 9.48000000e-01  4.97934554e-01 
 9.49000000e-01  4.99362183e-01 
 9.50000000e-01  5.00790758e-01 
 9.51000000e-01  5.02220278e-01 
 9.52000000e-01  5.03650743e-01 
 9.53000000e-01  5.05082152e-01 
 9.54000000e-01  5.06514505e-01 
 9.55000000e-01  5.07947802e-01 
 9.56000000e-01  5.09382042e-01 
 9.57000000e-01  5.10817227e-01 
 9.58000000e-01  5.12253354e-01 
 9.59000000e-01  5.13690425e-01 
 9.60000000e-01  5.15128440e-01 
 9.61000000e-01  5.16567398e-01 
 9.62000000e-01  5.18007299e-01 
 9.63000000e-01  5.19448143e-01 
 9.64000000e-01  5.20889931e-01 
 9.65000000e-01  5.22332662e-01 
 9.66000000e-01  5.23776337e-01 
 9.67000000e-01  5.25220956e-01 
 9.68000000e-01  5.26666519e-01 
 9.69000000e-01  5.28113026e-01 
 9.70000000e-01  5.29560478e-01 
 9.71000000e-01  5.31008875e-01 
 9.72000000e-01  5.32458216e-01 
 9.73000000e-01  5.33908504e-01 
 9.74000000e-01  5.35359736e-01 
 9.75000000e-01  5.36811915e-01 
 9.76000000e-01  5.38265041e-01 
 9.77000000e-01  5.39719113e-01 
 9.78000000e-01  5.41174133e-01 
 9.79000000e-01  5.42630101e-01 
 9.80000000e-01  5.44087017e-01 
 9.81000000e-01  5.45544882e-01 
 9.82000000e-01  5.47003697e-01 
 9.83000000e-01  5.48463461e-01 
 9.84000000e-01  5.49924176e-01 
 9.85000000e-01  5.51385842e-01 
 9.86000000e-01  5.52848460e-01 
 9.87000000e-01  5.54312030e-01 
 9.88000000e-01  5.55776553e-01 
 9.89000000e-01  5.57242030e-01 
 9.90000000e-01  5.58708461e-01 
 9.91000000e-01  5.60175848e-01 
 9.92000000e-01  5.61644190e-01 
 9.93000000e-01  5.63113488e-01 
 9.94000000e-01  5.64583744e-01 
 9.95000000e-01  5.66054958e-01 
 9.96000000e-01  5.67527130e-01 
 9.97000000e-01  5.69000262e-01 
 9.98000000e-01  5.70474355e-01 
 9.99000000e-01  5.71949409e-01 
 1.00000000e+00  5.73425424e-01 
 1.00100000e+00  5.74902403e-01 
 1.00200000e+00  5.76380345e-01 
 1.00300000e+00  5.77859252e-01 
 1.00400000e+00  5.79339124e-01 
 1.00500000e+00  5.80819963e-01 
 1.00600000e+00  5.82301769e-01 
 1.00700000e+00  5.83784543e-01 
 1.00800000e+00  5.85268286e-01 
 1.00900000e+00  5.86752999e-01 
 1.01000000e+00  5.88238683e-01 
 1.01100000e+00  5.89725339e-01 
 1.01200000e+00  5.91212968e-01 
 1.01300000e+00  5.92701571e-01 
 1.01400000e+00  5.94191148e-01 
 1.01500000e+00  5.95681702e-01 
 1.01600000e+00  5.97173232e-01 
 1.01700000e+00  5.98665740e-01 
 1.01800000e+00  6.00159226e-01 
 1.01900000e+00  6.01653693e-01 
 1.02000000e+00  6.03149140e-01 
 1.02100000e+00  6.04645569e-01 
 1.02200000e+00  6.06142981e-01 
 1.02300000e+00  6.07641377e-01 
 1.02400000e+00  6.09140758e-01 
 1.02500000e+00  6.10641125e-01 
 1.02600000e+00  6.12142479e-01 
 1.02700000e+00  6.13644822e-01 
 1.02800000e+00  6.15148153e-01 
 1.02900000e+00  6.16652475e-01 
 1.03000000e+00  6.18157788e-01 
 1.03100000e+00  6.19664093e-01 
 1.03200000e+00  6.21171392e-01 
 1.03300000e+00  6.22679686e-01 
 1.03400000e+00  6.24188975e-01 
 1.03500000e+00  6.25699261e-01 
 1.03600000e+00  6.27210545e-01 
 1.03700000e+00  6.28722828e-01 
 1.03800000e+00  6.30236111e-01 
 1.03900000e+00  6.31750395e-01 
 1.04000000e+00  6.33265682e-01 
 1.04100000e+00  6.34781972e-01 
 1.04200000e+00  6.36299266e-01 
 1.04300000e+00  6.37817566e-01 
 1.04400000e+00  6.39336873e-01 
 1.04500000e+00  6.40857188e-01 
 1.04600000e+00  6.42378511e-01 
 1.04700000e+00  6.43900845e-01 
 1.04800000e+00  6.45424190e-01 
 1.04900000e+00  6.46948547e-01 
 1.05000000e+00  6.48473918e-01 
 1.05100000e+00  6.50000303e-01 
 1.05200000e+00  6.51527704e-01 
 1.05300000e+00  6.53056122e-01 
 1.05400000e+00  6.54585558e-01 
 1.05500000e+00  6.56116012e-01 
 1.05600000e+00  6.57647487e-01 
 1.05700000e+00  6.59179984e-01 
 1.05800000e+00  6.60713502e-01 
 1.05900000e+00  6.62248044e-01 
 1.06000000e+00  6.63783611e-01 
 1.06100000e+00  6.65320204e-01 
 1.06200000e+00  6.66857823e-01 
 1.06300000e+00  6.68396471e-01 
 1.06400000e+00  6.69936147e-01 
 1.06500000e+00  6.71476854e-01 
 1.06600000e+00  6.73018592e-01 
 1.06700000e+00  6.74561363e-01 
 1.06800000e+00  6.76105167e-01 
 1.06900000e+00  6.77650006e-01 
 1.07000000e+00  6.79195880e-01 
 1.07100000e+00  6.80742792e-01 
 1.07200000e+00  6.82290741e-01 
 1.07300000e+00  6.83839730e-01 
 1.07400000e+00  6.85389759e-01 
 1.07500000e+00  6.86940829e-01 
 1.07600000e+00  6.88492941e-01 
 1.07700000e+00  6.90046097e-01 
 1.07800000e+00  6.91600297e-01 
 1.07900000e+00  6.93155543e-01 
 1.08000000e+00  6.94711836e-01 
 1.08100000e+00  6.96269177e-01 
 1.08200000e+00  6.97827566e-01 
 1.08300000e+00  6.99387005e-01 
 1.08400000e+00  7.00947496e-01 
 1.08500000e+00  7.02509038e-01 
 1.08600000e+00  7.04071634e-01 
 1.08700000e+00  7.05635284e-01 
 1.08800000e+00  7.07199989e-01 
 1.08900000e+00  7.08765750e-01 
 1.09000000e+00  7.10332569e-01 
 1.09100000e+00  7.11900447e-01 
 1.09200000e+00  7.13469384e-01 
 1.09300000e+00  7.15039381e-01 
 1.09400000e+00  7.16610440e-01 
 1.09500000e+00  7.18182562e-01 
 1.09600000e+00  7.19755747e-01 
 1.09700000e+00  7.21329997e-01 
 1.09800000e+00  7.22905312e-01 
 1.09900000e+00  7.24481695e-01 
 1.10000000e+00  7.26059145e-01 
 1.10100000e+00  7.27637664e-01 
 1.10200000e+00  7.29217253e-01 
 1.10300000e+00  7.30797912e-01 
 1.10400000e+00  7.32379644e-01 
 1.10500000e+00  7.33962448e-01 
 1.10600000e+00  7.35546326e-01 
 1.10700000e+00  7.37131278e-01 
 1.10800000e+00  7.38717307e-01 
 1.10900000e+00  7.40304412e-01 
 1.11000000e+00  7.41892595e-01 
 1.11100000e+00  7.43481857e-01 
 1.11200000e+00  7.45072199e-01 
 1.11300000e+00  7.46663621e-01 
 1.11400000e+00  7.48256125e-01 
 1.11500000e+00  7.49849711e-01 
 1.11600000e+00  7.51444381e-01 
 1.11700000e+00  7.53040136e-01 
 1.11800000e+00  7.54636976e-01 
 1.11900000e+00  7.56234903e-01 
 1.12000000e+00  7.57833917e-01 
 1.12100000e+00  7.59434019e-01 
 1.12200000e+00  7.61035210e-01 
 1.12300000e+00  7.62637492e-01 
 1.12400000e+00  7.64240865e-01 
 1.12500000e+00  7.65845329e-01 
 1.12600000e+00  7.67450887e-01 
 1.12700000e+00  7.69057539e-01 
 1.12800000e+00  7.70665285e-01 
 1.12900000e+00  7.72274127e-01 
 1.13000000e+00  7.73884066e-01 
 1.13100000e+00  7.75495102e-01 
 1.13200000e+00  7.77107236e-01 
 1.13300000e+00  7.78720470e-01 
 1.13400000e+00  7.80334804e-01 
 1.13500000e+00  7.81950239e-01 
 1.13600000e+00  7.83566776e-01 
 1.13700000e+00  7.85184415e-01 
 1.13800000e+00  7.86803159e-01 
 1.13900000e+00  7.88423006e-01 
 1.14000000e+00  7.90043960e-01 
 1.14100000e+00  7.91666019e-01 
 1.14200000e+00  7.93289186e-01 
 1.14300000e+00  7.94913460e-01 
 1.14400000e+00  7.96538843e-01 
 1.14500000e+00  7.98165336e-01 
 1.14600000e+00  7.99792940e-01 
 1.14700000e+00  8.01421654e-01 
 1.14800000e+00  8.03051481e-01 
 1.14900000e+00  8.04682421e-01 
 1.15000000e+00  8.06314474e-01 
 1.15100000e+00  8.07947642e-01 
 1.15200000e+00  8.09581926e-01 
 1.15300000e+00  8.11217326e-01 
 1.15400000e+00  8.12853843e-01 
 1.15500000e+00  8.14491477e-01 
 1.15600000e+00  8.16130230e-01 
 1.15700000e+00  8.17770103e-01 
 1.15800000e+00  8.19411096e-01 
 1.15900000e+00  8.21053210e-01 
 1.16000000e+00  8.22696446e-01 
 1.16100000e+00  8.24340804e-01 
 1.16200000e+00  8.25986285e-01 
 1.16300000e+00  8.27632891e-01 
 1.16400000e+00  8.29280622e-01 
 1.16500000e+00  8.30929478e-01 
 1.16600000e+00  8.32579460e-01 
 1.16700000e+00  8.34230570e-01 
 1.16800000e+00  8.35882808e-01 
 1.16900000e+00  8.37536174e-01 
 1.17000000e+00  8.39190670e-01 
 1.17100000e+00  8.40846295e-01 
 1.17200000e+00  8.42503052e-01 
 1.17300000e+00  8.44160940e-01 
 1.17400000e+00  8.45819961e-01 
 1.17500000e+00  8.47480115e-01 
 1.17600000e+00  8.49141402e-01 
 1.17700000e+00  8.50803825e-01 
 1.17800000e+00  8.52467382e-01 
 1.17900000e+00  8.54132075e-01 
 1.18000000e+00  8.55797905e-01 
 1.18100000e+00  8.57464872e-01 
 1.18200000e+00  8.59132978e-01 
 1.18300000e+00  8.60802222e-01 
 1.18400000e+00  8.62472605e-01 
 1.18500000e+00  8.64144129e-01 
 1.18600000e+00  8.65816794e-01 
 1.18700000e+00  8.67490600e-01 
 1.18800000e+00  8.69165548e-01 
 1.18900000e+00  8.70841640e-01 
 1.19000000e+00  8.72518875e-01 
 1.19100000e+00  8.74197254e-01 
 1.19200000e+00  8.75876778e-01 
 1.19300000e+00  8.77557447e-01 
 1.19400000e+00  8.79239263e-01 
 1.19500000e+00  8.80922226e-01 
 1.19600000e+00  8.82606337e-01 
 1.19700000e+00  8.84291595e-01 
 1.19800000e+00  8.85978003e-01 
 1.19900000e+00  8.87665560e-01 
 1.20000000e+00  8.89354267e-01 
 1.20100000e+00  8.91044125e-01 
 1.20200000e+00  8.92735135e-01 
 1.20300000e+00  8.94427297e-01 
 1.20400000e+00  8.96120611e-01 
 1.20500000e+00  8.97815079e-01 
 1.20600000e+00  8.99510701e-01 
 1.20700000e+00  9.01207478e-01 
 1.20800000e+00  9.02905409e-01 
 1.20900000e+00  9.04604497e-01 
 1.21000000e+00  9.06304741e-01 
 1.21100000e+00  9.08006143e-01 
 1.21200000e+00  9.09708702e-01 
 1.21300000e+00  9.11412419e-01 
 1.21400000e+00  9.13117295e-01 
 1.21500000e+00  9.14823331e-01 
 1.21600000e+00  9.16530528e-01 
 1.21700000e+00  9.18238884e-01 
 1.21800000e+00  9.19948403e-01 
 1.21900000e+00  9.21659083e-01 
 1.22000000e+00  9.23370926e-01 
 1.22100000e+00  9.25083932e-01 
 1.22200000e+00  9.26798101e-01 
 1.22300000e+00  9.28513436e-01 
 1.22400000e+00  9.30229935e-01 
 1.22500000e+00  9.31947599e-01 
 1.22600000e+00  9.33666430e-01 
 1.22700000e+00  9.35386427e-01 
 1.22800000e+00  9.37107591e-01 
 1.22900000e+00  9.38829924e-01 
 1.23000000e+00  9.40553424e-01 
 1.23100000e+00  9.42278094e-01 
 1.23200000e+00  9.44003933e-01 
 1.23300000e+00  9.45730943e-01 
 1.23400000e+00  9.47459123e-01 
 1.23500000e+00  9.49188474e-01 
 1.23600000e+00  9.50918997e-01 
 1.23700000e+00  9.52650692e-01 
 1.23800000e+00  9.54383560e-01 
 1.23900000e+00  9.56117602e-01 
 1.24000000e+00  9.57852818e-01 
 1.24100000e+00  9.59589208e-01 
 1.24200000e+00  9.61326774e-01 
 1.24300000e+00  9.63065515e-01 
 1.24400000e+00  9.64805432e-01 
 1.24500000e+00  9.66546526e-01 
 1.24600000e+00  9.68288797e-01 
 1.24700000e+00  9.70032246e-01 
 1.24800000e+00  9.71776874e-01 
 1.24900000e+00  9.73522680e-01 
 1.25000000e+00  9.75269666e-01 
 1.25100000e+00  9.77017832e-01 
 1.25200000e+00  9.78767179e-01 
 1.25300000e+00  9.80517706e-01 
 1.25400000e+00  9.82269415e-01 
 1.25500000e+00  9.84022306e-01 
 1.25600000e+00  9.85776380e-01 
 1.25700000e+00  9.87531637e-01 
 1.25800000e+00  9.89288078e-01 
 1.25900000e+00  9.91045703e-01 
 1.26000000e+00  9.92804512e-01 
 1.26100000e+00  9.94564507e-01 
 1.26200000e+00  9.96325688e-01 
 1.26300000e+00  9.98088055e-01 
 1.26400000e+00  9.99851609e-01 
 1.26500000e+00  1.00161635e+00 
 1.26600000e+00  1.00338228e+00 
 1.26700000e+00  1.00514940e+00 
 1.26800000e+00  1.00691770e+00 
 1.26900000e+00  1.00868720e+00 
 1.27000000e+00  1.01045788e+00 
 1.27100000e+00  1.01222976e+00 
 1.27200000e+00  1.01400283e+00 
 1.27300000e+00  1.01577709e+00 
 1.27400000e+00  1.01755254e+00 
 1.27500000e+00  1.01932918e+00 
 1.27600000e+00  1.02110701e+00 
 1.27700000e+00  1.02288604e+00 
 1.27800000e+00  1.02466627e+00 
 1.27900000e+00  1.02644768e+00 
 1.28000000e+00  1.02823030e+00 
 1.28100000e+00  1.03001411e+00 
 1.28200000e+00  1.03179911e+00 
 1.28300000e+00  1.03358531e+00 
 1.28400000e+00  1.03537271e+00 
 1.28500000e+00  1.03716130e+00 
 1.28600000e+00  1.03895110e+00 
 1.28700000e+00  1.04074209e+00 
 1.28800000e+00  1.04253428e+00 
 1.28900000e+00  1.04432767e+00 
 1.29000000e+00  1.04612226e+00 
 1.29100000e+00  1.04791805e+00 
 1.29200000e+00  1.04971504e+00 
 1.29300000e+00  1.05151323e+00 
 1.29400000e+00  1.05331263e+00 
 1.29500000e+00  1.05511323e+00 
 1.29600000e+00  1.05691503e+00 
 1.29700000e+00  1.05871803e+00 
 1.29800000e+00  1.06052224e+00 
 1.29900000e+00  1.06232765e+00 
 1.30000000e+00  1.06413427e+00 
 1.30100000e+00  1.06594209e+00 
 1.30200000e+00  1.06775112e+00 
 1.30300000e+00  1.06956135e+00 
 1.30400000e+00  1.07137280e+00 
 1.30500000e+00  1.07318545e+00 
 1.30600000e+00  1.07499930e+00 
 1.30700000e+00  1.07681437e+00 
 1.30800000e+00  1.07863064e+00 
 1.30900000e+00  1.08044813e+00 
 1.31000000e+00  1.08226682e+00 
 1.31100000e+00  1.08408672e+00 
 1.31200000e+00  1.08590784e+00 
 1.31300000e+00  1.08773016e+00 
 1.31400000e+00  1.08955370e+00 
 1.31500000e+00  1.09137845e+00 
 1.31600000e+00  1.09320442e+00 
 1.31700000e+00  1.09503159e+00 
 1.31800000e+00  1.09685998e+00 
 1.31900000e+00  1.09868959e+00 
 1.32000000e+00  1.10052041e+00 
 1.32100000e+00  1.10235244e+00 
 1.32200000e+00  1.10418569e+00 
 1.32300000e+00  1.10602016e+00 
 1.32400000e+00  1.10785584e+00 
 1.32500000e+00  1.10969274e+00 
 1.32600000e+00  1.11153086e+00 
 1.32700000e+00  1.11337020e+00 
 1.32800000e+00  1.11521075e+00 
 1.32900000e+00  1.11705253e+00 
 1.33000000e+00  1.11889552e+00 
 1.33100000e+00  1.12073973e+00 
 1.33200000e+00  1.12258517e+00 
 1.33300000e+00  1.12443183e+00 
 1.33400000e+00  1.12627970e+00 
 1.33500000e+00  1.12812880e+00 
 1.33600000e+00  1.12997913e+00 
 1.33700000e+00  1.13183067e+00 
 1.33800000e+00  1.13368344e+00 
 1.33900000e+00  1.13553744e+00 
 1.34000000e+00  1.13739266e+00 
 1.34100000e+00  1.13924910e+00 
 1.34200000e+00  1.14110677e+00 
 1.34300000e+00  1.14296567e+00 
 1.34400000e+00  1.14482579e+00 
 1.34500000e+00  1.14668714e+00 
 1.34600000e+00  1.14854972e+00 
 1.34700000e+00  1.15041352e+00 
 1.34800000e+00  1.15227856e+00 
 1.34900000e+00  1.15414482e+00 
 1.35000000e+00  1.15601232e+00 
 1.35100000e+00  1.15788104e+00 
 1.35200000e+00  1.15975100e+00 
 1.35300000e+00  1.16162218e+00 
 1.35400000e+00  1.16349460e+00 
 1.35500000e+00  1.16536825e+00 
 1.35600000e+00  1.16724313e+00 
 1.35700000e+00  1.16911925e+00 
 1.35800000e+00  1.17099660e+00 
 1.35900000e+00  1.17287518e+00 
 1.36000000e+00  1.17475500e+00 
 1.36100000e+00  1.17663606e+00 
 1.36200000e+00  1.17851835e+00 
 1.36300000e+00  1.18040188e+00 
 1.36400000e+00  1.18228664e+00 
 1.36500000e+00  1.18417264e+00 
 1.36600000e+00  1.18605988e+00 
 1.36700000e+00  1.18794836e+00 
 1.36800000e+00  1.18983808e+00 
 1.36900000e+00  1.19172904e+00 
 1.37000000e+00  1.19362123e+00 
 1.37100000e+00  1.19551467e+00 
 1.37200000e+00  1.19740935e+00 
 1.37300000e+00  1.19930527e+00 
 1.37400000e+00  1.20120243e+00 
 1.37500000e+00  1.20310084e+00 
 1.37600000e+00  1.20500049e+00 
 1.37700000e+00  1.20690138e+00 
 1.37800000e+00  1.20880352e+00 
 1.37900000e+00  1.21070690e+00 
 1.38000000e+00  1.21261153e+00 
 1.38100000e+00  1.21451740e+00 
 1.38200000e+00  1.21642452e+00 
 1.38300000e+00  1.21833289e+00 
 1.38400000e+00  1.22024251e+00 
 1.38500000e+00  1.22215337e+00 
 1.38600000e+00  1.22406548e+00 
 1.38700000e+00  1.22597884e+00 
 1.38800000e+00  1.22789345e+00 
 1.38900000e+00  1.22980932e+00 
 1.39000000e+00  1.23172643e+00 
 1.39100000e+00  1.23364479e+00 
 1.39200000e+00  1.23556441e+00 
 1.39300000e+00  1.23748528e+00 
 1.39400000e+00  1.23940740e+00 
 1.39500000e+00  1.24133078e+00 
 1.39600000e+00  1.24325541e+00 
 1.39700000e+00  1.24518129e+00 
 1.39800000e+00  1.24710843e+00 
 1.39900000e+00  1.24903683e+00 
 1.40000000e+00  1.25096648e+00 
 1.40100000e+00  1.25289739e+00 
 1.40200000e+00  1.25482956e+00 
 1.40300000e+00  1.25676298e+00 
 1.40400000e+00  1.25869767e+00 
 1.40500000e+00  1.26063361e+00 
 1.40600000e+00  1.26257082e+00 
 1.40700000e+00  1.26450928e+00 
 1.40800000e+00  1.26644901e+00 
 1.40900000e+00  1.26839000e+00 
 1.41000000e+00  1.27033225e+00 
 1.41100000e+00  1.27227576e+00 
 1.41200000e+00  1.27422054e+00 
 1.41300000e+00  1.27616658e+00 
 1.41400000e+00  1.27811389e+00 
 1.41500000e+00  1.28006246e+00 
 1.41600000e+00  1.28201229e+00 
 1.41700000e+00  1.28396340e+00 
 1.41800000e+00  1.28591577e+00 
 1.41900000e+00  1.28786941e+00 
 1.42000000e+00  1.28982431e+00 
 1.42100000e+00  1.29178049e+00 
 1.42200000e+00  1.29373794e+00 
 1.42300000e+00  1.29569665e+00 
 1.42400000e+00  1.29765664e+00 
 1.42500000e+00  1.29961790e+00 
 1.42600000e+00  1.30158043e+00 
 1.42700000e+00  1.30354423e+00 
 1.42800000e+00  1.30550931e+00 
 1.42900000e+00  1.30747566e+00 
 1.43000000e+00  1.30944328e+00 
 1.43100000e+00  1.31141218e+00 
 1.43200000e+00  1.31338236e+00 
 1.43300000e+00  1.31535381e+00 
 1.43400000e+00  1.31732654e+00 
 1.43500000e+00  1.31930054e+00 
 1.43600000e+00  1.32127583e+00 
 1.43700000e+00  1.32325239e+00 
 1.43800000e+00  1.32523024e+00 
 1.43900000e+00  1.32720936e+00 
 1.44000000e+00  1.32918977e+00 
 1.44100000e+00  1.33117145e+00 
 1.44200000e+00  1.33315442e+00 
 1.44300000e+00  1.33513867e+00 
 1.44400000e+00  1.33712421e+00 
 1.44500000e+00  1.33911103e+00 
 1.44600000e+00  1.34109913e+00 
 1.44700000e+00  1.34308852e+00 
 1.44800000e+00  1.34507920e+00 
 1.44900000e+00  1.34707116e+00 
 1.45000000e+00  1.34906441e+00 
 1.45100000e+00  1.35105895e+00 
 1.45200000e+00  1.35305478e+00 
 1.45300000e+00  1.35505189e+00 
 1.45400000e+00  1.35705030e+00 
 1.45500000e+00  1.35905000e+00 
 1.45600000e+00  1.36105099e+00 
 1.45700000e+00  1.36305327e+00 
 1.45800000e+00  1.36505685e+00 
 1.45900000e+00  1.36706172e+00 
 1.46000000e+00  1.36906788e+00 
 1.46100000e+00  1.37107534e+00 
 1.46200000e+00  1.37308409e+00 
 1.46300000e+00  1.37509415e+00 
 1.46400000e+00  1.37710549e+00 
 1.46500000e+00  1.37911814e+00 
 1.46600000e+00  1.38113208e+00 
 1.46700000e+00  1.38314733e+00 
 1.46800000e+00  1.38516387e+00 
 1.46900000e+00  1.38718172e+00 
 1.47000000e+00  1.38920086e+00 
 1.47100000e+00  1.39122131e+00 
 1.47200000e+00  1.39324307e+00 
 1.47300000e+00  1.39526612e+00 
 1.47400000e+00  1.39729048e+00 
 1.47500000e+00  1.39931615e+00 
 1.47600000e+00  1.40134312e+00 
 1.47700000e+00  1.40337139e+00 
 1.47800000e+00  1.40540098e+00 
 1.47900000e+00  1.40743187e+00 
 1.48000000e+00  1.40946408e+00 
 1.48100000e+00  1.41149759e+00 
 1.48200000e+00  1.41353241e+00 
 1.48300000e+00  1.41556854e+00 
 1.48400000e+00  1.41760599e+00 
 1.48500000e+00  1.41964475e+00 
 1.48600000e+00  1.42168482e+00 
 1.48700000e+00  1.42372620e+00 
 1.48800000e+00  1.42576890e+00 
 1.48900000e+00  1.42781292e+00 
 1.49000000e+00  1.42985825e+00 
 1.49100000e+00  1.43190490e+00 
 1.49200000e+00  1.43395287e+00 
 1.49300000e+00  1.43600216e+00 
 1.49400000e+00  1.43805277e+00 
 1.49500000e+00  1.44010470e+00 
 1.49600000e+00  1.44215794e+00 
 1.49700000e+00  1.44421252e+00 
 1.49800000e+00  1.44626841e+00 
 1.49900000e+00  1.44832563e+00 
 1.50000000e+00  1.45038417e+00 
 1.50100000e+00  1.45244404e+00 
 1.50200000e+00  1.45450523e+00 
 1.50300000e+00  1.45656775e+00 
 1.50400000e+00  1.45863160e+00 
 1.50500000e+00  1.46069678e+00 
 1.50600000e+00  1.46276329e+00 
 1.50700000e+00  1.46483112e+00 
 1.50800000e+00  1.46690029e+00 
 1.50900000e+00  1.46897079e+00 
 1.51000000e+00  1.47104262e+00 
 1.51100000e+00  1.47311579e+00 
 1.51200000e+00  1.47519029e+00 
 1.51300000e+00  1.47726613e+00 
 1.51400000e+00  1.47934330e+00 
 1.51500000e+00  1.48142181e+00 
 1.51600000e+00  1.48350166e+00 
 1.51700000e+00  1.48558284e+00 
 1.51800000e+00  1.48766537e+00 
 1.51900000e+00  1.48974923e+00 
 1.52000000e+00  1.49183444e+00 
 1.52100000e+00  1.49392099e+00 
 1.52200000e+00  1.49600889e+00 
 1.52300000e+00  1.49809812e+00 
 1.52400000e+00  1.50018870e+00 
 1.52500000e+00  1.50228063e+00 
 1.52600000e+00  1.50437391e+00 
 1.52700000e+00  1.50646853e+00 
 1.52800000e+00  1.50856450e+00 
 1.52900000e+00  1.51066182e+00 
 1.53000000e+00  1.51276049e+00 
 1.53100000e+00  1.51486051e+00 
 1.53200000e+00  1.51696189e+00 
 1.53300000e+00  1.51906461e+00 
 1.53400000e+00  1.52116869e+00 
 1.53500000e+00  1.52327413e+00 
 1.53600000e+00  1.52538092e+00 
 1.53700000e+00  1.52748907e+00 
 1.53800000e+00  1.52959857e+00 
 1.53900000e+00  1.53170944e+00 
 1.54000000e+00  1.53382166e+00 
 1.54100000e+00  1.53593525e+00 
 1.54200000e+00  1.53805019e+00 
 1.54300000e+00  1.54016650e+00 
 1.54400000e+00  1.54228417e+00 
 1.54500000e+00  1.54440321e+00 
 1.54600000e+00  1.54652361e+00 
 1.54700000e+00  1.54864538e+00 
 1.54800000e+00  1.55076852e+00 
 1.54900000e+00  1.55289302e+00 
 1.55000000e+00  1.55501889e+00 
 1.55100000e+00  1.55714614e+00 
 1.55200000e+00  1.55927475e+00 
 1.55300000e+00  1.56140474e+00 
 1.55400000e+00  1.56353610e+00 
 1.55500000e+00  1.56566883e+00 
 1.55600000e+00  1.56780294e+00 
 1.55700000e+00  1.56993842e+00 
 1.55800000e+00  1.57207529e+00 
 1.55900000e+00  1.57421353e+00 
 1.56000000e+00  1.57635315e+00 
 1.56100000e+00  1.57849415e+00 
 1.56200000e+00  1.58063653e+00 
 1.56300000e+00  1.58278029e+00 
 1.56400000e+00  1.58492544e+00 
 1.56500000e+00  1.58707197e+00 
 1.56600000e+00  1.58921989e+00 
 1.56700000e+00  1.59136919e+00 
 1.56800000e+00  1.59351988e+00 
 1.56900000e+00  1.59567196e+00 
 1.57000000e+00  1.59782543e+00 
 1.57100000e+00  1.59998029e+00 
 1.57200000e+00  1.60213655e+00 
 1.57300000e+00  1.60429419e+00 
 1.57400000e+00  1.60645323e+00 
 1.57500000e+00  1.60861366e+00 
 1.57600000e+00  1.61077549e+00 
 1.57700000e+00  1.61293872e+00 
 1.57800000e+00  1.61510335e+00 
 1.57900000e+00  1.61726937e+00 
 1.58000000e+00  1.61943680e+00 
 1.58100000e+00  1.62160562e+00 
 1.58200000e+00  1.62377585e+00 
 1.58300000e+00  1.62594749e+00 
 1.58400000e+00  1.62812053e+00 
 1.58500000e+00  1.63029497e+00 
 1.58600000e+00  1.63247082e+00 
 1.58700000e+00  1.63464808e+00 
 1.58800000e+00  1.63682675e+00 
 1.58900000e+00  1.63900683e+00 
 1.59000000e+00  1.64118832e+00 
 1.59100000e+00  1.64337123e+00 
 1.59200000e+00  1.64555555e+00 
 1.59300000e+00  1.64774128e+00 
 1.59400000e+00  1.64992843e+00 
 1.59500000e+00  1.65211700e+00 
 1.59600000e+00  1.65430699e+00 
 1.59700000e+00  1.65649839e+00 
 1.59800000e+00  1.65869122e+00 
 1.59900000e+00  1.66088547e+00 
 1.60000000e+00  1.66308114e+00 
 1.60100000e+00  1.66527824e+00 
 1.60200000e+00  1.66747676e+00 
 1.60300000e+00  1.66967672e+00 
 1.60400000e+00  1.67187809e+00 
 1.60500000e+00  1.67408090e+00 
 1.60600000e+00  1.67628514e+00 
 1.60700000e+00  1.67849081e+00 
 1.60800000e+00  1.68069792e+00 
 1.60900000e+00  1.68290646e+00 
 1.61000000e+00  1.68511643e+00 
 1.61100000e+00  1.68732784e+00 
 1.61200000e+00  1.68954069e+00 
 1.61300000e+00  1.69175498e+00 
 1.61400000e+00  1.69397071e+00 
 1.61500000e+00  1.69618788e+00 
 1.61600000e+00  1.69840649e+00 
 1.61700000e+00  1.70062655e+00 
 1.61800000e+00  1.70284805e+00 
 1.61900000e+00  1.70507100e+00 
 1.62000000e+00  1.70729540e+00 
 1.62100000e+00  1.70952125e+00 
 1.62200000e+00  1.71174855e+00 
 1.62300000e+00  1.71397730e+00 
 1.62400000e+00  1.71620751e+00 
 1.62500000e+00  1.71843917e+00 
 1.62600000e+00  1.72067228e+00 
 1.62700000e+00  1.72290685e+00 
 1.62800000e+00  1.72514289e+00 
 1.62900000e+00  1.72738038e+00 
 1.63000000e+00  1.72961933e+00 
 1.63100000e+00  1.73185974e+00 
 1.63200000e+00  1.73410162e+00 
 1.63300000e+00  1.73634497e+00 
 1.63400000e+00  1.73858978e+00 
 1.63500000e+00  1.74083606e+00 
 1.63600000e+00  1.74308381e+00 
 1.63700000e+00  1.74533303e+00 
 1.63800000e+00  1.74758372e+00 
 1.63900000e+00  1.74983589e+00 
 1.64000000e+00  1.75208953e+00 
 1.64100000e+00  1.75434464e+00 
 1.64200000e+00  1.75660124e+00 
 1.64300000e+00  1.75885931e+00 
 1.64400000e+00  1.76111887e+00 
 1.64500000e+00  1.76337990e+00 
 1.64600000e+00  1.76564242e+00 
 1.64700000e+00  1.76790642e+00 
 1.64800000e+00  1.77017192e+00 
 1.64900000e+00  1.77243889e+00 
 1.65000000e+00  1.77470736e+00 
 1.65100000e+00  1.77697732e+00 
 1.65200000e+00  1.77924877e+00 
 1.65300000e+00  1.78152171e+00 
 1.65400000e+00  1.78379615e+00 
 1.65500000e+00  1.78607208e+00 
 1.65600000e+00  1.78834952e+00 
 1.65700000e+00  1.79062845e+00 
 1.65800000e+00  1.79290888e+00 
 1.65900000e+00  1.79519082e+00 
 1.66000000e+00  1.79747425e+00 
 1.66100000e+00  1.79975920e+00 
 1.66200000e+00  1.80204565e+00 
 1.66300000e+00  1.80433361e+00 
 1.66400000e+00  1.80662308e+00 
 1.66500000e+00  1.80891406e+00 
 1.66600000e+00  1.81120655e+00 
 1.66700000e+00  1.81350056e+00 
 1.66800000e+00  1.81579608e+00 
 1.66900000e+00  1.81809312e+00 
 1.67000000e+00  1.82039168e+00 
 1.67100000e+00  1.82269176e+00 
 1.67200000e+00  1.82499336e+00 
 1.67300000e+00  1.82729649e+00 
 1.67400000e+00  1.82960114e+00 
 1.67500000e+00  1.83190732e+00 
 1.67600000e+00  1.83421503e+00 
 1.67700000e+00  1.83652427e+00 
 1.67800000e+00  1.83883503e+00 
 1.67900000e+00  1.84114734e+00 
 1.68000000e+00  1.84346117e+00 
 1.68100000e+00  1.84577655e+00 
 1.68200000e+00  1.84809346e+00 
 1.68300000e+00  1.85041191e+00 
 1.68400000e+00  1.85273191e+00 
 1.68500000e+00  1.85505344e+00 
 1.68600000e+00  1.85737652e+00 
 1.68700000e+00  1.85970115e+00 
 1.68800000e+00  1.86202733e+00 
 1.68900000e+00  1.86435505e+00 
 1.69000000e+00  1.86668433e+00 
 1.69100000e+00  1.86901516e+00 
 1.69200000e+00  1.87134754e+00 
 1.69300000e+00  1.87368148e+00 
 1.69400000e+00  1.87601698e+00 
 1.69500000e+00  1.87835404e+00 
 1.69600000e+00  1.88069266e+00 
 1.69700000e+00  1.88303284e+00 
 1.69800000e+00  1.88537459e+00 
 1.69900000e+00  1.88771791e+00 
 1.70000000e+00  1.89006279e+00 
 1.70100000e+00  1.89240925e+00 
 1.70200000e+00  1.89475727e+00 
 1.70300000e+00  1.89710687e+00 
 1.70400000e+00  1.89945805e+00 
 1.70500000e+00  1.90181080e+00 
 1.70600000e+00  1.90416513e+00 
 1.70700000e+00  1.90652105e+00 
 1.70800000e+00  1.90887854e+00 
 1.70900000e+00  1.91123762e+00 
 1.71000000e+00  1.91359829e+00 
 1.71100000e+00  1.91596054e+00 
 1.71200000e+00  1.91832439e+00 
 1.71300000e+00  1.92068982e+00 
 1.71400000e+00  1.92305685e+00 
 1.71500000e+00  1.92542548e+00 
 1.71600000e+00  1.92779570e+00 
 1.71700000e+00  1.93016752e+00 
 1.71800000e+00  1.93254094e+00 
 1.71900000e+00  1.93491597e+00 
 1.72000000e+00  1.93729260e+00 
 1.72100000e+00  1.93967083e+00 
 1.72200000e+00  1.94205068e+00 
 1.72300000e+00  1.94443213e+00 
 1.72400000e+00  1.94681520e+00 
 1.72500000e+00  1.94919988e+00 
 1.72600000e+00  1.95158618e+00 
 1.72700000e+00  1.95397410e+00 
 1.72800000e+00  1.95636363e+00 
 1.72900000e+00  1.95875479e+00 
 1.73000000e+00  1.96114757e+00 
 1.73100000e+00  1.96354198e+00 
 1.73200000e+00  1.96593801e+00 
 1.73300000e+00  1.96833568e+00 
 1.73400000e+00  1.97073497e+00 
 1.73500000e+00  1.97313590e+00 
 1.73600000e+00  1.97553847e+00 
 1.73700000e+00  1.97794267e+00 
 1.73800000e+00  1.98034852e+00 
 1.73900000e+00  1.98275600e+00 
 1.74000000e+00  1.98516513e+00 
 1.74100000e+00  1.98757591e+00 
 1.74200000e+00  1.98998833e+00 
 1.74300000e+00  1.99240240e+00 
 1.74400000e+00  1.99481813e+00 
 1.74500000e+00  1.99723551e+00 
 1.74600000e+00  1.99965454e+00 
 1.74700000e+00  2.00207523e+00 
 1.74800000e+00  2.00449759e+00 
 1.74900000e+00  2.00692160e+00 
 1.75000000e+00  2.00934728e+00 
 1.75100000e+00  2.01177463e+00 
 1.75200000e+00  2.01420364e+00 
 1.75300000e+00  2.01663433e+00 
 1.75400000e+00  2.01906669e+00 
 1.75500000e+00  2.02150072e+00 
 1.75600000e+00  2.02393643e+00 
 1.75700000e+00  2.02637382e+00 
 1.75800000e+00  2.02881289e+00 
 1.75900000e+00  2.03125365e+00 
 1.76000000e+00  2.03369609e+00 
 1.76100000e+00  2.03614022e+00 
 1.76200000e+00  2.03858604e+00 
 1.76300000e+00  2.04103355e+00 
 1.76400000e+00  2.04348276e+00 
 1.76500000e+00  2.04593366e+00 
 1.76600000e+00  2.04838627e+00 
 1.76700000e+00  2.05084057e+00 
 1.76800000e+00  2.05329658e+00 
 1.76900000e+00  2.05575429e+00 
 1.77000000e+00  2.05821372e+00 
 1.77100000e+00  2.06067485e+00 
 1.77200000e+00  2.06313769e+00 
 1.77300000e+00  2.06560225e+00 
 1.77400000e+00  2.06806853e+00 
 1.77500000e+00  2.07053653e+00 
 1.77600000e+00  2.07300625e+00 
 1.77700000e+00  2.07547769e+00 
 1.77800000e+00  2.07795086e+00 
 1.77900000e+00  2.08042576e+00 
 1.78000000e+00  2.08290239e+00 
 1.78100000e+00  2.08538076e+00 
 1.78200000e+00  2.08786086e+00 
 1.78300000e+00  2.09034270e+00 
 1.78400000e+00  2.09282628e+00 
 1.78500000e+00  2.09531160e+00 
 1.78600000e+00  2.09779867e+00 
 1.78700000e+00  2.10028749e+00 
 1.78800000e+00  2.10277805e+00 
 1.78900000e+00  2.10527037e+00 
 1.79000000e+00  2.10776445e+00 
 1.79100000e+00  2.11026028e+00 
 1.79200000e+00  2.11275788e+00 
 1.79300000e+00  2.11525723e+00 
 1.79400000e+00  2.11775836e+00 
 1.79500000e+00  2.12026125e+00 
 1.79600000e+00  2.12276591e+00 
 1.79700000e+00  2.12527234e+00 
 1.79800000e+00  2.12778055e+00 
 1.79900000e+00  2.13029053e+00 
 1.80000000e+00  2.13280230e+00 
