 0.00000000e+00  6.88377031e-02 
 1.00000000e-03  6.88381424e-02 
 2.00000000e-03  6.88385881e-02 
 3.00000000e-03  6.88390403e-02 
 4.00000000e-03  6.88394991e-02 
 5.00000000e-03  6.88399646e-02 
 6.00000000e-03  6.88404370e-02 
 7.00000000e-03  6.88409162e-02 
 8.00000000e-03  6.88414024e-02 
 9.00000000e-03  6.88418957e-02 
 1.00000000e-02  6.88423963e-02 
 1.10000000e-02  6.88429041e-02 
 1.20000000e-02  6.88434194e-02 
 1.30000000e-02  6.88439422e-02 
 1.40000000e-02  6.88444726e-02 
 1.50000000e-02  6.88450107e-02 
 1.60000000e-02  6.88455568e-02 
 1.70000000e-02  6.88461108e-02 
 1.80000000e-02  6.88466729e-02 
 1.90000000e-02  6.88472432e-02 
 2.00000000e-02  6.88478218e-02 
 2.10000000e-02  6.88484088e-02 
 2.20000000e-02  6.88490045e-02 
 2.30000000e-02  6.88496088e-02 
 2.40000000e-02  6.88502220e-02 
 2.50000000e-02  6.88508441e-02 
 2.60000000e-02  6.88514753e-02 
 2.70000000e-02  6.88521157e-02 
 2.80000000e-02  6.88527655e-02 
 2.90000000e-02  6.88534247e-02 
 3.00000000e-02  6.88540936e-02 
 3.10000000e-02  6.88547722e-02 
 3.20000000e-02  6.88554607e-02 
 3.30000000e-02  6.88561593e-02 
 3.40000000e-02  6.88568681e-02 
 3.50000000e-02  6.88575872e-02 
 3.60000000e-02  6.88583168e-02 
 3.70000000e-02  6.88590571e-02 
 3.80000000e-02  6.88598082e-02 
 3.90000000e-02  6.88605702e-02 
 4.00000000e-02  6.88613433e-02 
 4.10000000e-02  6.88621277e-02 
 4.20000000e-02  6.88629236e-02 
 4.30000000e-02  6.88637311e-02 
 4.40000000e-02  6.88645503e-02 
 4.50000000e-02  6.88653815e-02 
 4.60000000e-02  6.88662249e-02 
 4.70000000e-02  6.88670805e-02 
 4.80000000e-02  6.88679486e-02 
 4.90000000e-02  6.88688294e-02 
 5.00000000e-02  6.88697230e-02 
 5.10000000e-02  6.88706297e-02 
 5.20000000e-02  6.88715495e-02 
 5.30000000e-02  6.88724828e-02 
 5.40000000e-02  6.88734297e-02 
 5.50000000e-02  6.88743904e-02 
 5.60000000e-02  6.88753651e-02 
 5.70000000e-02  6.88763540e-02 
 5.80000000e-02  6.88773574e-02 
 5.90000000e-02  6.88783753e-02 
 6.00000000e-02  6.88794081e-02 
 6.10000000e-02  6.88804560e-02 
 6.20000000e-02  6.88815191e-02 
 6.30000000e-02  6.88825977e-02 
 6.40000000e-02  6.88836920e-02 
 6.50000000e-02  6.88848023e-02 
 6.60000000e-02  6.88859288e-02 
 6.70000000e-02  6.88870716e-02 
 6.80000000e-02  6.88882312e-02 
 6.90000000e-02  6.88894076e-02 
 7.00000000e-02  6.88906011e-02 
 7.10000000e-02  6.88918121e-02 
 7.20000000e-02  6.88930407e-02 
 7.30000000e-02  6.88942871e-02 
 7.40000000e-02  6.88955518e-02 
 7.50000000e-02  6.88968348e-02 
 7.60000000e-02  6.88981365e-02 
 7.70000000e-02  6.88994572e-02 
 7.80000000e-02  6.89007971e-02 
 7.90000000e-02  6.89021566e-02 
 8.00000000e-02  6.89035358e-02 
 8.10000000e-02  6.89049351e-02 
 8.20000000e-02  6.89063547e-02 
 8.30000000e-02  6.89077950e-02 
 8.40000000e-02  6.89092563e-02 
 8.50000000e-02  6.89107388e-02 
 8.60000000e-02  6.89122430e-02 
 8.70000000e-02  6.89137690e-02 
 8.80000000e-02  6.89153172e-02 
 8.90000000e-02  6.89168879e-02 
 9.00000000e-02  6.89184815e-02 
 9.10000000e-02  6.89200982e-02 
 9.20000000e-02  6.89217385e-02 
 9.30000000e-02  6.89234026e-02 
 9.40000000e-02  6.89250909e-02 
 9.50000000e-02  6.89268038e-02 
 9.60000000e-02  6.89285415e-02 
 9.70000000e-02  6.89303046e-02 
 9.80000000e-02  6.89320932e-02 
 9.90000000e-02  6.89339079e-02 
 1.00000000e-01  6.89357489e-02 
 1.01000000e-01  6.89376167e-02 
 1.02000000e-01  6.89395116e-02 
 1.03000000e-01  6.89414341e-02 
 1.04000000e-01  6.89433845e-02 
 1.05000000e-01  6.89453632e-02 
 1.06000000e-01  6.89473706e-02 
 1.07000000e-01  6.89494072e-02 
 1.08000000e-01  6.89514734e-02 
 1.09000000e-01  6.89535696e-02 
 1.10000000e-01  6.89556962e-02 
 1.11000000e-01  6.89578537e-02 
 1.12000000e-01  6.89600425e-02 
 1.13000000e-01  6.89622630e-02 
 1.14000000e-01  6.89645158e-02 
 1.15000000e-01  6.89668013e-02 
 1.16000000e-01  6.89691199e-02 
 1.17000000e-01  6.89714722e-02 
 1.18000000e-01  6.89738586e-02 
 1.19000000e-01  6.89762796e-02 
 1.20000000e-01  6.89787357e-02 
 1.21000000e-01  6.89812274e-02 
 1.22000000e-01  6.89837552e-02 
 1.23000000e-01  6.89863197e-02 
 1.24000000e-01  6.89889213e-02 
 1.25000000e-01  6.89915607e-02 
 1.26000000e-01  6.89942383e-02 
 1.27000000e-01  6.89969546e-02 
 1.28000000e-01  6.89997103e-02 
 1.29000000e-01  6.90025060e-02 
 1.30000000e-01  6.90053421e-02 
 1.31000000e-01  6.90082192e-02 
 1.32000000e-01  6.90111381e-02 
 1.33000000e-01  6.90140991e-02 
 1.34000000e-01  6.90171031e-02 
 1.35000000e-01  6.90201504e-02 
 1.36000000e-01  6.90232419e-02 
 1.37000000e-01  6.90263781e-02 
 1.38000000e-01  6.90295596e-02 
 1.39000000e-01  6.90327872e-02 
 1.40000000e-01  6.90360614e-02 
 1.41000000e-01  6.90393829e-02 
 1.42000000e-01  6.90427525e-02 
 1.43000000e-01  6.90461707e-02 
 1.44000000e-01  6.90496383e-02 
 1.45000000e-01  6.90531560e-02 
 1.46000000e-01  6.90567245e-02 
 1.47000000e-01  6.90603446e-02 
 1.48000000e-01  6.90640169e-02 
 1.49000000e-01  6.90677421e-02 
 1.50000000e-01  6.90715212e-02 
 1.51000000e-01  6.90753548e-02 
 1.52000000e-01  6.90792437e-02 
 1.53000000e-01  6.90831886e-02 
 1.54000000e-01  6.90871905e-02 
 1.55000000e-01  6.90912500e-02 
 1.56000000e-01  6.90953680e-02 
 1.57000000e-01  6.90995454e-02 
 1.58000000e-01  6.91037830e-02 
 1.59000000e-01  6.91080816e-02 
 1.60000000e-01  6.91124421e-02 
 1.61000000e-01  6.91168653e-02 
 1.62000000e-01  6.91213523e-02 
 1.63000000e-01  6.91259038e-02 
 1.64000000e-01  6.91305208e-02 
 1.65000000e-01  6.91352042e-02 
 1.66000000e-01  6.91399549e-02 
 1.67000000e-01  6.91447739e-02 
 1.68000000e-01  6.91496622e-02 
 1.69000000e-01  6.91546207e-02 
 1.70000000e-01  6.91596505e-02 
 1.71000000e-01  6.91647525e-02 
 1.72000000e-01  6.91699277e-02 
 1.73000000e-01  6.91751772e-02 
 1.74000000e-01  6.91805020e-02 
 1.75000000e-01  6.91859032e-02 
 1.76000000e-01  6.91913819e-02 
 1.77000000e-01  6.91969391e-02 
 1.78000000e-01  6.92025760e-02 
 1.79000000e-01  6.92082936e-02 
 1.80000000e-01  6.92140931e-02 
 1.81000000e-01  6.92199757e-02 
 1.82000000e-01  6.92259425e-02 
 1.83000000e-01  6.92319946e-02 
 1.84000000e-01  6.92381334e-02 
 1.85000000e-01  6.92443599e-02 
 1.86000000e-01  6.92506754e-02 
 1.87000000e-01  6.92570812e-02 
 1.88000000e-01  6.92635786e-02 
 1.89000000e-01  6.92701687e-02 
 1.90000000e-01  6.92768528e-02 
 1.91000000e-01  6.92836324e-02 
 1.92000000e-01  6.92905087e-02 
 1.93000000e-01  6.92974831e-02 
 1.94000000e-01  6.93045568e-02 
 1.95000000e-01  6.93117314e-02 
 1.96000000e-01  6.93190082e-02 
 1.97000000e-01  6.93263886e-02 
 1.98000000e-01  6.93338740e-02 
 1.99000000e-01  6.93414659e-02 
 2.00000000e-01  6.93491658e-02 
 2.01000000e-01  6.93569752e-02 
 2.02000000e-01  6.93648955e-02 
 2.03000000e-01  6.93729284e-02 
 2.04000000e-01  6.93810753e-02 
 2.05000000e-01  6.93893378e-02 
 2.06000000e-01  6.93977175e-02 
 2.07000000e-01  6.94062160e-02 
 2.08000000e-01  6.94148349e-02 
 2.09000000e-01  6.94235760e-02 
 2.10000000e-01  6.94324408e-02 
 2.11000000e-01  6.94414311e-02 
 2.12000000e-01  6.94505485e-02 
 2.13000000e-01  6.94597948e-02 
 2.14000000e-01  6.94691718e-02 
 2.15000000e-01  6.94786812e-02 
 2.16000000e-01  6.94883249e-02 
 2.17000000e-01  6.94981046e-02 
 2.18000000e-01  6.95080223e-02 
 2.19000000e-01  6.95180797e-02 
 2.20000000e-01  6.95282788e-02 
 2.21000000e-01  6.95386214e-02 
 2.22000000e-01  6.95491096e-02 
 2.23000000e-01  6.95597453e-02 
 2.24000000e-01  6.95705305e-02 
 2.25000000e-01  6.95814671e-02 
 2.26000000e-01  6.95925573e-02 
 2.27000000e-01  6.96038030e-02 
 2.28000000e-01  6.96152064e-02 
 2.29000000e-01  6.96267695e-02 
 2.30000000e-01  6.96384946e-02 
 2.31000000e-01  6.96503838e-02 
 2.32000000e-01  6.96624391e-02 
 2.33000000e-01  6.96746630e-02 
 2.34000000e-01  6.96870576e-02 
 2.35000000e-01  6.96996251e-02 
 2.36000000e-01  6.97123679e-02 
 2.37000000e-01  6.97252883e-02 
 2.38000000e-01  6.97383886e-02 
 2.39000000e-01  6.97516711e-02 
 2.40000000e-01  6.97651384e-02 
 2.41000000e-01  6.97787928e-02 
 2.42000000e-01  6.97926368e-02 
 2.43000000e-01  6.98066728e-02 
 2.44000000e-01  6.98209034e-02 
 2.45000000e-01  6.98353311e-02 
 2.46000000e-01  6.98499585e-02 
 2.47000000e-01  6.98647881e-02 
 2.48000000e-01  6.98798227e-02 
 2.49000000e-01  6.98950648e-02 
 2.50000000e-01  6.99105171e-02 
 2.51000000e-01  6.99261824e-02 
 2.52000000e-01  6.99420633e-02 
 2.53000000e-01  6.99581627e-02 
 2.54000000e-01  6.99744834e-02 
 2.55000000e-01  6.99910281e-02 
 2.56000000e-01  7.00077998e-02 
 2.57000000e-01  7.00248013e-02 
 2.58000000e-01  7.00420356e-02 
 2.59000000e-01  7.00595057e-02 
 2.60000000e-01  7.00772144e-02 
 2.61000000e-01  7.00951648e-02 
 2.62000000e-01  7.01133600e-02 
 2.63000000e-01  7.01318030e-02 
 2.64000000e-01  7.01504969e-02 
 2.65000000e-01  7.01694449e-02 
 2.66000000e-01  7.01886502e-02 
 2.67000000e-01  7.02081159e-02 
 2.68000000e-01  7.02278452e-02 
 2.69000000e-01  7.02478415e-02 
 2.70000000e-01  7.02681080e-02 
 2.71000000e-01  7.02886481e-02 
 2.72000000e-01  7.03094651e-02 
 2.73000000e-01  7.03305623e-02 
 2.74000000e-01  7.03519433e-02 
 2.75000000e-01  7.03736114e-02 
 2.76000000e-01  7.03955701e-02 
 2.77000000e-01  7.04178230e-02 
 2.78000000e-01  7.04403736e-02 
 2.79000000e-01  7.04632254e-02 
 2.80000000e-01  7.04863821e-02 
 2.81000000e-01  7.05098474e-02 
 2.82000000e-01  7.05336247e-02 
 2.83000000e-01  7.05577180e-02 
 2.84000000e-01  7.05821308e-02 
 2.85000000e-01  7.06068670e-02 
 2.86000000e-01  7.06319303e-02 
 2.87000000e-01  7.06573246e-02 
 2.88000000e-01  7.06830536e-02 
 2.89000000e-01  7.07091214e-02 
 2.90000000e-01  7.07355317e-02 
 2.91000000e-01  7.07622885e-02 
 2.92000000e-01  7.07893958e-02 
 2.93000000e-01  7.08168576e-02 
 2.94000000e-01  7.08446778e-02 
 2.95000000e-01  7.08728606e-02 
 2.96000000e-01  7.09014100e-02 
 2.97000000e-01  7.09303301e-02 
 2.98000000e-01  7.09596250e-02 
 2.99000000e-01  7.09892989e-02 
 3.00000000e-01  7.10193560e-02 
 3.01000000e-01  7.10498004e-02 
 3.02000000e-01  7.10806364e-02 
 3.03000000e-01  7.11118683e-02 
 3.04000000e-01  7.11435003e-02 
 3.05000000e-01  7.11755367e-02 
 3.06000000e-01  7.12079819e-02 
 3.07000000e-01  7.12408401e-02 
 3.08000000e-01  7.12741158e-02 
 3.09000000e-01  7.13078132e-02 
 3.10000000e-01  7.13419370e-02 
 3.11000000e-01  7.13764913e-02 
 3.12000000e-01  7.14114808e-02 
 3.13000000e-01  7.14469098e-02 
 3.14000000e-01  7.14827828e-02 
 3.15000000e-01  7.15191043e-02 
 3.16000000e-01  7.15558788e-02 
 3.17000000e-01  7.15931108e-02 
 3.18000000e-01  7.16308048e-02 
 3.19000000e-01  7.16689655e-02 
 3.20000000e-01  7.17075972e-02 
 3.21000000e-01  7.17467046e-02 
 3.22000000e-01  7.17862923e-02 
 3.23000000e-01  7.18263648e-02 
 3.24000000e-01  7.18669267e-02 
 3.25000000e-01  7.19079826e-02 
 3.26000000e-01  7.19495371e-02 
 3.27000000e-01  7.19915947e-02 
 3.28000000e-01  7.20341600e-02 
 3.29000000e-01  7.20772377e-02 
 3.30000000e-01  7.21208323e-02 
 3.31000000e-01  7.21649484e-02 
 3.32000000e-01  7.22095905e-02 
 3.33000000e-01  7.22547633e-02 
 3.34000000e-01  7.23004713e-02 
 3.35000000e-01  7.23467191e-02 
 3.36000000e-01  7.23935111e-02 
 3.37000000e-01  7.24408520e-02 
 3.38000000e-01  7.24887462e-02 
 3.39000000e-01  7.25371982e-02 
 3.40000000e-01  7.25862126e-02 
 3.41000000e-01  7.26357937e-02 
 3.42000000e-01  7.26859460e-02 
 3.43000000e-01  7.27366739e-02 
 3.44000000e-01  7.27879818e-02 
 3.45000000e-01  7.28398740e-02 
 3.46000000e-01  7.28923550e-02 
 3.47000000e-01  7.29454288e-02 
 3.48000000e-01  7.29991000e-02 
 3.49000000e-01  7.30533725e-02 
 3.50000000e-01  7.31082508e-02 
 3.51000000e-01  7.31637388e-02 
 3.52000000e-01  7.32198407e-02 
 3.53000000e-01  7.32765606e-02 
 3.54000000e-01  7.33339025e-02 
 3.55000000e-01  7.33918703e-02 
 3.56000000e-01  7.34504680e-02 
 3.57000000e-01  7.35096994e-02 
 3.58000000e-01  7.35695683e-02 
 3.59000000e-01  7.36300785e-02 
 3.60000000e-01  7.36912337e-02 
 3.61000000e-01  7.37530375e-02 
 3.62000000e-01  7.38154934e-02 
 3.63000000e-01  7.38786050e-02 
 3.64000000e-01  7.39423757e-02 
 3.65000000e-01  7.40068089e-02 
 3.66000000e-01  7.40719078e-02 
 3.67000000e-01  7.41376757e-02 
 3.68000000e-01  7.42041156e-02 
 3.69000000e-01  7.42712308e-02 
 3.70000000e-01  7.43390240e-02 
 3.71000000e-01  7.44074983e-02 
 3.72000000e-01  7.44766563e-02 
 3.73000000e-01  7.45465010e-02 
 3.74000000e-01  7.46170348e-02 
 3.75000000e-01  7.46882603e-02 
 3.76000000e-01  7.47601800e-02 
 3.77000000e-01  7.48327962e-02 
 3.78000000e-01  7.49061113e-02 
 3.79000000e-01  7.49801272e-02 
 3.80000000e-01  7.50548462e-02 
 3.81000000e-01  7.51302702e-02 
 3.82000000e-01  7.52064010e-02 
 3.83000000e-01  7.52832404e-02 
 3.84000000e-01  7.53607901e-02 
 3.85000000e-01  7.54390517e-02 
 3.86000000e-01  7.55180265e-02 
 3.87000000e-01  7.55977160e-02 
 3.88000000e-01  7.56781214e-02 
 3.89000000e-01  7.57592438e-02 
 3.90000000e-01  7.58410842e-02 
 3.91000000e-01  7.59236437e-02 
 3.92000000e-01  7.60069230e-02 
 3.93000000e-01  7.60909229e-02 
 3.94000000e-01  7.61756439e-02 
 3.95000000e-01  7.62610866e-02 
 3.96000000e-01  7.63472515e-02 
 3.97000000e-01  7.64341388e-02 
 3.98000000e-01  7.65217488e-02 
 3.99000000e-01  7.66100815e-02 
 4.00000000e-01  7.66991371e-02 
 4.01000000e-01  7.67889155e-02 
 4.02000000e-01  7.68794166e-02 
 4.03000000e-01  7.69706400e-02 
 4.04000000e-01  7.70625856e-02 
 4.05000000e-01  7.71552530e-02 
 4.06000000e-01  7.72486416e-02 
 4.07000000e-01  7.73427510e-02 
 4.08000000e-01  7.74375806e-02 
 4.09000000e-01  7.75331297e-02 
 4.10000000e-01  7.76293977e-02 
 4.11000000e-01  7.77263838e-02 
 4.12000000e-01  7.78240872e-02 
 4.13000000e-01  7.79225071e-02 
 4.14000000e-01  7.80216427e-02 
 4.15000000e-01  7.81214931e-02 
 4.16000000e-01  7.82220574e-02 
 4.17000000e-01  7.83233348e-02 
 4.18000000e-01  7.84253244e-02 
 4.19000000e-01  7.85280252e-02 
 4.20000000e-01  7.86314366e-02 
 4.21000000e-01  7.87355576e-02 
 4.22000000e-01  7.88403875e-02 
 4.23000000e-01  7.89459256e-02 
 4.24000000e-01  7.90521712e-02 
 4.25000000e-01  7.91591239e-02 
 4.26000000e-01  7.92667830e-02 
 4.27000000e-01  7.93751482e-02 
 4.28000000e-01  7.94842193e-02 
 4.29000000e-01  7.95939961e-02 
 4.30000000e-01  7.97044785e-02 
 4.31000000e-01  7.98156668e-02 
 4.32000000e-01  7.99275612e-02 
 4.33000000e-01  8.00401622e-02 
 4.34000000e-01  8.01534705e-02 
 4.35000000e-01  8.02674870e-02 
 4.36000000e-01  8.03822128e-02 
 4.37000000e-01  8.04976492e-02 
 4.38000000e-01  8.06137979e-02 
 4.39000000e-01  8.07306608e-02 
 4.40000000e-01  8.08482399e-02 
 4.41000000e-01  8.09665379e-02 
 4.42000000e-01  8.10855574e-02 
 4.43000000e-01  8.12053016e-02 
 4.44000000e-01  8.13257740e-02 
 4.45000000e-01  8.14469784e-02 
 4.46000000e-01  8.15689191e-02 
 4.47000000e-01  8.16916008e-02 
 4.48000000e-01  8.18150284e-02 
 4.49000000e-01  8.19392075e-02 
 4.50000000e-01  8.20641441e-02 
 4.51000000e-01  8.21898446e-02 
 4.52000000e-01  8.23163159e-02 
 4.53000000e-01  8.24435655e-02 
 4.54000000e-01  8.25716012e-02 
 4.55000000e-01  8.27004317e-02 
 4.56000000e-01  8.28300659e-02 
 4.57000000e-01  8.29605134e-02 
 4.58000000e-01  8.30917845e-02 
 4.59000000e-01  8.32238899e-02 
 4.60000000e-01  8.33568411e-02 
 4.61000000e-01  8.34906500e-02 
 4.62000000e-01  8.36253295e-02 
 4.63000000e-01  8.37608927e-02 
 4.64000000e-01  8.38973538e-02 
 4.65000000e-01  8.40347274e-02 
 4.66000000e-01  8.41730288e-02 
 4.67000000e-01  8.43122741e-02 
 4.68000000e-01  8.44524802e-02 
 4.69000000e-01  8.45936645e-02 
 4.70000000e-01  8.47358452e-02 
 4.71000000e-01  8.48790414e-02 
 4.72000000e-01  8.50232726e-02 
 4.73000000e-01  8.51685594e-02 
 4.74000000e-01  8.53149230e-02 
 4.75000000e-01  8.54623853e-02 
 4.76000000e-01  8.56109691e-02 
 4.77000000e-01  8.57606978e-02 
 4.78000000e-01  8.59115957e-02 
 4.79000000e-01  8.60636878e-02 
 4.80000000e-01  8.62169999e-02 
 4.81000000e-01  8.63715585e-02 
 4.82000000e-01  8.65273909e-02 
 4.83000000e-01  8.66845252e-02 
 4.84000000e-01  8.68429902e-02 
 4.85000000e-01  8.70028154e-02 
 4.86000000e-01  8.71640311e-02 
 4.87000000e-01  8.73266683e-02 
 4.88000000e-01  8.74907588e-02 
 4.89000000e-01  8.76563351e-02 
 4.90000000e-01  8.78234303e-02 
 4.91000000e-01  8.79920782e-02 
 4.92000000e-01  8.81623135e-02 
 4.93000000e-01  8.83341712e-02 
 4.94000000e-01  8.85076873e-02 
 4.95000000e-01  8.86828982e-02 
 4.96000000e-01  8.88598411e-02 
 4.97000000e-01  8.90385537e-02 
 4.98000000e-01  8.92190742e-02 
 4.99000000e-01  8.94014416e-02 
 5.00000000e-01  8.95856952e-02 
 5.01000000e-01  8.97718750e-02 
 5.02000000e-01  8.99600216e-02 
 5.03000000e-01  9.01501757e-02 
 5.04000000e-01  9.03423789e-02 
 5.05000000e-01  9.05366730e-02 
 5.06000000e-01  9.07331003e-02 
 5.07000000e-01  9.09317034e-02 
 5.08000000e-01  9.11325255e-02 
 5.09000000e-01  9.13356099e-02 
 5.10000000e-01  9.15410004e-02 
 5.11000000e-01  9.17487410e-02 
 5.12000000e-01  9.19588761e-02 
 5.13000000e-01  9.21714502e-02 
 5.14000000e-01  9.23865081e-02 
 5.15000000e-01  9.26040949e-02 
 5.16000000e-01  9.28242556e-02 
 5.17000000e-01  9.30470357e-02 
 5.18000000e-01  9.32724807e-02 
 5.19000000e-01  9.35006360e-02 
 5.20000000e-01  9.37315473e-02 
 5.21000000e-01  9.39652604e-02 
 5.22000000e-01  9.42018209e-02 
 5.23000000e-01  9.44412745e-02 
 5.24000000e-01  9.46836671e-02 
 5.25000000e-01  9.49290441e-02 
 5.26000000e-01  9.51774512e-02 
 5.27000000e-01  9.54289338e-02 
 5.28000000e-01  9.56835375e-02 
 5.29000000e-01  9.59413072e-02 
 5.30000000e-01  9.62022882e-02 
 5.31000000e-01  9.64665253e-02 
 5.32000000e-01  9.67340631e-02 
 5.33000000e-01  9.70049461e-02 
 5.34000000e-01  9.72792184e-02 
 5.35000000e-01  9.75569241e-02 
 5.36000000e-01  9.78381067e-02 
 5.37000000e-01  9.81228094e-02 
 5.38000000e-01  9.84110754e-02 
 5.39000000e-01  9.87029472e-02 
 5.40000000e-01  9.89984672e-02 
 5.41000000e-01  9.92976771e-02 
 5.42000000e-01  9.96006185e-02 
 5.43000000e-01  9.99073326e-02 
 5.44000000e-01  1.00217860e-01 
 5.45000000e-01  1.00532241e-01 
 5.46000000e-01  1.00850514e-01 
 5.47000000e-01  1.01172721e-01 
 5.48000000e-01  1.01498899e-01 
 5.49000000e-01  1.01829086e-01 
 5.50000000e-01  1.02163320e-01 
 5.51000000e-01  1.02501640e-01 
 5.52000000e-01  1.02844080e-01 
 5.53000000e-01  1.03190679e-01 
 5.54000000e-01  1.03541470e-01 
 5.55000000e-01  1.03896490e-01 
 5.56000000e-01  1.04255773e-01 
 5.57000000e-01  1.04619353e-01 
 5.58000000e-01  1.04987263e-01 
 5.59000000e-01  1.05359536e-01 
 5.60000000e-01  1.05736204e-01 
 5.61000000e-01  1.06117299e-01 
 5.62000000e-01  1.06502852e-01 
 5.63000000e-01  1.06892893e-01 
 5.64000000e-01  1.07287452e-01 
 5.65000000e-01  1.07686558e-01 
 5.66000000e-01  1.08090240e-01 
 5.67000000e-01  1.08498526e-01 
 5.68000000e-01  1.08911443e-01 
 5.69000000e-01  1.09329017e-01 
 5.70000000e-01  1.09751274e-01 
 5.71000000e-01  1.10178241e-01 
 5.72000000e-01  1.10609941e-01 
 5.73000000e-01  1.11046399e-01 
 5.74000000e-01  1.11487638e-01 
 5.75000000e-01  1.11933681e-01 
 5.76000000e-01  1.12384551e-01 
 5.77000000e-01  1.12840269e-01 
 5.78000000e-01  1.13300856e-01 
 5.79000000e-01  1.13766331e-01 
 5.80000000e-01  1.14236716e-01 
 5.81000000e-01  1.14712028e-01 
 5.82000000e-01  1.15192287e-01 
 5.83000000e-01  1.15677510e-01 
 5.84000000e-01  1.16167714e-01 
 5.85000000e-01  1.16662916e-01 
 5.86000000e-01  1.17163132e-01 
 5.87000000e-01  1.17668377e-01 
 5.88000000e-01  1.18178665e-01 
 5.89000000e-01  1.18694011e-01 
 5.90000000e-01  1.19214429e-01 
 5.91000000e-01  1.19739930e-01 
 5.92000000e-01  1.20270528e-01 
 5.93000000e-01  1.20806233e-01 
 5.94000000e-01  1.21347058e-01 
 5.95000000e-01  1.21893012e-01 
 5.96000000e-01  1.22444105e-01 
 5.97000000e-01  1.23000346e-01 
 5.98000000e-01  1.23561745e-01 
 5.99000000e-01  1.24128309e-01 
 6.00000000e-01  1.24700047e-01 
 6.01000000e-01  1.25276963e-01 
 6.02000000e-01  1.25859067e-01 
 6.03000000e-01  1.26446362e-01 
 6.04000000e-01  1.27038854e-01 
 6.05000000e-01  1.27636549e-01 
 6.06000000e-01  1.28239450e-01 
 6.07000000e-01  1.28847560e-01 
 6.08000000e-01  1.29460884e-01 
 6.09000000e-01  1.30079423e-01 
 6.10000000e-01  1.30703180e-01 
 6.11000000e-01  1.31332156e-01 
 6.12000000e-01  1.31966352e-01 
 6.13000000e-01  1.32605768e-01 
 6.14000000e-01  1.33250405e-01 
 6.15000000e-01  1.33900261e-01 
 6.16000000e-01  1.34555337e-01 
 6.17000000e-01  1.35215629e-01 
 6.18000000e-01  1.35881137e-01 
 6.19000000e-01  1.36551858e-01 
 6.20000000e-01  1.37227788e-01 
 6.21000000e-01  1.37908924e-01 
 6.22000000e-01  1.38595263e-01 
 6.23000000e-01  1.39286799e-01 
 6.24000000e-01  1.39983528e-01 
 6.25000000e-01  1.40685445e-01 
 6.26000000e-01  1.41392543e-01 
 6.27000000e-01  1.42104817e-01 
 6.28000000e-01  1.42822259e-01 
 6.29000000e-01  1.43544863e-01 
 6.30000000e-01  1.44272621e-01 
 6.31000000e-01  1.45005526e-01 
 6.32000000e-01  1.45743568e-01 
 6.33000000e-01  1.46486738e-01 
 6.34000000e-01  1.47235028e-01 
 6.35000000e-01  1.47988429e-01 
 6.36000000e-01  1.48746929e-01 
 6.37000000e-01  1.49510518e-01 
 6.38000000e-01  1.50279186e-01 
 6.39000000e-01  1.51052922e-01 
 6.40000000e-01  1.51831713e-01 
 6.41000000e-01  1.52615548e-01 
 6.42000000e-01  1.53404415e-01 
 6.43000000e-01  1.54198300e-01 
 6.44000000e-01  1.54997191e-01 
 6.45000000e-01  1.55801075e-01 
 6.46000000e-01  1.56609937e-01 
 6.47000000e-01  1.57423764e-01 
 6.48000000e-01  1.58242541e-01 
 6.49000000e-01  1.59066253e-01 
 6.50000000e-01  1.59894886e-01 
 6.51000000e-01  1.60728424e-01 
 6.52000000e-01  1.61566850e-01 
 6.53000000e-01  1.62410150e-01 
 6.54000000e-01  1.63258307e-01 
 6.55000000e-01  1.64111304e-01 
 6.56000000e-01  1.64969124e-01 
 6.57000000e-01  1.65831751e-01 
 6.58000000e-01  1.66699166e-01 
 6.59000000e-01  1.67571352e-01 
 6.60000000e-01  1.68448291e-01 
 6.61000000e-01  1.69329965e-01 
 6.62000000e-01  1.70216354e-01 
 6.63000000e-01  1.71107442e-01 
 6.64000000e-01  1.72003207e-01 
 6.65000000e-01  1.72903632e-01 
 6.66000000e-01  1.73808696e-01 
 6.67000000e-01  1.74718381e-01 
 6.68000000e-01  1.75632665e-01 
 6.69000000e-01  1.76551529e-01 
 6.70000000e-01  1.77474952e-01 
 6.71000000e-01  1.78402914e-01 
 6.72000000e-01  1.79335394e-01 
 6.73000000e-01  1.80272371e-01 
 6.74000000e-01  1.81213824e-01 
 6.75000000e-01  1.82159732e-01 
 6.76000000e-01  1.83110072e-01 
 6.77000000e-01  1.84064824e-01 
 6.78000000e-01  1.85023966e-01 
 6.79000000e-01  1.85987475e-01 
 6.80000000e-01  1.86955329e-01 
 6.81000000e-01  1.87927506e-01 
 6.82000000e-01  1.88903983e-01 
 6.83000000e-01  1.89884739e-01 
 6.84000000e-01  1.90869749e-01 
 6.85000000e-01  1.91858992e-01 
 6.86000000e-01  1.92852444e-01 
 6.87000000e-01  1.93850082e-01 
 6.88000000e-01  1.94851883e-01 
 6.89000000e-01  1.95857824e-01 
 6.90000000e-01  1.96867880e-01 
 6.91000000e-01  1.97882030e-01 
 6.92000000e-01  1.98900248e-01 
 6.93000000e-01  1.99922511e-01 
 6.94000000e-01  2.00948797e-01 
 6.95000000e-01  2.01979079e-01 
 6.96000000e-01  2.03013336e-01 
 6.97000000e-01  2.04051542e-01 
 6.98000000e-01  2.05093674e-01 
 6.99000000e-01  2.06139708e-01 
 7.00000000e-01  2.07189619e-01 
 7.01000000e-01  2.08243383e-01 
 7.02000000e-01  2.09300976e-01 
 7.03000000e-01  2.10362374e-01 
 7.04000000e-01  2.11427552e-01 
 7.05000000e-01  2.12496486e-01 
 7.06000000e-01  2.13569152e-01 
 7.07000000e-01  2.14645526e-01 
 7.08000000e-01  2.15725582e-01 
 7.09000000e-01  2.16809297e-01 
 7.10000000e-01  2.17896646e-01 
 7.11000000e-01  2.18987605e-01 
 7.12000000e-01  2.20082149e-01 
 7.13000000e-01  2.21180255e-01 
 7.14000000e-01  2.22281897e-01 
 7.15000000e-01  2.23387051e-01 
 7.16000000e-01  2.24495694e-01 
 7.17000000e-01  2.25607800e-01 
 7.18000000e-01  2.26723346e-01 
 7.19000000e-01  2.27842307e-01 
 7.20000000e-01  2.28964659e-01 
 7.21000000e-01  2.30090378e-01 
 7.22000000e-01  2.31219440e-01 
 7.23000000e-01  2.32351821e-01 
 7.24000000e-01  2.33487496e-01 
 7.25000000e-01  2.34626443e-01 
 7.26000000e-01  2.35768636e-01 
 7.27000000e-01  2.36914053e-01 
 7.28000000e-01  2.38062669e-01 
 7.29000000e-01  2.39214461e-01 
 7.30000000e-01  2.40369406e-01 
 7.31000000e-01  2.41527479e-01 
 7.32000000e-01  2.42688657e-01 
 7.33000000e-01  2.43852917e-01 
 7.34000000e-01  2.45020236e-01 
 7.35000000e-01  2.46190591e-01 
 7.36000000e-01  2.47363958e-01 
 7.37000000e-01  2.48540315e-01 
 7.38000000e-01  2.49719638e-01 
 7.39000000e-01  2.50901905e-01 
 7.40000000e-01  2.52087094e-01 
 7.41000000e-01  2.53275181e-01 
 7.42000000e-01  2.54466144e-01 
 7.43000000e-01  2.55659961e-01 
 7.44000000e-01  2.56856610e-01 
 7.45000000e-01  2.58056068e-01 
 7.46000000e-01  2.59258314e-01 
 7.47000000e-01  2.60463326e-01 
 7.48000000e-01  2.61671081e-01 
 7.49000000e-01  2.62881559e-01 
 7.50000000e-01  2.64094738e-01 
 7.51000000e-01  2.65310596e-01 
 7.52000000e-01  2.66529112e-01 
 7.53000000e-01  2.67750266e-01 
 7.54000000e-01  2.68974036e-01 
 7.55000000e-01  2.70200401e-01 
 7.56000000e-01  2.71429341e-01 
 7.57000000e-01  2.72660836e-01 
 7.58000000e-01  2.73894864e-01 
 7.59000000e-01  2.75131405e-01 
 7.60000000e-01  2.76370441e-01 
 7.61000000e-01  2.77611949e-01 
 7.62000000e-01  2.78855912e-01 
 7.63000000e-01  2.80102308e-01 
 7.64000000e-01  2.81351119e-01 
 7.65000000e-01  2.82602325e-01 
 7.66000000e-01  2.83855907e-01 
 7.67000000e-01  2.85111846e-01 
 7.68000000e-01  2.86370123e-01 
 7.69000000e-01  2.87630719e-01 
 7.70000000e-01  2.88893616e-01 
 7.71000000e-01  2.90158795e-01 
 7.72000000e-01  2.91426239e-01 
 7.73000000e-01  2.92695928e-01 
 7.74000000e-01  2.93967844e-01 
 7.75000000e-01  2.95241972e-01 
 7.76000000e-01  2.96518291e-01 
 7.77000000e-01  2.97796786e-01 
 7.78000000e-01  2.99077438e-01 
 7.79000000e-01  3.00360231e-01 
 7.80000000e-01  3.01645147e-01 
 7.81000000e-01  3.02932170e-01 
 7.82000000e-01  3.04221283e-01 
 7.83000000e-01  3.05512470e-01 
 7.84000000e-01  3.06805714e-01 
 7.85000000e-01  3.08100999e-01 
 7.86000000e-01  3.09398309e-01 
 7.87000000e-01  3.10697629e-01 
 7.88000000e-01  3.11998942e-01 
 7.89000000e-01  3.13302233e-01 
 7.90000000e-01  3.14607486e-01 
 7.91000000e-01  3.15914687e-01 
 7.92000000e-01  3.17223821e-01 
 7.93000000e-01  3.18534872e-01 
 7.94000000e-01  3.19847826e-01 
 7.95000000e-01  3.21162668e-01 
 7.96000000e-01  3.22479385e-01 
 7.97000000e-01  3.23797961e-01 
 7.98000000e-01  3.25118383e-01 
 7.99000000e-01  3.26440637e-01 
 8.00000000e-01  3.27764709e-01 
 8.01000000e-01  3.29090585e-01 
 8.02000000e-01  3.30418253e-01 
 8.03000000e-01  3.31747698e-01 
 8.04000000e-01  3.33078908e-01 
 8.05000000e-01  3.34411870e-01 
 8.06000000e-01  3.35746572e-01 
 8.07000000e-01  3.37082999e-01 
 8.08000000e-01  3.38421141e-01 
 8.09000000e-01  3.39760985e-01 
 8.10000000e-01  3.41102518e-01 
 8.11000000e-01  3.42445728e-01 
 8.12000000e-01  3.43790605e-01 
 8.13000000e-01  3.45137135e-01 
 8.14000000e-01  3.46485309e-01 
 8.15000000e-01  3.47835113e-01 
 8.16000000e-01  3.49186537e-01 
 8.17000000e-01  3.50539570e-01 
 8.18000000e-01  3.51894202e-01 
 8.19000000e-01  3.53250422e-01 
 8.20000000e-01  3.54608232e-01 
 8.21000000e-01  3.55967609e-01 
 8.22000000e-01  3.57328541e-01 
 8.23000000e-01  3.58691019e-01 
 8.24000000e-01  3.60055032e-01 
 8.25000000e-01  3.61420571e-01 
 8.26000000e-01  3.62787626e-01 
 8.27000000e-01  3.64156187e-01 
 8.28000000e-01  3.65526245e-01 
 8.29000000e-01  3.66897791e-01 
 8.30000000e-01  3.68270815e-01 
 8.31000000e-01  3.69645308e-01 
 8.32000000e-01  3.71021261e-01 
 8.33000000e-01  3.72398666e-01 
 8.34000000e-01  3.73777513e-01 
 8.35000000e-01  3.75157795e-01 
 8.36000000e-01  3.76539503e-01 
 8.37000000e-01  3.77922628e-01 
 8.38000000e-01  3.79307163e-01 
 8.39000000e-01  3.80693100e-01 
 8.40000000e-01  3.82080430e-01 
 8.41000000e-01  3.83469146e-01 
 8.42000000e-01  3.84859240e-01 
 8.43000000e-01  3.86250705e-01 
 8.44000000e-01  3.87643533e-01 
 8.45000000e-01  3.89037717e-01 
 8.46000000e-01  3.90433251e-01 
 8.47000000e-01  3.91830126e-01 
 8.48000000e-01  3.93228336e-01 
 8.49000000e-01  3.94627875e-01 
 8.50000000e-01  3.96028735e-01 
 8.51000000e-01  3.97430910e-01 
 8.52000000e-01  3.98834394e-01 
 8.53000000e-01  4.00239181e-01 
 8.54000000e-01  4.01645263e-01 
 8.55000000e-01  4.03052635e-01 
 8.56000000e-01  4.04461291e-01 
 8.57000000e-01  4.05871226e-01 
 8.58000000e-01  4.07282432e-01 
 8.59000000e-01  4.08694906e-01 
 8.60000000e-01  4.10108640e-01 
 8.61000000e-01  4.11523630e-01 
 8.62000000e-01  4.12939871e-01 
 8.63000000e-01  4.14357356e-01 
 8.64000000e-01  4.15776081e-01 
 8.65000000e-01  4.17196041e-01 
 8.66000000e-01  4.18617231e-01 
 8.67000000e-01  4.20039645e-01 
 8.68000000e-01  4.21463280e-01 
 8.69000000e-01  4.22888130e-01 
 8.70000000e-01  4.24314192e-01 
 8.71000000e-01  4.25741459e-01 
 8.72000000e-01  4.27169929e-01 
 8.73000000e-01  4.28599597e-01 
 8.74000000e-01  4.30030457e-01 
 8.75000000e-01  4.31462508e-01 
 8.76000000e-01  4.32895743e-01 
 8.77000000e-01  4.34330160e-01 
 8.78000000e-01  4.35765754e-01 
 8.79000000e-01  4.37202522e-01 
 8.80000000e-01  4.38640460e-01 
 8.81000000e-01  4.40079564e-01 
 8.82000000e-01  4.41519831e-01 
 8.83000000e-01  4.42961258e-01 
 8.84000000e-01  4.44403840e-01 
 8.85000000e-01  4.45847575e-01 
 8.86000000e-01  4.47292459e-01 
 8.87000000e-01  4.48738489e-01 
 8.88000000e-01  4.50185662e-01 
 8.89000000e-01  4.51633976e-01 
 8.90000000e-01  4.53083426e-01 
 8.91000000e-01  4.54534011e-01 
 8.92000000e-01  4.55985727e-01 
 8.93000000e-01  4.57438571e-01 
 8.94000000e-01  4.58892542e-01 
 8.95000000e-01  4.60347636e-01 
 8.96000000e-01  4.61803851e-01 
 8.97000000e-01  4.63261184e-01 
 8.98000000e-01  4.64719634e-01 
 8.99000000e-01  4.66179196e-01 
 9.00000000e-01  4.67639871e-01 
 9.01000000e-01  4.69101654e-01 
 9.02000000e-01  4.70564544e-01 
 9.03000000e-01  4.72028539e-01 
 9.04000000e-01  4.73493637e-01 
 9.05000000e-01  4.74959835e-01 
 9.06000000e-01  4.76427133e-01 
 9.07000000e-01  4.77895527e-01 
 9.08000000e-01  4.79365016e-01 
 9.09000000e-01  4.80835599e-01 
 9.10000000e-01  4.82307274e-01 
 9.11000000e-01  4.83780038e-01 
 9.12000000e-01  4.85253891e-01 
 9.13000000e-01  4.86728830e-01 
 9.14000000e-01  4.88204855e-01 
 9.15000000e-01  4.89681964e-01 
 9.16000000e-01  4.91160155e-01 
 9.17000000e-01  4.92639427e-01 
 9.18000000e-01  4.94119779e-01 
 9.19000000e-01  4.95601209e-01 
 9.20000000e-01  4.97083717e-01 
 9.21000000e-01  4.98567300e-01 
 9.22000000e-01  5.00051958e-01 
 9.23000000e-01  5.01537690e-01 
 9.24000000e-01  5.03024495e-01 
 9.25000000e-01  5.04512372e-01 
 9.26000000e-01  5.06001319e-01 
 9.27000000e-01  5.07491336e-01 
 9.28000000e-01  5.08982421e-01 
 9.29000000e-01  5.10474575e-01 
 9.30000000e-01  5.11967796e-01 
 9.31000000e-01  5.13462083e-01 
 9.32000000e-01  5.14957436e-01 
 9.33000000e-01  5.16453854e-01 
 9.34000000e-01  5.17951335e-01 
 9.35000000e-01  5.19449881e-01 
 9.36000000e-01  5.20949489e-01 
 9.37000000e-01  5.22450160e-01 
 9.38000000e-01  5.23951893e-01 
 9.39000000e-01  5.25454687e-01 
 9.40000000e-01  5.26958541e-01 
 9.41000000e-01  5.28463456e-01 
 9.42000000e-01  5.29969431e-01 
 9.43000000e-01  5.31476466e-01 
 9.44000000e-01  5.32984559e-01 
 9.45000000e-01  5.34493712e-01 
 9.46000000e-01  5.36003923e-01 
 9.47000000e-01  5.37515192e-01 
 9.48000000e-01  5.39027519e-01 
 9.49000000e-01  5.40540904e-01 
 9.50000000e-01  5.42055346e-01 
 9.51000000e-01  5.43570846e-01 
 9.52000000e-01  5.45087402e-01 
 9.53000000e-01  5.46605016e-01 
 9.54000000e-01  5.48123687e-01 
 9.55000000e-01  5.49643414e-01 
 9.56000000e-01  5.51164199e-01 
 9.57000000e-01  5.52686040e-01 
 9.58000000e-01  5.54208937e-01 
 9.59000000e-01  5.55732891e-01 
 9.60000000e-01  5.57257902e-01 
 9.61000000e-01  5.58783970e-01 
 9.62000000e-01  5.60311094e-01 
 9.63000000e-01  5.61839275e-01 
 9.64000000e-01  5.63368513e-01 
 9.65000000e-01  5.64898809e-01 
 9.66000000e-01  5.66430161e-01 
 9.67000000e-01  5.67962571e-01 
 9.68000000e-01  5.69496038e-01 
 9.69000000e-01  5.71030562e-01 
 9.70000000e-01  5.72566145e-01 
 9.71000000e-01  5.74102785e-01 
 9.72000000e-01  5.75640484e-01 
 9.73000000e-01  5.77179242e-01 
 9.74000000e-01  5.78719058e-01 
 9.75000000e-01  5.80259933e-01 
 9.76000000e-01  5.81801867e-01 
 9.77000000e-01  5.83344861e-01 
 9.78000000e-01  5.84888915e-01 
 9.79000000e-01  5.86434029e-01 
 9.80000000e-01  5.87980204e-01 
 9.81000000e-01  5.89527439e-01 
 9.82000000e-01  5.91075736e-01 
 9.83000000e-01  5.92625095e-01 
 9.84000000e-01  5.94175515e-01 
 9.85000000e-01  5.95726998e-01 
 9.86000000e-01  5.97279543e-01 
 9.87000000e-01  5.98833152e-01 
 9.88000000e-01  6.00387825e-01 
 9.89000000e-01  6.01943561e-01 
 9.90000000e-01  6.03500362e-01 
 9.91000000e-01  6.05058227e-01 
 9.92000000e-01  6.06617159e-01 
 9.93000000e-01  6.08177155e-01 
 9.94000000e-01  6.09738219e-01 
 9.95000000e-01  6.11300349e-01 
 9.96000000e-01  6.12863546e-01 
 9.97000000e-01  6.14427811e-01 
 9.98000000e-01  6.15993144e-01 
 9.99000000e-01  6.17559546e-01 
 1.00000000e+00  6.19127017e-01 
 1.00100000e+00  6.20695558e-01 
 1.00200000e+00  6.22265169e-01 
 1.00300000e+00  6.23835852e-01 
 1.00400000e+00  6.25407605e-01 
 1.00500000e+00  6.26980431e-01 
 1.00600000e+00  6.28554328e-01 
 1.00700000e+00  6.30129299e-01 
 1.00800000e+00  6.31705344e-01 
 1.00900000e+00  6.33282462e-01 
 1.01000000e+00  6.34860656e-01 
 1.01100000e+00  6.36439924e-01 
 1.01200000e+00  6.38020268e-01 
 1.01300000e+00  6.39601689e-01 
 1.01400000e+00  6.41184187e-01 
 1.01500000e+00  6.42767762e-01 
 1.01600000e+00  6.44352416e-01 
 1.01700000e+00  6.45938148e-01 
 1.01800000e+00  6.47524959e-01 
 1.01900000e+00  6.49112851e-01 
 1.02000000e+00  6.50701823e-01 
 1.02100000e+00  6.52291876e-01 
 1.02200000e+00  6.53883011e-01 
 1.02300000e+00  6.55475228e-01 
 1.02400000e+00  6.57068528e-01 
 1.02500000e+00  6.58662911e-01 
 1.02600000e+00  6.60258379e-01 
 1.02700000e+00  6.61854932e-01 
 1.02800000e+00  6.63452570e-01 
 1.02900000e+00  6.65051294e-01 
 1.03000000e+00  6.66651104e-01 
 1.03100000e+00  6.68252002e-01 
 1.03200000e+00  6.69853987e-01 
 1.03300000e+00  6.71457061e-01 
 1.03400000e+00  6.73061224e-01 
 1.03500000e+00  6.74666477e-01 
 1.03600000e+00  6.76272820e-01 
 1.03700000e+00  6.77880254e-01 
 1.03800000e+00  6.79488780e-01 
 1.03900000e+00  6.81098397e-01 
 1.04000000e+00  6.82709108e-01 
 1.04100000e+00  6.84320911e-01 
 1.04200000e+00  6.85933809e-01 
 1.04300000e+00  6.87547802e-01 
 1.04400000e+00  6.89162889e-01 
 1.04500000e+00  6.90779073e-01 
 1.04600000e+00  6.92396353e-01 
 1.04700000e+00  6.94014730e-01 
 1.04800000e+00  6.95634204e-01 
 1.04900000e+00  6.97254777e-01 
 1.05000000e+00  6.98876449e-01 
 1.05100000e+00  7.00499221e-01 
 1.05200000e+00  7.02123092e-01 
 1.05300000e+00  7.03748065e-01 
 1.05400000e+00  7.05374138e-01 
 1.05500000e+00  7.07001314e-01 
 1.05600000e+00  7.08629592e-01 
 1.05700000e+00  7.10258974e-01 
 1.05800000e+00  7.11889459e-01 
 1.05900000e+00  7.13521048e-01 
 1.06000000e+00  7.15153743e-01 
 1.06100000e+00  7.16787543e-01 
 1.06200000e+00  7.18422449e-01 
 1.06300000e+00  7.20058462e-01 
 1.06400000e+00  7.21695582e-01 
 1.06500000e+00  7.23333810e-01 
 1.06600000e+00  7.24973146e-01 
 1.06700000e+00  7.26613592e-01 
 1.06800000e+00  7.28255148e-01 
 1.06900000e+00  7.29897813e-01 
 1.07000000e+00  7.31541590e-01 
 1.07100000e+00  7.33186477e-01 
 1.07200000e+00  7.34832477e-01 
 1.07300000e+00  7.36479590e-01 
 1.07400000e+00  7.38127815e-01 
 1.07500000e+00  7.39777154e-01 
 1.07600000e+00  7.41427608e-01 
 1.07700000e+00  7.43079176e-01 
 1.07800000e+00  7.44731859e-01 
 1.07900000e+00  7.46385659e-01 
 1.08000000e+00  7.48040575e-01 
 1.08100000e+00  7.49696608e-01 
 1.08200000e+00  7.51353758e-01 
 1.08300000e+00  7.53012027e-01 
 1.08400000e+00  7.54671414e-01 
 1.08500000e+00  7.56331921e-01 
 1.08600000e+00  7.57993547e-01 
 1.08700000e+00  7.59656293e-01 
 1.08800000e+00  7.61320161e-01 
 1.08900000e+00  7.62985149e-01 
 1.09000000e+00  7.64651260e-01 
 1.09100000e+00  7.66318493e-01 
 1.09200000e+00  7.67986849e-01 
 1.09300000e+00  7.69656328e-01 
 1.09400000e+00  7.71326931e-01 
 1.09500000e+00  7.72998659e-01 
 1.09600000e+00  7.74671511e-01 
 1.09700000e+00  7.76345489e-01 
 1.09800000e+00  7.78020593e-01 
 1.09900000e+00  7.79696824e-01 
 1.10000000e+00  7.81374181e-01 
 1.10100000e+00  7.83052666e-01 
 1.10200000e+00  7.84732279e-01 
 1.10300000e+00  7.86413021e-01 
 1.10400000e+00  7.88094891e-01 
 1.10500000e+00  7.89777891e-01 
 1.10600000e+00  7.91462021e-01 
 1.10700000e+00  7.93147281e-01 
 1.10800000e+00  7.94833672e-01 
 1.10900000e+00  7.96521194e-01 
 1.11000000e+00  7.98209848e-01 
 1.11100000e+00  7.99899634e-01 
 1.11200000e+00  8.01590553e-01 
 1.11300000e+00  8.03282606e-01 
 1.11400000e+00  8.04975792e-01 
 1.11500000e+00  8.06670112e-01 
 1.11600000e+00  8.08365566e-01 
 1.11700000e+00  8.10062156e-01 
 1.11800000e+00  8.11759881e-01 
 1.11900000e+00  8.13458742e-01 
 1.12000000e+00  8.15158740e-01 
 1.12100000e+00  8.16859874e-01 
 1.12200000e+00  8.18562145e-01 
 1.12300000e+00  8.20265555e-01 
 1.12400000e+00  8.21970102e-01 
 1.12500000e+00  8.23675787e-01 
 1.12600000e+00  8.25382612e-01 
 1.12700000e+00  8.27090576e-01 
 1.12800000e+00  8.28799680e-01 
 1.12900000e+00  8.30509924e-01 
 1.13000000e+00  8.32221309e-01 
 1.13100000e+00  8.33933834e-01 
 1.13200000e+00  8.35647501e-01 
 1.13300000e+00  8.37362310e-01 
 1.13400000e+00  8.39078262e-01 
 1.13500000e+00  8.40795355e-01 
 1.13600000e+00  8.42513592e-01 
 1.13700000e+00  8.44232973e-01 
 1.13800000e+00  8.45953497e-01 
 1.13900000e+00  8.47675165e-01 
 1.14000000e+00  8.49397978e-01 
 1.14100000e+00  8.51121936e-01 
 1.14200000e+00  8.52847040e-01 
 1.14300000e+00  8.54573289e-01 
 1.14400000e+00  8.56300684e-01 
 1.14500000e+00  8.58029226e-01 
 1.14600000e+00  8.59758914e-01 
 1.14700000e+00  8.61489750e-01 
 1.14800000e+00  8.63221734e-01 
 1.14900000e+00  8.64954866e-01 
 1.15000000e+00  8.66689145e-01 
 1.15100000e+00  8.68424574e-01 
 1.15200000e+00  8.70161152e-01 
 1.15300000e+00  8.71898879e-01 
 1.15400000e+00  8.73637756e-01 
 1.15500000e+00  8.75377783e-01 
 1.15600000e+00  8.77118960e-01 
 1.15700000e+00  8.78861289e-01 
 1.15800000e+00  8.80604768e-01 
 1.15900000e+00  8.82349399e-01 
 1.16000000e+00  8.84095182e-01 
 1.16100000e+00  8.85842117e-01 
 1.16200000e+00  8.87590205e-01 
 1.16300000e+00  8.89339445e-01 
 1.16400000e+00  8.91089839e-01 
 1.16500000e+00  8.92841386e-01 
 1.16600000e+00  8.94594087e-01 
 1.16700000e+00  8.96347942e-01 
 1.16800000e+00  8.98102952e-01 
 1.16900000e+00  8.99859116e-01 
 1.17000000e+00  9.01616436e-01 
 1.17100000e+00  9.03374911e-01 
 1.17200000e+00  9.05134542e-01 
 1.17300000e+00  9.06895329e-01 
 1.17400000e+00  9.08657272e-01 
 1.17500000e+00  9.10420372e-01 
 1.17600000e+00  9.12184629e-01 
 1.17700000e+00  9.13950044e-01 
 1.17800000e+00  9.15716616e-01 
 1.17900000e+00  9.17484345e-01 
 1.18000000e+00  9.19253234e-01 
 1.18100000e+00  9.21023280e-01 
 1.18200000e+00  9.22794486e-01 
 1.18300000e+00  9.24566851e-01 
 1.18400000e+00  9.26340375e-01 
 1.18500000e+00  9.28115058e-01 
 1.18600000e+00  9.29890902e-01 
 1.18700000e+00  9.31667906e-01 
 1.18800000e+00  9.33446071e-01 
 1.18900000e+00  9.35225396e-01 
 1.19000000e+00  9.37005883e-01 
 1.19100000e+00  9.38787531e-01 
 1.19200000e+00  9.40570341e-01 
 1.19300000e+00  9.42354313e-01 
 1.19400000e+00  9.44139447e-01 
 1.19500000e+00  9.45925743e-01 
 1.19600000e+00  9.47713203e-01 
 1.19700000e+00  9.49501826e-01 
 1.19800000e+00  9.51291611e-01 
 1.19900000e+00  9.53082561e-01 
 1.20000000e+00  9.54874675e-01 
 1.20100000e+00  9.56667952e-01 
 1.20200000e+00  9.58462394e-01 
 1.20300000e+00  9.60258001e-01 
 1.20400000e+00  9.62054773e-01 
 1.20500000e+00  9.63852710e-01 
 1.20600000e+00  9.65651813e-01 
 1.20700000e+00  9.67452082e-01 
 1.20800000e+00  9.69253516e-01 
 1.20900000e+00  9.71056117e-01 
 1.21000000e+00  9.72859884e-01 
 1.21100000e+00  9.74664819e-01 
 1.21200000e+00  9.76470920e-01 
 1.21300000e+00  9.78278189e-01 
 1.21400000e+00  9.80086625e-01 
 1.21500000e+00  9.81896229e-01 
 1.21600000e+00  9.83707001e-01 
 1.21700000e+00  9.85518942e-01 
 1.21800000e+00  9.87332051e-01 
 1.21900000e+00  9.89146329e-01 
 1.22000000e+00  9.90961776e-01 
 1.22100000e+00  9.92778393e-01 
 1.22200000e+00  9.94596179e-01 
 1.22300000e+00  9.96415135e-01 
 1.22400000e+00  9.98235261e-01 
 1.22500000e+00  1.00005656e+00 
 1.22600000e+00  1.00187902e+00 
 1.22700000e+00  1.00370266e+00 
 1.22800000e+00  1.00552747e+00 
 1.22900000e+00  1.00735345e+00 
 1.23000000e+00  1.00918060e+00 
 1.23100000e+00  1.01100893e+00 
 1.23200000e+00  1.01283842e+00 
 1.23300000e+00  1.01466909e+00 
 1.23400000e+00  1.01650093e+00 
 1.23500000e+00  1.01833395e+00 
 1.23600000e+00  1.02016813e+00 
 1.23700000e+00  1.02200349e+00 
 1.23800000e+00  1.02384003e+00 
 1.23900000e+00  1.02567773e+00 
 1.24000000e+00  1.02751662e+00 
 1.24100000e+00  1.02935667e+00 
 1.24200000e+00  1.03119790e+00 
 1.24300000e+00  1.03304031e+00 
 1.24400000e+00  1.03488389e+00 
 1.24500000e+00  1.03672864e+00 
 1.24600000e+00  1.03857457e+00 
 1.24700000e+00  1.04042168e+00 
 1.24800000e+00  1.04226996e+00 
 1.24900000e+00  1.04411942e+00 
 1.25000000e+00  1.04597005e+00 
 1.25100000e+00  1.04782186e+00 
 1.25200000e+00  1.04967485e+00 
 1.25300000e+00  1.05152902e+00 
 1.25400000e+00  1.05338436e+00 
 1.25500000e+00  1.05524088e+00 
 1.25600000e+00  1.05709858e+00 
 1.25700000e+00  1.05895745e+00 
 1.25800000e+00  1.06081751e+00 
 1.25900000e+00  1.06267874e+00 
 1.26000000e+00  1.06454115e+00 
 1.26100000e+00  1.06640474e+00 
 1.26200000e+00  1.06826951e+00 
 1.26300000e+00  1.07013546e+00 
 1.26400000e+00  1.07200259e+00 
 1.26500000e+00  1.07387090e+00 
 1.26600000e+00  1.07574039e+00 
 1.26700000e+00  1.07761106e+00 
 1.26800000e+00  1.07948291e+00 
 1.26900000e+00  1.08135594e+00 
 1.27000000e+00  1.08323015e+00 
 1.27100000e+00  1.08510554e+00 
 1.27200000e+00  1.08698212e+00 
 1.27300000e+00  1.08885988e+00 
 1.27400000e+00  1.09073882e+00 
 1.27500000e+00  1.09261894e+00 
 1.27600000e+00  1.09450024e+00 
 1.27700000e+00  1.09638273e+00 
 1.27800000e+00  1.09826640e+00 
 1.27900000e+00  1.10015125e+00 
 1.28000000e+00  1.10203729e+00 
 1.28100000e+00  1.10392451e+00 
 1.28200000e+00  1.10581291e+00 
 1.28300000e+00  1.10770250e+00 
 1.28400000e+00  1.10959328e+00 
 1.28500000e+00  1.11148524e+00 
 1.28600000e+00  1.11337838e+00 
 1.28700000e+00  1.11527271e+00 
 1.28800000e+00  1.11716822e+00 
 1.28900000e+00  1.11906492e+00 
 1.29000000e+00  1.12096281e+00 
 1.29100000e+00  1.12286188e+00 
 1.29200000e+00  1.12476214e+00 
 1.29300000e+00  1.12666359e+00 
 1.29400000e+00  1.12856622e+00 
 1.29500000e+00  1.13047004e+00 
 1.29600000e+00  1.13237505e+00 
 1.29700000e+00  1.13428124e+00 
 1.29800000e+00  1.13618863e+00 
 1.29900000e+00  1.13809720e+00 
 1.30000000e+00  1.14000696e+00 
 1.30100000e+00  1.14191791e+00 
 1.30200000e+00  1.14383004e+00 
 1.30300000e+00  1.14574337e+00 
 1.30400000e+00  1.14765789e+00 
 1.30500000e+00  1.14957360e+00 
 1.30600000e+00  1.15149049e+00 
 1.30700000e+00  1.15340858e+00 
 1.30800000e+00  1.15532786e+00 
 1.30900000e+00  1.15724833e+00 
 1.31000000e+00  1.15916999e+00 
 1.31100000e+00  1.16109284e+00 
 1.31200000e+00  1.16301688e+00 
 1.31300000e+00  1.16494212e+00 
 1.31400000e+00  1.16686854e+00 
 1.31500000e+00  1.16879616e+00 
 1.31600000e+00  1.17072498e+00 
 1.31700000e+00  1.17265498e+00 
 1.31800000e+00  1.17458618e+00 
 1.31900000e+00  1.17651857e+00 
 1.32000000e+00  1.17845216e+00 
 1.32100000e+00  1.18038694e+00 
 1.32200000e+00  1.18232292e+00 
 1.32300000e+00  1.18426009e+00 
 1.32400000e+00  1.18619845e+00 
 1.32500000e+00  1.18813801e+00 
 1.32600000e+00  1.19007877e+00 
 1.32700000e+00  1.19202072e+00 
 1.32800000e+00  1.19396387e+00 
 1.32900000e+00  1.19590821e+00 
 1.33000000e+00  1.19785375e+00 
 1.33100000e+00  1.19980049e+00 
 1.33200000e+00  1.20174842e+00 
 1.33300000e+00  1.20369756e+00 
 1.33400000e+00  1.20564789e+00 
 1.33500000e+00  1.20759941e+00 
 1.33600000e+00  1.20955214e+00 
 1.33700000e+00  1.21150607e+00 
 1.33800000e+00  1.21346119e+00 
 1.33900000e+00  1.21541751e+00 
 1.34000000e+00  1.21737504e+00 
 1.34100000e+00  1.21933376e+00 
 1.34200000e+00  1.22129369e+00 
 1.34300000e+00  1.22325481e+00 
 1.34400000e+00  1.22521714e+00 
 1.34500000e+00  1.22718066e+00 
 1.34600000e+00  1.22914539e+00 
 1.34700000e+00  1.23111132e+00 
 1.34800000e+00  1.23307845e+00 
 1.34900000e+00  1.23504678e+00 
 1.35000000e+00  1.23701632e+00 
 1.35100000e+00  1.23898706e+00 
 1.35200000e+00  1.24095900e+00 
 1.35300000e+00  1.24293215e+00 
 1.35400000e+00  1.24490650e+00 
 1.35500000e+00  1.24688206e+00 
 1.35600000e+00  1.24885882e+00 
 1.35700000e+00  1.25083678e+00 
 1.35800000e+00  1.25281595e+00 
 1.35900000e+00  1.25479633e+00 
 1.36000000e+00  1.25677791e+00 
 1.36100000e+00  1.25876070e+00 
 1.36200000e+00  1.26074469e+00 
 1.36300000e+00  1.26272990e+00 
 1.36400000e+00  1.26471630e+00 
 1.36500000e+00  1.26670392e+00 
 1.36600000e+00  1.26869275e+00 
 1.36700000e+00  1.27068278e+00 
 1.36800000e+00  1.27267402e+00 
 1.36900000e+00  1.27466647e+00 
 1.37000000e+00  1.27666013e+00 
 1.37100000e+00  1.27865500e+00 
 1.37200000e+00  1.28065108e+00 
 1.37300000e+00  1.28264837e+00 
 1.37400000e+00  1.28464687e+00 
 1.37500000e+00  1.28664659e+00 
 1.37600000e+00  1.28864751e+00 
 1.37700000e+00  1.29064965e+00 
 1.37800000e+00  1.29265299e+00 
 1.37900000e+00  1.29465755e+00 
 1.38000000e+00  1.29666333e+00 
 1.38100000e+00  1.29867031e+00 
 1.38200000e+00  1.30067852e+00 
 1.38300000e+00  1.30268793e+00 
 1.38400000e+00  1.30469856e+00 
 1.38500000e+00  1.30671040e+00 
 1.38600000e+00  1.30872346e+00 
 1.38700000e+00  1.31073774e+00 
 1.38800000e+00  1.31275323e+00 
 1.38900000e+00  1.31476994e+00 
 1.39000000e+00  1.31678786e+00 
 1.39100000e+00  1.31880700e+00 
 1.39200000e+00  1.32082736e+00 
 1.39300000e+00  1.32284894e+00 
 1.39400000e+00  1.32487173e+00 
 1.39500000e+00  1.32689575e+00 
 1.39600000e+00  1.32892098e+00 
 1.39700000e+00  1.33094743e+00 
 1.39800000e+00  1.33297510e+00 
 1.39900000e+00  1.33500400e+00 
 1.40000000e+00  1.33703411e+00 
 1.40100000e+00  1.33906544e+00 
 1.40200000e+00  1.34109800e+00 
 1.40300000e+00  1.34313178e+00 
 1.40400000e+00  1.34516678e+00 
 1.40500000e+00  1.34720300e+00 
 1.40600000e+00  1.34924045e+00 
 1.40700000e+00  1.35127912e+00 
 1.40800000e+00  1.35331901e+00 
 1.40900000e+00  1.35536013e+00 
 1.41000000e+00  1.35740248e+00 
 1.41100000e+00  1.35944604e+00 
 1.41200000e+00  1.36149084e+00 
 1.41300000e+00  1.36353686e+00 
 1.41400000e+00  1.36558411e+00 
 1.41500000e+00  1.36763258e+00 
 1.41600000e+00  1.36968229e+00 
 1.41700000e+00  1.37173322e+00 
 1.41800000e+00  1.37378538e+00 
 1.41900000e+00  1.37583876e+00 
 1.42000000e+00  1.37789338e+00 
 1.42100000e+00  1.37994923e+00 
 1.42200000e+00  1.38200631e+00 
 1.42300000e+00  1.38406461e+00 
 1.42400000e+00  1.38612415e+00 
 1.42500000e+00  1.38818492e+00 
 1.42600000e+00  1.39024693e+00 
 1.42700000e+00  1.39231016e+00 
 1.42800000e+00  1.39437463e+00 
 1.42900000e+00  1.39644033e+00 
 1.43000000e+00  1.39850727e+00 
 1.43100000e+00  1.40057544e+00 
 1.43200000e+00  1.40264485e+00 
 1.43300000e+00  1.40471549e+00 
 1.43400000e+00  1.40678736e+00 
 1.43500000e+00  1.40886048e+00 
 1.43600000e+00  1.41093483e+00 
 1.43700000e+00  1.41301042e+00 
 1.43800000e+00  1.41508724e+00 
 1.43900000e+00  1.41716531e+00 
 1.44000000e+00  1.41924461e+00 
 1.44100000e+00  1.42132515e+00 
 1.44200000e+00  1.42340693e+00 
 1.44300000e+00  1.42548996e+00 
 1.44400000e+00  1.42757422e+00 
 1.44500000e+00  1.42965973e+00 
 1.44600000e+00  1.43174647e+00 
 1.44700000e+00  1.43383446e+00 
 1.44800000e+00  1.43592369e+00 
 1.44900000e+00  1.43801417e+00 
 1.45000000e+00  1.44010589e+00 
 1.45100000e+00  1.44219886e+00 
 1.45200000e+00  1.44429307e+00 
 1.45300000e+00  1.44638852e+00 
 1.45400000e+00  1.44848522e+00 
 1.45500000e+00  1.45058317e+00 
 1.45600000e+00  1.45268237e+00 
 1.45700000e+00  1.45478281e+00 
 1.45800000e+00  1.45688450e+00 
 1.45900000e+00  1.45898744e+00 
 1.46000000e+00  1.46109163e+00 
 1.46100000e+00  1.46319707e+00 
 1.46200000e+00  1.46530376e+00 
 1.46300000e+00  1.46741171e+00 
 1.46400000e+00  1.46952090e+00 
 1.46500000e+00  1.47163135e+00 
 1.46600000e+00  1.47374305e+00 
 1.46700000e+00  1.47585600e+00 
 1.46800000e+00  1.47797020e+00 
 1.46900000e+00  1.48008566e+00 
 1.47000000e+00  1.48220238e+00 
 1.47100000e+00  1.48432035e+00 
 1.47200000e+00  1.48643958e+00 
 1.47300000e+00  1.48856006e+00 
 1.47400000e+00  1.49068181e+00 
 1.47500000e+00  1.49280481e+00 
 1.47600000e+00  1.49492907e+00 
 1.47700000e+00  1.49705458e+00 
 1.47800000e+00  1.49918136e+00 
 1.47900000e+00  1.50130940e+00 
 1.48000000e+00  1.50343870e+00 
 1.48100000e+00  1.50556926e+00 
 1.48200000e+00  1.50770109e+00 
 1.48300000e+00  1.50983417e+00 
 1.48400000e+00  1.51196852e+00 
 1.48500000e+00  1.51410414e+00 
 1.48600000e+00  1.51624102e+00 
 1.48700000e+00  1.51837916e+00 
 1.48800000e+00  1.52051857e+00 
 1.48900000e+00  1.52265925e+00 
 1.49000000e+00  1.52480120e+00 
 1.49100000e+00  1.52694441e+00 
 1.49200000e+00  1.52908889e+00 
 1.49300000e+00  1.53123464e+00 
 1.49400000e+00  1.53338166e+00 
 1.49500000e+00  1.53552995e+00 
 1.49600000e+00  1.53767952e+00 
 1.49700000e+00  1.53983035e+00 
 1.49800000e+00  1.54198246e+00 
 1.49900000e+00  1.54413584e+00 
 1.50000000e+00  1.54629049e+00 
 1.50100000e+00  1.54844642e+00 
 1.50200000e+00  1.55060362e+00 
 1.50300000e+00  1.55276210e+00 
 1.50400000e+00  1.55492186e+00 
 1.50500000e+00  1.55708289e+00 
 1.50600000e+00  1.55924521e+00 
 1.50700000e+00  1.56140880e+00 
 1.50800000e+00  1.56357367e+00 
 1.50900000e+00  1.56573982e+00 
 1.51000000e+00  1.56790725e+00 
 1.51100000e+00  1.57007596e+00 
 1.51200000e+00  1.57224595e+00 
 1.51300000e+00  1.57441723e+00 
 1.51400000e+00  1.57658979e+00 
 1.51500000e+00  1.57876364e+00 
 1.51600000e+00  1.58093877e+00 
 1.51700000e+00  1.58311518e+00 
 1.51800000e+00  1.58529288e+00 
 1.51900000e+00  1.58747187e+00 
 1.52000000e+00  1.58965215e+00 
 1.52100000e+00  1.59183372e+00 
 1.52200000e+00  1.59401657e+00 
 1.52300000e+00  1.59620072e+00 
 1.52400000e+00  1.59838615e+00 
 1.52500000e+00  1.60057288e+00 
 1.52600000e+00  1.60276090e+00 
 1.52700000e+00  1.60495022e+00 
 1.52800000e+00  1.60714082e+00 
 1.52900000e+00  1.60933272e+00 
 1.53000000e+00  1.61152592e+00 
 1.53100000e+00  1.61372042e+00 
 1.53200000e+00  1.61591621e+00 
 1.53300000e+00  1.61811330e+00 
 1.53400000e+00  1.62031168e+00 
 1.53500000e+00  1.62251137e+00 
 1.53600000e+00  1.62471235e+00 
 1.53700000e+00  1.62691464e+00 
 1.53800000e+00  1.62911823e+00 
 1.53900000e+00  1.63132312e+00 
 1.54000000e+00  1.63352932e+00 
 1.54100000e+00  1.63573682e+00 
 1.54200000e+00  1.63794562e+00 
 1.54300000e+00  1.64015573e+00 
 1.54400000e+00  1.64236714e+00 
 1.54500000e+00  1.64457987e+00 
 1.54600000e+00  1.64679390e+00 
 1.54700000e+00  1.64900924e+00 
 1.54800000e+00  1.65122589e+00 
 1.54900000e+00  1.65344385e+00 
 1.55000000e+00  1.65566312e+00 
 1.55100000e+00  1.65788371e+00 
 1.55200000e+00  1.66010560e+00 
 1.55300000e+00  1.66232881e+00 
 1.55400000e+00  1.66455334e+00 
 1.55500000e+00  1.66677918e+00 
 1.55600000e+00  1.66900634e+00 
 1.55700000e+00  1.67123482e+00 
 1.55800000e+00  1.67346461e+00 
 1.55900000e+00  1.67569572e+00 
 1.56000000e+00  1.67792816e+00 
 1.56100000e+00  1.68016191e+00 
 1.56200000e+00  1.68239699e+00 
 1.56300000e+00  1.68463339e+00 
 1.56400000e+00  1.68687111e+00 
 1.56500000e+00  1.68911016e+00 
 1.56600000e+00  1.69135053e+00 
 1.56700000e+00  1.69359223e+00 
 1.56800000e+00  1.69583525e+00 
 1.56900000e+00  1.69807960e+00 
 1.57000000e+00  1.70032529e+00 
 1.57100000e+00  1.70257230e+00 
 1.57200000e+00  1.70482064e+00 
 1.57300000e+00  1.70707031e+00 
 1.57400000e+00  1.70932132e+00 
 1.57500000e+00  1.71157366e+00 
 1.57600000e+00  1.71382734e+00 
 1.57700000e+00  1.71608235e+00 
 1.57800000e+00  1.71833869e+00 
 1.57900000e+00  1.72059638e+00 
 1.58000000e+00  1.72285540e+00 
 1.58100000e+00  1.72511576e+00 
 1.58200000e+00  1.72737746e+00 
 1.58300000e+00  1.72964050e+00 
 1.58400000e+00  1.73190489e+00 
 1.58500000e+00  1.73417061e+00 
 1.58600000e+00  1.73643769e+00 
 1.58700000e+00  1.73870610e+00 
 1.58800000e+00  1.74097586e+00 
 1.58900000e+00  1.74324697e+00 
 1.59000000e+00  1.74551943e+00 
 1.59100000e+00  1.74779324e+00 
 1.59200000e+00  1.75006839e+00 
 1.59300000e+00  1.75234490e+00 
 1.59400000e+00  1.75462276e+00 
 1.59500000e+00  1.75690197e+00 
 1.59600000e+00  1.75918253e+00 
 1.59700000e+00  1.76146445e+00 
 1.59800000e+00  1.76374773e+00 
 1.59900000e+00  1.76603236e+00 
 1.60000000e+00  1.76831835e+00 
 1.60100000e+00  1.77060570e+00 
 1.60200000e+00  1.77289441e+00 
 1.60300000e+00  1.77518448e+00 
 1.60400000e+00  1.77747592e+00 
 1.60500000e+00  1.77976871e+00 
 1.60600000e+00  1.78206287e+00 
 1.60700000e+00  1.78435840e+00 
 1.60800000e+00  1.78665529e+00 
 1.60900000e+00  1.78895355e+00 
 1.61000000e+00  1.79125318e+00 
 1.61100000e+00  1.79355418e+00 
 1.61200000e+00  1.79585655e+00 
 1.61300000e+00  1.79816029e+00 
 1.61400000e+00  1.80046540e+00 
 1.61500000e+00  1.80277189e+00 
 1.61600000e+00  1.80507975e+00 
 1.61700000e+00  1.80738899e+00 
 1.61800000e+00  1.80969960e+00 
 1.61900000e+00  1.81201159e+00 
 1.62000000e+00  1.81432497e+00 
 1.62100000e+00  1.81663972e+00 
 1.62200000e+00  1.81895585e+00 
 1.62300000e+00  1.82127337e+00 
 1.62400000e+00  1.82359227e+00 
 1.62500000e+00  1.82591256e+00 
 1.62600000e+00  1.82823423e+00 
 1.62700000e+00  1.83055729e+00 
 1.62800000e+00  1.83288174e+00 
 1.62900000e+00  1.83520758e+00 
 1.63000000e+00  1.83753481e+00 
 1.63100000e+00  1.83986343e+00 
 1.63200000e+00  1.84219344e+00 
 1.63300000e+00  1.84452485e+00 
 1.63400000e+00  1.84685765e+00 
 1.63500000e+00  1.84919185e+00 
 1.63600000e+00  1.85152745e+00 
 1.63700000e+00  1.85386445e+00 
 1.63800000e+00  1.85620285e+00 
 1.63900000e+00  1.85854265e+00 
 1.64000000e+00  1.86088385e+00 
 1.64100000e+00  1.86322645e+00 
 1.64200000e+00  1.86557046e+00 
 1.64300000e+00  1.86791588e+00 
 1.64400000e+00  1.87026270e+00 
 1.64500000e+00  1.87261093e+00 
 1.64600000e+00  1.87496058e+00 
 1.64700000e+00  1.87731163e+00 
 1.64800000e+00  1.87966410e+00 
 1.64900000e+00  1.88201798e+00 
 1.65000000e+00  1.88437327e+00 
 1.65100000e+00  1.88672998e+00 
 1.65200000e+00  1.88908811e+00 
 1.65300000e+00  1.89144765e+00 
 1.65400000e+00  1.89380862e+00 
 1.65500000e+00  1.89617101e+00 
 1.65600000e+00  1.89853482e+00 
 1.65700000e+00  1.90090005e+00 
 1.65800000e+00  1.90326671e+00 
 1.65900000e+00  1.90563480e+00 
 1.66000000e+00  1.90800431e+00 
 1.66100000e+00  1.91037525e+00 
 1.66200000e+00  1.91274762e+00 
 1.66300000e+00  1.91512143e+00 
 1.66400000e+00  1.91749666e+00 
 1.66500000e+00  1.91987334e+00 
 1.66600000e+00  1.92225144e+00 
 1.66700000e+00  1.92463099e+00 
 1.66800000e+00  1.92701197e+00 
 1.66900000e+00  1.92939439e+00 
 1.67000000e+00  1.93177825e+00 
 1.67100000e+00  1.93416355e+00 
 1.67200000e+00  1.93655030e+00 
 1.67300000e+00  1.93893849e+00 
 1.67400000e+00  1.94132813e+00 
 1.67500000e+00  1.94371922e+00 
 1.67600000e+00  1.94611176e+00 
 1.67700000e+00  1.94850574e+00 
 1.67800000e+00  1.95090118e+00 
 1.67900000e+00  1.95329807e+00 
 1.68000000e+00  1.95569642e+00 
 1.68100000e+00  1.95809622e+00 
 1.68200000e+00  1.96049748e+00 
 1.68300000e+00  1.96290020e+00 
 1.68400000e+00  1.96530438e+00 
 1.68500000e+00  1.96771002e+00 
 1.68600000e+00  1.97011713e+00 
 1.68700000e+00  1.97252570e+00 
 1.68800000e+00  1.97493573e+00 
 1.68900000e+00  1.97734724e+00 
 1.69000000e+00  1.97976021e+00 
 1.69100000e+00  1.98217465e+00 
 1.69200000e+00  1.98459056e+00 
 1.69300000e+00  1.98700795e+00 
 1.69400000e+00  1.98942681e+00 
 1.69500000e+00  1.99184715e+00 
 1.69600000e+00  1.99426897e+00 
 1.69700000e+00  1.99669227e+00 
 1.69800000e+00  1.99911704e+00 
 1.69900000e+00  2.00154330e+00 
 1.70000000e+00  2.00397105e+00 
 1.70100000e+00  2.00640027e+00 
 1.70200000e+00  2.00883099e+00 
 1.70300000e+00  2.01126319e+00 
 1.70400000e+00  2.01369689e+00 
 1.70500000e+00  2.01613207e+00 
 1.70600000e+00  2.01856875e+00 
 1.70700000e+00  2.02100692e+00 
 1.70800000e+00  2.02344659e+00 
 1.70900000e+00  2.02588776e+00 
 1.71000000e+00  2.02833043e+00 
 1.71100000e+00  2.03077459e+00 
 1.71200000e+00  2.03322026e+00 
 1.71300000e+00  2.03566744e+00 
 1.71400000e+00  2.03811612e+00 
 1.71500000e+00  2.04056630e+00 
 1.71600000e+00  2.04301800e+00 
 1.71700000e+00  2.04547120e+00 
 1.71800000e+00  2.04792592e+00 
 1.71900000e+00  2.05038215e+00 
 1.72000000e+00  2.05283990e+00 
 1.72100000e+00  2.05529916e+00 
 1.72200000e+00  2.05775995e+00 
 1.72300000e+00  2.06022225e+00 
 1.72400000e+00  2.06268607e+00 
 1.72500000e+00  2.06515142e+00 
 1.72600000e+00  2.06761829e+00 
 1.72700000e+00  2.07008669e+00 
 1.72800000e+00  2.07255662e+00 
 1.72900000e+00  2.07502808e+00 
 1.73000000e+00  2.07750107e+00 
 1.73100000e+00  2.07997559e+00 
 1.73200000e+00  2.08245165e+00 
 1.73300000e+00  2.08492925e+00 
 1.73400000e+00  2.08740839e+00 
 1.73500000e+00  2.08988906e+00 
 1.73600000e+00  2.09237128e+00 
 1.73700000e+00  2.09485504e+00 
 1.73800000e+00  2.09734035e+00 
 1.73900000e+00  2.09982720e+00 
 1.74000000e+00  2.10231561e+00 
 1.74100000e+00  2.10480556e+00 
 1.74200000e+00  2.10729707e+00 
 1.74300000e+00  2.10979013e+00 
 1.74400000e+00  2.11228475e+00 
 1.74500000e+00  2.11478092e+00 
 1.74600000e+00  2.11727866e+00 
 1.74700000e+00  2.11977796e+00 
 1.74800000e+00  2.12227882e+00 
 1.74900000e+00  2.12478124e+00 
 1.75000000e+00  2.12728524e+00 
 1.75100000e+00  2.12979080e+00 
 1.75200000e+00  2.13229793e+00 
 1.75300000e+00  2.13480664e+00 
 1.75400000e+00  2.13731692e+00 
 1.75500000e+00  2.13982877e+00 
 1.75600000e+00  2.14234220e+00 
 1.75700000e+00  2.14485722e+00 
 1.75800000e+00  2.14737381e+00 
 1.75900000e+00  2.14989199e+00 
 1.76000000e+00  2.15241176e+00 
 1.76100000e+00  2.15493311e+00 
 1.76200000e+00  2.15745605e+00 
 1.76300000e+00  2.15998058e+00 
 1.76400000e+00  2.16250671e+00 
 1.76500000e+00  2.16503443e+00 
 1.76600000e+00  2.16756375e+00 
 1.76700000e+00  2.17009466e+00 
 1.76800000e+00  2.17262718e+00 
 1.76900000e+00  2.17516130e+00 
 1.77000000e+00  2.17769703e+00 
 1.77100000e+00  2.18023436e+00 
 1.77200000e+00  2.18277330e+00 
 1.77300000e+00  2.18531385e+00 
 1.77400000e+00  2.18785602e+00 
 1.77500000e+00  2.19039980e+00 
 1.77600000e+00  2.19294519e+00 
 1.77700000e+00  2.19549221e+00 
 1.77800000e+00  2.19804084e+00 
 1.77900000e+00  2.20059110e+00 
 1.78000000e+00  2.20314298e+00 
 1.78100000e+00  2.20569649e+00 
 1.78200000e+00  2.20825163e+00 
 1.78300000e+00  2.21080840e+00 
 1.78400000e+00  2.21336680e+00 
 1.78500000e+00  2.21592684e+00 
 1.78600000e+00  2.21848851e+00 
 1.78700000e+00  2.22105183e+00 
 1.78800000e+00  2.22361678e+00 
 1.78900000e+00  2.22618338e+00 
 1.79000000e+00  2.22875162e+00 
 1.79100000e+00  2.23132152e+00 
 1.79200000e+00  2.23389306e+00 
 1.79300000e+00  2.23646625e+00 
 1.79400000e+00  2.23904110e+00 
 1.79500000e+00  2.24161760e+00 
 1.79600000e+00  2.24419576e+00 
 1.79700000e+00  2.24677558e+00 
 1.79800000e+00  2.24935706e+00 
 1.79900000e+00  2.25194021e+00 
 1.80000000e+00  2.25452503e+00 
